#!ascii label  , from subject sub-v1s4x0050685_ses-1 vox2ras=TkReg
815
17764  -40.163  -69.205  -8.063 0.5000000000
18611  -38.184  -68.908  -6.859 0.8000000119
18609  -35.574  -68.935  -6.081 0.8000000119
18610  -37.250  -68.733  -6.752 0.8000000119
16864  -40.333  -69.818  -7.477 0.5000000000
145374  -38.904  -69.030  -7.193 0.5000000000
18622  -38.608  -68.609  -7.737 0.6000000238
18608  -34.678  -68.608  -6.444 0.6999999881
18619  -35.345  -68.346  -7.143 0.6999999881
18621  -37.720  -68.412  -7.662 0.8000000119
18629  -38.345  -68.216  -8.665 0.6999999881
17765  -41.950  -68.827  -7.485 0.6000000238
136508  -40.869  -69.213  -8.066 0.5000000000
18623  -40.718  -68.679  -8.608 0.6000000238
123741  -32.767  -68.116  -6.065 0.6999999881
17763  -39.396  -68.864  -7.893 0.6000000238
18631  -40.263  -68.261  -9.329 0.6000000238
18607  -33.441  -68.260  -6.347 0.6999999881
123563  -33.938  -68.780  -5.777 0.6999999881
19521  -36.110  -68.040  -8.044 0.6999999881
129092  -39.277  -68.488  -8.642 0.6000000238
18634  -39.972  -67.592  -9.975 0.6000000238
18620  -36.871  -68.319  -7.594 0.8000000119
19535  -37.253  -67.967  -8.613 0.8000000119
18630  -39.209  -68.033  -9.590 0.6999999881
18612  -42.158  -68.372  -7.269 0.4000000060
18633  -41.637  -67.957  -8.575 0.6000000238
18606  -32.126  -67.802  -6.186 0.6999999881
20400  -40.522  -67.135  -9.738 0.6000000238
19507  -32.908  -67.759  -6.875 0.6999999881
145430  -34.076  -68.359  -6.611 0.6999999881
137505  -36.561  -67.631  -8.914 0.6000000238
19536  -38.204  -67.699  -9.604 0.6999999881
20404  -37.875  -66.120  -10.546 0.5000000000
19520  -35.108  -67.899  -8.020 0.6000000238
19534  -35.789  -67.484  -8.844 0.6000000238
145741  -36.612  -67.257  -9.383 0.6000000238
20396  -37.206  -66.394  -10.207 0.6000000238
19545  -36.264  -66.831  -9.584 0.6000000238
21309  -37.354  -65.715  -10.446 0.5000000000
19509  -41.703  -67.587  -6.927 0.4000000060
19523  -41.930  -67.760  -7.822 0.5000000000
19505  -31.245  -67.616  -6.453 0.6999999881
19522  -41.302  -67.314  -8.487 0.6000000238
20382  -40.770  -66.907  -9.101 0.6000000238
19518  -33.447  -67.515  -7.772 0.6999999881
20399  -39.692  -66.813  -10.313 0.6000000238
19519  -34.282  -67.714  -7.908 0.6999999881
21302  -39.083  -66.146  -10.552 0.5000000000
21311  -38.576  -65.624  -10.483 0.6000000238
19533  -34.833  -67.394  -8.579 0.6999999881
143125  -35.344  -67.058  -9.102 0.6000000238
22236  -38.139  -64.982  -10.414 0.5000000000
21300  -36.313  -66.000  -10.010 0.5000000000
18605  -28.910  -68.609  -6.369 0.6000000238
19515  -28.796  -68.220  -7.129 0.6000000238
19497  -41.185  -67.473  -6.159 0.5000000000
19508  -40.951  -67.121  -7.304 0.5000000000
19503  -29.631  -67.982  -6.780 0.6999999881
19504  -30.314  -67.902  -6.292 0.6999999881
20368  -40.682  -66.720  -8.299 0.5000000000
20370  -38.954  -66.221  -7.331 0.4000000060
19506  -32.080  -67.477  -6.938 0.6999999881
20372  -39.880  -66.273  -8.051 0.5000000000
19517  -32.548  -67.298  -7.676 0.6999999881
19531  -33.082  -67.079  -8.432 0.6999999881
20380  -39.804  -65.907  -9.022 0.5000000000
19532  -33.980  -67.243  -8.479 0.6999999881
20378  -34.563  -66.925  -9.005 0.6000000238
21301  -39.017  -65.455  -10.246 0.5000000000
20379  -35.352  -66.523  -9.434 0.6000000238
22237  -38.499  -65.084  -10.289 0.5000000000
20395  -34.299  -66.280  -9.340 0.5000000000
21299  -35.278  -65.797  -9.698 0.5000000000
140732  -35.939  -65.334  -10.058 0.5000000000
125593  -37.642  -63.997  -10.347 0.5000000000
130892  -36.899  -64.150  -10.527 0.5000000000
126033  -37.408  -62.885  -10.304 0.3000000119
135170  -38.346  -66.513  -6.312 0.3000000119
18603  -27.256  -69.329  -6.660 0.6000000238
18604  -28.167  -68.892  -6.679 0.6000000238
20360  -39.676  -66.706  -6.881 0.4000000060
125667  -29.555  -67.531  -7.731 0.6000000238
20371  -38.919  -65.675  -8.204 0.5000000000
139358  -31.491  -67.224  -7.599 0.6999999881
19530  -32.145  -66.946  -8.411 0.6999999881
21287  -38.485  -65.011  -8.743 0.5000000000
20377  -33.618  -66.792  -8.968 0.5000000000
142753  -38.207  -64.431  -9.071 0.5000000000
22217  -38.120  -64.012  -9.720 0.4000000060
23148  -37.818  -63.481  -10.138 0.3000000119
24073  -37.569  -62.589  -10.102 0.4000000060
23154  -36.394  -63.132  -10.569 0.5000000000
142165  -37.132  -63.236  -10.496 0.4000000060
18602  -26.286  -69.331  -6.750 0.6000000238
18616  -27.883  -68.603  -7.344 0.6000000238
128093  -28.514  -67.839  -7.945 0.6000000238
19528  -29.041  -67.327  -8.528 0.6000000238
21279  -37.230  -65.208  -7.599 0.3000000119
21280  -38.067  -65.301  -7.995 0.4000000060
141055  -30.558  -67.105  -8.119 0.6000000238
19529  -31.324  -66.904  -8.487 0.6000000238
22207  -36.865  -64.285  -7.998 0.3000000119
22208  -37.765  -64.698  -8.365 0.3000000119
20375  -31.706  -66.641  -9.109 0.6000000238
24064  -36.590  -62.636  -8.451 0.3000000119
22216  -37.727  -63.956  -8.894 0.3000000119
20393  -32.161  -66.226  -9.482 0.5000000000
20376  -32.640  -66.699  -9.029 0.5000000000
20394  -33.139  -66.279  -9.312 0.5000000000
24072  -37.340  -61.602  -10.021 0.3000000119
24068  -37.372  -62.509  -9.486 0.3000000119
21297  -33.629  -65.606  -9.535 0.5000000000
22225  -35.210  -64.880  -9.891 0.5000000000
24079  -37.181  -61.929  -10.255 0.3000000119
22223  -33.128  -64.821  -9.782 0.5000000000
127467  -36.819  -62.225  -10.544 0.3000000119
18614  -26.036  -68.952  -7.543 0.5000000000
18615  -26.887  -68.997  -7.430 0.6000000238
130709  -27.513  -68.144  -8.194 0.5000000000
147158  -29.775  -66.974  -8.718 0.6000000238
20390  -29.724  -66.509  -9.637 0.5000000000
24067  -36.109  -62.026  -8.171 0.3000000119
20374  -30.679  -66.652  -9.151 0.6000000238
24948  -35.757  -61.336  -7.815 0.3000000119
128558  -36.875  -61.817  -9.093 0.3000000119
20392  -31.247  -66.164  -9.751 0.6000000238
139032  -32.645  -65.624  -9.666 0.5000000000
22232  -33.590  -64.018  -10.049 0.5000000000
23153  -35.229  -63.146  -10.460 0.4000000060
24077  -34.618  -62.314  -10.536 0.4000000060
18627  -25.965  -68.416  -8.381 0.5000000000
19527  -26.813  -67.900  -8.858 0.5000000000
146015  -27.501  -67.654  -8.865 0.5000000000
19543  -28.192  -67.386  -8.917 0.5000000000
20389  -28.212  -66.563  -9.935 0.5000000000
24943  -34.578  -61.616  -6.453 0.3000000119
132057  -35.177  -60.922  -7.077 0.3000000119
20391  -30.325  -66.096  -10.077 0.6000000238
21296  -31.736  -65.585  -9.942 0.5000000000
22231  -32.585  -64.038  -10.172 0.5000000000
24961  -36.186  -61.337  -10.711 0.4000000060
24960  -35.177  -61.430  -10.705 0.4000000060
19526  -26.005  -67.860  -9.092 0.5000000000
19541  -26.529  -67.166  -9.636 0.5000000000
19542  -27.403  -67.171  -9.496 0.5000000000
24940  -34.159  -61.032  -5.792 0.4000000060
25829  -34.345  -60.006  -5.620 0.4000000060
137507  -29.018  -66.384  -10.045 0.5000000000
20403  -29.458  -65.994  -10.366 0.5000000000
25838  -34.711  -60.487  -6.376 0.4000000060
130296  -35.357  -59.859  -7.004 0.3000000119
21304  -29.120  -65.419  -10.655 0.4000000060
25841  -35.810  -60.263  -7.784 0.3000000119
134500  -30.805  -65.381  -10.313 0.4000000060
21306  -31.422  -64.891  -10.261 0.4000000060
24959  -34.013  -61.571  -10.543 0.4000000060
19540  -25.631  -67.328  -9.544 0.5000000000
20387  -26.170  -66.411  -9.939 0.5000000000
20388  -27.214  -66.313  -10.179 0.5000000000
25828  -33.848  -60.640  -5.275 0.4000000060
20401  -28.035  -65.987  -10.479 0.5000000000
21295  -27.720  -65.582  -10.286 0.4000000060
127710  -34.702  -59.147  -5.705 0.4000000060
26751  -34.980  -59.475  -6.271 0.4000000060
21303  -28.454  -65.495  -10.523 0.4000000060
21305  -29.891  -65.415  -10.564 0.4000000060
26760  -36.037  -59.156  -7.741 0.4000000060
131991  -30.193  -64.856  -10.575 0.4000000060
23149  -30.915  -63.774  -10.290 0.4000000060
23150  -31.488  -63.377  -10.315 0.4000000060
23152  -33.017  -63.235  -10.367 0.4000000060
24075  -32.520  -62.585  -10.412 0.4000000060
24955  -33.429  -61.079  -10.369 0.4000000060
25850  -35.569  -59.828  -10.691 0.4000000060
25849  -34.607  -60.672  -10.631 0.4000000060
20386  -25.244  -66.576  -9.775 0.5000000000
21293  -25.819  -65.957  -9.845 0.4000000060
26718  -33.761  -59.305  -4.500 0.4000000060
26719  -34.276  -59.243  -5.131 0.4000000060
21294  -26.771  -65.825  -10.062 0.5000000000
137888  -27.197  -65.335  -9.941 0.4000000060
22221  -29.338  -64.474  -10.160 0.4000000060
26752  -35.689  -58.768  -6.926 0.4000000060
22222  -30.145  -64.265  -10.316 0.4000000060
26772  -36.183  -59.149  -10.538 0.3000000119
24958  -32.963  -61.840  -10.428 0.4000000060
21285  -25.478  -65.566  -9.404 0.4000000060
21286  -26.461  -65.358  -9.513 0.5000000000
22213  -27.306  -64.912  -9.173 0.4000000060
27695  -34.278  -58.502  -4.733 0.4000000060
22214  -28.221  -64.525  -8.859 0.4000000060
146829  -28.267  -65.084  -10.395 0.4000000060
22215  -29.096  -64.220  -9.202 0.4000000060
22220  -28.577  -64.647  -9.985 0.4000000060
23145  -29.822  -63.900  -9.592 0.4000000060
23146  -30.532  -63.524  -9.909 0.4000000060
23147  -31.151  -63.093  -10.142 0.4000000060
24071  -32.125  -62.120  -10.256 0.4000000060
25848  -34.579  -59.910  -10.479 0.4000000060
25847  -33.754  -60.315  -10.173 0.4000000060
22212  -26.043  -65.031  -8.676 0.4000000060
123874  -26.781  -64.891  -8.591 0.4000000060
22204  -27.468  -64.636  -7.917 0.4000000060
22205  -28.939  -64.143  -8.050 0.4000000060
23141  -29.596  -63.716  -8.530 0.4000000060
23142  -30.253  -63.300  -9.022 0.4000000060
26769  -35.009  -59.192  -10.389 0.4000000060
24065  -30.636  -62.685  -8.510 0.4000000060
24070  -31.468  -62.456  -9.915 0.4000000060
24066  -31.232  -62.234  -9.040 0.4000000060
24950  -32.233  -61.160  -9.135 0.4000000060
25846  -32.924  -60.740  -9.683 0.4000000060
22203  -26.556  -64.694  -7.802 0.4000000060
142612  -28.296  -64.370  -7.665 0.4000000060
23137  -29.407  -63.606  -7.458 0.4000000060
130915  -29.845  -62.998  -6.983 0.4000000060
23138  -30.056  -63.168  -7.967 0.4000000060
24062  -31.026  -62.070  -8.013 0.4000000060
26768  -34.111  -59.596  -9.852 0.3000000119
25842  -32.616  -60.495  -8.696 0.4000000060
25843  -33.308  -60.050  -9.249 0.4000000060
137782  -26.085  -64.429  -7.032 0.4000000060
22194  -27.023  -64.433  -6.948 0.4000000060
145125  -26.607  -64.110  -6.347 0.4000000060
22195  -27.906  -64.303  -6.862 0.4000000060
23133  -29.172  -63.406  -6.449 0.4000000060
24061  -30.449  -62.567  -7.494 0.4000000060
24945  -30.803  -61.932  -6.940 0.4000000060
27752  -35.090  -57.877  -9.397 0.4000000060
26765  -34.568  -58.776  -9.615 0.3000000119
24946  -31.424  -61.422  -7.587 0.4000000060
26763  -32.969  -59.774  -8.331 0.5000000000
26764  -33.694  -59.291  -8.934 0.4000000060
24947  -31.988  -60.935  -8.161 0.5000000000
23121  -26.591  -63.589  -5.613 0.4000000060
23122  -27.510  -63.420  -5.383 0.4000000060
23131  -27.340  -63.986  -6.138 0.4000000060
137712  -28.195  -63.179  -5.251 0.4000000060
23132  -28.289  -63.712  -6.015 0.4000000060
25840  -32.347  -60.242  -7.791 0.5000000000
24051  -26.155  -63.077  -5.133 0.4000000060
23110  -26.867  -62.975  -4.936 0.4000000060
23111  -27.701  -62.807  -4.820 0.4000000060
25839  -31.766  -60.710  -7.262 0.4000000060
25837  -32.056  -59.937  -6.973 0.5000000000
24050  -25.477  -62.870  -5.123 0.4000000060
24037  -26.144  -62.436  -4.790 0.4000000060
24038  -27.116  -62.278  -4.592 0.4000000060
25824  -25.388  -60.494  -5.455 0.4000000060
24921  -25.639  -61.752  -4.750 0.4000000060
25809  -25.918  -61.034  -4.904 0.4000000060
24922  -26.496  -61.659  -4.602 0.4000000060
25825  -26.171  -60.300  -5.227 0.4000000060
26713  -26.945  -60.045  -4.869 0.5000000000
24936  -25.125  -61.206  -5.069 0.4000000060
22224  -34.127  -64.802  -9.728 0.5000000000
139278  -34.076  -63.191  -10.337 0.5000000000
24078  -35.835  -62.222  -10.683 0.4000000060
16854  -39.575  -70.314  -7.035 0.5000000000
17739  -36.203  -69.575  -5.310 0.8000000119
126883  -35.254  -69.510  -5.168 0.8000000119
17728  -34.256  -69.451  -4.911 0.6999999881
17755  -41.716  -69.611  -6.670 0.5000000000
18583  -33.353  -69.085  -4.916 0.6999999881
17741  -42.315  -69.297  -5.850 0.5000000000
18594  -32.263  -68.250  -5.481 0.6999999881
19499  -42.156  -68.035  -6.147 0.4000000060
17756  -42.280  -68.892  -6.693 0.4000000060
126680  -31.456  -68.026  -5.608 0.6999999881
19489  -42.059  -67.980  -5.420 0.4000000060
19487  -40.800  -67.469  -5.174 0.4000000060
18591  -27.877  -69.531  -5.816 0.6000000238
19495  -39.131  -66.978  -5.615 0.4000000060
19502  -25.849  -69.196  -6.244 0.5000000000
18613  -25.334  -68.539  -7.875 0.5000000000
18626  -25.145  -68.088  -8.799 0.5000000000
19539  -24.686  -67.456  -9.393 0.4000000060
21292  -24.883  -66.029  -9.700 0.4000000060
21284  -24.530  -65.604  -9.269 0.4000000060
22211  -25.189  -65.097  -8.592 0.4000000060
22202  -25.105  -64.609  -7.585 0.4000000060
23130  -25.939  -63.960  -6.190 0.4000000060
23120  -25.710  -63.439  -5.558 0.4000000060
24049  -24.686  -62.686  -5.163 0.4000000060
25823  -24.565  -60.673  -5.550 0.4000000060
17751  -37.721  -69.451  -6.090 0.8000000119
123222  -36.279  -68.545  -6.908 0.8000000119
18624  -41.495  -68.592  -8.257 0.5000000000
18596  -34.713  -69.095  -5.693 0.6999999881
18618  -34.530  -68.167  -7.248 0.6999999881
19537  -41.053  -67.544  -9.139 0.6000000238
19548  -39.026  -67.390  -10.258 0.6999999881
133363  -37.311  -67.438  -9.510 0.6999999881
20381  -40.239  -66.502  -9.621 0.6000000238
20398  -38.772  -66.738  -10.557 0.6000000238
20397  -37.991  -66.632  -10.464 0.6000000238
19516  -30.470  -67.505  -7.124 0.6999999881
21289  -39.671  -65.955  -10.083 0.5000000000
19496  -40.235  -67.171  -5.993 0.5000000000
21275  -37.936  -65.885  -7.206 0.3000000119
131652  -35.781  -64.009  -10.378 0.5000000000
21307  -32.190  -64.849  -10.038 0.5000000000
22233  -34.662  -64.012  -10.102 0.5000000000
24076  -33.476  -62.417  -10.474 0.4000000060
23151  -32.117  -63.317  -10.389 0.4000000060
125455  -35.611  -60.714  -10.762 0.4000000060
24954  -32.526  -61.432  -10.043 0.4000000060
24069  -30.865  -62.856  -9.503 0.4000000060
136087  -25.814  -64.757  -7.916 0.4000000060
24949  -31.606  -61.590  -8.588 0.4000000060
25810  -26.736  -60.848  -4.673 0.4000000060
14190  -25.715  -72.582  -11.435 0.4000000060
128959  -27.435  -72.786  -11.574 0.4000000060
14191  -28.235  -72.682  -11.211 0.4000000060
13341  -28.747  -73.073  -11.131 0.4000000060
136481  -27.934  -72.557  -9.860 0.4000000060
14181  -28.494  -72.492  -10.680 0.4000000060
13342  -29.344  -72.955  -10.697 0.4000000060
14182  -29.172  -72.650  -10.454 0.4000000060
13332  -30.844  -73.452  -10.147 0.5000000000
14163  -28.736  -72.585  -9.790 0.4000000060
14165  -30.310  -72.891  -9.498 0.5000000000
14166  -31.001  -73.128  -9.306 0.5000000000
14167  -31.687  -73.515  -9.284 0.6000000238
14137  -26.338  -73.287  -8.515 0.4000000060
14138  -27.325  -73.108  -8.668 0.4000000060
14139  -28.816  -73.037  -8.692 0.4000000060
14185  -31.319  -73.466  -9.785 0.5000000000
141145  -42.421  -68.774  -5.970 0.3000000119
18585  -42.343  -68.288  -4.721 0.4000000060
131666  -40.677  -67.516  -4.146 0.3000000119
142334  -32.939  -74.304  -9.519 0.5000000000
15937  -40.216  -70.979  -6.515 0.5000000000
136780  -41.830  -69.994  -5.521 0.4000000060
13265  -28.528  -74.335  -5.752 0.4000000060
14141  -30.491  -73.272  -8.425 0.5000000000
14142  -31.302  -73.458  -8.414 0.5000000000
13280  -27.213  -73.951  -6.706 0.4000000060
13301  -27.901  -73.514  -7.781 0.4000000060
130288  -33.062  -73.952  -8.902 0.6000000238
13321  -33.936  -74.400  -9.433 0.6000000238
144798  -34.890  -73.930  -8.672 0.6999999881
15936  -39.431  -71.506  -6.710 0.5000000000
13322  -34.955  -74.397  -9.370 0.6999999881
14148  -37.311  -73.609  -7.983 0.6999999881
15935  -38.749  -72.178  -6.999 0.6999999881
14169  -35.625  -74.035  -8.942 0.6999999881
14147  -36.747  -73.610  -8.253 0.6999999881
13304  -30.792  -73.752  -7.234 0.5000000000
13305  -31.723  -73.785  -7.480 0.6000000238
14143  -32.113  -73.669  -8.592 0.6000000238
14144  -33.447  -73.880  -7.727 0.6000000238
13282  -29.150  -74.030  -6.551 0.4000000060
13283  -30.033  -74.018  -6.381 0.5000000000
125530  -34.323  -73.808  -7.723 0.6000000238
14145  -35.184  -73.706  -7.942 0.6000000238
19486  -39.862  -67.301  -4.841 0.3000000119
14168  -34.129  -73.977  -8.799 0.6000000238
14146  -36.057  -73.618  -8.253 0.6999999881
125242  -39.934  -70.670  -6.962 0.6000000238
16855  -40.757  -70.154  -6.969 0.5000000000
125209  -29.698  -74.441  -4.829 0.6000000238
135941  -31.192  -74.204  -4.967 0.6000000238
13268  -31.582  -74.110  -5.692 0.6999999881
13285  -32.164  -73.976  -6.548 0.6000000238
13286  -32.923  -73.930  -6.854 0.6000000238
14124  -34.633  -73.559  -6.847 0.6000000238
13266  -29.411  -74.312  -5.639 0.5000000000
14125  -35.523  -73.330  -7.160 0.6000000238
14126  -36.423  -73.115  -7.514 0.6999999881
15934  -37.929  -71.601  -6.729 0.6999999881
127040  -37.581  -72.315  -7.135 0.6999999881
130168  -39.226  -71.256  -6.893 0.6000000238
138208  -38.627  -71.622  -6.978 0.6999999881
13229  -31.173  -74.065  -4.252 0.6000000238
13250  -31.744  -73.956  -4.791 0.6999999881
14102  -33.196  -73.274  -4.674 0.6999999881
146705  -32.185  -74.033  -5.877 0.6999999881
14117  -34.213  -73.376  -5.807 0.6000000238
17753  -39.548  -69.500  -7.398 0.5000000000
15015  -35.912  -72.759  -6.392 0.6999999881
15933  -37.140  -71.746  -6.133 0.6999999881
16853  -38.853  -70.758  -6.801 0.6000000238
15908  -34.254  -71.499  -3.916 0.6999999881
15916  -35.902  -71.203  -4.672 0.6999999881
14992  -33.671  -72.639  -4.210 0.6999999881
143063  -35.136  -72.162  -4.708 0.6000000238
14994  -35.815  -71.793  -4.868 0.5000000000
14103  -33.894  -73.108  -4.941 0.6999999881
15004  -34.640  -72.773  -5.061 0.6000000238
15006  -36.320  -72.099  -5.661 0.6999999881
17740  -37.936  -70.279  -5.903 0.5000000000
14118  -35.059  -73.098  -6.064 0.6000000238
15925  -37.515  -70.991  -5.797 0.6999999881
16852  -38.237  -70.977  -6.465 0.6000000238
17729  -34.929  -70.067  -4.537 0.6999999881
17730  -35.825  -70.046  -4.750 0.6999999881
148877  -36.552  -70.108  -4.974 0.6999999881
16846  -41.059  -70.474  -6.107 0.5000000000
15924  -36.603  -71.284  -5.186 0.6000000238
14180  -27.604  -72.421  -10.931 0.4000000060
14184  -30.742  -72.996  -9.889 0.4000000060
13300  -26.802  -73.615  -7.582 0.4000000060
13303  -29.832  -73.617  -7.417 0.4000000060
13281  -28.209  -74.017  -6.674 0.4000000060
15029  -38.259  -72.959  -7.361 0.6999999881
15017  -38.222  -72.307  -7.290 0.6999999881
13306  -32.583  -73.838  -7.656 0.6000000238
14123  -33.660  -73.787  -6.602 0.6000000238
13267  -30.229  -74.273  -5.500 0.6999999881
132440  -30.821  -74.122  -6.116 0.6000000238
14116  -33.412  -73.549  -5.519 0.6000000238
14993  -34.434  -72.190  -4.304 0.6999999881
15005  -35.496  -72.468  -5.378 0.6000000238
15915  -35.118  -71.491  -4.391 0.6000000238
14091  -32.895  -72.953  -3.865 0.5000000000
141469  -28.854  -74.515  -4.897 0.4000000060
124548  -29.953  -74.460  -4.177 0.5000000000
14983  -33.207  -72.242  -3.515 0.6000000238
13247  -28.363  -74.571  -4.162 0.4000000060
125981  -28.820  -74.573  -3.269 0.5000000000
13248  -29.236  -74.560  -4.123 0.5000000000
14089  -31.173  -73.719  -3.298 0.5000000000
135508  -31.897  -73.235  -3.245 0.5000000000
15897  -32.811  -71.689  -3.047 0.5000000000
14100  -31.795  -73.648  -3.967 0.5000000000
14984  -33.859  -72.031  -3.808 0.6000000238
15907  -33.525  -71.552  -3.507 0.5000000000
16820  -33.843  -70.842  -3.682 0.6999999881
133951  -33.104  -70.957  -3.245 0.6000000238
17716  -33.207  -70.127  -3.680 0.6000000238
13226  -27.855  -74.570  -3.513 0.5000000000
129953  -29.546  -74.343  -2.770 0.5000000000
14076  -30.740  -73.439  -2.383 0.5000000000
14972  -31.630  -72.375  -2.422 0.5000000000
14077  -31.593  -73.034  -2.699 0.5000000000
16831  -34.077  -70.130  -4.171 0.6000000238
16819  -32.502  -70.444  -3.117 0.6000000238
17727  -32.816  -69.348  -4.181 0.5000000000
18582  -32.505  -68.745  -4.810 0.6000000238
13204  -28.948  -74.411  -2.298 0.5000000000
13205  -29.827  -73.902  -2.027 0.5000000000
14063  -30.261  -73.112  -1.649 0.5000000000
14971  -31.013  -72.697  -2.059 0.5000000000
16807  -31.900  -70.799  -2.649 0.5000000000
126365  -33.550  -69.618  -4.341 0.6000000238
126132  -32.313  -69.712  -3.542 0.5000000000
17726  -31.838  -69.033  -4.090 0.6000000238
127725  -28.285  -74.415  -1.794 0.5000000000
13185  -29.012  -74.056  -1.517 0.5000000000
14062  -29.497  -73.448  -1.254 0.5000000000
15880  -29.850  -71.942  -1.208 0.5000000000
16790  -29.635  -71.266  -1.670 0.6000000238
15881  -30.520  -71.618  -1.765 0.4000000060
17703  -29.052  -70.412  -2.956 0.4000000060
16806  -30.352  -70.896  -2.219 0.5000000000
17705  -31.062  -70.454  -2.638 0.5000000000
15895  -31.217  -71.221  -2.244 0.4000000060
17713  -28.796  -70.203  -3.533 0.4000000060
17704  -30.127  -70.348  -2.819 0.5000000000
17712  -28.007  -70.266  -3.782 0.4000000060
17725  -30.914  -69.313  -3.819 0.6000000238
140184  -31.567  -69.552  -3.510 0.6000000238
18581  -31.626  -68.479  -4.881 0.6000000238
19494  -30.762  -67.990  -5.784 0.6000000238
17723  -27.972  -70.118  -4.501 0.5000000000
17724  -29.046  -69.763  -4.265 0.5000000000
17714  -29.890  -69.847  -3.560 0.5000000000
17711  -27.339  -70.128  -4.033 0.4000000060
17737  -27.718  -69.989  -5.025 0.5000000000
18579  -29.765  -68.924  -4.955 0.6000000238
128354  -30.192  -69.211  -4.302 0.6000000238
18580  -30.720  -68.403  -5.111 0.6000000238
17738  -28.599  -69.583  -5.061 0.5000000000
138849  -26.071  -68.987  -5.457 0.3000000119
18577  -26.516  -69.326  -4.809 0.4000000060
18578  -26.892  -69.904  -4.367 0.4000000060
18590  -27.073  -70.000  -5.086 0.5000000000
18592  -29.178  -68.854  -5.671 0.5000000000
141030  -29.645  -68.308  -6.146 0.6000000238
19538  -23.920  -67.402  -9.263 0.3000000119
19525  -24.184  -67.859  -8.822 0.3000000119
19514  -24.653  -68.157  -8.228 0.4000000060
18601  -25.532  -69.007  -7.061 0.4000000060
21290  -23.150  -66.180  -9.383 0.3000000119
22201  -24.266  -64.543  -7.572 0.3000000119
22210  -24.159  -65.041  -8.479 0.3000000119
22193  -25.419  -64.241  -6.711 0.3000000119
23129  -25.185  -63.843  -6.105 0.3000000119
23119  -24.907  -63.314  -5.522 0.3000000119
24035  -24.595  -62.143  -4.944 0.3000000119
18589  -26.619  -69.637  -5.838 0.5000000000
20384  -23.539  -66.792  -9.388 0.3000000119
16832  -34.637  -70.789  -4.124 0.5000000000
13206  -30.291  -74.061  -2.923 0.5000000000
17715  -31.746  -70.072  -3.040 0.5000000000
141769  -30.964  -68.788  -4.443 0.6000000238
15927  -40.551  -71.215  -5.578 0.3000000119
14149  -37.896  -73.645  -7.623 0.6000000238
15018  -38.643  -72.977  -6.876 0.6000000238
18569  -42.203  -69.008  -2.166 0.3000000119
17706  -42.543  -69.200  -2.701 0.3000000119
16836  -42.523  -69.890  -3.638 0.3000000119
18574  -42.599  -68.724  -4.040 0.3000000119
16821  -42.280  -70.531  -3.374 0.3000000119
16835  -42.141  -70.203  -4.401 0.3000000119
17731  -42.336  -69.565  -5.015 0.3000000119
144110  -38.280  -73.545  -7.205 0.6000000238
15019  -39.216  -72.339  -6.485 0.5000000000
17696  -41.183  -69.232  -1.588 0.3000000119
144866  -42.301  -68.520  -2.589 0.3000000119
18570  -42.538  -68.564  -3.195 0.3000000119
18573  -42.270  -68.130  -3.787 0.3000000119
15918  -41.636  -70.986  -3.968 0.3000000119
15928  -41.330  -70.729  -5.024 0.3000000119
15008  -39.550  -72.464  -5.496 0.4000000060
17695  -40.442  -68.932  -1.319 0.3000000119
18563  -41.671  -68.792  -1.868 0.3000000119
19469  -40.854  -67.632  -2.184 0.3000000119
19470  -41.520  -67.727  -2.737 0.3000000119
125211  -30.428  -75.850  -9.768 0.5000000000
11642  -31.268  -76.444  -9.576 0.5000000000
13340  -27.989  -73.263  -11.454 0.4000000060
12443  -28.423  -74.228  -10.827 0.4000000060
12430  -29.818  -74.951  -10.179 0.4000000060
11641  -29.389  -76.368  -9.618 0.5000000000
11645  -33.967  -76.025  -9.622 0.5000000000
11643  -32.257  -76.329  -9.597 0.5000000000
12431  -30.856  -74.629  -10.136 0.5000000000
148892  -31.089  -75.551  -9.896 0.5000000000
12444  -29.231  -73.937  -10.575 0.4000000060
143412  -35.831  -75.466  -9.335 0.6000000238
11647  -35.386  -75.583  -9.492 0.6000000238
12433  -34.351  -75.226  -9.734 0.5000000000
147086  -32.684  -75.513  -9.826 0.5000000000
13331  -30.060  -73.603  -10.344 0.3000000119
13333  -31.616  -74.155  -10.040 0.4000000060
12432  -31.800  -75.276  -9.963 0.5000000000
12406  -36.561  -75.376  -8.682 0.6000000238
13335  -35.257  -74.829  -9.619 0.6000000238
13334  -34.626  -74.756  -9.623 0.6000000238
147171  -32.639  -74.655  -9.867 0.4000000060
144279  -33.709  -74.710  -9.653 0.5000000000
13288  -38.030  -74.315  -7.186 0.6000000238
14987  -41.231  -71.665  -3.557 0.3000000119
128503  -36.425  -74.738  -8.888 0.6000000238
15909  -41.966  -71.275  -2.986 0.3000000119
16808  -42.253  -70.679  -2.561 0.3000000119
15917  -40.862  -71.409  -4.529 0.3000000119
15007  -39.008  -73.101  -6.066 0.5000000000
13323  -35.755  -74.648  -9.310 0.6000000238
13308  -37.474  -74.331  -7.901 0.6000000238
12417  -36.097  -75.128  -9.261 0.6000000238
14995  -39.874  -72.554  -4.200 0.3000000119
11608  -36.609  -76.171  -8.091 0.5000000000
11609  -37.168  -75.848  -7.568 0.5000000000
13287  -37.540  -75.065  -7.470 0.5000000000
12392  -37.806  -75.322  -5.949 0.4000000060
13270  -38.225  -74.545  -6.169 0.5000000000
11597  -36.739  -76.623  -7.148 0.5000000000
11607  -36.026  -76.644  -8.320 0.5000000000
12391  -37.390  -75.943  -6.026 0.4000000060
12382  -37.989  -75.067  -5.086 0.4000000060
127597  -38.341  -74.472  -5.236 0.4000000060
11646  -34.756  -75.791  -9.584 0.5000000000
11624  -35.711  -76.151  -9.029 0.5000000000
14105  -39.184  -73.202  -4.974 0.4000000060
10103  -22.669  -78.321  -6.114 0.3000000119
10104  -23.562  -78.438  -6.221 0.3000000119
10106  -25.206  -78.874  -6.567 0.3000000119
9325  -25.559  -79.652  -6.221 0.4000000060
10105  -24.453  -78.480  -6.518 0.3000000119
10115  -25.224  -78.155  -7.135 0.3000000119
8611  -26.719  -80.876  -6.122 0.4000000060
9326  -26.339  -80.002  -6.576 0.4000000060
10107  -25.960  -78.923  -7.092 0.3000000119
10870  -25.944  -77.985  -7.788 0.3000000119
8613  -28.336  -81.497  -6.825 0.4000000060
8622  -28.905  -81.016  -7.514 0.4000000060
9335  -26.830  -79.515  -7.438 0.4000000060
10116  -26.654  -78.621  -7.946 0.4000000060
10127  -26.655  -77.845  -8.503 0.4000000060
144783  -27.226  -78.389  -8.494 0.4000000060
9312  -31.801  -80.161  -5.932 0.3000000119
7913  -30.060  -81.451  -6.839 0.4000000060
7942  -30.440  -80.923  -7.427 0.4000000060
8623  -29.795  -80.690  -7.826 0.4000000060
127214  -28.956  -79.679  -8.384 0.4000000060
10129  -28.718  -78.877  -8.653 0.4000000060
10128  -27.917  -78.591  -8.635 0.4000000060
10090  -32.995  -78.962  -5.724 0.3000000119
8615  -31.677  -80.636  -6.987 0.4000000060
9350  -31.733  -79.773  -8.014 0.4000000060
8624  -31.424  -80.392  -7.532 0.4000000060
147711  -30.536  -79.553  -8.413 0.4000000060
10131  -30.919  -78.970  -8.647 0.4000000060
130735  -30.078  -79.023  -8.668 0.4000000060
10130  -29.376  -78.381  -8.872 0.4000000060
10887  -28.482  -77.991  -8.963 0.4000000060
9314  -33.385  -79.486  -6.621 0.4000000060
9339  -32.735  -79.742  -7.353 0.4000000060
10142  -31.544  -78.218  -8.829 0.4000000060
10141  -30.410  -78.125  -8.969 0.4000000060
10903  -28.764  -77.263  -9.290 0.4000000060
145476  -29.032  -77.824  -9.072 0.4000000060
10902  -28.065  -77.220  -9.287 0.4000000060
10119  -33.786  -78.856  -7.506 0.4000000060
126114  -33.124  -78.703  -8.106 0.4000000060
146656  -32.320  -77.823  -8.857 0.4000000060
10904  -31.093  -77.467  -9.190 0.4000000060
133519  -30.335  -77.027  -9.373 0.4000000060
10120  -34.480  -78.218  -7.724 0.4000000060
137189  -33.849  -77.391  -8.723 0.4000000060
11644  -33.126  -76.214  -9.593 0.4000000060
10848  -36.260  -77.179  -6.698 0.4000000060
10134  -33.826  -78.119  -8.223 0.4000000060
10892  -35.371  -76.980  -8.453 0.4000000060
12381  -37.468  -75.690  -5.078 0.3000000119
13253  -38.340  -74.576  -4.424 0.3000000119
10905  -31.880  -77.286  -9.213 0.4000000060
10872  -35.628  -77.422  -7.708 0.4000000060
14093  -39.293  -73.473  -3.803 0.3000000119
11622  -34.308  -76.668  -9.172 0.4000000060
9327  -27.122  -80.478  -6.949 0.4000000060
8621  -27.942  -80.849  -7.295 0.4000000060
9337  -28.475  -80.231  -7.924 0.4000000060
9347  -28.183  -79.414  -8.300 0.4000000060
9313  -32.623  -79.830  -6.289 0.4000000060
8602  -31.349  -80.726  -6.440 0.4000000060
10089  -32.099  -79.353  -5.455 0.3000000119
8630  -30.665  -80.230  -8.040 0.4000000060
10091  -33.969  -78.939  -6.265 0.3000000119
8616  -32.226  -80.229  -7.163 0.4000000060
10133  -32.452  -79.327  -7.968 0.4000000060
10108  -34.003  -79.144  -6.875 0.4000000060
10890  -33.086  -77.801  -8.635 0.4000000060
10888  -29.534  -77.548  -9.196 0.4000000060
10906  -32.700  -77.079  -9.144 0.4000000060
136746  -29.335  -80.929  -4.921 0.3000000119
127422  -26.046  -80.200  -4.507 0.3000000119
9293  -25.156  -80.119  -4.565 0.3000000119
8585  -26.588  -80.842  -5.078 0.3000000119
8599  -28.026  -81.581  -5.617 0.3000000119
146493  -26.516  -80.833  -5.482 0.3000000119
8598  -27.208  -81.330  -5.703 0.3000000119
124313  -29.646  -81.311  -5.559 0.3000000119
7912  -29.382  -81.685  -6.195 0.3000000119
8601  -30.403  -81.235  -6.112 0.3000000119
10846  -34.508  -78.164  -5.835 0.3000000119
124351  -35.213  -78.031  -6.474 0.3000000119
10847  -35.755  -77.531  -6.361 0.3000000119
11588  -36.916  -76.410  -5.619 0.3000000119
9311  -30.934  -80.471  -5.571 0.3000000119
10109  -34.432  -78.695  -7.162 0.3000000119
7910  -28.020  -81.735  -6.168 0.3000000119
7911  -28.538  -81.834  -6.020 0.3000000119
7926  -28.745  -81.729  -6.508 0.3000000119
7927  -29.342  -81.604  -6.805 0.4000000060
7940  -28.985  -81.565  -7.027 0.4000000060
7941  -29.600  -81.297  -7.264 0.4000000060
8584  -25.872  -80.539  -5.088 0.3000000119
8587  -28.466  -80.984  -4.929 0.3000000119
8600  -28.871  -81.510  -5.518 0.3000000119
8612  -27.517  -81.273  -6.478 0.4000000060
8614  -30.969  -81.075  -6.938 0.4000000060
8629  -29.194  -80.339  -8.058 0.4000000060
9310  -26.021  -80.405  -5.733 0.4000000060
9328  -32.135  -80.316  -6.681 0.4000000060
9329  -32.827  -79.940  -6.892 0.4000000060
9336  -27.643  -79.942  -7.711 0.4000000060
9338  -32.148  -79.916  -7.607 0.4000000060
9340  -33.378  -79.503  -7.095 0.4000000060
9348  -29.804  -79.847  -8.334 0.4000000060
9349  -31.156  -79.634  -8.288 0.4000000060
10092  -34.585  -78.615  -6.652 0.3000000119
10117  -27.393  -79.100  -8.162 0.4000000060
10118  -33.107  -79.250  -7.584 0.4000000060
10132  -31.713  -79.086  -8.387 0.4000000060
10857  -35.073  -78.148  -7.223 0.3000000119
10858  -35.751  -77.650  -6.989 0.3000000119
10871  -35.049  -77.687  -7.895 0.4000000060
10873  -36.228  -77.025  -7.487 0.5000000000
10889  -32.379  -78.520  -8.479 0.4000000060
10891  -34.570  -77.390  -8.485 0.4000000060
10907  -33.518  -76.886  -9.148 0.4000000060
11598  -37.138  -76.300  -6.591 0.4000000060
11623  -35.053  -76.418  -9.104 0.5000000000
11625  -36.202  -75.817  -8.884 0.6000000238
12399  -37.525  -75.657  -6.758 0.5000000000
12400  -37.834  -75.022  -6.743 0.5000000000
12407  -37.046  -75.019  -8.283 0.6000000238
12434  -35.089  -75.141  -9.737 0.6000000238
12435  -35.603  -75.069  -9.589 0.6000000238
13203  -28.086  -74.550  -2.651 0.5000000000
13227  -29.731  -74.435  -3.494 0.5000000000
13228  -30.501  -74.237  -3.791 0.5000000000
13246  -27.498  -74.505  -4.290 0.4000000060
13249  -30.528  -74.322  -4.699 0.6000000238
13251  -32.245  -73.898  -5.336 0.6999999881
13269  -32.763  -73.914  -5.978 0.6000000238
13284  -31.408  -74.000  -6.593 0.6000000238
13302  -28.917  -73.563  -7.564 0.4000000060
13307  -36.902  -74.245  -8.448 0.6000000238
13320  -32.338  -73.879  -9.337 0.6000000238
14078  -32.307  -72.615  -3.031 0.5000000000
14090  -32.301  -73.231  -3.684 0.5000000000
14092  -38.735  -74.146  -3.920 0.3000000119
14101  -32.436  -73.544  -4.490 0.6999999881
14104  -38.722  -73.919  -4.641 0.3000000119
14115  -32.800  -73.649  -5.194 0.6999999881
14119  -38.650  -73.812  -5.611 0.4000000060
14127  -38.487  -73.730  -6.584 0.5000000000
14140  -29.659  -73.121  -8.546 0.5000000000
14164  -29.524  -72.709  -9.674 0.5000000000
14170  -36.301  -74.143  -8.804 0.6000000238
14183  -30.018  -72.910  -10.159 0.4000000060
14192  -28.797  -72.705  -10.934 0.4000000060
14957  -29.661  -72.726  -1.057 0.5000000000
14958  -30.442  -72.370  -1.609 0.5000000000
14959  -31.191  -71.992  -2.003 0.5000000000
14996  -40.527  -71.953  -4.091 0.3000000119
15009  -40.178  -71.896  -5.000 0.3000000119
15016  -36.782  -72.462  -6.773 0.6999999881
15027  -37.159  -72.974  -7.678 0.6999999881
15028  -37.770  -72.930  -7.650 0.6999999881
15896  -31.997  -71.687  -2.528 0.5000000000
15926  -39.848  -71.751  -6.048 0.3000000119
16805  -29.337  -70.751  -2.298 0.4000000060
16809  -42.341  -69.905  -2.317 0.3000000119
16822  -42.575  -69.943  -2.932 0.3000000119
16833  -35.475  -70.711  -4.477 0.6000000238
16834  -36.273  -70.656  -4.800 0.6999999881
16845  -37.014  -70.507  -5.269 0.6000000238
17717  -42.656  -69.283  -3.411 0.3000000119
17722  -27.334  -70.106  -4.615 0.4000000060
17732  -42.547  -69.417  -4.242 0.3000000119
17742  -42.554  -68.896  -5.069 0.3000000119
17750  -36.725  -69.141  -5.980 0.8000000119
17752  -38.755  -69.707  -6.615 0.5000000000
17754  -41.283  -69.422  -7.583 0.6000000238
18568  -41.742  -68.153  -2.256 0.3000000119
18593  -30.078  -68.350  -5.647 0.6000000238
18595  -33.054  -68.536  -5.546 0.6999999881
18597  -42.288  -68.385  -6.484 0.4000000060
18617  -33.786  -67.986  -7.156 0.6999999881
18625  -41.991  -68.213  -7.912 0.5000000000
18628  -26.633  -68.568  -8.080 0.6000000238
18632  -41.130  -68.103  -9.042 0.6000000238
18635  -40.659  -67.703  -9.525 0.6000000238
19488  -41.568  -67.712  -5.331 0.4000000060
19498  -41.840  -67.785  -6.175 0.4000000060
19510  -42.154  -67.937  -6.971 0.4000000060
19544  -29.011  -66.865  -9.308 0.6000000238
19546  -37.274  -66.949  -9.948 0.6000000238
19547  -38.108  -67.183  -10.244 0.6999999881
20367  -40.327  -66.671  -7.648 0.5000000000
20385  -24.353  -66.711  -9.618 0.3000000119
20402  -28.701  -65.999  -10.497 0.4000000060
20405  -38.466  -66.152  -10.615 0.5000000000
21283  -23.569  -65.671  -9.215 0.3000000119
21288  -39.153  -65.388  -9.320 0.5000000000
21291  -23.984  -66.094  -9.549 0.3000000119
21298  -34.512  -65.507  -9.606 0.5000000000
21308  -36.748  -65.156  -10.400 0.5000000000
21310  -38.086  -65.605  -10.559 0.5000000000
22192  -24.713  -64.246  -6.801 0.3000000119
22218  -38.555  -64.801  -9.724 0.5000000000
22219  -27.829  -64.945  -9.939 0.4000000060
22226  -38.149  -64.385  -10.191 0.5000000000
22227  -28.855  -64.942  -10.603 0.4000000060
22228  -29.554  -64.876  -10.601 0.4000000060
22229  -30.807  -64.524  -10.398 0.4000000060
22230  -31.598  -64.072  -10.330 0.4000000060
22234  -36.143  -64.709  -10.309 0.5000000000
22235  -37.580  -64.936  -10.483 0.5000000000
23123  -28.876  -63.068  -5.545 0.4000000060
23136  -28.719  -64.018  -7.012 0.4000000060
23143  -37.171  -63.320  -8.705 0.3000000119
23144  -37.781  -63.260  -9.684 0.4000000060
24036  -25.246  -62.289  -4.880 0.4000000060
24074  -31.783  -62.801  -10.323 0.4000000060
24920  -24.969  -61.798  -4.869 0.3000000119
24951  -36.450  -61.338  -8.602 0.3000000119
24953  -31.818  -61.798  -9.594 0.4000000060
24962  -36.768  -61.215  -10.475 0.4000000060
25834  -24.882  -59.993  -6.115 0.4000000060
26771  -35.743  -58.975  -10.540 0.3000000119
27755  -35.620  -58.349  -10.126 0.4000000060
28733  -35.915  -57.516  -9.605 0.4000000060
125208  -30.879  -74.241  -5.384 0.6000000238
127784  -42.158  -67.963  -2.936 0.3000000119
128595  -36.272  -60.508  -10.654 0.4000000060
128657  -27.335  -74.520  -2.064 0.5000000000
129115  -35.517  -62.160  -7.526 0.3000000119
129655  -30.908  -69.853  -3.188 0.6000000238
129807  -32.066  -73.983  -9.683 0.5000000000
129900  -37.141  -69.848  -5.382 0.8000000119
133532  -42.353  -68.353  -5.634 0.3000000119
134876  -33.459  -75.322  -9.776 0.5000000000
134935  -33.817  -60.003  -4.925 0.4000000060
136190  -40.366  -66.390  -8.855 0.5000000000
143013  -36.660  -76.756  -6.382 0.4000000060
144655  -28.138  -72.925  -8.923 0.4000000060
145103  -26.687  -72.555  -11.525 0.4000000060
145552  -31.270  -80.048  -8.025 0.4000000060
146041  -29.382  -79.168  -8.599 0.4000000060
146166  -31.974  -72.978  -2.974 0.5000000000
146362  -32.506  -71.108  -2.855 0.6000000238
146598  -42.134  -68.053  -7.587 0.4000000060
147476  -30.432  -68.784  -4.701 0.6000000238
147627  -39.980  -68.761  -8.579 0.6000000238
148773  -34.154  -72.688  -4.610 0.6999999881
148794  -36.855  -75.582  -8.197 0.5000000000
149021  -38.092  -74.882  -5.620 0.4000000060
