#!ascii label  , from subject sub-v1s4x0050685_ses-1 vox2ras=TkReg
1304
53421  30.329  -25.146  54.423 0.0000000000
72448  39.269  -5.795  40.923 0.0000000000
60949  33.328  -17.512  48.134 0.0000000000
42384  11.439  -36.506  70.192 0.0000000000
56976  24.263  -21.533  60.200 0.0000000000
124885  34.415  -13.100  46.416 0.0000000000
50406  16.617  -29.276  64.065 0.0000000000
43243  15.254  -35.046  67.330 0.0000000000
52448  19.242  -26.971  60.114 0.0000000000
70763  44.025  -7.337  39.980 0.0000000000
58008  30.849  -20.695  55.892 0.0000000000
139199  30.467  -17.371  54.683 0.0000000000
138472  35.772  -21.911  55.285 0.0000000000
75284  43.042  -3.128  40.079 0.0000000000
72496  46.549  -5.221  36.704 0.0000000000
73351  35.757  -4.871  44.903 0.0000000000
68921  40.492  -9.354  44.463 0.0000000000
67050  36.493  -11.337  44.361 0.0000000000
61993  38.813  -16.612  47.640 0.0000000000
51523  28.912  -27.487  59.043 0.0000000000
39738  10.302  -39.634  74.445 0.0000000000
39717  5.986  -39.679  76.240 0.0000000000
39701  3.929  -39.007  78.973 0.0000000000
55170  26.787  -23.118  57.122 0.0000000000
53340  23.724  -25.528  59.354 0.0000000000
63001  28.069  -15.611  50.977 0.0000000000
138789  33.455  -16.080  53.515 0.0000000000
76202  49.362  -1.410  36.454 0.0000000000
71580  41.604  -7.081  40.309 0.0000000000
70714  41.731  -7.607  42.622 0.0000000000
56145  31.290  -22.597  54.350 0.0000000000
57076  31.975  -21.380  53.590 0.0000000000
54320  33.524  -24.072  53.968 0.0000000000
74294  39.546  -3.537  42.325 0.0000000000
75263  41.729  -2.854  41.738 0.0000000000
73389  41.133  -4.350  40.080 0.0000000000
72480  43.231  -5.539  38.935 0.0000000000
37081  2.831  -42.785  78.698 0.0000000000
69850  35.597  -8.197  44.265 0.0000000000
125384  34.135  -9.229  45.996 0.0000000000
63057  33.675  -16.031  46.702 0.0000000000
63069  35.870  -15.372  45.555 0.0000000000
60958  36.098  -17.375  47.414 0.0000000000
59929  36.695  -18.384  50.310 0.0000000000
42399  13.627  -35.743  68.696 0.0000000000
42375  15.279  -36.361  71.192 0.0000000000
41534  12.708  -37.820  71.179 0.0000000000
39746  13.077  -39.181  73.981 0.0000000000
40660  10.466  -38.224  72.154 0.0000000000
41514  6.707  -37.131  74.641 0.0000000000
39708  4.451  -39.324  76.926 0.0000000000
56096  25.386  -22.245  58.166 0.0000000000
53370  25.050  -25.428  57.184 0.0000000000
55174  22.984  -23.222  57.677 0.0000000000
49337  19.620  -29.998  63.008 0.0000000000
50433  21.092  -27.756  62.811 0.0000000000
60822  33.628  -17.465  55.939 0.0000000000
62987  31.239  -15.655  54.368 0.0000000000
67964  35.120  -10.455  47.581 0.0000000000
65054  33.471  -14.297  48.455 0.0000000000
64022  32.134  -14.856  48.308 0.0000000000
47365  18.217  -31.892  64.099 0.0000000000
45164  17.572  -33.639  67.560 0.0000000000
46272  15.934  -32.338  64.573 0.0000000000
46243  14.163  -33.052  66.673 0.0000000000
145075  12.236  -33.039  69.053 0.0000000000
55137  20.174  -23.156  58.991 0.0000000000
126940  18.978  -24.176  61.594 0.0000000000
51464  17.522  -27.700  62.242 0.0000000000
58902  28.852  -19.182  57.292 0.0000000000
59872  27.464  -17.951  54.938 0.0000000000
58034  29.776  -19.777  54.820 0.0000000000
58934  32.727  -19.255  54.057 0.0000000000
75298  45.662  -2.251  37.594 0.0000000000
74335  44.284  -3.437  38.367 0.0000000000
71603  45.621  -6.484  38.604 0.0000000000
72437  37.365  -5.550  42.590 0.0000000000
70716  39.559  -7.432  42.853 0.0000000000
70699  37.729  -7.473  43.639 0.0000000000
142521  38.269  -10.422  44.269 0.0000000000
65097  40.264  -13.006  45.222 0.0000000000
66072  34.899  -12.237  45.066 0.0000000000
64071  37.502  -14.020  45.086 0.0000000000
52506  29.588  -26.588  56.037 0.0000000000
52502  33.090  -26.144  56.964 0.0000000000
74269  38.374  -3.502  44.237 0.0000000000
43219  9.668  -35.746  71.371 0.0000000000
40649  8.573  -38.166  73.398 0.0000000000
124672  8.195  -39.737  75.433 0.0000000000
38872  7.801  -40.798  77.025 0.0000000000
38874  5.491  -40.996  77.169 0.0000000000
126119  3.354  -40.792  78.012 0.0000000000
38853  2.886  -40.246  79.673 0.0000000000
39674  1.491  -39.143  81.510 0.0000000000
54307  28.183  -24.645  55.264 0.0000000000
52494  26.940  -26.712  56.744 0.0000000000
51543  26.066  -27.003  58.877 0.0000000000
52463  21.132  -25.628  59.503 0.0000000000
133250  30.794  -16.985  49.367 0.0000000000
60856  28.526  -16.953  53.358 0.0000000000
60879  30.592  -16.753  52.153 0.0000000000
59917  33.810  -18.147  51.280 0.0000000000
131526  35.402  -24.386  57.824 0.0000000000
75322  50.868  -2.788  34.637 0.0000000000
74347  47.145  -3.391  35.902 0.0000000000
72515  49.649  -5.350  34.395 0.0000000000
71581  40.831  -6.835  40.471 0.0000000000
70734  42.065  -7.819  41.723 0.0000000000
70735  40.620  -7.526  41.812 0.0000000000
132924  30.842  -23.999  54.099 0.0000000000
55235  31.927  -23.376  53.660 0.0000000000
54321  31.873  -24.682  54.008 0.0000000000
72461  39.219  -4.973  40.996 0.0000000000
74319  39.953  -3.987  41.165 0.0000000000
72460  39.821  -5.306  40.511 0.0000000000
72470  41.102  -5.900  39.771 0.0000000000
37913  1.809  -42.319  80.094 0.0000000000
70655  34.638  -7.744  46.709 0.0000000000
69812  34.865  -8.921  47.405 0.0000000000
60961  33.701  -17.218  47.441 0.0000000000
60968  34.873  -17.161  46.853 0.0000000000
59957  34.932  -17.752  48.025 0.0000000000
59950  36.255  -17.873  48.805 0.0000000000
59943  35.869  -18.299  49.671 0.0000000000
42390  12.417  -36.172  69.527 0.0000000000
41555  13.121  -36.806  69.895 0.0000000000
42383  12.204  -36.802  70.066 0.0000000000
40668  12.099  -38.253  71.715 0.0000000000
41546  10.883  -36.993  70.699 0.0000000000
56975  25.010  -21.815  59.657 0.0000000000
56098  23.908  -22.364  58.034 0.0000000000
57009  22.758  -21.909  58.792 0.0000000000
48309  19.841  -30.401  64.809 0.0000000000
62936  26.771  -15.657  55.896 0.0000000000
61876  32.679  -15.998  56.201 0.0000000000
65055  32.718  -14.384  48.464 0.0000000000
65040  32.433  -13.878  49.213 0.0000000000
48319  16.692  -30.586  63.397 0.0000000000
46289  16.940  -31.914  63.736 0.0000000000
134406  16.184  -30.722  63.995 0.0000000000
48293  15.009  -31.044  66.945 0.0000000000
47308  14.120  -31.214  68.320 0.0000000000
46215  13.323  -32.589  68.146 0.0000000000
56047  19.964  -22.069  62.062 0.0000000000
52391  17.673  -27.039  64.401 0.0000000000
52402  18.015  -26.361  62.959 0.0000000000
51446  17.185  -28.141  62.985 0.0000000000
48329  17.896  -30.230  62.512 0.0000000000
146695  29.033  -19.809  56.209 0.0000000000
58019  30.135  -20.352  55.308 0.0000000000
57074  33.701  -21.599  53.394 0.0000000000
58950  32.262  -19.982  53.672 0.0000000000
58031  34.797  -20.848  54.008 0.0000000000
58920  34.920  -19.089  55.021 0.0000000000
58018  35.908  -20.551  55.122 0.0000000000
75274  42.719  -2.877  40.736 0.0000000000
75290  44.509  -2.545  38.635 0.0000000000
74336  43.693  -3.627  38.882 0.0000000000
71590  43.388  -6.719  39.476 0.0000000000
71604  44.349  -6.009  38.584 0.0000000000
142647  44.844  -7.075  39.510 0.0000000000
72428  36.385  -5.370  43.554 0.0000000000
70718  37.317  -6.870  43.283 0.0000000000
71543  36.036  -6.692  43.825 0.0000000000
140026  35.750  -10.047  44.396 0.0000000000
68924  37.202  -9.527  44.241 0.0000000000
67996  37.643  -10.663  44.282 0.0000000000
133147  39.632  -12.107  44.472 0.0000000000
133326  37.927  -12.031  44.323 0.0000000000
137593  34.711  -12.293  47.155 0.0000000000
67022  34.391  -11.514  46.147 0.0000000000
141827  34.593  -12.417  45.751 0.0000000000
63055  37.140  -15.829  46.207 0.0000000000
64060  37.090  -14.679  45.350 0.0000000000
141696  38.167  -15.060  46.079 0.0000000000
63065  39.415  -14.913  46.337 0.0000000000
51554  29.320  -27.195  57.508 0.0000000000
51552  31.007  -27.101  58.032 0.0000000000
73335  36.529  -4.461  46.624 0.0000000000
74271  36.804  -4.169  44.695 0.0000000000
73359  37.200  -4.370  43.312 0.0000000000
134658  16.553  -34.421  66.803 0.0000000000
44156  16.445  -34.959  68.541 0.0000000000
39748  11.536  -39.384  73.821 0.0000000000
39723  12.368  -39.938  75.313 0.0000000000
38890  11.259  -40.332  75.622 0.0000000000
38891  10.450  -40.379  75.771 0.0000000000
43207  8.993  -34.978  73.014 0.0000000000
42372  8.901  -36.494  72.250 0.0000000000
138305  8.086  -36.181  73.164 0.0000000000
40633  6.010  -38.449  75.553 0.0000000000
40640  7.775  -38.682  74.551 0.0000000000
127080  7.021  -39.316  75.500 0.0000000000
38894  8.080  -40.091  75.996 0.0000000000
38885  6.561  -40.272  76.516 0.0000000000
38873  6.373  -40.843  77.057 0.0000000000
38886  5.701  -40.314  76.700 0.0000000000
40614  4.242  -38.629  78.381 0.0000000000
39709  3.949  -39.698  77.506 0.0000000000
133170  3.463  -40.058  78.082 0.0000000000
38862  3.085  -40.515  78.668 0.0000000000
39696  3.391  -39.636  79.047 0.0000000000
130181  28.246  -23.308  57.629 0.0000000000
55168  28.655  -23.474  56.822 0.0000000000
55203  27.798  -24.125  55.840 0.0000000000
53403  27.728  -25.219  55.475 0.0000000000
54294  26.756  -24.678  56.155 0.0000000000
53354  24.379  -25.741  58.559 0.0000000000
52481  25.515  -26.558  58.328 0.0000000000
52460  25.339  -26.621  59.283 0.0000000000
54259  19.227  -24.987  59.656 0.0000000000
54257  20.091  -24.717  59.002 0.0000000000
52464  20.347  -26.025  59.567 0.0000000000
51462  21.511  -26.628  62.903 0.0000000000
69857  40.263  -7.926  43.991 0.0000000000
69856  41.122  -7.761  44.021 0.0000000000
68919  42.191  -8.958  44.889 0.0000000000
64001  29.060  -14.562  50.157 0.0000000000
63018  29.860  -15.420  49.490 0.0000000000
61957  29.228  -16.471  50.260 0.0000000000
124507  28.896  -17.777  54.214 0.0000000000
60840  27.656  -17.576  54.234 0.0000000000
137650  29.410  -16.893  53.936 0.0000000000
61913  32.430  -15.749  53.581 0.0000000000
61932  31.085  -16.100  52.994 0.0000000000
126539  32.535  -17.068  52.288 0.0000000000
137518  32.275  -17.543  51.448 0.0000000000
59901  33.864  -17.664  52.142 0.0000000000
60875  35.389  -17.757  52.546 0.0000000000
53368  34.421  -25.423  57.781 0.0000000000
125533  50.095  -2.307  35.424 0.0000000000
74349  45.996  -3.615  36.788 0.0000000000
75305  46.630  -2.459  36.678 0.0000000000
73420  46.569  -3.948  36.280 0.0000000000
72502  49.163  -5.548  35.135 0.0000000000
139690  50.539  -6.292  35.045 0.0000000000
145568  17.329  -27.774  65.192 0.0000000000
124152  16.218  -29.687  65.435 0.0000000000
70764  43.003  -7.279  40.075 0.0000000000
70731  44.673  -7.483  41.528 0.0000000000
70733  42.982  -7.834  41.584 0.0000000000
57041  31.346  -21.789  54.667 0.0000000000
57059  31.241  -21.018  54.408 0.0000000000
126257  31.851  -22.150  53.699 0.0000000000
55233  33.610  -23.062  53.495 0.0000000000
55216  34.761  -23.136  54.327 0.0000000000
75236  41.300  -2.599  43.571 0.0000000000
75264  40.945  -3.136  41.992 0.0000000000
74303  41.182  -3.401  41.210 0.0000000000
74328  41.918  -4.067  39.893 0.0000000000
74337  43.178  -4.090  39.119 0.0000000000
73399  41.621  -4.675  39.693 0.0000000000
133791  42.316  -6.029  39.375 0.0000000000
143694  3.497  -42.756  78.298 0.0000000000
72403  35.334  -5.398  46.258 0.0000000000
70684  35.504  -7.274  44.256 0.0000000000
71530  34.679  -6.872  45.507 0.0000000000
69835  34.367  -8.491  45.482 0.0000000000
130876  35.025  -10.147  44.655 0.0000000000
64045  33.771  -14.381  46.678 0.0000000000
64063  34.782  -14.302  45.637 0.0000000000
62016  34.847  -16.049  46.133 0.0000000000
137509  36.009  -16.603  46.427 0.0000000000
60966  37.095  -16.777  47.142 0.0000000000
60933  38.003  -17.576  48.820 0.0000000000
59941  38.158  -18.089  50.224 0.0000000000
145378  28.504  -27.873  61.186 0.0000000000
43244  14.617  -35.288  67.756 0.0000000000
134924  15.691  -35.628  69.551 0.0000000000
42389  14.505  -36.399  69.815 0.0000000000
41542  14.052  -37.255  70.898 0.0000000000
41525  13.734  -38.084  72.141 0.0000000000
40646  11.913  -39.012  73.146 0.0000000000
39749  10.172  -38.907  73.457 0.0000000000
42358  7.244  -36.707  74.037 0.0000000000
145956  5.850  -36.979  75.785 0.0000000000
128937  5.320  -38.334  76.032 0.0000000000
40626  4.941  -38.895  76.436 0.0000000000
41494  4.841  -37.872  77.003 0.0000000000
136961  4.595  -38.222  77.690 0.0000000000
40608  4.481  -38.433  79.463 0.0000000000
56115  26.018  -22.613  57.645 0.0000000000
55190  25.432  -23.884  56.605 0.0000000000
55172  24.852  -23.217  56.833 0.0000000000
54282  23.954  -23.919  56.986 0.0000000000
54270  22.969  -24.493  58.172 0.0000000000
50449  19.444  -28.690  61.232 0.0000000000
51507  20.409  -27.660  60.858 0.0000000000
50418  20.680  -28.728  63.208 0.0000000000
67993  41.592  -10.882  44.673 0.0000000000
127946  27.122  -15.194  52.293 0.0000000000
60837  31.078  -16.987  55.040 0.0000000000
134845  30.593  -16.538  54.756 0.0000000000
61877  32.055  -16.095  55.720 0.0000000000
62971  32.280  -15.227  55.031 0.0000000000
76203  48.492  -1.461  36.531 0.0000000000
37889  0.705  -41.237  81.746 0.0000000000
67003  35.593  -11.717  47.664 0.0000000000
66040  34.690  -13.428  47.720 0.0000000000
65064  33.999  -13.927  47.650 0.0000000000
65065  33.415  -14.363  47.622 0.0000000000
63041  33.049  -15.532  47.216 0.0000000000
132204  32.580  -16.281  47.611 0.0000000000
47352  18.777  -31.827  65.004 0.0000000000
124991  18.529  -32.401  66.855 0.0000000000
46256  18.014  -32.619  64.962 0.0000000000
45194  16.568  -33.379  65.405 0.0000000000
44180  16.143  -33.991  66.065 0.0000000000
48303  15.560  -31.095  65.173 0.0000000000
46242  14.754  -32.681  65.950 0.0000000000
44182  14.530  -34.306  66.722 0.0000000000
129859  13.514  -34.078  67.403 0.0000000000
44158  12.543  -34.760  68.597 0.0000000000
44145  11.798  -34.255  69.267 0.0000000000
56994  22.229  -21.550  59.447 0.0000000000
56980  20.728  -21.806  60.629 0.0000000000
55121  19.428  -23.617  60.136 0.0000000000
144089  18.515  -25.838  60.594 0.0000000000
54211  18.613  -24.824  63.078 0.0000000000
52414  18.075  -26.235  62.064 0.0000000000
50468  18.294  -27.893  60.951 0.0000000000
49352  18.434  -29.671  62.133 0.0000000000
48316  19.141  -30.639  63.328 0.0000000000
60808  28.215  -17.204  58.062 0.0000000000
60816  27.005  -17.155  56.598 0.0000000000
59857  28.056  -18.752  56.132 0.0000000000
58938  28.979  -19.157  54.969 0.0000000000
59869  30.142  -18.478  54.410 0.0000000000
132799  30.926  -19.971  54.065 0.0000000000
58936  30.926  -19.293  54.133 0.0000000000
59868  31.126  -18.201  54.536 0.0000000000
59866  33.131  -18.572  54.664 0.0000000000
59854  34.386  -18.242  55.648 0.0000000000
76190  45.450  -1.437  38.772 0.0000000000
75299  44.938  -2.844  37.936 0.0000000000
73413  45.423  -4.093  37.207 0.0000000000
73407  43.813  -4.304  38.539 0.0000000000
72478  44.603  -5.359  38.094 0.0000000000
72449  38.661  -5.423  41.454 0.0000000000
71555  39.025  -6.927  41.986 0.0000000000
71556  38.294  -6.543  42.226 0.0000000000
143675  38.366  -7.396  43.428 0.0000000000
69847  38.992  -8.732  44.261 0.0000000000
69861  36.507  -8.179  44.039 0.0000000000
69848  37.904  -8.960  44.235 0.0000000000
68922  39.537  -9.544  44.366 0.0000000000
67046  40.244  -11.509  44.472 0.0000000000
66071  41.135  -12.762  45.284 0.0000000000
68902  34.309  -9.884  46.592 0.0000000000
67984  34.441  -10.873  45.568 0.0000000000
67051  35.615  -11.594  44.561 0.0000000000
64062  35.313  -13.783  45.139 0.0000000000
65101  36.032  -13.243  44.670 0.0000000000
66084  37.532  -12.722  44.514 0.0000000000
65099  38.739  -13.273  45.000 0.0000000000
52521  30.099  -26.212  55.383 0.0000000000
53399  31.491  -25.727  54.965 0.0000000000
52504  31.368  -26.465  56.523 0.0000000000
52478  32.457  -26.813  58.562 0.0000000000
127275  38.914  -3.422  43.665 0.0000000000
73370  38.242  -4.351  42.290 0.0000000000
44132  10.749  -33.962  70.635 0.0000000000
44120  10.330  -34.226  71.320 0.0000000000
43226  10.487  -35.715  70.546 0.0000000000
41536  10.231  -37.467  71.463 0.0000000000
41526  9.762  -37.959  72.226 0.0000000000
40648  9.318  -38.599  73.416 0.0000000000
41520  7.932  -37.470  73.512 0.0000000000
40639  8.647  -38.778  74.108 0.0000000000
130918  8.979  -39.380  74.555 0.0000000000
38893  8.801  -40.215  75.872 0.0000000000
38871  8.508  -40.936  77.114 0.0000000000
37944  5.290  -41.813  77.579 0.0000000000
38875  4.426  -40.128  77.097 0.0000000000
37945  4.504  -41.080  77.332 0.0000000000
37087  3.759  -42.348  77.949 0.0000000000
37080  3.203  -42.124  78.246 0.0000000000
38854  2.648  -41.065  79.166 0.0000000000
38844  2.267  -40.810  80.261 0.0000000000
39681  2.926  -39.069  81.104 0.0000000000
123580  2.041  -40.234  81.151 0.0000000000
38845  1.538  -40.907  81.272 0.0000000000
122356  30.243  -23.818  54.544 0.0000000000
55186  29.229  -23.551  55.854 0.0000000000
53422  29.434  -24.981  54.547 0.0000000000
52523  28.477  -26.047  55.386 0.0000000000
51567  28.257  -26.805  56.447 0.0000000000
125733  27.878  -27.299  57.825 0.0000000000
53383  25.743  -25.490  56.703 0.0000000000
52480  26.196  -26.916  57.946 0.0000000000
51524  27.377  -27.414  59.084 0.0000000000
55154  21.204  -23.136  58.385 0.0000000000
54271  22.032  -24.315  58.461 0.0000000000
53341  22.880  -25.168  59.692 0.0000000000
51482  21.092  -27.039  61.382 0.0000000000
53313  21.880  -25.801  61.079 0.0000000000
53330  23.088  -25.590  61.198 0.0000000000
70715  40.939  -7.592  42.690 0.0000000000
64009  31.067  -14.233  49.240 0.0000000000
63031  31.084  -15.810  48.760 0.0000000000
60951  31.867  -17.186  48.678 0.0000000000
60826  26.529  -16.698  55.003 0.0000000000
128934  26.948  -16.506  53.360 0.0000000000
61946  27.478  -16.141  51.941 0.0000000000
61896  30.143  -16.184  54.041 0.0000000000
60880  29.655  -16.701  52.371 0.0000000000
132650  28.805  -16.613  50.956 0.0000000000
60915  30.518  -17.263  50.524 0.0000000000
60913  32.175  -17.760  49.885 0.0000000000
59945  33.890  -18.072  49.374 0.0000000000
59915  35.442  -18.477  51.049 0.0000000000
53397  33.333  -25.284  55.469 0.0000000000
54292  34.576  -24.509  55.978 0.0000000000
55183  35.583  -23.506  56.582 0.0000000000
55146  36.531  -23.236  58.699 0.0000000000
56130  36.288  -22.239  56.946 0.0000000000
75321  51.666  -2.632  34.453 0.0000000000
76204  47.636  -1.681  36.617 0.0000000000
75303  48.104  -2.052  36.003 0.0000000000
72504  47.726  -4.966  35.714 0.0000000000
74355  48.352  -3.787  34.997 0.0000000000
74354  48.971  -3.159  34.862 0.0000000000
74371  50.015  -4.092  33.813 0.0000000000
128706  51.007  -4.884  33.070 0.0000000000
71582  40.048  -6.276  40.503 0.0000000000
71567  40.291  -7.120  41.045 0.0000000000
54322  30.975  -24.629  54.140 0.0000000000
54338  31.508  -24.061  53.852 0.0000000000
60960  34.531  -17.447  47.428 0.0000000000
60948  34.106  -17.680  48.027 0.0000000000
59951  35.369  -17.946  48.784 0.0000000000
59952  34.503  -17.913  48.709 0.0000000000
42391  11.597  -35.800  69.747 0.0000000000
41545  11.679  -37.217  70.564 0.0000000000
57008  23.650  -21.965  58.686 0.0000000000
56993  23.397  -21.562  59.403 0.0000000000
48291  19.778  -30.652  66.792 0.0000000000
48301  19.794  -30.567  65.808 0.0000000000
62920  27.177  -15.696  56.659 0.0000000000
49339  16.717  -29.633  63.367 0.0000000000
49330  16.349  -29.997  63.982 0.0000000000
51433  17.188  -27.936  64.048 0.0000000000
127709  17.455  -27.421  63.450 0.0000000000
132552  16.893  -28.772  63.636 0.0000000000
49338  17.152  -29.983  62.808 0.0000000000
58009  29.693  -20.197  56.134 0.0000000000
57057  35.126  -21.566  54.196 0.0000000000
58048  34.023  -20.869  53.569 0.0000000000
58030  35.415  -20.890  54.467 0.0000000000
57040  35.679  -21.422  54.825 0.0000000000
75261  43.032  -2.348  41.131 0.0000000000
75273  43.397  -2.401  40.511 0.0000000000
75283  43.652  -2.710  39.755 0.0000000000
75291  43.919  -2.984  39.042 0.0000000000
74326  43.361  -3.394  39.423 0.0000000000
71589  44.189  -6.641  39.211 0.0000000000
37078  5.160  -42.659  78.078 0.0000000000
72417  35.988  -5.091  44.153 0.0000000000
71542  36.406  -6.067  43.439 0.0000000000
72429  35.880  -5.833  43.915 0.0000000000
67998  36.405  -10.455  44.339 0.0000000000
130298  37.008  -10.803  44.304 0.0000000000
67049  37.417  -11.363  44.292 0.0000000000
131486  37.063  -12.083  44.337 0.0000000000
66057  34.510  -12.228  46.649 0.0000000000
62003  37.523  -16.240  46.795 0.0000000000
63054  37.906  -15.617  46.438 0.0000000000
62002  38.356  -16.066  47.016 0.0000000000
51541  28.706  -27.361  58.119 0.0000000000
51540  29.535  -27.373  58.374 0.0000000000
125386  29.740  -27.498  59.156 0.0000000000
73343  35.794  -4.712  45.826 0.0000000000
74261  36.982  -4.060  45.310 0.0000000000
73350  36.353  -4.552  44.427 0.0000000000
73360  36.576  -4.721  43.731 0.0000000000
139532  15.986  -34.889  67.219 0.0000000000
44167  16.517  -34.762  67.693 0.0000000000
43236  15.837  -35.192  67.888 0.0000000000
138559  11.186  -39.713  74.433 0.0000000000
39724  11.686  -40.025  75.063 0.0000000000
39725  10.850  -39.982  75.093 0.0000000000
138507  10.146  -39.939  75.127 0.0000000000
43213  8.524  -35.946  72.685 0.0000000000
39729  6.346  -39.153  75.690 0.0000000000
40632  6.913  -38.642  75.114 0.0000000000
39716  6.810  -39.748  75.993 0.0000000000
39702  3.792  -39.310  78.193 0.0000000000
39695  3.886  -38.980  79.864 0.0000000000
141859  27.504  -23.102  57.656 0.0000000000
55152  27.917  -23.122  58.411 0.0000000000
55169  27.727  -23.382  56.953 0.0000000000
55188  27.319  -23.698  56.439 0.0000000000
54293  27.144  -24.195  56.172 0.0000000000
55189  26.417  -23.862  56.493 0.0000000000
52461  24.580  -26.124  59.304 0.0000000000
137876  24.855  -26.395  59.865 0.0000000000
52462  24.201  -26.017  60.044 0.0000000000
53345  19.018  -25.642  59.841 0.0000000000
53344  19.724  -25.368  59.398 0.0000000000
52465  19.553  -26.279  59.731 0.0000000000
69846  39.943  -8.567  44.286 0.0000000000
69845  40.817  -8.318  44.355 0.0000000000
68920  41.372  -9.128  44.620 0.0000000000
63995  28.018  -14.825  51.155 0.0000000000
65017  28.328  -13.886  51.530 0.0000000000
63010  28.488  -15.176  50.520 0.0000000000
63009  29.074  -15.588  49.957 0.0000000000
61958  28.541  -16.021  50.591 0.0000000000
60838  29.817  -17.249  54.397 0.0000000000
61931  32.026  -16.244  52.915 0.0000000000
61930  32.904  -16.518  52.921 0.0000000000
60877  33.230  -17.214  52.428 0.0000000000
60855  33.688  -16.999  52.862 0.0000000000
60876  34.483  -17.461  52.666 0.0000000000
76201  50.264  -1.448  36.366 0.0000000000
76210  50.577  -1.910  35.824 0.0000000000
76211  49.639  -1.972  35.829 0.0000000000
73421  46.044  -4.528  36.757 0.0000000000
143818  46.694  -4.646  36.311 0.0000000000
52379  17.731  -26.890  65.522 0.0000000000
51421  17.033  -28.167  66.010 0.0000000000
51410  17.406  -27.318  66.296 0.0000000000
71579  42.260  -7.090  40.055 0.0000000000
70749  43.446  -7.687  40.786 0.0000000000
70750  42.380  -7.618  40.779 0.0000000000
55218  31.538  -22.804  53.903 0.0000000000
54336  32.988  -23.693  53.576 0.0000000000
55234  32.660  -22.983  53.465 0.0000000000
139570  33.572  -23.593  53.687 0.0000000000
55232  34.317  -22.893  53.708 0.0000000000
55217  34.074  -23.493  53.843 0.0000000000
75252  39.911  -3.290  42.884 0.0000000000
75251  40.713  -3.044  42.794 0.0000000000
74293  40.180  -3.355  42.174 0.0000000000
74318  40.585  -3.995  40.716 0.0000000000
74317  41.493  -3.736  40.483 0.0000000000
71593  41.177  -6.526  40.028 0.0000000000
71592  41.800  -6.428  39.727 0.0000000000
71591  42.598  -6.638  39.618 0.0000000000
71518  35.110  -6.045  46.561 0.0000000000
72412  34.889  -6.067  45.884 0.0000000000
71519  34.775  -6.837  46.406 0.0000000000
69823  34.316  -8.441  46.319 0.0000000000
68927  34.496  -9.436  45.077 0.0000000000
126300  34.563  -10.301  45.121 0.0000000000
132285  33.652  -15.146  46.611 0.0000000000
64044  34.221  -14.772  46.121 0.0000000000
63056  34.268  -15.635  46.270 0.0000000000
60967  35.654  -17.135  46.853 0.0000000000
62005  35.211  -16.647  46.424 0.0000000000
137870  36.405  -16.980  46.940 0.0000000000
134502  36.722  -17.183  47.428 0.0000000000
60957  37.311  -17.128  47.689 0.0000000000
126192  36.680  -17.516  48.035 0.0000000000
59942  36.694  -18.123  49.495 0.0000000000
137814  37.509  -18.092  49.711 0.0000000000
59928  37.518  -18.285  50.615 0.0000000000
59913  37.593  -18.162  51.471 0.0000000000
73336  35.812  -4.925  46.637 0.0000000000
43245  13.927  -35.254  67.856 0.0000000000
43238  14.334  -35.654  68.445 0.0000000000
42398  13.950  -36.260  69.323 0.0000000000
41543  13.301  -37.358  70.626 0.0000000000
42382  13.916  -36.866  70.128 0.0000000000
41533  13.499  -37.761  71.366 0.0000000000
41532  14.253  -37.506  71.735 0.0000000000
40657  13.215  -38.558  72.635 0.0000000000
40667  12.954  -38.294  71.841 0.0000000000
40669  11.192  -38.032  71.593 0.0000000000
40659  11.388  -38.564  72.424 0.0000000000
40647  11.061  -38.927  73.287 0.0000000000
142885  10.579  -38.590  72.818 0.0000000000
41507  5.717  -37.583  75.718 0.0000000000
41500  5.204  -37.715  76.388 0.0000000000
126743  5.244  -37.353  76.938 0.0000000000
41488  4.854  -37.983  78.645 0.0000000000
56078  25.607  -22.065  59.130 0.0000000000
56095  26.202  -22.359  58.624 0.0000000000
56094  26.836  -22.522  59.099 0.0000000000
56116  25.114  -22.591  57.321 0.0000000000
56118  23.443  -22.803  57.651 0.0000000000
55173  23.662  -23.285  57.190 0.0000000000
54283  23.277  -23.826  57.462 0.0000000000
54284  22.479  -23.736  57.944 0.0000000000
49350  20.084  -29.319  62.659 0.0000000000
49362  19.825  -29.081  61.843 0.0000000000
128890  27.067  -14.299  53.327 0.0000000000
63978  26.699  -14.880  53.449 0.0000000000
60824  31.846  -16.812  55.399 0.0000000000
60823  32.769  -16.950  55.783 0.0000000000
61861  33.283  -15.804  56.609 0.0000000000
62954  32.383  -15.507  55.698 0.0000000000
61862  32.934  -15.291  56.099 0.0000000000
38826  0.407  -40.559  81.867 0.0000000000
66048  35.045  -12.379  47.522 0.0000000000
146755  33.587  -14.270  47.109 0.0000000000
64033  32.817  -14.835  47.743 0.0000000000
63042  32.363  -15.498  47.830 0.0000000000
61996  32.035  -16.143  47.989 0.0000000000
47339  18.670  -32.219  65.911 0.0000000000
46271  16.513  -32.265  64.224 0.0000000000
123583  17.024  -32.872  64.752 0.0000000000
46258  16.203  -32.870  64.841 0.0000000000
45195  15.792  -33.397  65.498 0.0000000000
49312  16.224  -29.449  66.297 0.0000000000
49323  15.776  -30.299  65.862 0.0000000000
46230  14.400  -32.365  66.679 0.0000000000
133304  14.811  -31.795  66.366 0.0000000000
45178  14.585  -33.514  66.313 0.0000000000
45179  13.960  -33.840  66.870 0.0000000000
44170  13.936  -34.566  67.276 0.0000000000
45165  13.631  -33.342  67.358 0.0000000000
46216  12.675  -32.934  68.708 0.0000000000
45152  13.031  -33.702  68.019 0.0000000000
45153  12.336  -33.737  68.732 0.0000000000
56967  21.454  -21.294  61.258 0.0000000000
56048  19.654  -22.744  61.598 0.0000000000
55103  19.335  -23.502  61.098 0.0000000000
54231  19.045  -24.288  60.600 0.0000000000
54232  18.637  -24.984  61.061 0.0000000000
52415  17.806  -26.901  62.096 0.0000000000
52430  18.104  -26.576  61.261 0.0000000000
51483  17.869  -27.420  61.435 0.0000000000
50450  18.573  -28.590  61.230 0.0000000000
49364  18.085  -29.006  61.751 0.0000000000
47380  17.932  -31.417  63.396 0.0000000000
48317  18.347  -30.858  62.980 0.0000000000
47379  18.673  -31.235  63.663 0.0000000000
142842  18.903  -31.425  64.338 0.0000000000
59841  28.628  -18.555  57.601 0.0000000000
59842  28.132  -17.970  57.505 0.0000000000
59848  28.264  -18.682  56.969 0.0000000000
58020  29.314  -19.828  55.562 0.0000000000
58910  28.643  -19.326  55.784 0.0000000000
142639  29.660  -19.103  54.529 0.0000000000
58032  31.367  -20.685  53.951 0.0000000000
58949  33.279  -20.147  53.658 0.0000000000
58935  31.756  -19.211  54.021 0.0000000000
59867  32.179  -18.428  54.539 0.0000000000
58919  35.683  -19.598  55.287 0.0000000000
75235  42.162  -2.085  43.196 0.0000000000
76185  45.196  -1.273  39.516 0.0000000000
74341  44.870  -3.725  37.717 0.0000000000
73408  43.149  -4.857  38.892 0.0000000000
72477  45.081  -5.975  38.220 0.0000000000
142701  45.273  -5.355  37.637 0.0000000000
72450  38.045  -5.857  41.970 0.0000000000
71557  37.612  -6.340  42.610 0.0000000000
70717  37.980  -6.938  42.985 0.0000000000
69859  38.428  -7.977  44.008 0.0000000000
70685  35.037  -7.742  44.580 0.0000000000
128028  37.769  -9.927  44.269 0.0000000000
68923  38.584  -9.692  44.291 0.0000000000
67995  39.032  -10.483  44.288 0.0000000000
67994  40.095  -10.499  44.420 0.0000000000
130441  39.792  -12.643  44.827 0.0000000000
66082  40.462  -12.299  44.771 0.0000000000
68888  35.170  -9.520  47.635 0.0000000000
67965  34.550  -10.559  47.068 0.0000000000
67036  34.676  -11.643  45.339 0.0000000000
68000  34.931  -11.024  44.868 0.0000000000
66087  35.457  -12.354  44.699 0.0000000000
128999  35.496  -14.622  45.298 0.0000000000
64072  36.632  -14.061  44.921 0.0000000000
65100  37.082  -13.387  44.700 0.0000000000
64070  37.936  -13.361  44.821 0.0000000000
64059  38.338  -13.950  45.302 0.0000000000
52520  30.992  -26.174  55.586 0.0000000000
52505  30.463  -26.559  56.260 0.0000000000
51538  31.161  -27.300  58.831 0.0000000000
52479  31.765  -26.980  58.331 0.0000000000
74268  39.284  -3.321  44.340 0.0000000000
73371  37.545  -4.695  42.643 0.0000000000
74296  37.843  -4.032  42.920 0.0000000000
73381  38.032  -5.089  42.022 0.0000000000
45163  17.962  -33.186  67.043 0.0000000000
46228  18.419  -32.437  67.819 0.0000000000
46229  17.930  -33.096  68.096 0.0000000000
43224  15.291  -36.073  70.204 0.0000000000
39735  13.300  -39.222  74.687 0.0000000000
45130  11.218  -33.621  70.016 0.0000000000
44108  9.578  -34.609  72.401 0.0000000000
130568  10.063  -34.189  72.032 0.0000000000
44121  9.799  -34.932  71.652 0.0000000000
43218  10.120  -35.274  70.978 0.0000000000
42377  10.160  -36.369  70.906 0.0000000000
42371  9.468  -36.556  71.622 0.0000000000
41519  8.634  -37.606  72.938 0.0000000000
41527  9.189  -37.343  72.253 0.0000000000
40661  9.199  -38.063  72.785 0.0000000000
41513  7.219  -37.860  74.327 0.0000000000
39741  7.609  -39.255  75.150 0.0000000000
39740  8.332  -39.291  74.796 0.0000000000
39727  8.893  -39.746  75.142 0.0000000000
38884  7.459  -40.298  76.356 0.0000000000
38883  8.372  -40.564  76.487 0.0000000000
37943  6.208  -41.504  77.575 0.0000000000
39718  5.098  -39.681  76.586 0.0000000000
38876  3.821  -40.544  77.573 0.0000000000
37086  4.398  -42.134  77.694 0.0000000000
37946  3.658  -41.499  77.788 0.0000000000
37929  3.051  -41.324  78.369 0.0000000000
37912  2.235  -41.674  79.628 0.0000000000
39689  3.681  -38.692  80.780 0.0000000000
39682  2.110  -39.428  81.338 0.0000000000
38833  1.460  -39.998  81.702 0.0000000000
56133  30.924  -23.146  55.489 0.0000000000
125752  28.553  -23.991  55.411 0.0000000000
55202  29.367  -23.872  54.982 0.0000000000
54324  28.914  -24.418  54.852 0.0000000000
53401  28.944  -25.575  54.910 0.0000000000
53423  28.687  -25.022  54.799 0.0000000000
124065  27.002  -26.080  56.193 0.0000000000
125051  28.125  -26.399  55.864 0.0000000000
52508  27.584  -26.527  56.264 0.0000000000
51555  28.476  -27.164  57.231 0.0000000000
51568  27.642  -27.049  56.955 0.0000000000
54295  25.184  -24.686  56.705 0.0000000000
135059  25.965  -24.673  56.429 0.0000000000
51542  26.756  -27.250  58.542 0.0000000000
51525  26.673  -27.299  59.406 0.0000000000
51503  27.330  -27.494  59.908 0.0000000000
51504  26.600  -27.362  60.207 0.0000000000
56079  21.278  -22.024  59.147 0.0000000000
56101  20.817  -22.715  58.738 0.0000000000
53343  20.526  -25.225  59.118 0.0000000000
53358  20.674  -24.499  58.734 0.0000000000
53357  21.414  -24.919  58.906 0.0000000000
53356  22.410  -24.858  58.933 0.0000000000
53342  22.005  -25.240  59.647 0.0000000000
51463  20.806  -27.834  61.780 0.0000000000
145880  21.216  -27.091  62.159 0.0000000000
52413  22.071  -25.945  62.965 0.0000000000
52428  21.729  -26.176  62.003 0.0000000000
53312  22.435  -25.673  61.695 0.0000000000
147554  22.438  -25.592  61.157 0.0000000000
124342  40.243  -7.528  42.540 0.0000000000
70696  40.459  -7.674  43.392 0.0000000000
66030  31.380  -12.924  50.169 0.0000000000
65042  30.655  -13.574  49.875 0.0000000000
61970  30.361  -16.225  49.242 0.0000000000
64024  30.651  -15.143  49.124 0.0000000000
61969  31.012  -16.533  48.954 0.0000000000
61987  31.567  -16.481  48.477 0.0000000000
132028  31.296  -17.002  48.929 0.0000000000
135238  27.032  -17.610  56.037 0.0000000000
60817  26.662  -17.004  55.855 0.0000000000
60825  26.937  -17.504  55.356 0.0000000000
60857  27.899  -17.225  53.665 0.0000000000
61917  27.291  -17.035  53.855 0.0000000000
123856  27.680  -16.786  53.110 0.0000000000
61936  27.211  -16.292  52.597 0.0000000000
61935  27.937  -16.567  52.214 0.0000000000
61895  30.761  -15.957  54.601 0.0000000000
61915  30.743  -15.813  53.909 0.0000000000
60898  29.207  -16.848  51.549 0.0000000000
60897  30.095  -17.067  51.345 0.0000000000
60916  29.617  -16.971  50.725 0.0000000000
60896  31.231  -17.363  51.170 0.0000000000
59918  32.940  -18.001  50.940 0.0000000000
60895  32.141  -17.752  50.641 0.0000000000
59933  32.763  -17.976  50.276 0.0000000000
59946  32.975  -17.928  49.637 0.0000000000
59932  33.605  -18.207  50.325 0.0000000000
59931  34.419  -18.333  50.045 0.0000000000
59916  34.544  -18.393  50.794 0.0000000000
60874  36.337  -17.882  52.468 0.0000000000
53381  32.797  -25.914  56.083 0.0000000000
53398  32.378  -25.600  55.168 0.0000000000
130631  34.869  -24.860  57.526 0.0000000000
54281  34.357  -25.112  56.872 0.0000000000
54280  35.122  -24.298  56.905 0.0000000000
55184  35.135  -23.885  56.106 0.0000000000
55164  35.776  -23.683  57.389 0.0000000000
56109  36.357  -22.955  57.790 0.0000000000
57019  36.531  -21.458  57.209 0.0000000000
75309  51.554  -2.323  35.130 0.0000000000
75330  51.026  -3.185  33.895 0.0000000000
76189  46.108  -1.109  38.467 0.0000000000
75296  46.964  -1.961  36.752 0.0000000000
75304  47.233  -2.466  36.239 0.0000000000
75313  47.840  -2.810  35.629 0.0000000000
73435  48.988  -4.843  34.744 0.0000000000
73427  48.504  -4.448  34.981 0.0000000000
74363  48.921  -4.030  34.616 0.0000000000
74362  49.550  -3.640  34.344 0.0000000000
73434  49.477  -4.455  34.227 0.0000000000
70751  41.294  -7.515  41.102 0.0000000000
134807  41.339  -7.720  41.933 0.0000000000
55219  31.038  -23.370  54.220 0.0000000000
142472  31.327  -23.547  53.926 0.0000000000
54337  32.242  -23.980  53.683 0.0000000000
128468  32.753  -24.357  53.897 0.0000000000
73379  39.386  -4.274  41.354 0.0000000000
74305  39.710  -3.742  41.725 0.0000000000
73391  39.852  -4.509  40.776 0.0000000000
73390  40.437  -4.762  40.268 0.0000000000
73400  41.038  -5.100  39.813 0.0000000000
72459  40.483  -5.607  40.101 0.0000000000
137900  40.694  -6.254  40.115 0.0000000000
37070  2.297  -42.484  79.315 0.0000000000
71509  35.021  -7.221  47.112 0.0000000000
70654  35.118  -7.985  47.470 0.0000000000
134387  34.590  -8.441  46.972 0.0000000000
137050  34.385  -9.104  46.792 0.0000000000
62006  34.400  -16.509  46.564 0.0000000000
60969  34.254  -17.068  47.003 0.0000000000
60959  35.311  -17.484  47.390 0.0000000000
60947  35.778  -17.671  48.051 0.0000000000
42400  12.826  -35.620  68.909 0.0000000000
134108  13.239  -36.175  69.279 0.0000000000
41544  12.504  -37.343  70.545 0.0000000000
41535  11.899  -37.740  71.088 0.0000000000
130008  11.163  -37.524  71.052 0.0000000000
42336  5.687  -36.823  77.321 0.0000000000
56991  24.857  -22.019  58.736 0.0000000000
56097  24.621  -22.274  57.933 0.0000000000
57007  24.278  -22.071  58.506 0.0000000000
56099  23.159  -22.368  58.263 0.0000000000
142907  22.809  -22.802  58.006 0.0000000000
49329  19.792  -30.225  63.867 0.0000000000
49328  20.328  -29.678  64.541 0.0000000000
48300  20.307  -29.887  65.549 0.0000000000
63950  26.787  -14.957  55.328 0.0000000000
127129  34.203  -17.333  56.450 0.0000000000
60815  33.354  -16.635  56.349 0.0000000000
133355  33.752  -16.411  56.797 0.0000000000
146941  32.940  -14.136  48.914 0.0000000000
65056  31.890  -14.247  48.911 0.0000000000
47381  17.136  -31.398  63.404 0.0000000000
47366  17.539  -31.836  63.708 0.0000000000
47382  16.430  -31.446  63.853 0.0000000000
47367  15.998  -31.848  64.272 0.0000000000
138311  15.461  -30.549  66.644 0.0000000000
48281  15.296  -30.333  67.398 0.0000000000
47326  14.401  -31.666  67.328 0.0000000000
46231  13.939  -32.529  67.321 0.0000000000
55090  19.224  -23.250  62.200 0.0000000000
52390  18.022  -26.237  64.003 0.0000000000
53295  18.326  -25.551  63.534 0.0000000000
140520  17.766  -26.823  63.547 0.0000000000
144719  17.415  -27.589  62.855 0.0000000000
50435  17.463  -28.597  62.219 0.0000000000
49353  17.630  -29.432  62.335 0.0000000000
124442  17.077  -29.102  62.807 0.0000000000
58911  28.637  -19.340  56.570 0.0000000000
58901  29.319  -19.841  56.901 0.0000000000
57075  32.844  -21.533  53.361 0.0000000000
58050  32.565  -20.771  53.442 0.0000000000
58049  33.305  -20.981  53.388 0.0000000000
134619  34.278  -20.086  54.023 0.0000000000
141455  34.447  -19.448  54.528 0.0000000000
58932  35.162  -20.028  54.536 0.0000000000
129387  36.202  -20.012  55.706 0.0000000000
75262  42.451  -2.589  41.431 0.0000000000
75248  42.953  -2.020  41.784 0.0000000000
76191  44.793  -1.828  39.024 0.0000000000
75282  44.216  -2.283  39.377 0.0000000000
71606  42.939  -6.089  39.199 0.0000000000
71605  43.635  -6.069  38.940 0.0000000000
71588  44.908  -6.520  38.864 0.0000000000
147456  45.402  -6.874  39.163 0.0000000000
73372  36.907  -5.020  43.102 0.0000000000
72438  36.773  -5.638  43.115 0.0000000000
70719  36.681  -6.729  43.514 0.0000000000
70700  36.915  -7.438  43.757 0.0000000000
68926  35.392  -9.261  44.440 0.0000000000
123255  36.139  -8.848  44.170 0.0000000000
68925  36.401  -9.609  44.260 0.0000000000
67997  37.067  -10.174  44.282 0.0000000000
67047  39.357  -11.346  44.328 0.0000000000
67048  38.353  -11.216  44.266 0.0000000000
132458  38.804  -12.032  44.344 0.0000000000
66083  39.137  -12.652  44.691 0.0000000000
67009  34.836  -11.405  47.310 0.0000000000
67010  34.516  -11.368  46.863 0.0000000000
62004  36.361  -15.977  46.028 0.0000000000
64061  36.269  -14.732  45.200 0.0000000000
63068  36.716  -15.328  45.663 0.0000000000
63067  37.489  -15.193  45.878 0.0000000000
131977  37.894  -14.587  45.589 0.0000000000
63066  38.782  -14.594  45.878 0.0000000000
63053  38.797  -15.375  46.532 0.0000000000
51565  29.907  -26.909  56.908 0.0000000000
52493  30.785  -26.835  57.179 0.0000000000
51553  30.168  -27.176  57.768 0.0000000000
51539  30.363  -27.353  58.595 0.0000000000
73334  37.466  -4.164  46.989 0.0000000000
74254  37.190  -4.074  46.144 0.0000000000
74260  37.734  -3.778  45.565 0.0000000000
74270  37.508  -3.794  44.623 0.0000000000
74282  37.665  -3.819  43.706 0.0000000000
74283  36.968  -4.159  44.041 0.0000000000
45176  17.305  -33.888  66.822 0.0000000000
45151  17.494  -33.745  68.267 0.0000000000
44155  17.039  -34.412  68.353 0.0000000000
44143  16.990  -34.479  69.146 0.0000000000
39747  12.319  -39.361  73.840 0.0000000000
39736  12.626  -39.580  74.632 0.0000000000
144156  12.160  -39.860  74.832 0.0000000000
38880  11.251  -40.725  76.370 0.0000000000
38881  10.406  -40.783  76.499 0.0000000000
43212  9.183  -35.606  72.063 0.0000000000
42363  8.380  -36.842  72.841 0.0000000000
41506  6.412  -37.787  75.043 0.0000000000
39728  7.525  -39.746  75.724 0.0000000000
141809  7.081  -40.695  76.891 0.0000000000
40615  4.181  -38.922  77.553 0.0000000000
55187  28.171  -23.662  56.169 0.0000000000
54308  27.473  -24.669  55.768 0.0000000000
53382  27.183  -25.355  55.889 0.0000000000
53371  24.378  -25.275  57.730 0.0000000000
52482  24.973  -25.969  57.927 0.0000000000
144656  24.952  -26.246  58.673 0.0000000000
51526  25.998  -27.064  59.752 0.0000000000
52443  25.373  -26.739  60.158 0.0000000000
55138  19.681  -23.749  59.384 0.0000000000
54273  20.155  -23.959  58.812 0.0000000000
54258  19.655  -24.536  59.291 0.0000000000
52446  20.918  -26.296  60.002 0.0000000000
51445  21.379  -26.975  63.727 0.0000000000
70697  39.753  -7.738  43.582 0.0000000000
69844  41.629  -8.023  44.574 0.0000000000
65016  29.033  -13.382  51.220 0.0000000000
65030  29.375  -13.707  50.569 0.0000000000
65043  29.774  -14.037  49.993 0.0000000000
145357  29.543  -14.795  49.758 0.0000000000
139312  29.632  -16.214  49.712 0.0000000000
61956  30.058  -16.920  49.916 0.0000000000
59871  28.126  -18.078  54.504 0.0000000000
60839  28.410  -17.451  53.944 0.0000000000
62986  31.902  -15.414  54.372 0.0000000000
61914  31.540  -15.698  53.693 0.0000000000
60878  31.625  -16.901  52.139 0.0000000000
60894  33.122  -17.658  51.750 0.0000000000
140668  34.786  -18.179  51.759 0.0000000000
52490  33.260  -26.285  57.773 0.0000000000
53369  33.787  -25.805  57.333 0.0000000000
52476  33.912  -25.991  58.179 0.0000000000
53353  34.562  -25.605  58.558 0.0000000000
53367  35.019  -25.038  58.209 0.0000000000
75310  50.760  -2.344  35.286 0.0000000000
74361  50.273  -3.405  34.108 0.0000000000
75306  46.092  -2.765  36.956 0.0000000000
75297  46.408  -2.008  37.123 0.0000000000
74348  46.567  -3.113  36.428 0.0000000000
71651  49.792  -6.036  35.034 0.0000000000
147535  50.173  -5.933  34.467 0.0000000000
72514  50.321  -5.535  33.905 0.0000000000
124144  50.780  -6.119  34.250 0.0000000000
50405  16.883  -28.627  64.667 0.0000000000
123710  16.435  -29.462  64.731 0.0000000000
144777  17.011  -28.371  65.364 0.0000000000
50389  16.656  -28.914  65.589 0.0000000000
53288  18.227  -25.408  64.528 0.0000000000
70748  44.378  -7.668  40.813 0.0000000000
70732  43.867  -7.691  41.523 0.0000000000
57042  30.926  -21.008  55.004 0.0000000000
57058  31.554  -21.764  53.997 0.0000000000
56172  32.024  -22.679  53.598 0.0000000000
56171  32.402  -22.165  53.470 0.0000000000
56169  34.077  -22.310  53.472 0.0000000000
56157  34.744  -22.317  53.910 0.0000000000
56156  35.353  -22.294  54.664 0.0000000000
74304  40.400  -3.579  41.472 0.0000000000
75275  42.012  -3.205  40.999 0.0000000000
74316  42.321  -3.478  40.297 0.0000000000
74327  42.695  -3.775  39.675 0.0000000000
73398  42.397  -4.587  39.373 0.0000000000
72468  42.622  -5.417  39.185 0.0000000000
72469  41.805  -5.438  39.501 0.0000000000
37079  4.242  -42.988  78.225 0.0000000000
72411  35.297  -5.415  45.428 0.0000000000
72418  35.493  -5.585  44.606 0.0000000000
71529  34.985  -6.169  45.068 0.0000000000
71535  34.940  -7.005  44.731 0.0000000000
70664  34.422  -7.645  45.910 0.0000000000
70677  34.616  -7.704  45.082 0.0000000000
69851  34.819  -8.479  44.744 0.0000000000
67999  35.678  -10.770  44.504 0.0000000000
124904  34.239  -13.914  46.223 0.0000000000
63070  34.950  -15.283  45.746 0.0000000000
62015  35.534  -16.022  45.999 0.0000000000
128851  36.769  -16.434  46.578 0.0000000000
61994  37.856  -16.637  47.399 0.0000000000
60956  38.810  -17.207  48.361 0.0000000000
60946  38.838  -17.598  49.150 0.0000000000
59949  37.095  -17.745  48.864 0.0000000000
60932  38.272  -17.866  49.576 0.0000000000
123224  38.819  -17.821  49.907 0.0000000000
123050  28.891  -27.601  59.868 0.0000000000
51502  29.754  -27.660  59.949 0.0000000000
122621  29.088  -27.777  60.655 0.0000000000
43237  15.087  -35.469  68.148 0.0000000000
43230  14.900  -35.877  69.125 0.0000000000
122229  14.640  -36.691  70.571 0.0000000000
40645  12.746  -38.959  73.221 0.0000000000
40658  12.395  -38.663  72.449 0.0000000000
138629  10.731  -39.336  73.890 0.0000000000
145612  10.179  -39.303  73.947 0.0000000000
42350  6.785  -36.297  74.847 0.0000000000
42351  6.244  -36.888  75.309 0.0000000000
39730  5.590  -39.039  76.061 0.0000000000
147805  4.911  -38.253  76.527 0.0000000000
144264  4.560  -38.553  76.962 0.0000000000
56114  26.990  -22.747  58.248 0.0000000000
55171  25.745  -23.128  56.896 0.0000000000
54296  24.636  -23.931  56.719 0.0000000000
56117  24.221  -22.763  57.241 0.0000000000
147817  24.219  -23.392  56.871 0.0000000000
132660  24.471  -24.637  57.053 0.0000000000
53372  23.774  -24.550  57.546 0.0000000000
53355  23.695  -25.143  58.356 0.0000000000
123825  23.135  -25.022  58.929 0.0000000000
50466  19.779  -28.201  60.870 0.0000000000
51508  19.593  -27.638  60.459 0.0000000000
50448  20.188  -28.425  61.421 0.0000000000
50434  20.508  -28.603  62.245 0.0000000000
50404  20.775  -28.889  64.212 0.0000000000
50417  21.144  -28.001  63.880 0.0000000000
128430  41.079  -10.174  44.543 0.0000000000
125053  41.947  -10.025  44.772 0.0000000000
63985  27.583  -14.482  52.027 0.0000000000
63002  27.549  -15.519  51.650 0.0000000000
61894  31.266  -16.093  55.231 0.0000000000
62972  31.518  -15.662  54.894 0.0000000000
62955  31.878  -15.679  55.342 0.0000000000
62985  32.773  -15.263  54.260 0.0000000000
72486  46.463  -5.710  37.264 0.0000000000
67958  36.035  -10.691  47.800 0.0000000000
66049  34.435  -13.136  47.035 0.0000000000
65074  33.941  -13.861  46.965 0.0000000000
64032  33.349  -14.681  47.139 0.0000000000
61995  33.255  -16.503  47.229 0.0000000000
60962  32.878  -17.052  47.733 0.0000000000
47351  19.283  -31.358  66.074 0.0000000000
142337  18.976  -31.799  66.731 0.0000000000
46241  18.095  -32.978  66.017 0.0000000000
46270  17.397  -32.314  64.161 0.0000000000
46257  17.374  -33.258  65.499 0.0000000000
141204  17.543  -33.491  66.223 0.0000000000
45177  16.911  -33.804  66.077 0.0000000000
44168  15.714  -34.572  66.685 0.0000000000
49322  16.002  -30.348  64.745 0.0000000000
47368  15.600  -31.836  64.779 0.0000000000
48292  15.296  -31.115  66.051 0.0000000000
47353  15.209  -31.859  65.526 0.0000000000
46259  15.491  -32.654  65.181 0.0000000000
45196  15.149  -33.263  65.748 0.0000000000
44181  15.255  -34.011  66.176 0.0000000000
135933  15.055  -34.651  66.766 0.0000000000
44169  14.547  -34.893  67.247 0.0000000000
43239  13.243  -35.293  68.336 0.0000000000
44157  13.254  -34.646  67.887 0.0000000000
43231  11.985  -35.247  69.254 0.0000000000
43232  11.171  -34.782  69.855 0.0000000000
56978  22.292  -21.266  60.560 0.0000000000
56979  21.383  -21.550  60.010 0.0000000000
56080  20.287  -22.381  60.162 0.0000000000
56968  20.567  -21.657  61.695 0.0000000000
56063  19.768  -22.910  60.609 0.0000000000
56081  19.899  -23.013  59.698 0.0000000000
54246  19.247  -24.363  59.816 0.0000000000
54247  18.854  -25.007  60.200 0.0000000000
52466  18.882  -26.318  60.061 0.0000000000
54222  18.940  -24.056  62.639 0.0000000000
53302  18.334  -25.618  62.550 0.0000000000
54223  18.617  -24.911  62.068 0.0000000000
53314  18.317  -25.698  61.573 0.0000000000
52449  18.528  -26.738  60.510 0.0000000000
51509  18.764  -27.483  60.524 0.0000000000
50467  19.046  -28.175  60.740 0.0000000000
49363  18.965  -29.220  61.636 0.0000000000
49351  19.327  -29.650  62.275 0.0000000000
48328  18.820  -30.248  62.634 0.0000000000
138473  19.327  -30.877  64.137 0.0000000000
47364  19.359  -31.104  65.004 0.0000000000
61854  27.249  -16.450  57.061 0.0000000000
60809  27.591  -17.221  57.319 0.0000000000
59849  27.555  -17.993  56.636 0.0000000000
59858  27.463  -18.132  55.705 0.0000000000
58921  28.138  -18.607  55.260 0.0000000000
59870  28.616  -18.459  54.684 0.0000000000
124084  29.281  -18.369  54.464 0.0000000000
58033  30.631  -20.330  54.501 0.0000000000
58051  31.893  -20.572  53.625 0.0000000000
58951  31.497  -19.974  53.831 0.0000000000
58937  30.333  -19.512  54.357 0.0000000000
60836  31.725  -17.612  54.995 0.0000000000
59856  32.519  -17.741  55.161 0.0000000000
59855  33.419  -17.991  55.361 0.0000000000
59865  34.040  -18.757  54.870 0.0000000000
76196  45.677  -1.625  38.131 0.0000000000
75289  45.120  -2.051  38.296 0.0000000000
74340  45.472  -3.212  37.339 0.0000000000
142714  45.472  -4.793  37.237 0.0000000000
72479  43.855  -5.283  38.552 0.0000000000
73406  44.301  -4.754  38.145 0.0000000000
134559  44.410  -4.168  38.047 0.0000000000
73414  44.865  -4.621  37.655 0.0000000000
72487  45.918  -5.280  37.189 0.0000000000
71569  38.732  -6.199  41.509 0.0000000000
71568  39.482  -6.627  41.204 0.0000000000
125404  38.710  -7.134  42.813 0.0000000000
70698  39.057  -7.576  43.503 0.0000000000
69858  39.425  -8.017  44.028 0.0000000000
70701  36.135  -7.500  43.931 0.0000000000
69860  37.412  -8.124  44.027 0.0000000000
69849  36.913  -8.891  44.150 0.0000000000
130900  40.842  -10.962  44.509 0.0000000000
67045  41.128  -11.665  44.703 0.0000000000
145467  41.111  -12.220  44.929 0.0000000000
67975  34.319  -10.691  46.411 0.0000000000
68911  34.232  -10.071  45.760 0.0000000000
65090  34.704  -13.394  45.663 0.0000000000
65102  35.075  -12.932  45.058 0.0000000000
64073  35.916  -14.130  44.926 0.0000000000
66086  36.231  -12.245  44.444 0.0000000000
136144  38.352  -12.684  44.576 0.0000000000
65098  39.506  -13.170  45.146 0.0000000000
65089  39.167  -13.838  45.480 0.0000000000
65088  39.976  -13.673  45.609 0.0000000000
53400  30.615  -25.723  54.817 0.0000000000
53420  31.172  -25.219  54.359 0.0000000000
52519  31.900  -26.077  55.829 0.0000000000
52503  32.268  -26.326  56.737 0.0000000000
52492  31.733  -26.714  57.484 0.0000000000
52491  32.588  -26.481  57.509 0.0000000000
75238  39.609  -3.281  43.607 0.0000000000
74280  39.070  -3.496  42.897 0.0000000000
74281  38.364  -3.634  43.330 0.0000000000
74295  38.474  -3.840  42.674 0.0000000000
74306  38.959  -3.899  42.051 0.0000000000
73380  38.715  -4.646  41.625 0.0000000000
46214  17.815  -33.218  69.008 0.0000000000
43229  15.725  -35.438  68.754 0.0000000000
43225  10.973  -35.691  70.167 0.0000000000
44133  10.586  -34.947  70.520 0.0000000000
42385  10.785  -36.304  70.465 0.0000000000
124445  9.887  -38.402  72.771 0.0000000000
39739  9.576  -39.216  74.079 0.0000000000
43209  7.697  -35.917  73.691 0.0000000000
40650  7.988  -38.225  73.932 0.0000000000
39726  9.560  -39.687  74.785 0.0000000000
38892  9.573  -40.091  75.494 0.0000000000
38882  9.587  -40.571  76.249 0.0000000000
140051  8.945  -40.570  76.340 0.0000000000
134657  9.066  -40.832  76.791 0.0000000000
37942  7.185  -41.237  77.509 0.0000000000
143624  4.958  -40.428  76.917 0.0000000000
137480  2.639  -41.909  78.811 0.0000000000
37900  1.850  -41.525  80.446 0.0000000000
39690  3.230  -39.420  80.220 0.0000000000
38843  2.605  -39.871  80.704 0.0000000000
38834  0.965  -40.510  81.857 0.0000000000
59835  28.838  -17.981  58.255 0.0000000000
56146  30.904  -23.218  54.753 0.0000000000
54323  30.199  -24.501  54.332 0.0000000000
55220  29.573  -24.282  54.590 0.0000000000
52535  29.745  -25.669  54.788 0.0000000000
52522  29.245  -26.155  55.308 0.0000000000
52507  28.774  -26.517  55.911 0.0000000000
51566  29.055  -26.912  56.657 0.0000000000
122883  28.068  -27.436  58.671 0.0000000000
139330  26.473  -25.433  56.302 0.0000000000
52509  26.331  -26.183  56.678 0.0000000000
52496  25.694  -26.257  57.350 0.0000000000
52495  26.396  -26.715  57.213 0.0000000000
51556  26.979  -27.159  57.593 0.0000000000
143968  27.408  -27.355  58.349 0.0000000000
122884  28.116  -27.525  59.514 0.0000000000
122796  28.119  -27.656  60.458 0.0000000000
57010  21.983  -22.000  58.800 0.0000000000
126503  22.381  -22.426  58.409 0.0000000000
55153  22.109  -23.041  58.107 0.0000000000
54272  20.867  -23.789  58.498 0.0000000000
136282  21.636  -23.700  58.272 0.0000000000
52447  20.176  -26.901  60.112 0.0000000000
51506  20.901  -26.808  60.610 0.0000000000
128784  21.336  -26.183  60.579 0.0000000000
52429  21.411  -26.373  61.109 0.0000000000
53332  21.612  -25.732  60.212 0.0000000000
53331  22.457  -25.450  60.518 0.0000000000
125369  23.379  -25.533  60.324 0.0000000000
52445  23.949  -25.962  60.823 0.0000000000
70736  39.819  -7.263  41.846 0.0000000000
70695  41.377  -7.579  43.507 0.0000000000
66029  32.344  -13.116  49.916 0.0000000000
65041  31.626  -13.582  49.521 0.0000000000
64023  31.409  -14.918  48.752 0.0000000000
64010  30.236  -14.476  49.534 0.0000000000
63030  31.731  -15.583  48.300 0.0000000000
61986  32.197  -16.819  48.072 0.0000000000
60950  32.592  -17.356  48.394 0.0000000000
61863  26.809  -16.394  56.328 0.0000000000
61864  26.569  -16.326  55.648 0.0000000000
62973  26.417  -16.030  54.294 0.0000000000
60841  26.991  -17.313  54.587 0.0000000000
61918  26.709  -16.664  54.125 0.0000000000
62988  26.523  -15.630  53.576 0.0000000000
61937  26.689  -16.037  52.983 0.0000000000
62993  27.054  -15.809  52.342 0.0000000000
61945  28.063  -16.218  51.345 0.0000000000
140831  30.212  -16.425  54.379 0.0000000000
61916  29.452  -16.599  53.364 0.0000000000
61933  30.219  -16.225  53.237 0.0000000000
61934  28.771  -16.747  52.488 0.0000000000
61944  28.527  -16.638  51.670 0.0000000000
60937  30.823  -17.270  49.885 0.0000000000
60914  31.389  -17.532  50.251 0.0000000000
60936  31.506  -17.379  49.433 0.0000000000
60935  32.349  -17.599  49.128 0.0000000000
60934  33.137  -17.730  48.866 0.0000000000
59953  33.781  -17.794  48.615 0.0000000000
59944  34.871  -18.209  49.470 0.0000000000
59930  35.187  -18.436  50.254 0.0000000000
126230  35.911  -18.484  50.481 0.0000000000
59900  35.851  -18.308  51.793 0.0000000000
59914  36.288  -18.478  51.090 0.0000000000
138962  36.979  -18.407  51.061 0.0000000000
53419  31.913  -25.288  54.477 0.0000000000
53418  32.729  -24.977  54.457 0.0000000000
54306  33.640  -24.604  54.716 0.0000000000
53380  33.582  -25.605  56.461 0.0000000000
136029  34.003  -24.804  55.483 0.0000000000
54305  34.294  -24.347  55.172 0.0000000000
55200  34.849  -23.747  55.251 0.0000000000
55215  35.271  -23.026  55.048 0.0000000000
56144  35.632  -22.551  55.498 0.0000000000
54269  35.601  -24.575  58.637 0.0000000000
55147  36.007  -23.826  58.248 0.0000000000
56110  36.030  -23.053  56.987 0.0000000000
56131  35.858  -22.781  56.295 0.0000000000
56143  35.989  -22.020  56.009 0.0000000000
57027  36.321  -21.393  56.446 0.0000000000
58017  36.312  -20.647  56.005 0.0000000000
76193  48.032  -1.051  37.149 0.0000000000
76212  48.866  -1.844  36.028 0.0000000000
72495  47.196  -5.141  36.193 0.0000000000
73419  47.243  -4.338  35.812 0.0000000000
73428  47.970  -4.410  35.339 0.0000000000
72503  48.419  -5.118  35.370 0.0000000000
74356  47.756  -3.643  35.409 0.0000000000
130412  48.292  -3.143  35.221 0.0000000000
75312  48.725  -2.464  35.502 0.0000000000
75311  49.469  -2.522  35.266 0.0000000000
75323  49.968  -2.858  34.827 0.0000000000
72528  50.021  -4.838  33.770 0.0000000000
73442  50.533  -4.456  33.408 0.0000000000
74370  50.644  -3.798  33.498 0.0000000000
39737  11.932  -39.730  74.402 0.0000000000
42364  7.829  -36.625  73.430 0.0000000000
44144  16.411  -35.091  69.495 0.0000000000
44166  17.131  -34.244  67.549 0.0000000000
48302  15.873  -31.208  64.399 0.0000000000
48318  17.478  -30.806  62.974 0.0000000000
49336  20.240  -29.509  63.563 0.0000000000
50451  17.832  -28.222  61.536 0.0000000000
52403  17.628  -27.113  62.850 0.0000000000
52444  24.703  -26.391  60.522 0.0000000000
52524  27.735  -25.922  55.671 0.0000000000
53396  34.015  -25.114  56.051 0.0000000000
53402  28.268  -25.440  55.177 0.0000000000
54319  34.244  -23.938  54.477 0.0000000000
55155  20.594  -23.319  58.639 0.0000000000
55199  35.420  -23.262  55.787 0.0000000000
56062  20.162  -22.261  61.130 0.0000000000
56077  26.362  -22.246  59.533 0.0000000000
56100  21.587  -22.532  58.555 0.0000000000
56170  33.244  -22.284  53.364 0.0000000000
56992  24.273  -21.758  59.166 0.0000000000
56995  20.816  -21.973  59.775 0.0000000000
57039  36.062  -21.319  55.578 0.0000000000
57073  34.457  -21.594  53.667 0.0000000000
57995  36.550  -20.685  56.963 0.0000000000
58933  33.667  -19.362  54.282 0.0000000000
62007  33.834  -16.704  46.947 0.0000000000
62956  26.467  -15.810  55.087 0.0000000000
62994  26.757  -15.399  52.857 0.0000000000
63986  27.027  -14.683  52.774 0.0000000000
64002  28.661  -14.217  50.796 0.0000000000
66085  36.781  -12.744  44.502 0.0000000000
67052  35.056  -11.783  44.836 0.0000000000
68889  34.666  -9.731  47.237 0.0000000000
71534  35.430  -6.411  44.352 0.0000000000
71558  36.959  -6.214  43.028 0.0000000000
73342  36.299  -4.413  45.143 0.0000000000
127563  11.918  -36.351  69.862 0.0000000000
129130  37.428  -17.408  48.258 0.0000000000
133506  36.507  -4.313  45.797 0.0000000000
133928  32.790  -15.067  55.457 0.0000000000
137254  18.210  -27.228  60.871 0.0000000000
139578  33.168  -24.530  54.211 0.0000000000
141272  36.461  -7.111  43.746 0.0000000000
141410  20.510  -22.500  59.352 0.0000000000
141603  32.783  -26.574  58.088 0.0000000000
143075  21.293  -24.271  58.530 0.0000000000
143948  34.193  -16.790  53.237 0.0000000000
145860  29.332  -27.557  59.518 0.0000000000
146347  26.569  -16.185  53.649 0.0000000000
146408  12.757  -34.249  68.265 0.0000000000
146877  32.457  -23.527  53.568 0.0000000000
147130  28.249  -16.767  52.806 0.0000000000
147356  32.274  -26.718  57.998 0.0000000000
