#!ascii label  , from subject sub-v1s4x0050685_ses-1 vox2ras=TkReg
1337
143652  17.311  -23.188  67.869 0.0000000000
56809  30.715  -20.420  74.156 0.0000000000
69803  36.411  -8.465  48.297 0.0000000000
62919  27.679  -15.715  57.378 0.0000000000
141342  34.691  -18.908  65.160 0.0000000000
77063  46.899  -0.045  40.323 0.0000000000
66024  39.060  -13.528  49.273 0.0000000000
66028  33.284  -13.199  50.112 0.0000000000
48264  14.526  -29.691  68.988 0.0000000000
57880  24.451  -20.634  70.267 0.0000000000
55983  28.126  -23.181  66.711 0.0000000000
138768  19.562  -21.521  64.027 0.0000000000
75217  41.620  -2.295  45.370 0.0000000000
55910  21.770  -22.093  72.835 0.0000000000
54095  15.907  -24.044  73.488 0.0000000000
134081  39.837  -2.740  50.175 0.0000000000
137479  12.966  -30.818  73.304 0.0000000000
43200  8.177  -35.058  74.259 0.0000000000
67863  31.637  -10.930  56.333 0.0000000000
60772  31.951  -16.926  61.381 0.0000000000
56075  33.749  -22.795  58.767 0.0000000000
133618  30.955  -24.865  63.005 0.0000000000
66951  38.566  -12.250  52.614 0.0000000000
136531  35.996  -14.451  50.371 0.0000000000
66954  35.283  -11.877  52.131 0.0000000000
67934  41.526  -11.469  51.156 0.0000000000
147587  17.712  -26.746  66.207 0.0000000000
49312  16.224  -29.449  66.297 0.0000000000
52346  16.176  -26.613  68.759 0.0000000000
56891  20.379  -21.117  69.046 0.0000000000
57914  22.075  -20.480  66.667 0.0000000000
55045  18.451  -22.875  65.555 0.0000000000
54198  18.519  -24.665  64.064 0.0000000000
71508  35.301  -6.487  47.138 0.0000000000
122501  39.026  -7.797  49.555 0.0000000000
72382  38.081  -5.363  49.113 0.0000000000
73325  37.845  -4.283  47.711 0.0000000000
54088  15.900  -24.848  76.844 0.0000000000
131711  14.638  -27.553  73.663 0.0000000000
51310  14.522  -28.041  76.619 0.0000000000
43169  9.914  -34.159  79.234 0.0000000000
44073  10.485  -33.446  75.958 0.0000000000
43188  7.635  -35.174  76.382 0.0000000000
42344  5.617  -36.998  76.367 0.0000000000
41487  5.560  -37.329  78.953 0.0000000000
62836  31.136  -15.751  64.860 0.0000000000
60752  33.934  -17.533  63.303 0.0000000000
58877  34.005  -19.461  59.653 0.0000000000
56962  35.156  -21.293  61.274 0.0000000000
56020  25.820  -21.797  63.241 0.0000000000
55054  29.098  -23.990  64.767 0.0000000000
56044  27.363  -22.413  62.075 0.0000000000
129777  28.264  -23.218  60.048 0.0000000000
65922  29.136  -13.275  56.920 0.0000000000
65969  28.734  -12.665  53.488 0.0000000000
63964  26.542  -15.120  54.351 0.0000000000
77914  50.198  0.885  39.238 0.0000000000
77065  48.244  -0.250  38.364 0.0000000000
67956  38.000  -11.024  47.879 0.0000000000
66039  35.503  -13.140  47.948 0.0000000000
67948  41.144  -10.539  50.104 0.0000000000
56829  29.316  -21.170  72.322 0.0000000000
122263  30.103  -22.341  70.333 0.0000000000
57888  26.921  -20.861  68.438 0.0000000000
57932  24.337  -20.899  64.837 0.0000000000
56952  21.875  -20.958  62.125 0.0000000000
77016  43.953  -1.018  48.793 0.0000000000
76153  43.701  -1.693  45.061 0.0000000000
76174  44.299  -1.224  42.584 0.0000000000
76185  45.196  -1.273  39.516 0.0000000000
140900  19.324  -21.542  70.653 0.0000000000
54112  16.412  -24.095  70.284 0.0000000000
55902  18.774  -22.089  73.104 0.0000000000
56848  23.396  -21.461  71.759 0.0000000000
75198  40.679  -1.899  47.752 0.0000000000
51368  15.134  -27.500  70.761 0.0000000000
48247  13.468  -30.133  71.369 0.0000000000
45118  11.365  -32.399  71.515 0.0000000000
136739  12.472  -31.222  76.135 0.0000000000
45080  11.029  -33.095  74.007 0.0000000000
40592  3.296  -38.241  81.340 0.0000000000
68822  34.631  -9.962  55.593 0.0000000000
64935  29.800  -13.894  59.477 0.0000000000
63860  30.081  -14.579  62.922 0.0000000000
61837  29.523  -16.347  59.690 0.0000000000
58885  31.466  -18.947  58.753 0.0000000000
57020  32.810  -21.606  57.010 0.0000000000
55185  30.447  -23.308  56.124 0.0000000000
55020  32.097  -23.286  68.177 0.0000000000
54177  33.187  -24.204  65.899 0.0000000000
56017  34.853  -22.605  63.553 0.0000000000
123385  32.121  -24.415  60.540 0.0000000000
55150  29.869  -23.567  57.988 0.0000000000
67927  32.159  -10.822  53.057 0.0000000000
65029  30.037  -13.383  50.398 0.0000000000
67908  37.925  -11.053  54.121 0.0000000000
66953  36.727  -11.639  52.823 0.0000000000
67909  36.419  -10.849  53.418 0.0000000000
67906  39.660  -11.060  53.599 0.0000000000
53264  17.418  -25.080  67.027 0.0000000000
51398  17.113  -27.098  67.176 0.0000000000
53257  16.859  -25.142  68.165 0.0000000000
55965  18.712  -21.618  68.043 0.0000000000
55975  18.942  -21.544  67.031 0.0000000000
55034  17.622  -23.291  66.868 0.0000000000
127190  17.962  -24.430  65.761 0.0000000000
70647  35.963  -7.809  48.067 0.0000000000
69796  37.939  -8.703  49.206 0.0000000000
70639  38.563  -6.830  49.459 0.0000000000
71502  37.156  -6.585  48.898 0.0000000000
143233  36.643  -6.139  48.364 0.0000000000
43171  8.592  -35.137  78.980 0.0000000000
43178  9.393  -34.527  78.277 0.0000000000
43172  7.878  -35.440  78.327 0.0000000000
43181  6.856  -35.730  76.444 0.0000000000
130874  6.275  -36.344  77.718 0.0000000000
41493  5.182  -37.444  77.819 0.0000000000
124310  33.599  -16.783  64.619 0.0000000000
60751  34.371  -18.070  64.007 0.0000000000
143013  34.826  -19.254  62.098 0.0000000000
58853  35.048  -20.099  63.021 0.0000000000
145770  31.461  -20.729  73.852 0.0000000000
56964  24.537  -21.632  61.303 0.0000000000
138690  27.108  -22.321  62.951 0.0000000000
56046  25.974  -21.949  61.085 0.0000000000
56060  26.693  -22.288  60.485 0.0000000000
63938  28.040  -14.461  56.773 0.0000000000
64961  27.377  -14.268  55.512 0.0000000000
77059  46.919  0.159  41.380 0.0000000000
77904  48.243  0.789  42.237 0.0000000000
77911  48.359  0.675  40.488 0.0000000000
77916  48.556  0.501  39.651 0.0000000000
77066  47.426  -0.423  38.609 0.0000000000
66992  38.706  -12.644  48.284 0.0000000000
67001  37.348  -11.764  47.797 0.0000000000
66026  37.060  -13.852  48.741 0.0000000000
66012  34.560  -13.134  50.873 0.0000000000
65038  34.590  -14.241  49.235 0.0000000000
65039  33.153  -13.848  49.353 0.0000000000
127372  40.830  -12.587  50.585 0.0000000000
66990  40.676  -12.079  48.999 0.0000000000
126473  39.315  -10.678  48.932 0.0000000000
49301  15.533  -29.568  67.726 0.0000000000
47291  13.697  -30.820  69.125 0.0000000000
123533  27.298  -20.952  71.546 0.0000000000
56859  27.917  -21.305  70.896 0.0000000000
57889  25.872  -20.354  69.242 0.0000000000
56919  20.704  -20.668  65.338 0.0000000000
128881  22.966  -20.252  65.997 0.0000000000
57925  21.400  -20.323  64.731 0.0000000000
57945  23.382  -20.684  63.564 0.0000000000
56941  20.583  -21.063  62.995 0.0000000000
138767  19.264  -22.668  62.832 0.0000000000
58901  29.319  -19.841  56.901 0.0000000000
76148  42.099  -1.725  46.578 0.0000000000
75209  43.503  -1.681  46.353 0.0000000000
75225  42.202  -2.074  44.858 0.0000000000
75248  42.953  -2.020  41.784 0.0000000000
76180  43.595  -1.820  41.192 0.0000000000
76182  44.280  -1.512  40.657 0.0000000000
56851  20.316  -21.708  71.154 0.0000000000
55925  18.521  -21.807  71.493 0.0000000000
55912  19.827  -22.139  73.067 0.0000000000
55921  22.948  -21.725  72.053 0.0000000000
56866  20.826  -21.558  70.473 0.0000000000
76127  41.829  -1.311  49.791 0.0000000000
75193  40.278  -1.959  49.791 0.0000000000
74253  38.055  -3.822  46.538 0.0000000000
54098  15.961  -24.396  72.061 0.0000000000
53225  15.823  -25.333  70.841 0.0000000000
53212  15.428  -25.786  71.955 0.0000000000
49208  14.147  -29.304  74.370 0.0000000000
49233  13.902  -29.394  72.655 0.0000000000
47227  12.956  -30.807  72.603 0.0000000000
46173  12.449  -31.346  71.801 0.0000000000
46158  12.353  -31.593  72.700 0.0000000000
46092  12.465  -31.252  77.713 0.0000000000
44084  9.517  -33.959  74.840 0.0000000000
44082  10.928  -33.041  75.047 0.0000000000
44095  9.402  -34.189  73.920 0.0000000000
44107  10.125  -33.826  72.740 0.0000000000
146215  30.600  -12.481  59.353 0.0000000000
61798  31.560  -16.079  62.997 0.0000000000
62846  30.679  -15.399  63.278 0.0000000000
61810  30.766  -15.982  61.858 0.0000000000
62880  29.982  -15.946  60.768 0.0000000000
60781  30.653  -17.034  60.073 0.0000000000
59827  30.295  -17.979  59.274 0.0000000000
59819  31.667  -17.910  59.994 0.0000000000
57981  33.825  -20.682  58.489 0.0000000000
57987  33.217  -20.476  57.960 0.0000000000
57006  33.269  -21.555  57.589 0.0000000000
56112  32.452  -22.545  56.810 0.0000000000
55165  31.889  -23.284  57.290 0.0000000000
55962  29.464  -22.792  68.458 0.0000000000
55010  31.349  -22.874  68.999 0.0000000000
55031  29.549  -23.810  67.158 0.0000000000
54208  30.457  -24.572  63.605 0.0000000000
54179  31.542  -24.923  65.735 0.0000000000
54193  32.318  -24.962  64.517 0.0000000000
55052  34.480  -23.590  64.836 0.0000000000
55074  33.148  -24.578  63.088 0.0000000000
55085  33.775  -23.939  61.733 0.0000000000
54228  31.977  -24.739  61.945 0.0000000000
55152  27.917  -23.122  58.411 0.0000000000
129688  29.407  -23.585  58.976 0.0000000000
67861  32.954  -10.421  55.899 0.0000000000
67912  33.552  -10.128  53.742 0.0000000000
67892  31.758  -10.683  53.846 0.0000000000
65006  28.133  -13.532  52.339 0.0000000000
146858  29.356  -12.772  51.625 0.0000000000
77929  51.013  0.050  37.941 0.0000000000
65993  39.095  -13.126  51.819 0.0000000000
65024  37.384  -14.342  49.788 0.0000000000
131994  37.359  -13.442  52.022 0.0000000000
65996  35.698  -12.868  51.797 0.0000000000
65998  34.214  -12.276  51.326 0.0000000000
67905  40.538  -10.816  53.165 0.0000000000
140917  40.092  -11.686  52.533 0.0000000000
51421  17.033  -28.167  66.010 0.0000000000
50358  16.274  -28.331  67.401 0.0000000000
50346  15.206  -28.515  68.622 0.0000000000
57882  22.973  -20.890  69.457 0.0000000000
57891  23.452  -20.457  68.848 0.0000000000
57893  21.727  -20.846  68.178 0.0000000000
56908  20.465  -20.854  66.827 0.0000000000
55998  18.863  -22.275  64.966 0.0000000000
55070  18.893  -23.114  63.950 0.0000000000
145328  18.472  -23.824  64.956 0.0000000000
52378  18.010  -26.194  65.018 0.0000000000
75237  40.419  -3.056  43.566 0.0000000000
126170  21.974  -22.241  74.614 0.0000000000
71494  40.365  -6.843  49.860 0.0000000000
125134  39.490  -5.846  49.861 0.0000000000
73316  39.266  -4.324  49.975 0.0000000000
74242  38.728  -3.428  48.333 0.0000000000
73320  38.086  -4.610  48.679 0.0000000000
73327  36.282  -4.930  47.227 0.0000000000
54091  15.616  -24.538  75.106 0.0000000000
53195  15.253  -25.491  74.042 0.0000000000
53189  15.122  -25.702  75.243 0.0000000000
51317  14.590  -27.743  75.285 0.0000000000
48209  13.929  -29.621  75.036 0.0000000000
44061  11.436  -32.492  77.205 0.0000000000
44054  10.602  -33.508  77.711 0.0000000000
44065  9.056  -34.325  76.287 0.0000000000
125799  7.890  -35.031  75.059 0.0000000000
43194  7.231  -35.489  75.488 0.0000000000
61788  32.847  -16.485  64.110 0.0000000000
60763  32.967  -17.112  62.212 0.0000000000
59818  32.475  -18.341  60.263 0.0000000000
59810  33.698  -18.397  61.425 0.0000000000
57974  34.583  -20.411  59.896 0.0000000000
56074  34.289  -22.456  59.348 0.0000000000
55997  26.643  -22.368  65.266 0.0000000000
143461  28.198  -23.603  65.723 0.0000000000
55069  27.824  -23.025  64.517 0.0000000000
55076  28.572  -23.249  63.294 0.0000000000
55087  29.345  -23.660  62.146 0.0000000000
55100  29.505  -23.754  61.318 0.0000000000
55120  28.127  -23.102  60.930 0.0000000000
56094  26.836  -22.522  59.099 0.0000000000
66900  29.975  -12.133  56.198 0.0000000000
143431  30.329  -11.599  55.124 0.0000000000
65938  28.738  -12.882  55.313 0.0000000000
64997  27.477  -13.772  53.613 0.0000000000
78824  49.858  1.211  39.912 0.0000000000
77072  49.112  -0.133  38.096 0.0000000000
68880  37.378  -9.989  48.188 0.0000000000
68882  35.810  -9.771  47.861 0.0000000000
67958  36.035  -10.691  47.800 0.0000000000
65036  36.453  -14.452  49.619 0.0000000000
65052  35.106  -14.062  48.619 0.0000000000
67921  42.305  -10.208  51.417 0.0000000000
68867  42.367  -9.270  50.618 0.0000000000
132432  41.734  -8.478  49.954 0.0000000000
138941  40.502  -9.375  49.700 0.0000000000
69795  38.608  -9.633  49.252 0.0000000000
56818  30.062  -20.775  73.408 0.0000000000
55907  30.501  -21.829  72.414 0.0000000000
56874  29.400  -21.941  70.803 0.0000000000
56887  28.412  -21.788  69.007 0.0000000000
56898  27.399  -21.521  67.755 0.0000000000
57901  24.872  -20.014  67.358 0.0000000000
57911  25.582  -20.532  66.732 0.0000000000
137850  26.491  -21.659  66.217 0.0000000000
56928  24.750  -21.360  64.265 0.0000000000
56940  23.844  -21.190  62.766 0.0000000000
56965  23.144  -21.272  61.214 0.0000000000
76151  45.410  -1.386  45.655 0.0000000000
140395  42.428  -1.871  43.801 0.0000000000
138372  44.452  -1.458  44.476 0.0000000000
76164  45.159  -1.108  43.908 0.0000000000
77053  45.675  -0.536  42.449 0.0000000000
77057  45.583  -0.525  41.535 0.0000000000
77060  46.098  -0.486  40.142 0.0000000000
76189  46.108  -1.109  38.467 0.0000000000
145067  17.359  -22.708  68.863 0.0000000000
54122  16.637  -23.887  69.484 0.0000000000
55941  17.487  -22.365  70.507 0.0000000000
54993  17.181  -22.599  71.813 0.0000000000
54985  17.051  -22.626  73.713 0.0000000000
55894  20.311  -22.849  74.883 0.0000000000
127631  16.830  -23.306  75.158 0.0000000000
54967  17.039  -23.720  76.135 0.0000000000
58788  30.061  -19.247  74.888 0.0000000000
57847  29.464  -19.845  73.955 0.0000000000
57859  28.102  -20.352  72.637 0.0000000000
129188  25.862  -20.187  72.152 0.0000000000
131505  25.074  -20.196  72.352 0.0000000000
56877  24.317  -20.736  71.283 0.0000000000
56879  22.505  -21.247  69.957 0.0000000000
56882  19.574  -21.329  69.457 0.0000000000
77009  43.425  -0.505  50.351 0.0000000000
76135  42.226  -1.387  48.309 0.0000000000
128026  40.978  -2.457  46.055 0.0000000000
75200  39.292  -2.926  47.770 0.0000000000
75213  39.744  -3.097  46.517 0.0000000000
75219  39.807  -3.219  45.152 0.0000000000
54123  16.402  -24.774  69.654 0.0000000000
51378  15.696  -27.160  69.278 0.0000000000
50335  14.963  -28.382  69.480 0.0000000000
51340  14.567  -27.757  72.359 0.0000000000
49241  14.317  -28.926  70.984 0.0000000000
48256  13.631  -30.048  70.416 0.0000000000
46187  12.559  -31.429  69.984 0.0000000000
45129  11.430  -32.603  70.554 0.0000000000
48199  13.743  -29.768  76.252 0.0000000000
46125  12.881  -31.047  74.578 0.0000000000
45078  11.774  -32.377  74.488 0.0000000000
46143  12.079  -32.053  73.211 0.0000000000
45106  11.160  -32.789  72.671 0.0000000000
41472  4.931  -38.094  80.222 0.0000000000
68835  36.204  -9.923  55.005 0.0000000000
66887  31.479  -11.640  57.747 0.0000000000
65920  30.258  -12.414  57.876 0.0000000000
64942  29.422  -13.796  58.188 0.0000000000
63898  29.117  -14.959  58.824 0.0000000000
64920  29.777  -14.338  61.272 0.0000000000
133457  29.555  -15.092  60.020 0.0000000000
61845  28.438  -16.410  58.460 0.0000000000
60800  29.489  -17.604  59.041 0.0000000000
125584  29.932  -19.172  58.153 0.0000000000
147702  30.250  -19.814  57.464 0.0000000000
128570  32.439  -19.180  58.746 0.0000000000
58892  31.851  -19.507  58.184 0.0000000000
58007  31.785  -21.039  56.241 0.0000000000
125491  31.876  -22.304  56.083 0.0000000000
56146  30.904  -23.218  54.753 0.0000000000
58839  34.747  -19.850  66.194 0.0000000000
134501  31.925  -22.075  71.419 0.0000000000
55934  33.292  -22.617  69.694 0.0000000000
55018  33.731  -23.099  68.250 0.0000000000
55041  30.227  -24.294  66.617 0.0000000000
54144  32.880  -23.526  67.090 0.0000000000
55016  34.470  -22.947  67.656 0.0000000000
55982  35.131  -22.392  66.788 0.0000000000
56003  35.019  -21.897  65.125 0.0000000000
56937  34.985  -21.023  63.930 0.0000000000
56948  35.156  -21.549  62.320 0.0000000000
56043  34.623  -22.974  61.020 0.0000000000
55115  32.965  -23.613  59.367 0.0000000000
55117  30.584  -24.237  60.205 0.0000000000
55133  30.922  -24.096  59.397 0.0000000000
55148  31.982  -23.523  58.215 0.0000000000
55166  30.819  -23.419  57.112 0.0000000000
147466  34.835  -10.155  53.445 0.0000000000
67925  34.174  -10.806  52.539 0.0000000000
66970  32.758  -11.567  51.629 0.0000000000
66959  30.511  -11.487  52.774 0.0000000000
126299  31.137  -11.540  51.790 0.0000000000
66030  31.380  -12.924  50.169 0.0000000000
76194  47.071  -1.329  37.284 0.0000000000
66940  37.334  -11.323  53.463 0.0000000000
122157  37.043  -10.681  54.128 0.0000000000
67887  38.526  -10.629  54.616 0.0000000000
54147  17.285  -24.205  67.295 0.0000000000
53265  17.125  -25.582  67.486 0.0000000000
54135  16.957  -24.296  68.031 0.0000000000
55976  18.004  -22.291  67.371 0.0000000000
54165  17.612  -24.335  66.530 0.0000000000
70654  35.118  -7.985  47.470 0.0000000000
69804  35.667  -8.786  47.913 0.0000000000
69802  37.107  -8.783  48.682 0.0000000000
70645  37.420  -7.715  49.108 0.0000000000
123500  36.712  -7.714  48.581 0.0000000000
70646  36.364  -6.941  48.236 0.0000000000
42326  7.894  -35.695  79.298 0.0000000000
42334  6.960  -35.818  77.681 0.0000000000
42327  7.377  -35.876  78.694 0.0000000000
42328  6.694  -36.260  78.514 0.0000000000
59780  34.528  -18.305  65.456 0.0000000000
60741  34.389  -17.846  64.925 0.0000000000
59787  34.568  -18.564  64.610 0.0000000000
59796  34.691  -18.825  63.620 0.0000000000
59795  34.850  -19.573  63.740 0.0000000000
57832  31.113  -20.129  74.735 0.0000000000
137516  31.119  -20.492  74.179 0.0000000000
56949  25.320  -21.762  61.807 0.0000000000
56963  25.147  -21.796  60.691 0.0000000000
56975  25.010  -21.815  59.657 0.0000000000
63927  28.274  -14.947  57.579 0.0000000000
63928  27.671  -15.135  56.920 0.0000000000
77908  47.627  0.462  41.831 0.0000000000
77912  47.621  0.410  40.879 0.0000000000
77917  47.758  0.261  39.957 0.0000000000
125783  47.219  -0.206  39.413 0.0000000000
66037  37.675  -12.822  48.140 0.0000000000
66025  38.070  -13.717  48.896 0.0000000000
147220  34.014  -13.373  50.308 0.0000000000
66029  32.344  -13.116  49.916 0.0000000000
66023  39.866  -13.324  49.721 0.0000000000
66980  40.617  -12.754  49.557 0.0000000000
66991  39.869  -12.490  48.684 0.0000000000
138733  14.988  -30.014  68.252 0.0000000000
48282  14.712  -30.780  67.852 0.0000000000
48272  14.344  -30.410  68.709 0.0000000000
47308  14.120  -31.214  68.320 0.0000000000
57870  25.901  -20.524  71.059 0.0000000000
57869  26.954  -20.799  70.711 0.0000000000
57879  25.423  -20.494  70.278 0.0000000000
141961  19.891  -21.184  64.301 0.0000000000
56929  20.442  -20.778  64.341 0.0000000000
57935  21.202  -20.412  63.850 0.0000000000
56930  20.072  -21.194  63.697 0.0000000000
56942  20.012  -21.447  63.150 0.0000000000
56021  19.516  -21.728  63.527 0.0000000000
57999  30.167  -20.224  56.678 0.0000000000
123493  41.837  -1.963  46.001 0.0000000000
75210  42.674  -1.770  46.133 0.0000000000
147896  43.798  -1.916  40.602 0.0000000000
55923  21.082  -21.992  72.006 0.0000000000
122190  20.099  -21.894  72.124 0.0000000000
55911  20.784  -22.139  72.966 0.0000000000
55909  22.781  -21.875  72.728 0.0000000000
55922  22.091  -21.937  71.993 0.0000000000
141668  39.848  -3.751  50.400 0.0000000000
75192  40.654  -2.227  50.581 0.0000000000
54986  16.235  -23.646  72.798 0.0000000000
54099  15.615  -25.081  72.373 0.0000000000
48229  13.328  -30.345  73.739 0.0000000000
48228  13.528  -29.942  73.159 0.0000000000
47244  12.767  -31.092  72.317 0.0000000000
47228  12.679  -31.202  72.941 0.0000000000
45044  12.148  -31.830  78.089 0.0000000000
44085  8.915  -34.482  74.413 0.0000000000
44096  8.740  -34.834  73.790 0.0000000000
43207  8.993  -34.978  73.014 0.0000000000
61808  32.367  -16.877  61.946 0.0000000000
61809  31.627  -16.428  62.086 0.0000000000
61818  31.150  -16.573  61.362 0.0000000000
61825  31.474  -17.008  60.867 0.0000000000
60780  31.261  -17.294  60.337 0.0000000000
60779  32.068  -17.519  60.769 0.0000000000
56990  33.707  -21.616  58.209 0.0000000000
56092  33.343  -22.558  57.939 0.0000000000
56093  32.714  -23.050  57.602 0.0000000000
55973  28.435  -22.917  67.465 0.0000000000
55972  29.100  -23.239  67.702 0.0000000000
55032  28.736  -23.602  66.951 0.0000000000
143200  30.336  -24.334  63.029 0.0000000000
54207  31.423  -25.001  63.803 0.0000000000
54206  32.418  -24.901  63.614 0.0000000000
54218  32.015  -24.894  62.855 0.0000000000
55086  32.908  -24.505  62.227 0.0000000000
54219  31.278  -24.843  62.392 0.0000000000
126348  32.002  -10.539  55.733 0.0000000000
67874  32.384  -10.304  55.182 0.0000000000
67875  31.538  -10.657  54.845 0.0000000000
65994  38.094  -13.887  51.506 0.0000000000
65979  37.989  -12.999  52.317 0.0000000000
65981  36.173  -12.217  52.315 0.0000000000
65997  34.896  -12.509  51.589 0.0000000000
66955  34.368  -11.590  51.907 0.0000000000
68848  41.019  -10.167  53.785 0.0000000000
66938  39.093  -11.644  53.071 0.0000000000
126219  39.391  -12.281  52.371 0.0000000000
51388  16.624  -26.798  67.924 0.0000000000
51399  16.494  -27.558  67.602 0.0000000000
50345  15.733  -27.971  68.048 0.0000000000
51389  15.993  -27.295  68.378 0.0000000000
56889  22.106  -21.009  69.054 0.0000000000
56890  21.204  -21.006  68.629 0.0000000000
56909  19.623  -21.177  66.374 0.0000000000
55987  18.875  -21.859  65.903 0.0000000000
55986  19.470  -21.390  65.413 0.0000000000
55057  18.550  -23.318  64.955 0.0000000000
53271  17.736  -25.201  66.355 0.0000000000
53278  18.023  -25.280  65.501 0.0000000000
53279  17.860  -26.122  66.103 0.0000000000
70637  40.753  -7.901  49.739 0.0000000000
70638  39.646  -7.321  49.642 0.0000000000
71496  38.415  -5.975  49.403 0.0000000000
71495  39.155  -6.348  49.632 0.0000000000
72377  38.660  -5.505  49.487 0.0000000000
72376  38.948  -4.947  49.647 0.0000000000
73319  38.385  -4.707  49.126 0.0000000000
71507  36.001  -6.249  47.820 0.0000000000
72391  36.618  -5.398  47.907 0.0000000000
72392  35.703  -5.577  47.142 0.0000000000
54090  16.162  -24.355  76.123 0.0000000000
133621  15.522  -25.100  76.030 0.0000000000
138370  14.795  -26.637  76.319 0.0000000000
51318  14.521  -28.430  75.911 0.0000000000
50262  14.407  -28.760  75.209 0.0000000000
139819  14.353  -29.050  75.836 0.0000000000
143584  10.571  -33.560  79.013 0.0000000000
44047  10.562  -33.572  78.473 0.0000000000
43187  8.390  -34.743  76.854 0.0000000000
44056  9.293  -34.379  77.288 0.0000000000
43193  8.124  -34.795  75.888 0.0000000000
42335  6.240  -36.320  76.900 0.0000000000
42343  6.149  -36.449  76.004 0.0000000000
41488  4.854  -37.983  78.645 0.0000000000
61780  32.739  -16.421  65.038 0.0000000000
61787  33.534  -16.903  63.726 0.0000000000
133960  32.900  -16.610  63.366 0.0000000000
140682  33.503  -17.453  62.561 0.0000000000
60770  33.283  -17.701  61.882 0.0000000000
60762  33.997  -18.099  62.416 0.0000000000
57967  35.084  -20.369  61.472 0.0000000000
58869  34.772  -19.584  61.291 0.0000000000
57973  34.911  -20.418  60.707 0.0000000000
56974  34.557  -21.503  59.555 0.0000000000
56973  34.887  -21.410  60.338 0.0000000000
56006  26.530  -22.312  64.456 0.0000000000
56005  27.155  -22.748  64.883 0.0000000000
56019  26.492  -22.106  63.572 0.0000000000
138650  26.795  -22.049  62.247 0.0000000000
147975  27.558  -22.596  63.328 0.0000000000
55089  27.900  -22.774  62.787 0.0000000000
55075  29.259  -23.599  62.953 0.0000000000
55088  28.617  -23.281  62.422 0.0000000000
55101  28.728  -23.396  61.555 0.0000000000
55102  28.013  -22.969  61.815 0.0000000000
145773  27.006  -22.516  59.744 0.0000000000
65929  29.510  -12.662  56.578 0.0000000000
65937  29.379  -12.517  55.794 0.0000000000
65930  28.871  -13.086  56.122 0.0000000000
63963  27.012  -14.328  54.774 0.0000000000
64982  27.488  -13.764  54.375 0.0000000000
63977  26.957  -14.320  53.980 0.0000000000
77923  48.818  0.255  38.863 0.0000000000
77073  48.492  -0.565  37.685 0.0000000000
146795  49.022  -0.488  37.596 0.0000000000
129119  36.577  -10.066  47.940 0.0000000000
67957  37.011  -10.796  47.815 0.0000000000
66038  36.525  -12.738  47.969 0.0000000000
67002  36.488  -11.504  47.754 0.0000000000
65025  36.737  -14.496  50.637 0.0000000000
130680  33.900  -14.261  49.029 0.0000000000
65053  34.262  -14.153  48.471 0.0000000000
65064  33.999  -13.927  47.650 0.0000000000
67904  41.383  -10.462  52.712 0.0000000000
68855  42.199  -10.102  52.206 0.0000000000
67922  41.862  -10.800  51.698 0.0000000000
67932  42.125  -10.141  50.952 0.0000000000
68868  41.713  -9.839  50.466 0.0000000000
132930  41.949  -9.049  50.257 0.0000000000
68873  41.279  -9.480  50.045 0.0000000000
69793  40.897  -8.766  49.760 0.0000000000
67951  38.390  -10.450  48.361 0.0000000000
133445  37.781  -9.577  48.878 0.0000000000
56828  29.774  -21.421  72.506 0.0000000000
56841  29.787  -21.997  72.078 0.0000000000
131692  29.510  -21.594  72.127 0.0000000000
57877  27.033  -20.784  69.482 0.0000000000
56875  28.734  -21.657  70.114 0.0000000000
56888  27.651  -21.296  68.739 0.0000000000
55964  28.081  -22.137  68.046 0.0000000000
57902  23.297  -20.254  67.876 0.0000000000
126448  24.124  -20.037  68.127 0.0000000000
139689  23.140  -20.210  66.903 0.0000000000
57924  23.805  -20.425  65.385 0.0000000000
57912  24.772  -20.332  66.450 0.0000000000
57922  25.231  -20.879  65.894 0.0000000000
56907  25.912  -21.249  66.070 0.0000000000
56918  24.933  -21.213  65.120 0.0000000000
56917  25.570  -21.497  65.376 0.0000000000
57957  22.114  -20.712  62.694 0.0000000000
57956  22.969  -20.745  62.886 0.0000000000
56951  22.946  -21.009  62.130 0.0000000000
139694  23.900  -21.396  61.788 0.0000000000
56966  22.404  -21.123  61.447 0.0000000000
54210  18.836  -23.924  63.615 0.0000000000
53295  18.326  -25.551  63.534 0.0000000000
134532  44.288  -0.545  49.670 0.0000000000
133632  44.087  -1.663  46.287 0.0000000000
123159  44.192  -1.624  46.729 0.0000000000
126816  44.690  -1.607  46.201 0.0000000000
76147  45.579  -1.397  46.455 0.0000000000
76152  44.592  -1.569  45.354 0.0000000000
75250  41.506  -2.639  42.580 0.0000000000
131405  42.025  -2.081  44.076 0.0000000000
76175  43.568  -1.546  42.140 0.0000000000
76166  43.584  -1.499  43.107 0.0000000000
76165  44.358  -1.304  43.542 0.0000000000
76173  45.040  -0.930  42.986 0.0000000000
122658  44.981  -1.111  40.275 0.0000000000
76181  44.907  -0.930  41.128 0.0000000000
77061  45.542  -0.664  40.668 0.0000000000
145481  45.534  -0.842  39.975 0.0000000000
55953  18.045  -21.998  69.264 0.0000000000
55954  17.542  -22.378  69.784 0.0000000000
55940  18.314  -21.793  70.580 0.0000000000
55914  18.158  -21.982  72.137 0.0000000000
55903  17.664  -22.225  72.962 0.0000000000
54988  16.809  -22.838  72.719 0.0000000000
55893  21.068  -22.615  74.942 0.0000000000
128186  19.406  -23.257  75.555 0.0000000000
54983  17.482  -22.915  74.683 0.0000000000
54975  17.780  -23.333  75.570 0.0000000000
57835  29.982  -19.735  74.365 0.0000000000
56831  27.321  -20.538  72.289 0.0000000000
56847  24.031  -21.013  72.233 0.0000000000
127157  24.302  -20.747  71.966 0.0000000000
56862  24.744  -20.443  71.934 0.0000000000
56863  23.787  -21.094  71.450 0.0000000000
56878  23.537  -21.031  70.459 0.0000000000
56864  22.969  -21.478  70.879 0.0000000000
56867  19.869  -21.425  70.262 0.0000000000
55939  18.829  -21.575  69.858 0.0000000000
55952  18.708  -21.600  68.936 0.0000000000
67964  35.120  -10.455  47.581 0.0000000000
127947  41.240  -1.552  48.487 0.0000000000
125050  41.749  -1.343  49.041 0.0000000000
76140  41.456  -1.755  47.074 0.0000000000
123749  40.762  -2.208  46.864 0.0000000000
73324  38.237  -4.060  48.075 0.0000000000
74244  38.814  -3.437  47.695 0.0000000000
74259  38.537  -3.591  45.796 0.0000000000
74252  38.788  -3.561  46.525 0.0000000000
129239  38.927  -3.410  45.102 0.0000000000
138245  40.184  -3.005  45.930 0.0000000000
74268  39.284  -3.321  44.340 0.0000000000
52313  15.621  -26.066  70.779 0.0000000000
52324  15.689  -26.399  70.277 0.0000000000
51367  15.540  -27.013  70.123 0.0000000000
50324  15.300  -27.712  69.844 0.0000000000
52293  14.939  -26.541  73.323 0.0000000000
129227  14.730  -27.240  72.759 0.0000000000
48238  13.774  -29.602  71.753 0.0000000000
131538  14.217  -28.815  71.923 0.0000000000
48246  13.925  -29.536  70.691 0.0000000000
47276  13.249  -30.662  70.076 0.0000000000
47258  13.197  -30.528  71.120 0.0000000000
46174  11.839  -31.843  71.243 0.0000000000
135142  11.008  -33.083  70.864 0.0000000000
128633  13.145  -30.383  76.934 0.0000000000
48200  13.389  -30.208  76.363 0.0000000000
132116  13.239  -30.445  75.840 0.0000000000
46113  12.886  -30.861  75.558 0.0000000000
44062  11.046  -33.016  77.007 0.0000000000
44072  10.996  -33.012  76.091 0.0000000000
45066  11.371  -32.635  75.266 0.0000000000
45079  11.463  -32.716  74.244 0.0000000000
46127  12.160  -32.084  73.845 0.0000000000
45091  11.794  -32.410  73.643 0.0000000000
45105  11.712  -32.381  73.061 0.0000000000
45093  10.805  -33.181  73.108 0.0000000000
41471  5.438  -37.733  80.392 0.0000000000
124522  5.004  -37.815  80.840 0.0000000000
132677  4.240  -37.923  81.225 0.0000000000
67856  33.583  -10.779  57.285 0.0000000000
66876  31.623  -11.790  58.560 0.0000000000
66888  30.738  -11.927  57.418 0.0000000000
66877  30.891  -12.034  58.238 0.0000000000
64934  30.170  -13.081  59.259 0.0000000000
129244  29.790  -13.613  58.820 0.0000000000
63913  29.040  -14.547  58.128 0.0000000000
63912  29.481  -14.250  58.811 0.0000000000
62853  30.429  -15.274  62.359 0.0000000000
63872  29.997  -14.526  62.099 0.0000000000
61827  30.028  -16.518  60.174 0.0000000000
62881  29.652  -15.757  60.106 0.0000000000
62892  29.274  -15.523  59.456 0.0000000000
61838  28.984  -16.310  59.148 0.0000000000
60801  28.839  -17.086  58.766 0.0000000000
60791  29.378  -16.875  59.325 0.0000000000
58886  30.542  -18.742  58.731 0.0000000000
59834  29.676  -18.419  58.605 0.0000000000
58893  30.852  -19.381  58.177 0.0000000000
58878  32.994  -18.944  59.523 0.0000000000
57996  32.867  -20.850  57.383 0.0000000000
57988  32.396  -20.124  57.675 0.0000000000
57997  32.255  -20.743  56.915 0.0000000000
57021  32.246  -21.664  56.417 0.0000000000
56113  31.545  -23.029  56.266 0.0000000000
56133  30.924  -23.146  55.489 0.0000000000
55201  30.144  -23.462  55.192 0.0000000000
55937  30.556  -22.438  71.117 0.0000000000
55919  30.928  -22.243  71.692 0.0000000000
55936  31.474  -22.507  70.773 0.0000000000
55009  32.355  -23.031  68.936 0.0000000000
55008  32.875  -22.905  69.318 0.0000000000
55007  33.553  -22.942  68.903 0.0000000000
55019  33.053  -23.225  68.394 0.0000000000
124824  28.679  -24.038  65.662 0.0000000000
55042  29.172  -24.204  66.338 0.0000000000
54164  29.971  -24.595  65.854 0.0000000000
143695  32.594  -24.708  65.405 0.0000000000
54178  32.318  -24.574  66.057 0.0000000000
54161  32.880  -23.821  66.557 0.0000000000
54143  33.400  -23.322  67.145 0.0000000000
54160  33.578  -23.584  66.568 0.0000000000
55027  34.701  -23.000  67.024 0.0000000000
128478  34.396  -23.513  65.750 0.0000000000
55065  34.393  -23.610  63.774 0.0000000000
56004  34.848  -22.735  64.475 0.0000000000
56016  35.006  -21.738  64.216 0.0000000000
56925  34.855  -20.940  64.778 0.0000000000
56029  35.074  -21.672  63.306 0.0000000000
57954  35.052  -20.844  63.150 0.0000000000
56030  34.816  -22.647  62.542 0.0000000000
55097  32.806  -24.332  61.239 0.0000000000
146493  34.205  -23.476  61.308 0.0000000000
55096  33.876  -23.589  60.752 0.0000000000
56058  33.831  -23.275  59.728 0.0000000000
130612  32.989  -23.921  60.254 0.0000000000
55119  28.877  -23.501  60.702 0.0000000000
55099  30.313  -24.237  61.063 0.0000000000
55118  29.709  -23.832  60.473 0.0000000000
55134  29.983  -23.877  59.622 0.0000000000
132703  30.372  -23.792  58.805 0.0000000000
140224  31.231  -23.808  58.734 0.0000000000
55149  31.025  -23.567  58.056 0.0000000000
68821  35.490  -9.847  55.455 0.0000000000
68836  35.533  -9.940  54.685 0.0000000000
68837  34.711  -9.912  54.746 0.0000000000
67913  32.677  -10.364  53.719 0.0000000000
67926  33.219  -10.591  52.942 0.0000000000
66956  33.431  -11.198  52.115 0.0000000000
66957  32.494  -11.118  52.314 0.0000000000
65968  29.426  -12.089  53.752 0.0000000000
66925  30.086  -11.664  53.923 0.0000000000
66942  29.938  -11.720  53.221 0.0000000000
66017  29.835  -12.892  51.053 0.0000000000
66000  29.873  -12.231  51.758 0.0000000000
65999  30.628  -12.145  51.282 0.0000000000
129866  31.189  -12.395  50.737 0.0000000000
66016  30.607  -12.842  50.569 0.0000000000
77070  51.407  -0.466  37.331 0.0000000000
77928  51.963  0.061  37.777 0.0000000000
76188  46.818  -0.861  38.087 0.0000000000
76195  46.255  -1.480  37.740 0.0000000000
66939  38.206  -11.584  53.356 0.0000000000
66952  37.642  -11.994  52.772 0.0000000000
67924  35.718  -11.129  52.707 0.0000000000
67907  38.784  -11.169  53.953 0.0000000000
53272  17.593  -25.817  66.930 0.0000000000
52368  17.567  -26.572  66.738 0.0000000000
52356  17.134  -26.284  67.385 0.0000000000
52345  16.675  -25.967  68.249 0.0000000000
56892  19.626  -21.176  68.056 0.0000000000
137117  20.448  -20.995  68.181 0.0000000000
55033  18.231  -22.490  66.408 0.0000000000
55046  17.999  -23.548  66.021 0.0000000000
70653  35.602  -7.111  47.665 0.0000000000
70640  38.229  -7.753  49.382 0.0000000000
70644  37.802  -6.945  49.278 0.0000000000
71501  37.900  -6.163  49.241 0.0000000000
137851  37.596  -5.723  48.973 0.0000000000
136209  16.135  -24.700  77.547 0.0000000000
138007  15.426  -25.463  76.704 0.0000000000
53183  15.533  -25.389  77.521 0.0000000000
43179  8.582  -34.895  77.882 0.0000000000
43180  7.709  -35.268  77.263 0.0000000000
42336  5.687  -36.823  77.321 0.0000000000
42329  5.889  -36.747  78.268 0.0000000000
127810  6.404  -36.746  79.266 0.0000000000
60735  34.186  -17.209  65.200 0.0000000000
60742  34.090  -17.377  64.306 0.0000000000
60761  34.374  -18.235  63.203 0.0000000000
59803  34.614  -18.748  62.650 0.0000000000
58861  35.037  -19.881  62.129 0.0000000000
57955  35.148  -20.663  62.205 0.0000000000
56938  25.194  -21.658  62.812 0.0000000000
56033  25.782  -21.757  62.510 0.0000000000
134225  26.180  -21.872  61.976 0.0000000000
56045  26.752  -22.152  61.505 0.0000000000
56059  27.418  -22.592  61.184 0.0000000000
56061  25.815  -21.930  60.086 0.0000000000
130098  28.437  -13.725  56.501 0.0000000000
135160  27.813  -14.157  56.125 0.0000000000
63939  27.307  -14.867  56.188 0.0000000000
77055  47.006  0.157  42.329 0.0000000000
77898  47.704  0.442  43.603 0.0000000000
77905  47.663  0.464  42.726 0.0000000000
77910  49.097  0.954  40.172 0.0000000000
77924  48.002  0.024  39.134 0.0000000000
77074  47.654  -0.706  37.842 0.0000000000
140458  38.228  -11.906  47.865 0.0000000000
65026  35.312  -13.982  50.604 0.0000000000
65037  35.470  -14.373  49.582 0.0000000000
65027  34.664  -13.953  50.043 0.0000000000
65028  33.959  -13.899  49.661 0.0000000000
66950  40.852  -11.994  51.462 0.0000000000
66979  41.154  -12.011  49.758 0.0000000000
67949  40.750  -11.349  49.464 0.0000000000
138919  40.101  -10.837  49.337 0.0000000000
67950  40.071  -11.558  48.739 0.0000000000
67000  39.087  -11.486  48.031 0.0000000000
49313  15.784  -29.912  66.881 0.0000000000
47309  13.492  -31.611  68.679 0.0000000000
46200  12.860  -31.992  69.032 0.0000000000
142203  28.057  -21.281  71.571 0.0000000000
142269  26.470  -20.547  69.073 0.0000000000
136841  21.798  -20.381  65.711 0.0000000000
134454  22.687  -20.182  65.069 0.0000000000
57933  23.540  -20.516  64.497 0.0000000000
57934  22.405  -20.223  64.154 0.0000000000
57947  21.196  -20.638  63.140 0.0000000000
57958  21.261  -20.855  62.651 0.0000000000
56953  20.964  -21.172  62.277 0.0000000000
56954  20.292  -21.516  62.549 0.0000000000
56035  19.529  -22.520  62.348 0.0000000000
143001  29.449  -19.409  57.579 0.0000000000
122236  42.997  -1.420  47.834 0.0000000000
76134  43.737  -1.399  47.998 0.0000000000
122491  42.847  -1.652  46.676 0.0000000000
126051  42.913  -1.846  45.067 0.0000000000
75249  42.260  -2.267  42.214 0.0000000000
75262  42.451  -2.589  41.431 0.0000000000
76179  44.258  -1.290  41.617 0.0000000000
76186  44.552  -1.651  39.805 0.0000000000
55924  19.297  -21.665  71.367 0.0000000000
55913  19.133  -21.855  72.220 0.0000000000
56849  22.465  -21.758  71.352 0.0000000000
56850  21.434  -21.843  71.196 0.0000000000
76124  41.161  -1.673  50.232 0.0000000000
76128  41.067  -1.577  49.379 0.0000000000
76129  40.335  -1.859  48.801 0.0000000000
74245  38.471  -3.735  47.281 0.0000000000
54104  16.113  -24.412  71.122 0.0000000000
123136  16.139  -24.876  70.367 0.0000000000
53226  15.566  -25.774  71.310 0.0000000000
52314  15.325  -26.427  71.466 0.0000000000
50274  14.321  -28.815  73.750 0.0000000000
51331  14.452  -28.078  73.196 0.0000000000
49219  14.036  -29.341  73.551 0.0000000000
144751  13.575  -29.851  72.474 0.0000000000
47243  13.101  -30.655  71.935 0.0000000000
47259  12.911  -30.891  71.729 0.0000000000
46159  11.927  -31.845  72.176 0.0000000000
47170  13.141  -30.385  77.542 0.0000000000
46102  12.391  -31.141  76.959 0.0000000000
44074  9.748  -33.925  75.723 0.0000000000
44083  10.252  -33.494  75.136 0.0000000000
140496  10.545  -33.322  74.508 0.0000000000
44094  10.221  -33.549  73.704 0.0000000000
135542  9.626  -34.198  73.149 0.0000000000
65895  31.070  -12.228  59.727 0.0000000000
142047  31.014  -12.421  60.335 0.0000000000
126276  30.569  -12.747  59.944 0.0000000000
64927  30.098  -13.428  60.122 0.0000000000
62845  31.338  -15.841  63.931 0.0000000000
62837  30.565  -15.319  64.314 0.0000000000
61799  31.012  -15.841  62.507 0.0000000000
62864  30.089  -15.346  61.487 0.0000000000
140995  30.459  -16.166  61.266 0.0000000000
61826  30.667  -16.699  60.695 0.0000000000
60790  30.080  -17.116  59.685 0.0000000000
60789  30.911  -17.524  59.812 0.0000000000
59826  31.152  -18.283  59.356 0.0000000000
57980  34.220  -20.465  59.088 0.0000000000
58884  33.431  -19.714  58.707 0.0000000000
56111  33.014  -22.314  57.343 0.0000000000
136044  29.798  -22.469  69.303 0.0000000000
143025  30.471  -22.599  69.461 0.0000000000
55021  30.317  -22.852  68.651 0.0000000000
129264  31.020  -23.310  68.035 0.0000000000
55030  30.620  -23.802  67.283 0.0000000000
54196  29.819  -24.270  64.143 0.0000000000
54180  30.683  -24.876  65.328 0.0000000000
54195  30.575  -24.795  64.427 0.0000000000
54194  31.411  -25.057  64.849 0.0000000000
54192  33.189  -24.508  64.924 0.0000000000
55053  33.923  -24.077  65.327 0.0000000000
54205  33.140  -24.651  63.966 0.0000000000
131423  33.755  -24.299  63.591 0.0000000000
55073  34.006  -24.036  63.034 0.0000000000
55084  34.231  -23.620  62.419 0.0000000000
128726  33.644  -24.210  62.491 0.0000000000
140984  31.825  -24.640  61.240 0.0000000000
126415  28.488  -23.293  59.170 0.0000000000
55135  29.090  -23.566  59.847 0.0000000000
55151  28.806  -23.399  58.317 0.0000000000
136286  29.045  -23.438  57.555 0.0000000000
55168  28.655  -23.474  56.822 0.0000000000
68823  33.852  -10.178  55.741 0.0000000000
67891  33.817  -9.943  54.460 0.0000000000
67873  33.198  -10.061  55.014 0.0000000000
130196  32.416  -10.286  54.477 0.0000000000
65983  28.711  -12.825  52.668 0.0000000000
66001  29.302  -12.456  52.217 0.0000000000
141240  28.787  -13.087  51.910 0.0000000000
77930  50.066  -0.011  38.049 0.0000000000
77921  50.601  0.508  38.590 0.0000000000
66009  39.179  -13.767  50.679 0.0000000000
66010  38.287  -14.159  50.202 0.0000000000
139797  37.516  -14.358  50.838 0.0000000000
65015  36.071  -13.960  51.253 0.0000000000
65980  37.066  -12.597  52.411 0.0000000000
65995  36.563  -13.231  51.938 0.0000000000
66011  35.286  -13.327  51.276 0.0000000000
66013  33.622  -12.567  50.809 0.0000000000
67923  41.089  -11.264  52.150 0.0000000000
128517  40.093  -12.574  51.645 0.0000000000
65992  40.046  -13.173  50.721 0.0000000000
50371  16.577  -28.663  66.616 0.0000000000
51411  16.900  -27.877  66.915 0.0000000000
49300  16.097  -29.151  67.193 0.0000000000
49284  15.690  -28.796  67.924 0.0000000000
49285  15.084  -29.238  68.449 0.0000000000
57881  23.696  -20.690  69.720 0.0000000000
126522  24.236  -20.338  69.190 0.0000000000
57892  22.636  -20.678  68.543 0.0000000000
57903  22.333  -20.541  67.598 0.0000000000
56901  19.956  -20.968  67.356 0.0000000000
57915  21.031  -20.700  66.318 0.0000000000
131083  20.180  -20.917  65.869 0.0000000000
56920  19.976  -21.031  64.956 0.0000000000
56008  19.430  -21.540  64.610 0.0000000000
56009  19.032  -22.200  64.123 0.0000000000
132514  18.734  -22.999  64.530 0.0000000000
54197  18.641  -23.743  64.517 0.0000000000
54182  18.348  -24.398  64.987 0.0000000000
147453  40.838  -2.840  44.237 0.0000000000
147588  41.484  -2.467  44.570 0.0000000000
75251  40.713  -3.044  42.794 0.0000000000
55899  21.446  -22.262  73.833 0.0000000000
71487  41.354  -6.786  50.088 0.0000000000
71488  40.453  -6.034  50.189 0.0000000000
73313  40.026  -4.609  50.420 0.0000000000
74238  39.198  -3.353  49.683 0.0000000000
73317  38.663  -3.942  49.191 0.0000000000
73323  38.381  -3.993  48.545 0.0000000000
73321  37.884  -4.572  48.315 0.0000000000
72383  37.725  -5.106  48.682 0.0000000000
72390  37.418  -4.901  48.191 0.0000000000
73326  37.040  -4.632  47.506 0.0000000000
73335  36.529  -4.461  46.624 0.0000000000
54093  15.654  -24.489  74.087 0.0000000000
54096  15.570  -24.881  73.231 0.0000000000
52281  14.792  -26.826  74.498 0.0000000000
53185  15.066  -25.916  76.141 0.0000000000
52266  14.789  -26.678  75.597 0.0000000000
51324  14.534  -28.075  74.490 0.0000000000
50268  14.364  -28.839  74.461 0.0000000000
129328  14.224  -29.213  74.950 0.0000000000
48218  13.496  -30.151  74.646 0.0000000000
44052  11.429  -32.686  78.044 0.0000000000
44053  11.068  -33.079  77.829 0.0000000000
44063  10.579  -33.458  76.855 0.0000000000
44055  10.070  -33.988  77.564 0.0000000000
44064  9.963  -33.929  76.643 0.0000000000
44075  8.757  -34.428  75.228 0.0000000000
42350  6.785  -36.297  74.847 0.0000000000
43195  6.572  -36.115  75.569 0.0000000000
61781  31.749  -16.153  65.434 0.0000000000
61789  31.969  -16.164  64.499 0.0000000000
122931  32.178  -16.279  63.578 0.0000000000
61797  32.449  -16.590  62.689 0.0000000000
60771  32.596  -17.368  61.545 0.0000000000
59811  32.894  -18.037  61.091 0.0000000000
58870  33.461  -18.748  60.453 0.0000000000
59809  34.431  -18.809  61.758 0.0000000000
143602  34.094  -19.160  60.268 0.0000000000
56989  34.183  -21.609  58.837 0.0000000000
55996  27.294  -22.750  65.656 0.0000000000
55043  28.417  -23.728  66.264 0.0000000000
55056  27.787  -23.156  65.351 0.0000000000
55055  28.343  -23.538  65.045 0.0000000000
56018  27.230  -22.546  63.921 0.0000000000
55077  27.948  -22.884  63.668 0.0000000000
55068  28.509  -23.374  64.180 0.0000000000
55067  29.196  -23.709  63.786 0.0000000000
54209  29.843  -24.008  63.367 0.0000000000
54221  29.923  -23.959  62.662 0.0000000000
54230  30.082  -24.121  61.905 0.0000000000
56076  27.526  -22.754  60.282 0.0000000000
55136  27.591  -22.854  59.298 0.0000000000
67864  30.985  -11.228  56.094 0.0000000000
67876  30.872  -11.167  55.326 0.0000000000
66910  30.424  -11.618  55.791 0.0000000000
138428  29.793  -11.943  54.600 0.0000000000
65952  28.861  -12.607  54.435 0.0000000000
64960  28.102  -13.591  55.624 0.0000000000
64972  28.103  -13.290  54.798 0.0000000000
64996  28.086  -13.287  53.159 0.0000000000
77915  49.367  0.710  39.410 0.0000000000
77922  49.681  0.393  38.698 0.0000000000
77082  48.967  -0.857  37.098 0.0000000000
68881  36.519  -9.282  48.171 0.0000000000
67003  35.593  -11.717  47.664 0.0000000000
66027  36.049  -14.026  48.651 0.0000000000
66040  34.690  -13.428  47.720 0.0000000000
67933  41.954  -10.922  50.968 0.0000000000
68861  42.743  -9.415  51.191 0.0000000000
69794  39.911  -8.502  49.646 0.0000000000
68875  39.674  -9.720  49.522 0.0000000000
144784  38.861  -8.688  49.488 0.0000000000
56810  30.355  -20.400  74.001 0.0000000000
56826  30.803  -21.225  73.210 0.0000000000
56827  30.175  -21.339  72.936 0.0000000000
55920  30.172  -22.284  71.894 0.0000000000
55938  29.937  -22.230  71.444 0.0000000000
56858  28.705  -21.573  71.219 0.0000000000
55950  29.469  -22.080  69.919 0.0000000000
55951  29.099  -22.263  69.155 0.0000000000
55963  28.768  -22.573  68.288 0.0000000000
55974  27.769  -22.418  67.177 0.0000000000
133653  25.063  -20.281  69.363 0.0000000000
141833  25.545  -20.202  68.538 0.0000000000
57899  26.206  -20.425  68.218 0.0000000000
141615  24.071  -19.996  67.121 0.0000000000
57910  26.104  -20.569  67.336 0.0000000000
56906  26.337  -21.112  66.718 0.0000000000
56905  26.998  -21.837  66.808 0.0000000000
55984  27.523  -22.621  66.381 0.0000000000
55985  26.856  -22.219  65.995 0.0000000000
56926  25.967  -22.022  64.919 0.0000000000
134447  25.235  -21.650  63.718 0.0000000000
57944  24.144  -21.050  63.985 0.0000000000
56939  24.553  -21.412  63.318 0.0000000000
56950  24.569  -21.560  62.302 0.0000000000
56977  23.203  -21.348  60.279 0.0000000000
56022  19.136  -22.455  63.414 0.0000000000
55078  19.016  -23.226  63.155 0.0000000000
61853  27.825  -16.453  57.776 0.0000000000
76150  46.159  -1.082  45.957 0.0000000000
75224  42.737  -1.823  44.337 0.0000000000
146723  43.221  -1.732  44.677 0.0000000000
75234  42.876  -1.798  42.648 0.0000000000
76159  43.555  -1.580  44.127 0.0000000000
76158  45.285  -1.286  44.801 0.0000000000
76157  46.026  -0.975  45.132 0.0000000000
77040  45.905  -0.810  44.265 0.0000000000
77045  45.795  -0.661  43.365 0.0000000000
77052  46.431  -0.272  42.834 0.0000000000
76178  44.927  -0.820  42.049 0.0000000000
77056  46.294  -0.167  41.921 0.0000000000
138692  46.207  -0.247  40.991 0.0000000000
140551  46.560  -0.434  39.610 0.0000000000
76184  45.933  -0.862  39.326 0.0000000000
55023  16.902  -23.625  68.712 0.0000000000
144428  16.966  -23.123  69.378 0.0000000000
55001  16.878  -23.095  70.166 0.0000000000
55926  17.764  -22.128  71.219 0.0000000000
125187  17.163  -22.687  70.915 0.0000000000
54994  16.651  -23.402  71.005 0.0000000000
54989  16.450  -23.545  71.887 0.0000000000
136774  16.365  -23.230  73.713 0.0000000000
55900  20.525  -22.435  73.969 0.0000000000
55901  19.595  -22.499  74.019 0.0000000000
54981  20.157  -23.183  75.661 0.0000000000
55895  19.469  -22.939  74.903 0.0000000000
55896  18.351  -22.504  74.099 0.0000000000
137313  16.704  -23.028  74.396 0.0000000000
54977  16.100  -23.636  74.532 0.0000000000
54976  16.293  -23.821  75.444 0.0000000000
54087  16.717  -24.190  77.070 0.0000000000
57833  30.717  -19.914  74.611 0.0000000000
57834  30.386  -19.775  74.502 0.0000000000
57846  30.142  -20.049  74.244 0.0000000000
57854  29.945  -20.321  73.754 0.0000000000
56819  29.614  -20.826  72.917 0.0000000000
57855  29.111  -20.272  73.162 0.0000000000
56830  28.422  -20.875  72.262 0.0000000000
56843  27.740  -21.018  71.968 0.0000000000
56860  26.366  -20.519  71.642 0.0000000000
57871  25.023  -20.476  71.193 0.0000000000
56861  25.459  -20.299  71.804 0.0000000000
56880  21.523  -21.200  69.505 0.0000000000
56865  21.825  -21.543  70.446 0.0000000000
145012  21.000  -21.335  69.882 0.0000000000
144267  19.385  -21.298  68.709 0.0000000000
55966  17.928  -22.159  68.351 0.0000000000
68888  35.170  -9.520  47.635 0.0000000000
77002  44.184  -0.139  50.604 0.0000000000
142331  43.306  -0.859  49.465 0.0000000000
77004  42.611  -0.920  50.110 0.0000000000
77010  42.468  -1.144  49.223 0.0000000000
77017  43.110  -1.203  48.595 0.0000000000
76139  42.397  -1.550  47.303 0.0000000000
75211  41.399  -1.985  46.482 0.0000000000
74241  39.034  -3.021  48.687 0.0000000000
75199  39.776  -2.395  48.183 0.0000000000
75202  40.029  -2.509  47.326 0.0000000000
74251  39.179  -3.334  46.867 0.0000000000
75203  39.550  -2.969  47.087 0.0000000000
75212  40.211  -2.727  46.617 0.0000000000
75218  40.763  -2.861  45.111 0.0000000000
75226  40.121  -3.115  44.327 0.0000000000
128957  16.669  -24.537  68.815 0.0000000000
53247  16.489  -25.356  68.987 0.0000000000
143662  16.265  -26.013  69.121 0.0000000000
53248  16.035  -25.669  69.963 0.0000000000
52334  15.891  -26.482  69.604 0.0000000000
50334  15.433  -27.812  68.926 0.0000000000
49270  14.683  -29.029  69.191 0.0000000000
53202  15.300  -25.706  72.843 0.0000000000
52303  15.106  -26.461  72.334 0.0000000000
51353  14.814  -27.575  71.578 0.0000000000
140098  14.458  -28.150  71.983 0.0000000000
50308  14.639  -28.194  71.251 0.0000000000
50325  14.827  -28.287  70.382 0.0000000000
49255  14.469  -28.962  70.055 0.0000000000
48265  13.896  -30.121  69.503 0.0000000000
47292  13.124  -31.225  69.361 0.0000000000
46201  12.294  -32.379  69.381 0.0000000000
125418  12.289  -31.455  70.886 0.0000000000
46188  11.931  -32.029  70.233 0.0000000000
45141  11.798  -33.077  69.534 0.0000000000
50256  14.320  -28.942  76.506 0.0000000000
140130  13.925  -29.605  75.718 0.0000000000
47198  13.222  -30.518  75.068 0.0000000000
47210  13.133  -30.700  74.133 0.0000000000
138554  12.070  -31.652  77.375 0.0000000000
143987  11.755  -31.970  77.089 0.0000000000
45064  12.079  -31.729  75.809 0.0000000000
45065  11.711  -32.221  75.510 0.0000000000
45077  12.142  -31.928  74.803 0.0000000000
46126  12.532  -31.593  74.158 0.0000000000
46142  12.423  -31.651  73.350 0.0000000000
144072  11.967  -32.036  72.795 0.0000000000
138558  11.492  -32.363  72.376 0.0000000000
45107  10.536  -33.472  72.224 0.0000000000
136715  10.841  -33.096  71.675 0.0000000000
41479  6.061  -37.317  80.054 0.0000000000
41480  5.210  -37.839  79.640 0.0000000000
40608  4.481  -38.433  79.463 0.0000000000
68819  37.003  -9.880  55.290 0.0000000000
123604  33.111  -10.693  56.696 0.0000000000
67862  32.404  -10.748  56.513 0.0000000000
66898  31.217  -11.425  56.894 0.0000000000
66899  30.560  -11.752  56.571 0.0000000000
66889  30.113  -12.287  57.010 0.0000000000
65921  29.698  -12.824  57.390 0.0000000000
65905  30.411  -12.468  58.705 0.0000000000
65913  29.893  -13.076  58.284 0.0000000000
64952  29.394  -13.374  57.630 0.0000000000
64943  28.823  -14.005  57.383 0.0000000000
62905  28.227  -15.715  58.073 0.0000000000
64919  29.914  -13.682  60.802 0.0000000000
63884  29.715  -14.347  60.297 0.0000000000
62865  29.703  -15.147  60.693 0.0000000000
63897  29.496  -14.680  59.489 0.0000000000
62893  28.777  -15.661  58.736 0.0000000000
60808  28.215  -17.204  58.062 0.0000000000
59835  28.838  -17.981  58.255 0.0000000000
58894  29.193  -18.824  57.946 0.0000000000
57998  31.163  -20.409  56.793 0.0000000000
59825  32.024  -18.604  59.448 0.0000000000
58891  32.684  -19.712  58.208 0.0000000000
57989  31.435  -19.940  57.543 0.0000000000
57028  31.575  -21.638  55.567 0.0000000000
56132  31.327  -22.523  55.256 0.0000000000
146764  34.691  -19.386  65.034 0.0000000000
56825  31.508  -21.017  73.338 0.0000000000
55918  32.331  -21.592  71.893 0.0000000000
146129  32.686  -21.856  71.191 0.0000000000
55948  31.989  -22.812  69.796 0.0000000000
55935  32.535  -22.449  70.391 0.0000000000
137839  33.342  -21.995  70.500 0.0000000000
55961  34.453  -22.650  68.538 0.0000000000
55029  31.737  -23.694  67.322 0.0000000000
54163  30.918  -24.639  66.118 0.0000000000
54145  32.232  -23.964  66.698 0.0000000000
54134  32.631  -23.492  67.503 0.0000000000
54133  33.307  -23.264  67.701 0.0000000000
55017  34.247  -22.940  68.159 0.0000000000
55960  34.842  -22.522  68.171 0.0000000000
55971  35.040  -22.506  67.476 0.0000000000
55995  34.862  -22.886  65.424 0.0000000000
55994  35.109  -22.173  66.016 0.0000000000
56914  35.088  -20.932  66.447 0.0000000000
57921  34.721  -20.521  65.391 0.0000000000
57931  34.662  -20.249  64.840 0.0000000000
58845  34.695  -19.729  64.569 0.0000000000
57943  34.831  -20.321  64.022 0.0000000000
56031  34.481  -23.218  61.754 0.0000000000
56042  35.005  -22.345  61.566 0.0000000000
56056  34.980  -22.164  60.808 0.0000000000
56057  34.577  -22.597  60.148 0.0000000000
55131  32.862  -23.338  58.465 0.0000000000
54229  30.995  -24.708  61.674 0.0000000000
55098  31.212  -24.556  60.770 0.0000000000
55116  31.517  -24.320  59.968 0.0000000000
55132  31.968  -23.906  59.133 0.0000000000
55167  29.694  -23.437  56.920 0.0000000000
67889  36.114  -10.219  54.160 0.0000000000
129206  35.539  -10.403  53.394 0.0000000000
67910  34.904  -10.529  52.878 0.0000000000
127825  34.369  -9.967  53.920 0.0000000000
67911  34.184  -10.273  53.206 0.0000000000
132250  34.895  -11.097  52.398 0.0000000000
124073  33.578  -11.819  51.462 0.0000000000
66981  32.976  -12.033  51.102 0.0000000000
66924  30.643  -11.321  54.499 0.0000000000
146164  31.239  -11.049  53.662 0.0000000000
67914  31.282  -11.137  53.093 0.0000000000
66960  29.859  -11.891  52.465 0.0000000000
66972  30.455  -11.682  52.037 0.0000000000
66958  31.634  -11.212  52.375 0.0000000000
66971  31.926  -11.487  51.705 0.0000000000
66982  32.266  -11.913  51.088 0.0000000000
66014  32.713  -12.494  50.586 0.0000000000
77067  46.671  -0.634  38.903 0.0000000000
44132  10.749  -33.962  70.635 0.0000000000
45045  11.777  -32.181  77.697 0.0000000000
45053  12.034  -31.603  76.660 0.0000000000
45092  11.428  -32.718  73.428 0.0000000000
46114  12.530  -31.403  75.182 0.0000000000
46141  12.778  -31.193  73.651 0.0000000000
47171  12.785  -30.743  77.280 0.0000000000
47186  12.896  -30.684  76.462 0.0000000000
47277  12.764  -30.972  70.984 0.0000000000
48210  13.590  -30.022  75.593 0.0000000000
48217  13.748  -29.779  74.142 0.0000000000
48239  13.306  -30.289  72.305 0.0000000000
48255  14.165  -29.538  69.784 0.0000000000
49196  14.099  -29.397  76.085 0.0000000000
49202  14.180  -29.310  75.495 0.0000000000
50289  14.272  -28.627  72.810 0.0000000000
51352  15.420  -26.743  70.795 0.0000000000
52267  14.633  -27.459  76.089 0.0000000000
53211  15.722  -25.148  71.588 0.0000000000
54142  34.059  -23.214  67.155 0.0000000000
54146  31.310  -24.220  66.714 0.0000000000
54148  17.127  -24.942  67.569 0.0000000000
54162  31.735  -24.581  66.307 0.0000000000
54181  29.872  -24.558  65.009 0.0000000000
54220  30.564  -24.496  62.457 0.0000000000
55006  34.072  -22.839  68.684 0.0000000000
55022  29.947  -23.325  67.878 0.0000000000
55028  33.891  -23.132  67.728 0.0000000000
55038  34.819  -22.977  66.278 0.0000000000
55039  34.248  -23.358  66.510 0.0000000000
55040  33.889  -23.823  66.042 0.0000000000
55044  27.908  -23.232  66.043 0.0000000000
55058  18.315  -23.764  65.285 0.0000000000
55066  33.870  -24.213  64.342 0.0000000000
55906  31.469  -21.587  72.420 0.0000000000
55947  34.366  -22.416  69.184 0.0000000000
55949  30.997  -22.576  70.092 0.0000000000
56007  25.866  -21.945  64.086 0.0000000000
56032  26.379  -21.921  62.746 0.0000000000
56034  19.614  -21.973  62.855 0.0000000000
56816  31.163  -20.799  73.786 0.0000000000
56817  30.480  -20.791  73.664 0.0000000000
56840  29.951  -21.896  72.331 0.0000000000
56842  28.770  -21.322  71.919 0.0000000000
56844  26.943  -20.666  71.806 0.0000000000
56845  25.450  -20.107  72.570 0.0000000000
56846  24.475  -20.594  72.519 0.0000000000
56857  29.410  -21.805  71.709 0.0000000000
56876  27.814  -21.192  69.835 0.0000000000
56881  20.343  -21.315  69.850 0.0000000000
56886  35.281  -21.794  67.837 0.0000000000
56899  26.685  -20.988  67.516 0.0000000000
56900  20.872  -20.909  67.750 0.0000000000
56915  35.007  -21.172  65.775 0.0000000000
56916  26.238  -21.854  65.634 0.0000000000
56927  25.349  -21.653  64.577 0.0000000000
57844  31.033  -20.220  74.517 0.0000000000
57845  30.581  -20.136  74.339 0.0000000000
57858  29.040  -20.724  72.589 0.0000000000
57878  26.294  -20.569  70.022 0.0000000000
57890  24.908  -20.038  68.361 0.0000000000
57900  25.575  -20.213  67.702 0.0000000000
57904  21.357  -20.762  67.261 0.0000000000
57913  23.993  -20.241  66.223 0.0000000000
57920  34.836  -20.455  66.004 0.0000000000
57923  24.561  -20.670  65.659 0.0000000000
57930  34.663  -19.907  65.400 0.0000000000
57946  22.237  -20.425  63.351 0.0000000000
58840  34.659  -19.312  65.673 0.0000000000
58854  34.905  -19.380  62.848 0.0000000000
58876  34.480  -19.621  60.390 0.0000000000
59786  34.750  -19.160  64.441 0.0000000000
60734  34.409  -17.681  65.770 0.0000000000
60753  33.295  -16.963  62.924 0.0000000000
64981  28.104  -13.206  53.989 0.0000000000
65007  27.478  -13.954  52.849 0.0000000000
65014  37.053  -14.063  51.491 0.0000000000
65951  29.327  -12.382  55.111 0.0000000000
65982  29.305  -12.218  52.952 0.0000000000
66015  31.481  -11.916  51.171 0.0000000000
66866  30.961  -12.033  59.032 0.0000000000
66911  29.888  -12.035  55.431 0.0000000000
66941  30.688  -11.326  53.603 0.0000000000
67890  35.182  -9.991  54.037 0.0000000000
67893  31.181  -11.001  54.093 0.0000000000
67941  41.563  -10.751  50.526 0.0000000000
68834  36.796  -10.198  54.683 0.0000000000
68838  34.033  -9.932  55.105 0.0000000000
68874  40.646  -10.294  49.722 0.0000000000
69786  42.466  -8.511  50.215 0.0000000000
72375  39.750  -5.227  50.137 0.0000000000
72384  37.197  -5.617  48.568 0.0000000000
74235  40.519  -3.144  50.877 0.0000000000
74258  39.357  -3.340  46.005 0.0000000000
75195  39.585  -2.453  49.227 0.0000000000
75215  43.200  -1.767  45.688 0.0000000000
75216  42.402  -1.898  45.534 0.0000000000
76138  43.454  -1.577  47.166 0.0000000000
122241  43.964  -1.704  45.849 0.0000000000
123437  41.596  -1.594  47.756 0.0000000000
125128  42.881  -1.737  43.546 0.0000000000
125942  33.116  -10.103  54.279 0.0000000000
125976  30.972  -11.360  52.377 0.0000000000
126221  14.942  -27.062  71.928 0.0000000000
127748  32.045  -25.003  65.340 0.0000000000
127854  31.884  -12.392  50.577 0.0000000000
128586  29.308  -24.384  65.549 0.0000000000
129815  20.583  -20.815  63.571 0.0000000000
130380  38.193  -3.555  45.040 0.0000000000
130508  13.895  -29.500  76.743 0.0000000000
135182  31.389  -10.853  55.652 0.0000000000
136599  29.997  -13.517  61.359 0.0000000000
138037  15.832  -24.434  72.754 0.0000000000
138373  9.983  -33.611  74.458 0.0000000000
139416  34.482  -23.325  63.039 0.0000000000
140247  14.471  -28.354  73.902 0.0000000000
141254  15.160  -27.047  71.297 0.0000000000
141298  28.702  -15.160  58.254 0.0000000000
141581  34.229  -18.988  60.876 0.0000000000
142624  32.315  -24.112  59.845 0.0000000000
143598  13.146  -30.501  72.995 0.0000000000
144464  23.884  -21.449  60.982 0.0000000000
145463  18.153  -21.880  69.862 0.0000000000
145839  16.577  -23.016  73.216 0.0000000000
146094  30.099  -20.497  73.692 0.0000000000
146380  27.549  -13.825  55.019 0.0000000000
147178  24.044  -21.138  63.401 0.0000000000
147841  38.012  -3.974  47.188 0.0000000000
