#!ascii label  , from subject sub-v1s4x0050686_ses-1 vox2ras=TkReg
757
26263  -24.374  -44.311  69.104 0.0000000000
38289  -45.016  -29.670  62.650 0.0000000000
45840  -45.805  -20.131  59.837 0.0000000000
47637  -50.818  -18.123  52.488 0.0000000000
96652  -42.861  -34.326  62.820 0.0000000000
96616  -48.259  -17.076  57.087 0.0000000000
49970  -50.236  -15.307  48.213 0.0000000000
51541  -53.872  -12.222  48.269 0.0000000000
35827  -47.199  -31.700  59.172 0.0000000000
40037  -49.760  -27.651  58.901 0.0000000000
40913  -46.386  -25.946  61.343 0.0000000000
30901  -21.003  -38.400  71.805 0.0000000000
33284  -25.309  -35.554  71.006 0.0000000000
108354  -29.578  -36.113  68.999 0.0000000000
97646  -31.856  -38.608  65.199 0.0000000000
30148  -37.426  -38.477  63.771 0.0000000000
31007  -41.149  -38.733  62.995 0.0000000000
97022  -44.878  -35.824  60.465 0.0000000000
43465  -49.703  -23.441  57.586 0.0000000000
53082  -54.597  -10.434  46.849 0.0000000000
36644  -46.811  -31.523  61.432 0.0000000000
101073  -47.149  -28.977  61.616 0.0000000000
39121  -45.976  -28.159  62.176 0.0000000000
32543  -21.400  -36.532  68.041 0.0000000000
32508  -22.666  -36.603  71.775 0.0000000000
33343  -38.062  -36.827  64.228 0.0000000000
107573  -39.261  -38.240  63.804 0.0000000000
113071  -40.388  -36.563  64.157 0.0000000000
36636  -43.501  -31.700  62.185 0.0000000000
33379  -44.584  -35.330  62.582 0.0000000000
98930  -45.954  -33.487  61.997 0.0000000000
35003  -45.818  -33.473  59.264 0.0000000000
43444  -48.394  -23.569  60.621 0.0000000000
96985  -50.328  -25.221  58.149 0.0000000000
45039  -49.324  -21.598  59.619 0.0000000000
48391  -50.317  -16.954  54.708 0.0000000000
106497  -50.998  -18.869  56.201 0.0000000000
45911  -51.945  -20.337  54.461 0.0000000000
101888  -52.799  -21.534  52.303 0.0000000000
49212  -53.408  -16.221  48.629 0.0000000000
48426  -52.033  -17.667  48.032 0.0000000000
33394  -41.312  -35.622  61.633 0.0000000000
47635  -47.796  -18.605  52.584 0.0000000000
50736  -52.752  -13.869  49.023 0.0000000000
103989  -55.134  -14.653  48.579 0.0000000000
51565  -55.533  -13.497  44.938 0.0000000000
110901  -48.456  -34.295  56.184 0.0000000000
37507  -48.872  -30.499  58.405 0.0000000000
100964  -47.974  -26.579  61.097 0.0000000000
27729  -22.670  -42.045  70.790 0.0000000000
32535  -25.415  -36.713  69.924 0.0000000000
34110  -27.111  -35.197  70.143 0.0000000000
95496  -27.454  -37.555  68.659 0.0000000000
30112  -29.929  -39.323  68.179 0.0000000000
111907  -30.831  -39.809  66.546 0.0000000000
29374  -32.378  -41.184  64.705 0.0000000000
30990  -34.798  -38.243  63.583 0.0000000000
28575  -37.937  -41.217  63.007 0.0000000000
32588  -42.646  -36.451  63.443 0.0000000000
31826  -43.846  -37.688  62.032 0.0000000000
31064  -42.872  -38.453  58.157 0.0000000000
31864  -45.266  -37.891  57.274 0.0000000000
33456  -46.960  -35.766  57.019 0.0000000000
46751  -49.468  -19.082  57.925 0.0000000000
47666  -49.962  -18.759  49.194 0.0000000000
45960  -52.071  -19.774  50.521 0.0000000000
27742  -22.107  -43.024  69.490 0.0000000000
112553  -45.829  -30.619  62.636 0.0000000000
38291  -46.020  -29.966  62.532 0.0000000000
38290  -45.566  -29.412  62.527 0.0000000000
33358  -38.359  -36.275  63.653 0.0000000000
33344  -38.955  -36.637  64.153 0.0000000000
33345  -39.846  -36.379  63.948 0.0000000000
37463  -44.596  -30.871  63.004 0.0000000000
113824  -45.237  -32.288  63.086 0.0000000000
36630  -45.592  -31.482  62.811 0.0000000000
35804  -46.290  -32.013  62.008 0.0000000000
98780  -48.691  -22.950  60.366 0.0000000000
45828  -47.511  -20.680  60.898 0.0000000000
47630  -50.296  -17.615  53.141 0.0000000000
47620  -51.389  -17.833  54.084 0.0000000000
47632  -51.804  -18.459  53.474 0.0000000000
45920  -52.452  -21.347  53.142 0.0000000000
46830  -52.569  -19.901  52.353 0.0000000000
48427  -54.594  -16.762  48.225 0.0000000000
48434  -54.026  -17.489  47.975 0.0000000000
48435  -55.210  -18.031  47.977 0.0000000000
50769  -52.471  -13.989  46.951 0.0000000000
51531  -53.371  -13.120  48.631 0.0000000000
50717  -53.451  -13.812  49.185 0.0000000000
51533  -54.287  -12.841  48.717 0.0000000000
50754  -55.600  -13.864  47.794 0.0000000000
52311  -54.601  -11.986  47.968 0.0000000000
51556  -55.215  -12.514  45.643 0.0000000000
35038  -48.402  -33.464  56.853 0.0000000000
35841  -48.666  -31.570  57.628 0.0000000000
36662  -48.120  -31.221  58.486 0.0000000000
40007  -46.868  -27.608  61.760 0.0000000000
40017  -47.559  -27.366  61.375 0.0000000000
94994  -47.322  -25.918  61.523 0.0000000000
42660  -46.920  -24.345  61.323 0.0000000000
41811  -46.538  -24.446  61.026 0.0000000000
111604  -22.076  -40.213  70.825 0.0000000000
30093  -22.024  -38.975  71.567 0.0000000000
33283  -24.249  -35.761  71.264 0.0000000000
33308  -28.888  -35.096  68.981 0.0000000000
33297  -28.362  -35.423  69.575 0.0000000000
32524  -27.647  -36.398  69.980 0.0000000000
31727  -28.883  -37.133  69.558 0.0000000000
30920  -29.022  -38.467  69.093 0.0000000000
30921  -29.543  -38.235  69.145 0.0000000000
30121  -31.235  -39.289  66.184 0.0000000000
29366  -31.661  -40.571  65.184 0.0000000000
30145  -32.521  -39.148  64.667 0.0000000000
31793  -36.871  -37.402  63.830 0.0000000000
31808  -35.529  -37.483  63.660 0.0000000000
30991  -35.822  -38.359  63.640 0.0000000000
30147  -35.233  -40.390  63.973 0.0000000000
103367  -36.288  -40.605  63.727 0.0000000000
106845  -36.899  -41.162  63.512 0.0000000000
106701  -37.665  -40.579  63.402 0.0000000000
30169  -40.284  -38.857  63.269 0.0000000000
30168  -39.775  -39.657  63.052 0.0000000000
30182  -40.604  -39.414  62.684 0.0000000000
30193  -41.491  -39.181  62.212 0.0000000000
33378  -42.236  -35.571  63.191 0.0000000000
34172  -42.942  -35.041  63.208 0.0000000000
33395  -45.187  -35.781  62.031 0.0000000000
32609  -44.340  -37.074  62.294 0.0000000000
32620  -44.378  -37.154  61.553 0.0000000000
31834  -42.690  -38.069  60.446 0.0000000000
32629  -43.675  -36.483  59.373 0.0000000000
33442  -43.679  -36.176  58.250 0.0000000000
35020  -46.301  -32.811  58.747 0.0000000000
34257  -45.702  -34.212  57.737 0.0000000000
103117  -47.345  -34.073  57.229 0.0000000000
34277  -48.237  -35.192  56.407 0.0000000000
102780  -20.432  -37.505  70.513 0.0000000000
96440  -20.233  -38.680  71.365 0.0000000000
29329  -20.790  -40.385  71.085 0.0000000000
37512  -49.407  -30.188  57.525 0.0000000000
39180  -49.715  -28.619  57.326 0.0000000000
42684  -50.159  -24.815  57.781 0.0000000000
48349  -47.713  -17.343  57.701 0.0000000000
47561  -48.292  -18.151  58.585 0.0000000000
107660  -48.941  -17.680  57.839 0.0000000000
45909  -50.294  -20.489  55.604 0.0000000000
45898  -50.541  -19.766  56.340 0.0000000000
113524  -52.570  -18.739  48.065 0.0000000000
47667  -50.950  -18.717  48.740 0.0000000000
46870  -51.572  -19.324  48.939 0.0000000000
112191  -51.104  -19.617  50.113 0.0000000000
46855  -51.794  -19.688  49.639 0.0000000000
45962  -53.482  -21.230  50.691 0.0000000000
52325  -53.864  -11.138  47.247 0.0000000000
53069  -54.354  -11.511  47.731 0.0000000000
53081  -54.081  -10.320  46.925 0.0000000000
53857  -53.992  -9.837  46.359 0.0000000000
36653  -47.035  -31.707  60.429 0.0000000000
37500  -47.894  -30.610  59.939 0.0000000000
37477  -46.775  -30.384  61.728 0.0000000000
39122  -46.325  -28.317  62.062 0.0000000000
107421  -46.141  -26.595  61.443 0.0000000000
32510  -21.026  -36.932  70.288 0.0000000000
32507  -21.847  -36.948  71.762 0.0000000000
33294  -23.880  -35.279  70.202 0.0000000000
30976  -37.797  -37.725  63.990 0.0000000000
30149  -38.093  -38.596  63.759 0.0000000000
30977  -38.590  -37.839  64.044 0.0000000000
104786  -39.752  -37.470  64.081 0.0000000000
31809  -41.006  -37.723  63.615 0.0000000000
34959  -43.700  -33.158  63.092 0.0000000000
34944  -43.580  -34.019  63.107 0.0000000000
34945  -44.229  -33.322  63.256 0.0000000000
34947  -45.088  -33.552  62.644 0.0000000000
34191  -45.854  -34.330  61.816 0.0000000000
33430  -44.938  -35.163  59.805 0.0000000000
34973  -46.204  -33.733  61.492 0.0000000000
35814  -46.644  -32.309  61.212 0.0000000000
31731  -20.264  -37.335  68.628 0.0000000000
40931  -49.310  -26.023  59.800 0.0000000000
40949  -50.205  -26.488  58.418 0.0000000000
42672  -49.447  -24.261  59.697 0.0000000000
43452  -50.045  -23.824  58.867 0.0000000000
44258  -49.780  -22.314  58.553 0.0000000000
48376  -48.978  -16.936  55.382 0.0000000000
48366  -50.097  -17.520  56.585 0.0000000000
48378  -50.480  -17.309  55.782 0.0000000000
46777  -51.460  -19.018  55.401 0.0000000000
94408  -51.722  -15.352  49.063 0.0000000000
49210  -51.119  -15.809  48.934 0.0000000000
49211  -52.068  -16.234  48.645 0.0000000000
48433  -53.260  -18.167  47.879 0.0000000000
37488  -44.003  -30.050  60.921 0.0000000000
37487  -43.656  -30.714  61.247 0.0000000000
47546  -45.572  -18.731  59.064 0.0000000000
47602  -47.141  -18.049  55.067 0.0000000000
47618  -47.845  -17.855  54.316 0.0000000000
103023  -48.366  -18.163  52.967 0.0000000000
47636  -49.746  -18.133  52.307 0.0000000000
50735  -51.519  -14.808  48.855 0.0000000000
49949  -52.913  -14.480  49.248 0.0000000000
105178  -54.314  -15.242  48.977 0.0000000000
49220  -55.646  -16.577  47.907 0.0000000000
52318  -54.770  -11.586  47.470 0.0000000000
51557  -55.607  -13.390  45.845 0.0000000000
35866  -48.594  -32.832  56.560 0.0000000000
36673  -49.210  -30.978  57.299 0.0000000000
38329  -49.277  -29.494  58.682 0.0000000000
37490  -48.136  -29.995  60.114 0.0000000000
39144  -48.817  -28.489  59.826 0.0000000000
40027  -48.793  -26.940  60.201 0.0000000000
41825  -48.399  -24.980  60.734 0.0000000000
101570  -47.099  -22.889  61.072 0.0000000000
39143  -45.199  -28.050  60.470 0.0000000000
40947  -45.686  -26.750  59.935 0.0000000000
98071  -45.938  -24.904  59.481 0.0000000000
26983  -23.530  -43.323  70.276 0.0000000000
27736  -24.168  -42.839  70.105 0.0000000000
31749  -25.635  -37.002  68.051 0.0000000000
34130  -24.661  -34.799  68.146 0.0000000000
34122  -25.215  -34.740  69.366 0.0000000000
34108  -25.908  -35.194  70.557 0.0000000000
31735  -26.797  -36.941  69.498 0.0000000000
96295  -29.386  -39.711  66.797 0.0000000000
29356  -30.469  -40.047  66.347 0.0000000000
32569  -32.718  -36.757  64.438 0.0000000000
109008  -34.075  -36.743  63.890 0.0000000000
30973  -33.242  -38.500  64.012 0.0000000000
94810  -33.254  -39.688  64.202 0.0000000000
29376  -34.427  -41.220  64.122 0.0000000000
105156  -38.259  -40.451  63.264 0.0000000000
101067  -40.916  -35.866  63.188 0.0000000000
109395  -41.414  -36.820  63.887 0.0000000000
95903  -41.824  -37.610  63.466 0.0000000000
32589  -43.391  -36.198  63.108 0.0000000000
31818  -43.586  -37.389  62.756 0.0000000000
31009  -42.421  -38.203  62.821 0.0000000000
31036  -42.367  -38.728  61.055 0.0000000000
31047  -42.036  -39.223  59.338 0.0000000000
31088  -46.251  -38.813  56.991 0.0000000000
34256  -44.962  -34.726  57.889 0.0000000000
102423  -45.834  -35.863  57.234 0.0000000000
31877  -47.036  -37.478  56.532 0.0000000000
32663  -47.949  -36.845  55.976 0.0000000000
27734  -22.207  -42.481  70.420 0.0000000000
46731  -48.151  -19.359  59.794 0.0000000000
45843  -49.153  -20.119  59.326 0.0000000000
45061  -49.674  -21.552  58.249 0.0000000000
46763  -50.010  -19.127  57.223 0.0000000000
96257  -49.568  -20.880  57.478 0.0000000000
44273  -49.176  -22.725  57.020 0.0000000000
47641  -48.307  -18.719  51.310 0.0000000000
47643  -50.281  -18.687  51.598 0.0000000000
96818  -50.393  -16.430  48.865 0.0000000000
48423  -48.753  -16.852  49.050 0.0000000000
46842  -49.242  -19.092  50.118 0.0000000000
46827  -49.739  -19.117  50.732 0.0000000000
46829  -52.048  -19.121  52.033 0.0000000000
45945  -52.883  -20.603  51.911 0.0000000000
26270  -24.640  -44.876  68.600 0.0000000000
98250  -45.481  -30.310  62.773 0.0000000000
33373  -37.763  -35.997  62.922 0.0000000000
33359  -39.255  -36.190  63.530 0.0000000000
33375  -39.605  -36.226  62.562 0.0000000000
106720  -45.017  -30.306  63.047 0.0000000000
37464  -45.328  -30.967  63.088 0.0000000000
37465  -45.720  -31.014  62.729 0.0000000000
45827  -46.753  -20.773  60.729 0.0000000000
45023  -47.244  -21.481  61.032 0.0000000000
45841  -46.399  -19.976  60.286 0.0000000000
47631  -51.224  -17.823  53.311 0.0000000000
47638  -51.651  -18.466  52.698 0.0000000000
46814  -52.241  -19.181  52.910 0.0000000000
48428  -55.428  -17.177  47.949 0.0000000000
51549  -53.652  -12.097  47.514 0.0000000000
51532  -53.867  -12.783  48.713 0.0000000000
52306  -54.194  -12.244  48.381 0.0000000000
51542  -54.577  -12.506  48.350 0.0000000000
52310  -54.206  -11.802  48.027 0.0000000000
35855  -47.856  -32.773  57.550 0.0000000000
35840  -47.950  -31.878  57.946 0.0000000000
40909  -46.753  -26.703  61.673 0.0000000000
40914  -46.756  -25.902  61.554 0.0000000000
41812  -46.666  -25.159  61.356 0.0000000000
107987  -46.264  -25.244  60.968 0.0000000000
30092  -21.545  -39.324  71.544 0.0000000000
30902  -21.717  -38.481  71.862 0.0000000000
31720  -24.049  -36.813  71.562 0.0000000000
33309  -29.502  -35.478  68.650 0.0000000000
33298  -29.049  -35.805  69.295 0.0000000000
32525  -28.452  -36.326  69.708 0.0000000000
32526  -29.219  -36.632  69.365 0.0000000000
31738  -29.427  -37.453  69.311 0.0000000000
32536  -29.794  -36.785  68.959 0.0000000000
30959  -31.365  -37.954  65.733 0.0000000000
30134  -31.751  -39.751  65.336 0.0000000000
30975  -37.216  -37.655  63.887 0.0000000000
30974  -36.487  -37.608  63.756 0.0000000000
30992  -36.723  -38.417  63.738 0.0000000000
30164  -36.052  -39.432  63.737 0.0000000000
30165  -36.950  -39.474  63.729 0.0000000000
29387  -37.151  -40.298  63.631 0.0000000000
30166  -37.634  -39.520  63.647 0.0000000000
31008  -41.886  -38.579  62.723 0.0000000000
109359  -42.145  -35.013  62.459 0.0000000000
33412  -45.255  -35.920  61.425 0.0000000000
32610  -44.856  -36.526  61.859 0.0000000000
32621  -44.739  -36.517  61.074 0.0000000000
96722  -43.977  -36.906  60.527 0.0000000000
107298  -44.305  -36.284  60.140 0.0000000000
33429  -44.225  -35.632  59.201 0.0000000000
35839  -47.023  -32.290  58.328 0.0000000000
35036  -46.867  -33.160  57.776 0.0000000000
35037  -47.891  -33.576  57.221 0.0000000000
31717  -20.592  -37.905  71.452 0.0000000000
31716  -19.774  -38.175  70.854 0.0000000000
107492  -20.952  -39.220  71.630 0.0000000000
39167  -49.734  -28.847  57.762 0.0000000000
38353  -49.612  -29.383  57.435 0.0000000000
42683  -49.829  -24.399  57.433 0.0000000000
41842  -49.884  -25.278  57.248 0.0000000000
42692  -49.475  -24.848  56.750 0.0000000000
43475  -49.327  -23.812  56.876 0.0000000000
48350  -48.545  -17.258  57.430 0.0000000000
49960  -50.367  -15.523  48.702 0.0000000000
99558  -52.005  -19.156  48.450 0.0000000000
36645  -47.298  -31.073  60.692 0.0000000000
36638  -46.929  -30.889  61.476 0.0000000000
96919  -46.035  -28.953  62.447 0.0000000000
38292  -46.516  -29.242  62.064 0.0000000000
40006  -46.256  -27.453  61.811 0.0000000000
40016  -45.976  -27.332  61.838 0.0000000000
32518  -21.173  -36.745  69.487 0.0000000000
33306  -23.478  -35.341  68.870 0.0000000000
33357  -37.533  -36.315  63.766 0.0000000000
33342  -37.281  -36.935  64.123 0.0000000000
31794  -37.480  -37.486  63.953 0.0000000000
32575  -37.787  -37.390  64.128 0.0000000000
101041  -37.956  -37.524  64.107 0.0000000000
31795  -38.343  -37.506  64.174 0.0000000000
32577  -39.706  -37.051  64.328 0.0000000000
30979  -40.195  -37.761  63.831 0.0000000000
104178  -40.421  -37.417  63.925 0.0000000000
35792  -43.481  -32.455  62.566 0.0000000000
35781  -44.196  -32.561  63.270 0.0000000000
34960  -45.663  -33.043  62.384 0.0000000000
34182  -45.530  -33.933  62.258 0.0000000000
34205  -45.960  -34.531  61.131 0.0000000000
35826  -46.681  -32.309  60.227 0.0000000000
32532  -20.948  -36.819  68.722 0.0000000000
31722  -20.593  -37.179  69.497 0.0000000000
42667  -48.810  -24.308  60.302 0.0000000000
114154  -49.271  -24.670  59.892 0.0000000000
44242  -49.046  -22.305  60.059 0.0000000000
104295  -49.368  -23.009  59.679 0.0000000000
44250  -49.608  -22.345  59.275 0.0000000000
44251  -49.923  -23.124  58.929 0.0000000000
99158  -49.536  -16.948  54.794 0.0000000000
48377  -49.883  -16.852  55.505 0.0000000000
113500  -50.493  -17.030  55.214 0.0000000000
47621  -51.727  -18.647  54.171 0.0000000000
102309  -51.456  -18.330  54.822 0.0000000000
46790  -51.744  -19.308  54.668 0.0000000000
45900  -51.640  -19.783  55.104 0.0000000000
45110  -52.080  -21.259  53.938 0.0000000000
98160  -52.512  -15.252  49.170 0.0000000000
46883  -53.714  -19.091  48.156 0.0000000000
47629  -49.205  -17.787  52.995 0.0000000000
95364  -48.658  -18.402  52.239 0.0000000000
50753  -52.492  -13.786  48.258 0.0000000000
108845  -51.720  -14.481  47.541 0.0000000000
50752  -51.530  -14.591  48.419 0.0000000000
94807  -51.992  -14.333  48.865 0.0000000000
49962  -52.036  -14.738  49.120 0.0000000000
50718  -53.996  -13.864  49.252 0.0000000000
49950  -53.728  -14.469  49.266 0.0000000000
49964  -54.458  -14.519  49.022 0.0000000000
49214  -54.983  -16.094  48.448 0.0000000000
49965  -54.931  -15.254  48.702 0.0000000000
49972  -55.577  -15.656  48.107 0.0000000000
53074  -54.321  -11.012  47.332 0.0000000000
52326  -54.942  -11.252  46.897 0.0000000000
52327  -55.279  -12.390  46.698 0.0000000000
34292  -48.513  -34.546  55.939 0.0000000000
35083  -48.380  -34.002  55.647 0.0000000000
35066  -48.512  -33.675  56.120 0.0000000000
36663  -48.743  -30.938  58.028 0.0000000000
98510  -49.000  -31.203  57.498 0.0000000000
36664  -49.121  -30.678  57.769 0.0000000000
37508  -49.261  -30.141  58.144 0.0000000000
37502  -48.954  -30.076  58.723 0.0000000000
37489  -47.460  -30.369  60.973 0.0000000000
38316  -47.779  -29.671  60.829 0.0000000000
40018  -48.153  -27.581  60.814 0.0000000000
39134  -48.239  -28.422  60.590 0.0000000000
105173  -48.655  -27.843  60.197 0.0000000000
40930  -48.607  -25.863  60.519 0.0000000000
40915  -48.032  -25.639  61.118 0.0000000000
42665  -46.809  -23.636  61.065 0.0000000000
43438  -47.204  -23.593  61.164 0.0000000000
27735  -23.256  -42.663  70.619 0.0000000000
28525  -23.086  -41.949  70.713 0.0000000000
30104  -22.545  -40.164  70.442 0.0000000000
31715  -23.225  -36.916  72.006 0.0000000000
31747  -24.158  -37.163  68.665 0.0000000000
31748  -24.960  -36.847  68.571 0.0000000000
94898  -25.173  -37.019  67.338 0.0000000000
34109  -26.411  -35.414  70.445 0.0000000000
33286  -26.317  -35.748  70.586 0.0000000000
33287  -26.872  -35.806  70.372 0.0000000000
31725  -27.625  -37.080  69.624 0.0000000000
31750  -26.400  -37.155  68.310 0.0000000000
30942  -27.113  -37.830  66.602 0.0000000000
30930  -29.088  -39.066  68.494 0.0000000000
95586  -28.401  -38.851  67.695 0.0000000000
30118  -29.275  -39.434  67.616 0.0000000000
103149  -30.695  -39.412  67.014 0.0000000000
30120  -30.549  -39.777  66.842 0.0000000000
29357  -30.792  -39.991  66.181 0.0000000000
29365  -31.187  -40.340  65.412 0.0000000000
103449  -32.430  -40.317  64.718 0.0000000000
28555  -31.777  -40.998  64.975 0.0000000000
28564  -32.381  -41.536  64.533 0.0000000000
28565  -33.104  -41.779  64.428 0.0000000000
31807  -34.501  -37.363  63.683 0.0000000000
30989  -33.971  -38.050  63.625 0.0000000000
31790  -33.458  -37.296  63.902 0.0000000000
30162  -34.037  -38.988  63.822 0.0000000000
28566  -34.647  -42.137  64.236 0.0000000000
28574  -37.368  -41.611  63.330 0.0000000000
27787  -37.130  -42.213  63.343 0.0000000000
27788  -37.776  -41.918  62.948 0.0000000000
30993  -38.787  -38.796  63.640 0.0000000000
30167  -38.268  -39.657  63.529 0.0000000000
33376  -40.591  -35.970  62.333 0.0000000000
33362  -42.421  -35.845  63.403 0.0000000000
33347  -41.879  -36.359  63.721 0.0000000000
32579  -41.959  -36.865  63.707 0.0000000000
31798  -42.309  -37.182  63.487 0.0000000000
34174  -44.191  -34.586  62.908 0.0000000000
34173  -43.591  -34.741  63.077 0.0000000000
33364  -43.737  -35.388  62.963 0.0000000000
32598  -43.861  -36.685  62.807 0.0000000000
31817  -43.114  -38.016  62.476 0.0000000000
31024  -42.405  -38.621  62.095 0.0000000000
31825  -43.093  -38.191  61.599 0.0000000000
31842  -42.432  -38.236  59.202 0.0000000000
102057  -42.196  -38.697  60.062 0.0000000000
31063  -42.443  -39.042  58.612 0.0000000000
111756  -44.328  -37.772  57.436 0.0000000000
34221  -45.475  -34.414  59.830 0.0000000000
34237  -44.750  -34.806  58.759 0.0000000000
34238  -45.334  -34.103  58.527 0.0000000000
34258  -46.612  -34.608  57.286 0.0000000000
102810  -45.677  -35.008  57.406 0.0000000000
31867  -47.066  -37.334  56.675 0.0000000000
32645  -47.415  -36.707  56.655 0.0000000000
31892  -47.418  -37.494  56.096 0.0000000000
32646  -47.513  -36.854  56.446 0.0000000000
33471  -48.445  -34.977  56.166 0.0000000000
33470  -48.264  -35.760  56.202 0.0000000000
33483  -48.427  -35.348  55.808 0.0000000000
29330  -21.481  -40.701  70.989 0.0000000000
28516  -20.974  -41.095  70.847 0.0000000000
28517  -21.870  -41.610  70.778 0.0000000000
27743  -22.862  -43.159  70.281 0.0000000000
41838  -50.311  -26.026  57.954 0.0000000000
40071  -49.971  -27.307  57.517 0.0000000000
40976  -50.008  -26.523  57.396 0.0000000000
47547  -46.306  -18.604  59.389 0.0000000000
46729  -46.675  -19.225  60.026 0.0000000000
47562  -48.961  -18.524  58.292 0.0000000000
46742  -49.070  -19.396  58.749 0.0000000000
45856  -49.461  -20.054  58.569 0.0000000000
104506  -49.604  -20.808  58.372 0.0000000000
95898  -50.665  -17.999  56.342 0.0000000000
47587  -50.231  -18.005  56.848 0.0000000000
46764  -50.401  -18.559  56.731 0.0000000000
108981  -49.791  -20.504  56.474 0.0000000000
45072  -49.312  -21.214  56.597 0.0000000000
102026  -49.320  -21.793  57.165 0.0000000000
44272  -48.808  -21.874  56.221 0.0000000000
47642  -49.218  -18.609  51.499 0.0000000000
110949  -51.190  -16.686  48.574 0.0000000000
48424  -49.786  -17.528  49.003 0.0000000000
98561  -49.078  -18.182  49.349 0.0000000000
47656  -48.861  -18.619  49.749 0.0000000000
46854  -49.629  -19.086  49.613 0.0000000000
46843  -50.161  -19.448  50.086 0.0000000000
46828  -51.091  -19.380  50.966 0.0000000000
46844  -52.435  -19.781  51.439 0.0000000000
36637  -46.295  -30.938  62.251 0.0000000000
97166  -45.769  -28.715  62.353 0.0000000000
32576  -38.590  -37.274  64.325 0.0000000000
36628  -44.107  -31.657  63.020 0.0000000000
36621  -44.784  -32.028  63.324 0.0000000000
36629  -44.898  -31.404  63.305 0.0000000000
35793  -45.590  -32.191  62.705 0.0000000000
108243  -45.974  -32.977  62.103 0.0000000000
36631  -45.890  -31.690  62.497 0.0000000000
44227  -48.028  -22.925  60.893 0.0000000000
44241  -48.347  -22.251  60.745 0.0000000000
45024  -47.966  -21.476  60.982 0.0000000000
45829  -48.319  -20.711  60.588 0.0000000000
48401  -50.793  -17.269  54.001 0.0000000000
46802  -52.124  -19.520  53.834 0.0000000000
45919  -52.251  -20.595  53.732 0.0000000000
46803  -52.496  -20.214  53.138 0.0000000000
45931  -52.693  -20.738  52.613 0.0000000000
49213  -54.194  -15.866  48.797 0.0000000000
51540  -53.381  -12.818  48.097 0.0000000000
50737  -53.511  -13.346  48.948 0.0000000000
51525  -53.914  -13.297  49.061 0.0000000000
50738  -54.551  -13.701  48.870 0.0000000000
109518  -55.245  -14.022  48.395 0.0000000000
51534  -54.893  -13.213  48.415 0.0000000000
108381  -55.082  -12.803  47.972 0.0000000000
95311  -55.060  -11.232  46.029 0.0000000000
51564  -55.037  -13.102  44.516 0.0000000000
112568  -48.542  -32.968  56.871 0.0000000000
95047  -48.586  -32.431  57.242 0.0000000000
39123  -46.833  -28.499  61.800 0.0000000000
39133  -47.534  -28.237  61.344 0.0000000000
105097  -47.253  -26.808  61.590 0.0000000000
41813  -47.105  -25.072  61.486 0.0000000000
43442  -46.422  -23.738  60.641 0.0000000000
28518  -22.335  -41.120  70.805 0.0000000000
30100  -21.733  -39.938  71.097 0.0000000000
30101  -22.210  -39.414  71.079 0.0000000000
33296  -27.684  -35.639  69.995 0.0000000000
31726  -28.343  -37.102  69.630 0.0000000000
31736  -28.348  -37.769  69.248 0.0000000000
30929  -28.342  -38.384  68.552 0.0000000000
109452  -29.564  -38.846  68.839 0.0000000000
30133  -31.140  -40.025  65.872 0.0000000000
32573  -36.285  -37.117  63.795 0.0000000000
31792  -36.002  -37.167  63.730 0.0000000000
30163  -35.028  -39.276  63.729 0.0000000000
95567  -39.902  -38.239  63.676 0.0000000000
30994  -39.490  -38.905  63.469 0.0000000000
30204  -41.262  -39.664  61.336 0.0000000000
114039  -41.522  -39.599  60.916 0.0000000000
33377  -41.524  -35.652  62.742 0.0000000000
32599  -44.547  -36.304  62.398 0.0000000000
31835  -43.566  -37.599  61.024 0.0000000000
31843  -43.104  -37.319  59.674 0.0000000000
106807  -42.917  -37.508  58.513 0.0000000000
103310  -43.284  -36.853  58.711 0.0000000000
32635  -43.388  -36.976  58.042 0.0000000000
32642  -44.097  -36.927  57.558 0.0000000000
35004  -46.309  -32.906  59.855 0.0000000000
35019  -45.939  -33.487  58.188 0.0000000000
35035  -46.398  -33.834  57.613 0.0000000000
34259  -47.734  -35.082  56.871 0.0000000000
33457  -47.875  -36.090  56.500 0.0000000000
34260  -48.157  -34.351  56.781 0.0000000000
31721  -19.777  -37.772  69.641 0.0000000000
30091  -19.990  -39.441  71.230 0.0000000000
29321  -21.196  -39.927  71.335 0.0000000000
41843  -50.125  -25.644  57.580 0.0000000000
48337  -46.969  -17.708  58.426 0.0000000000
47560  -47.515  -18.060  58.880 0.0000000000
48338  -48.045  -17.587  58.192 0.0000000000
107022  -49.426  -18.207  57.718 0.0000000000
45899  -51.200  -19.730  55.716 0.0000000000
113145  -51.661  -18.504  48.238 0.0000000000
48425  -50.926  -17.739  48.415 0.0000000000
46869  -50.680  -19.279  49.399 0.0000000000
52317  -54.115  -11.525  47.762 0.0000000000
104239  -54.424  -10.057  46.661 0.0000000000
36654  -47.623  -31.137  59.621 0.0000000000
38304  -47.106  -29.698  61.541 0.0000000000
38303  -46.467  -30.059  62.088 0.0000000000
103261  -46.375  -26.676  61.561 0.0000000000
31718  -21.091  -37.230  71.259 0.0000000000
31713  -21.457  -37.718  71.855 0.0000000000
107609  -21.513  -36.747  70.932 0.0000000000
32511  -22.114  -36.380  71.049 0.0000000000
108975  -22.783  -36.051  71.206 0.0000000000
33282  -23.304  -35.692  70.810 0.0000000000
33295  -24.764  -35.108  70.441 0.0000000000
31777  -31.911  -37.323  64.894 0.0000000000
31796  -39.052  -37.472  64.221 0.0000000000
30978  -39.464  -37.770  64.009 0.0000000000
30995  -40.704  -38.207  63.473 0.0000000000
30996  -41.705  -38.090  63.252 0.0000000000
34958  -43.004  -33.401  62.511 0.0000000000
96126  -44.128  -33.983  63.172 0.0000000000
110527  -44.544  -33.937  62.857 0.0000000000
35782  -44.764  -32.738  63.236 0.0000000000
34946  -44.648  -33.372  63.005 0.0000000000
108545  -44.887  -34.349  62.578 0.0000000000
33380  -45.389  -34.871  62.173 0.0000000000
33396  -45.607  -35.175  61.630 0.0000000000
33413  -45.475  -35.242  60.801 0.0000000000
34987  -46.145  -33.730  60.515 0.0000000000
34974  -46.246  -32.903  61.787 0.0000000000
34988  -46.464  -33.048  60.963 0.0000000000
103593  -46.636  -32.330  59.276 0.0000000000
40028  -49.546  -26.926  59.418 0.0000000000
40038  -49.982  -26.941  58.833 0.0000000000
40948  -49.935  -26.198  59.131 0.0000000000
41831  -49.764  -25.129  59.420 0.0000000000
110131  -50.233  -24.927  58.765 0.0000000000
43445  -49.053  -23.612  60.016 0.0000000000
43451  -49.691  -23.682  59.387 0.0000000000
42679  -50.183  -24.388  58.422 0.0000000000
43458  -50.022  -23.678  58.453 0.0000000000
43457  -49.891  -23.033  58.182 0.0000000000
94578  -48.368  -17.046  56.207 0.0000000000
48364  -48.963  -16.926  56.819 0.0000000000
48365  -49.726  -17.036  56.468 0.0000000000
47603  -51.147  -18.065  55.615 0.0000000000
48392  -50.956  -17.368  54.866 0.0000000000
49961  -51.199  -15.293  48.899 0.0000000000
112170  -52.935  -17.163  48.013 0.0000000000
38301  -44.575  -29.496  61.672 0.0000000000
34972  -42.494  -33.182  61.312 0.0000000000
35803  -43.133  -32.074  61.810 0.0000000000
37475  -43.837  -31.049  62.258 0.0000000000
37476  -44.374  -30.260  62.205 0.0000000000
45839  -45.310  -19.582  59.082 0.0000000000
102847  -45.956  -19.323  59.710 0.0000000000
111201  -45.333  -18.455  58.380 0.0000000000
47558  -45.566  -18.047  58.221 0.0000000000
48362  -46.246  -17.828  56.863 0.0000000000
48363  -47.358  -17.398  56.783 0.0000000000
48375  -47.520  -17.518  55.830 0.0000000000
48389  -48.077  -17.403  55.199 0.0000000000
48390  -48.755  -17.316  54.521 0.0000000000
47619  -48.561  -17.759  53.664 0.0000000000
48400  -49.678  -17.252  53.926 0.0000000000
49971  -50.858  -14.868  47.892 0.0000000000
50734  -50.842  -14.969  48.578 0.0000000000
49963  -53.477  -15.210  49.164 0.0000000000
48436  -55.995  -17.246  47.673 0.0000000000
105466  -55.736  -14.768  47.956 0.0000000000
52319  -55.187  -12.468  47.429 0.0000000000
35856  -48.937  -31.926  57.072 0.0000000000
36682  -49.169  -31.272  56.854 0.0000000000
38340  -49.549  -29.556  57.941 0.0000000000
107507  -49.631  -28.974  58.301 0.0000000000
36655  -48.327  -30.745  58.911 0.0000000000
37501  -48.496  -30.298  59.207 0.0000000000
38317  -48.368  -29.226  60.197 0.0000000000
38328  -48.716  -29.727  59.382 0.0000000000
39157  -48.963  -29.116  59.432 0.0000000000
39158  -49.443  -28.559  59.022 0.0000000000
42666  -48.093  -24.227  60.913 0.0000000000
41814  -47.709  -24.979  61.252 0.0000000000
43439  -47.745  -23.563  61.005 0.0000000000
45021  -46.410  -21.270  60.479 0.0000000000
38302  -45.180  -28.893  62.136 0.0000000000
95247  -45.531  -27.715  61.242 0.0000000000
98008  -45.458  -27.473  60.236 0.0000000000
40026  -45.787  -26.970  61.015 0.0000000000
40929  -45.969  -26.084  60.742 0.0000000000
108383  -46.012  -25.326  60.269 0.0000000000
42671  -46.178  -24.568  60.426 0.0000000000
45855  -45.482  -20.447  59.231 0.0000000000
26990  -24.143  -43.793  69.843 0.0000000000
26991  -25.034  -43.732  69.189 0.0000000000
27744  -24.826  -43.059  69.340 0.0000000000
30903  -22.369  -38.202  71.825 0.0000000000
33307  -24.292  -34.948  69.231 0.0000000000
34107  -25.430  -34.985  70.425 0.0000000000
32522  -26.080  -36.385  70.399 0.0000000000
32523  -26.896  -36.401  70.145 0.0000000000
31734  -25.864  -36.866  69.145 0.0000000000
30922  -30.060  -38.538  68.625 0.0000000000
30119  -30.063  -39.894  67.217 0.0000000000
32560  -32.258  -36.221  65.072 0.0000000000
31789  -32.507  -37.890  64.366 0.0000000000
32571  -34.366  -36.399  63.999 0.0000000000
29375  -33.336  -40.983  64.331 0.0000000000
30146  -34.210  -40.104  64.081 0.0000000000
98972  -33.844  -41.869  64.318 0.0000000000
29389  -38.934  -39.882  63.337 0.0000000000
29388  -38.502  -40.839  62.772 0.0000000000
28584  -38.249  -41.621  62.500 0.0000000000
33360  -40.115  -36.002  63.230 0.0000000000
33361  -41.560  -35.925  63.553 0.0000000000
33346  -41.101  -36.350  64.005 0.0000000000
32578  -40.759  -37.084  64.035 0.0000000000
31797  -41.349  -37.306  63.737 0.0000000000
33363  -43.105  -35.602  63.220 0.0000000000
32590  -43.987  -35.972  62.783 0.0000000000
31811  -43.153  -36.953  63.226 0.0000000000
31810  -42.651  -37.645  63.155 0.0000000000
31023  -41.842  -39.212  61.389 0.0000000000
31035  -41.764  -39.382  60.367 0.0000000000
33443  -44.324  -35.365  58.083 0.0000000000
110583  -44.301  -35.987  57.675 0.0000000000
33455  -44.906  -35.477  57.538 0.0000000000
32643  -45.281  -36.602  57.260 0.0000000000
31909  -47.568  -37.095  55.499 0.0000000000
100337  -47.948  -36.480  56.237 0.0000000000
39168  -49.872  -28.067  57.659 0.0000000000
46721  -47.078  -19.908  60.583 0.0000000000
46722  -47.852  -19.921  60.466 0.0000000000
45842  -48.591  -20.052  59.983 0.0000000000
47548  -47.814  -18.722  59.286 0.0000000000
46732  -48.713  -19.573  59.394 0.0000000000
45830  -49.019  -20.823  59.898 0.0000000000
107018  -49.645  -21.607  58.843 0.0000000000
44265  -49.720  -22.014  57.931 0.0000000000
48351  -49.696  -17.718  57.172 0.0000000000
47574  -49.889  -18.407  57.264 0.0000000000
45885  -49.969  -19.829  56.977 0.0000000000
45871  -49.668  -19.948  57.781 0.0000000000
94780  -47.904  -18.745  51.912 0.0000000000
102014  -50.572  -15.768  48.847 0.0000000000
49209  -49.618  -16.144  48.766 0.0000000000
112185  -48.967  -16.357  48.834 0.0000000000
95061  -48.334  -18.504  50.133 0.0000000000
47644  -51.261  -18.698  51.943 0.0000000000
45961  -52.973  -20.431  51.026 0.0000000000
105288  -53.128  -21.420  51.515 0.0000000000
45136  -52.911  -22.245  51.793 0.0000000000
26989  -23.017  -43.681  69.592 0.0000000000
29320  -20.625  -39.866  71.313 0.0000000000
31737  -28.967  -37.779  69.431 0.0000000000
32515  -26.275  -35.995  70.685 0.0000000000
32644  -46.703  -36.767  57.011 0.0000000000
32655  -47.608  -36.983  56.268 0.0000000000
33482  -48.241  -36.159  55.852 0.0000000000
34278  -48.379  -34.377  56.404 0.0000000000
34961  -45.944  -32.472  62.257 0.0000000000
35053  -48.463  -33.618  56.450 0.0000000000
35783  -45.219  -32.844  62.862 0.0000000000
36622  -45.334  -31.694  63.105 0.0000000000
36643  -43.254  -31.488  61.362 0.0000000000
38305  -47.729  -29.061  61.069 0.0000000000
39132  -45.659  -28.184  61.999 0.0000000000
39145  -49.202  -27.744  59.592 0.0000000000
40053  -49.821  -28.264  58.258 0.0000000000
40054  -50.074  -27.371  58.173 0.0000000000
40964  -50.182  -26.740  57.834 0.0000000000
41826  -49.049  -25.133  60.123 0.0000000000
41832  -50.245  -25.653  58.650 0.0000000000
42661  -47.419  -24.262  61.231 0.0000000000
42673  -50.000  -24.346  59.126 0.0000000000
43466  -50.020  -23.977  57.993 0.0000000000
45025  -48.720  -21.536  60.421 0.0000000000
46730  -47.452  -19.246  60.046 0.0000000000
47549  -48.466  -18.965  58.984 0.0000000000
47559  -45.997  -18.023  58.779 0.0000000000
99421  -46.236  -20.619  60.329 0.0000000000
99504  -49.310  -17.244  57.106 0.0000000000
103999  -49.453  -20.848  59.119 0.0000000000
104451  -47.475  -23.014  61.033 0.0000000000
105648  -46.210  -38.614  57.137 0.0000000000
108876  -40.671  -36.084  63.773 0.0000000000
109272  -49.224  -16.854  56.108 0.0000000000
112471  -49.697  -17.336  56.817 0.0000000000
113279  -49.601  -22.576  57.631 0.0000000000
