#!ascii label  , from subject sub-v1s4x0050700_ses-1 vox2ras=TkReg
1443
52619  -42.670  -30.878  43.801 0.0000000000
62250  -54.830  -19.500  38.124 0.0000000000
57438  -49.384  -25.184  39.793 0.0000000000
28897  -21.037  -54.984  63.902 0.0000000000
120136  -39.666  -32.587  49.225 0.0000000000
34443  -37.109  -49.158  61.156 0.0000000000
40247  -44.660  -43.713  60.473 0.0000000000
44964  -47.102  -38.735  52.983 0.0000000000
48702  -45.225  -34.478  52.750 0.0000000000
31620  -29.577  -52.460  57.517 0.0000000000
31559  -33.609  -52.725  62.824 0.0000000000
34497  -32.935  -49.015  56.970 0.0000000000
38459  -40.247  -44.992  54.800 0.0000000000
41279  -43.771  -42.089  53.948 0.0000000000
52562  -46.027  -30.330  49.356 0.0000000000
55486  -47.660  -27.273  46.901 0.0000000000
60294  -52.270  -23.045  38.526 0.0000000000
55526  -45.167  -27.436  41.645 0.0000000000
65040  -52.788  -17.545  33.482 0.0000000000
26055  -17.280  -58.332  65.682 0.0000000000
52510  -44.355  -31.224  52.334 0.0000000000
51575  -40.556  -30.967  47.250 0.0000000000
38431  -35.325  -45.222  56.768 0.0000000000
36437  -41.587  -47.895  61.167 0.0000000000
123659  -49.376  -24.685  44.723 0.0000000000
69320  -58.682  -11.250  32.230 0.0000000000
44081  -44.296  -39.310  51.635 0.0000000000
45906  -44.227  -37.312  50.703 0.0000000000
32501  -31.388  -51.289  57.606 0.0000000000
40372  -40.564  -42.606  51.440 0.0000000000
42261  -42.371  -41.360  51.650 0.0000000000
43120  -45.333  -40.373  53.621 0.0000000000
52591  -44.472  -30.710  46.532 0.0000000000
53598  -46.757  -29.059  47.676 0.0000000000
53610  -45.359  -29.396  45.418 0.0000000000
61291  -53.173  -20.918  37.880 0.0000000000
60278  -55.269  -22.394  40.423 0.0000000000
64104  -55.384  -17.815  37.596 0.0000000000
28917  -18.314  -54.736  62.009 0.0000000000
27920  -19.191  -55.939  65.003 0.0000000000
49697  -42.940  -33.945  50.866 0.0000000000
49655  -44.606  -32.797  53.421 0.0000000000
50623  -42.030  -31.753  51.001 0.0000000000
52558  -42.126  -30.732  50.170 0.0000000000
116027  -39.368  -31.379  48.801 0.0000000000
32464  -35.183  -50.995  61.927 0.0000000000
31543  -35.893  -52.211  65.282 0.0000000000
33378  -36.964  -50.929  64.528 0.0000000000
136329  -39.289  -49.541  64.071 0.0000000000
40290  -32.411  -43.613  55.332 0.0000000000
124935  -35.054  -43.940  53.998 0.0000000000
38436  -42.866  -45.498  56.751 0.0000000000
37509  -41.273  -46.916  57.240 0.0000000000
131230  -42.804  -45.355  60.656 0.0000000000
115214  -43.619  -48.099  63.222 0.0000000000
30731  -24.500  -53.450  60.092 0.0000000000
29797  -28.298  -54.704  62.323 0.0000000000
28887  -28.505  -55.375  64.798 0.0000000000
57415  -47.042  -25.947  40.744 0.0000000000
56420  -47.551  -26.381  43.045 0.0000000000
57395  -49.515  -25.214  42.459 0.0000000000
69331  -59.940  -11.549  30.335 0.0000000000
27904  -21.070  -55.929  67.052 0.0000000000
45863  -48.673  -37.349  55.658 0.0000000000
47740  -47.486  -35.283  55.686 0.0000000000
46822  -47.109  -36.537  52.267 0.0000000000
47803  -43.706  -35.819  50.183 0.0000000000
29831  -30.402  -54.569  59.724 0.0000000000
29798  -32.702  -55.085  62.080 0.0000000000
30749  -31.952  -52.921  59.910 0.0000000000
32484  -33.942  -51.313  59.966 0.0000000000
34459  -35.254  -49.258  59.560 0.0000000000
39427  -36.536  -44.244  52.543 0.0000000000
138871  -38.411  -43.896  52.194 0.0000000000
139099  -41.801  -43.918  54.231 0.0000000000
40278  -44.735  -44.087  56.968 0.0000000000
42209  -45.676  -41.490  56.577 0.0000000000
44019  -47.370  -39.291  56.314 0.0000000000
31617  -26.981  -52.749  57.596 0.0000000000
52529  -47.997  -30.168  51.786 0.0000000000
54499  -50.761  -28.219  53.698 0.0000000000
54528  -48.499  -28.539  50.528 0.0000000000
55461  -48.817  -27.138  49.638 0.0000000000
58417  -50.821  -24.623  38.962 0.0000000000
117915  -51.695  -24.640  41.826 0.0000000000
135487  -53.789  -23.869  41.351 0.0000000000
21343  -14.513  -63.170  69.041 0.0000000000
53636  -43.995  -28.986  42.787 0.0000000000
56460  -43.716  -26.217  39.632 0.0000000000
58442  -47.265  -24.076  38.047 0.0000000000
59386  -49.011  -23.001  37.158 0.0000000000
61302  -50.557  -21.434  36.641 0.0000000000
62269  -51.898  -19.988  35.706 0.0000000000
63213  -53.907  -19.127  35.345 0.0000000000
64122  -50.853  -18.920  34.348 0.0000000000
26924  -19.665  -57.457  68.991 0.0000000000
26025  -17.768  -58.885  69.584 0.0000000000
23239  -15.560  -61.217  70.411 0.0000000000
137632  -48.823  -30.648  56.485 0.0000000000
49642  -46.391  -33.160  55.711 0.0000000000
51484  -46.322  -31.798  54.723 0.0000000000
51493  -46.872  -31.238  53.986 0.0000000000
137155  -44.977  -30.618  51.201 0.0000000000
51548  -43.025  -30.825  48.176 0.0000000000
51593  -41.367  -31.291  45.191 0.0000000000
29758  -34.722  -54.493  65.276 0.0000000000
37503  -33.951  -46.036  57.423 0.0000000000
36473  -36.286  -47.295  58.618 0.0000000000
38445  -37.402  -45.356  55.348 0.0000000000
36493  -38.478  -47.598  57.527 0.0000000000
34445  -39.057  -49.291  60.905 0.0000000000
35440  -41.417  -48.789  63.277 0.0000000000
30712  -20.405  -53.376  61.657 0.0000000000
137859  -22.357  -53.053  60.868 0.0000000000
29777  -23.093  -54.806  63.298 0.0000000000
133239  -45.856  -27.989  43.873 0.0000000000
57356  -48.397  -25.451  45.565 0.0000000000
59267  -49.678  -23.162  47.589 0.0000000000
59298  -52.758  -23.254  44.679 0.0000000000
65020  -55.408  -17.307  35.641 0.0000000000
66762  -56.392  -15.079  35.684 0.0000000000
68440  -58.118  -13.046  35.652 0.0000000000
118163  -57.561  -13.731  31.811 0.0000000000
67612  -59.495  -13.491  34.382 0.0000000000
44094  -42.557  -39.670  50.360 0.0000000000
44109  -42.734  -38.931  50.191 0.0000000000
44118  -41.821  -39.051  49.250 0.0000000000
42268  -41.381  -41.420  50.517 0.0000000000
43158  -41.711  -40.747  50.170 0.0000000000
43147  -43.354  -40.339  51.617 0.0000000000
51595  -43.549  -31.008  45.512 0.0000000000
52600  -44.964  -30.124  45.906 0.0000000000
52620  -44.121  -29.878  44.194 0.0000000000
61292  -53.887  -20.512  38.119 0.0000000000
61283  -54.654  -20.895  38.690 0.0000000000
62242  -55.430  -20.165  38.806 0.0000000000
63185  -55.938  -19.270  38.644 0.0000000000
63194  -55.097  -18.659  37.862 0.0000000000
29788  -19.148  -54.539  62.396 0.0000000000
28895  -18.800  -55.486  63.416 0.0000000000
28883  -19.692  -55.482  64.560 0.0000000000
49716  -41.232  -33.504  49.830 0.0000000000
50636  -41.993  -32.590  50.960 0.0000000000
50650  -40.905  -32.661  50.043 0.0000000000
51534  -40.453  -31.424  49.636 0.0000000000
50660  -39.744  -31.720  49.301 0.0000000000
27933  -30.703  -56.931  63.305 0.0000000000
33416  -36.251  -49.983  61.938 0.0000000000
33392  -36.052  -50.630  63.518 0.0000000000
34398  -37.291  -49.928  63.804 0.0000000000
133628  -38.192  -50.142  64.379 0.0000000000
117065  -38.049  -49.165  62.563 0.0000000000
126218  -43.502  -44.916  58.477 0.0000000000
38406  -42.818  -45.560  58.659 0.0000000000
38400  -43.361  -44.697  60.290 0.0000000000
115222  -44.278  -45.627  61.846 0.0000000000
29818  -29.241  -54.991  61.056 0.0000000000
28909  -29.529  -55.744  62.394 0.0000000000
27932  -29.899  -56.440  63.766 0.0000000000
53509  -51.049  -29.634  56.108 0.0000000000
57436  -47.410  -25.570  40.042 0.0000000000
56442  -48.060  -25.881  41.745 0.0000000000
136996  -49.925  -25.183  41.232 0.0000000000
44953  -48.269  -38.113  54.449 0.0000000000
46817  -48.317  -36.951  54.365 0.0000000000
45879  -47.514  -37.216  52.619 0.0000000000
46858  -44.361  -36.455  50.595 0.0000000000
47811  -42.900  -35.779  49.595 0.0000000000
136188  -42.781  -35.076  49.738 0.0000000000
29845  -29.846  -53.718  58.757 0.0000000000
29840  -30.955  -54.115  59.520 0.0000000000
30759  -30.961  -52.935  58.733 0.0000000000
33474  -32.130  -50.106  56.852 0.0000000000
32492  -32.407  -51.224  58.413 0.0000000000
33450  -33.425  -50.498  58.469 0.0000000000
33441  -34.388  -50.567  59.549 0.0000000000
34486  -33.953  -48.887  58.195 0.0000000000
40355  -37.286  -43.721  51.172 0.0000000000
41287  -42.304  -42.396  52.844 0.0000000000
40342  -41.185  -43.200  52.886 0.0000000000
40325  -42.901  -43.209  54.180 0.0000000000
40293  -43.944  -43.883  55.553 0.0000000000
40310  -44.021  -43.136  55.072 0.0000000000
41246  -45.434  -42.282  56.571 0.0000000000
41264  -44.817  -42.114  55.161 0.0000000000
44054  -45.839  -39.764  53.122 0.0000000000
43106  -46.104  -40.118  54.807 0.0000000000
44042  -47.327  -39.166  54.595 0.0000000000
44929  -48.041  -38.756  55.822 0.0000000000
31619  -28.369  -52.590  57.274 0.0000000000
52545  -46.835  -30.354  50.632 0.0000000000
53552  -48.193  -29.579  51.246 0.0000000000
53565  -47.366  -29.677  50.191 0.0000000000
54559  -47.281  -28.422  47.651 0.0000000000
54552  -47.704  -28.170  48.378 0.0000000000
55472  -48.150  -27.387  48.317 0.0000000000
56352  -48.953  -26.328  49.178 0.0000000000
56372  -48.406  -26.107  47.367 0.0000000000
59364  -52.188  -23.966  38.949 0.0000000000
58419  -52.368  -24.450  39.681 0.0000000000
59355  -52.925  -23.985  39.530 0.0000000000
60272  -56.914  -21.159  42.062 0.0000000000
59377  -48.642  -23.630  37.565 0.0000000000
60312  -47.769  -22.466  36.683 0.0000000000
61312  -49.378  -21.103  35.997 0.0000000000
62267  -49.807  -20.477  35.624 0.0000000000
62257  -51.557  -20.572  36.422 0.0000000000
62276  -51.215  -19.901  35.273 0.0000000000
63222  -51.474  -19.434  34.604 0.0000000000
26996  -17.124  -57.196  63.721 0.0000000000
26044  -16.792  -58.909  66.062 0.0000000000
28829  -22.152  -55.945  69.204 0.0000000000
132924  -20.269  -56.599  67.861 0.0000000000
27871  -20.994  -56.661  70.339 0.0000000000
26015  -18.906  -58.599  71.472 0.0000000000
25100  -17.771  -59.712  71.455 0.0000000000
25109  -16.503  -59.828  69.606 0.0000000000
24208  -16.712  -60.877  71.245 0.0000000000
22305  -16.379  -62.106  70.680 0.0000000000
47749  -46.817  -35.115  54.301 0.0000000000
48676  -47.007  -34.480  56.090 0.0000000000
48681  -45.530  -33.905  54.461 0.0000000000
50606  -44.678  -32.152  53.199 0.0000000000
50607  -45.265  -32.483  53.924 0.0000000000
51492  -45.303  -31.892  53.517 0.0000000000
51485  -47.140  -31.301  55.036 0.0000000000
52499  -45.550  -31.433  53.137 0.0000000000
139509  -45.992  -30.824  52.079 0.0000000000
52525  -44.576  -30.796  51.908 0.0000000000
51546  -40.918  -30.731  48.880 0.0000000000
52574  -42.530  -30.621  49.164 0.0000000000
51560  -42.525  -31.076  47.372 0.0000000000
51577  -42.631  -31.291  46.422 0.0000000000
117384  -41.052  -31.208  46.125 0.0000000000
30703  -33.159  -53.440  62.514 0.0000000000
29783  -33.629  -54.592  63.646 0.0000000000
30690  -34.172  -53.946  64.583 0.0000000000
39358  -34.136  -44.680  56.356 0.0000000000
39369  -32.957  -44.527  56.087 0.0000000000
38420  -34.980  -45.628  57.323 0.0000000000
37491  -35.419  -46.586  58.258 0.0000000000
37506  -35.937  -46.337  57.990 0.0000000000
38473  -38.084  -44.740  53.807 0.0000000000
38471  -36.917  -44.758  53.995 0.0000000000
124810  -38.876  -45.479  55.113 0.0000000000
35532  -41.205  -48.042  58.649 0.0000000000
36495  -40.152  -47.767  57.346 0.0000000000
129034  -40.654  -48.686  58.868 0.0000000000
35507  -39.195  -49.053  59.107 0.0000000000
128570  -40.456  -49.181  60.339 0.0000000000
35473  -40.489  -48.989  62.055 0.0000000000
35474  -41.113  -48.600  61.615 0.0000000000
115237  -46.673  -40.734  59.432 0.0000000000
30730  -23.332  -53.204  60.369 0.0000000000
29812  -24.004  -54.196  61.758 0.0000000000
29810  -22.284  -53.918  62.000 0.0000000000
28866  -29.069  -56.109  66.156 0.0000000000
54597  -44.544  -28.289  42.442 0.0000000000
54590  -44.747  -28.598  43.184 0.0000000000
54592  -45.888  -27.644  43.154 0.0000000000
57383  -48.620  -25.552  43.847 0.0000000000
56410  -47.763  -26.251  44.495 0.0000000000
57357  -48.956  -24.713  45.554 0.0000000000
57345  -48.746  -24.837  46.468 0.0000000000
59278  -49.730  -23.505  46.495 0.0000000000
58376  -53.317  -23.851  42.782 0.0000000000
58375  -52.368  -24.160  43.110 0.0000000000
59299  -53.619  -23.039  44.369 0.0000000000
63231  -53.472  -19.111  34.014 0.0000000000
64123  -54.671  -18.762  34.612 0.0000000000
116673  -54.464  -18.255  33.574 0.0000000000
65941  -56.183  -17.101  33.382 0.0000000000
65942  -56.807  -16.506  33.670 0.0000000000
66770  -56.929  -14.776  35.143 0.0000000000
66777  -57.460  -15.111  33.571 0.0000000000
68478  -57.516  -12.981  30.724 0.0000000000
67634  -57.224  -13.888  31.083 0.0000000000
69319  -58.250  -11.834  32.506 0.0000000000
68448  -58.371  -12.293  34.112 0.0000000000
69302  -59.060  -11.877  33.497 0.0000000000
68467  -59.867  -12.255  32.231 0.0000000000
67647  -60.073  -13.665  30.584 0.0000000000
44082  -45.050  -39.011  51.854 0.0000000000
44996  -46.180  -37.895  51.833 0.0000000000
45011  -44.039  -38.123  50.908 0.0000000000
45920  -42.366  -37.895  49.437 0.0000000000
31621  -30.230  -52.055  57.529 0.0000000000
41314  -40.227  -42.344  50.632 0.0000000000
41299  -41.996  -42.033  52.086 0.0000000000
42253  -42.683  -41.696  52.439 0.0000000000
42246  -44.237  -41.357  53.682 0.0000000000
43133  -43.684  -40.669  52.302 0.0000000000
44065  -44.725  -39.713  52.189 0.0000000000
52584  -44.717  -30.645  48.004 0.0000000000
53578  -46.611  -29.729  49.061 0.0000000000
53596  -45.631  -30.050  47.153 0.0000000000
53597  -46.272  -29.338  47.008 0.0000000000
54566  -46.340  -28.819  46.269 0.0000000000
120352  -52.317  -22.162  38.117 0.0000000000
60286  -53.571  -22.919  39.179 0.0000000000
60296  -54.386  -21.767  39.004 0.0000000000
60288  -55.718  -21.624  40.157 0.0000000000
65007  -56.524  -16.638  37.870 0.0000000000
27930  -17.528  -56.511  63.340 0.0000000000
26978  -18.117  -57.004  64.977 0.0000000000
48717  -44.388  -34.551  51.526 0.0000000000
49670  -44.710  -33.710  53.280 0.0000000000
49684  -43.189  -33.444  51.720 0.0000000000
50625  -42.935  -32.503  51.979 0.0000000000
51512  -43.135  -31.377  51.760 0.0000000000
52524  -43.346  -30.954  51.596 0.0000000000
52539  -41.773  -31.087  50.388 0.0000000000
52556  -40.805  -30.939  49.608 0.0000000000
51574  -39.479  -30.916  47.408 0.0000000000
32463  -34.545  -51.610  62.312 0.0000000000
31552  -34.523  -52.126  64.147 0.0000000000
138115  -35.080  -51.713  64.350 0.0000000000
32434  -36.434  -51.659  64.848 0.0000000000
123080  -39.377  -50.483  64.396 0.0000000000
40307  -33.339  -43.173  54.690 0.0000000000
39372  -35.222  -44.416  55.415 0.0000000000
39374  -41.619  -45.056  55.389 0.0000000000
37538  -40.494  -45.879  55.937 0.0000000000
37510  -41.926  -46.351  57.434 0.0000000000
121997  -41.894  -46.851  58.862 0.0000000000
36447  -41.906  -46.970  60.731 0.0000000000
36430  -42.550  -47.059  62.467 0.0000000000
37454  -43.222  -46.419  62.330 0.0000000000
30755  -25.933  -53.056  58.457 0.0000000000
30732  -25.945  -53.639  60.395 0.0000000000
124084  -27.160  -54.460  63.094 0.0000000000
139061  -27.415  -54.701  64.311 0.0000000000
28898  -28.489  -55.152  63.798 0.0000000000
55543  -45.952  -26.606  40.951 0.0000000000
55516  -46.299  -27.137  42.494 0.0000000000
56431  -47.468  -26.320  42.257 0.0000000000
57394  -48.723  -25.585  42.925 0.0000000000
58362  -49.739  -24.818  43.846 0.0000000000
65937  -51.848  -16.434  33.543 0.0000000000
65939  -53.411  -16.947  33.262 0.0000000000
66776  -53.101  -16.028  33.172 0.0000000000
69339  -57.816  -12.016  30.402 0.0000000000
69321  -59.518  -11.358  32.024 0.0000000000
70192  -59.070  -10.672  30.938 0.0000000000
124944  -59.438  -10.793  30.338 0.0000000000
28885  -22.154  -55.328  64.881 0.0000000000
116540  -21.593  -55.501  65.708 0.0000000000
47734  -48.212  -35.466  57.105 0.0000000000
46803  -48.498  -36.486  55.784 0.0000000000
47758  -47.551  -35.867  53.720 0.0000000000
47767  -46.597  -35.597  52.418 0.0000000000
45896  -46.418  -37.016  51.700 0.0000000000
47784  -45.635  -35.611  51.511 0.0000000000
47783  -44.836  -35.286  51.151 0.0000000000
48734  -43.333  -34.833  50.345 0.0000000000
48744  -41.420  -34.177  49.380 0.0000000000
28920  -30.621  -55.906  61.304 0.0000000000
27955  -31.735  -56.188  61.796 0.0000000000
29819  -31.633  -55.227  60.934 0.0000000000
30718  -32.492  -53.800  61.264 0.0000000000
30736  -32.729  -52.960  61.258 0.0000000000
32491  -31.722  -51.658  58.353 0.0000000000
31593  -32.467  -52.146  59.723 0.0000000000
120834  -33.774  -51.739  60.699 0.0000000000
32472  -34.386  -51.355  60.768 0.0000000000
33429  -35.472  -50.235  60.702 0.0000000000
34442  -36.682  -49.192  60.767 0.0000000000
39428  -37.892  -44.191  52.571 0.0000000000
132003  -39.018  -44.320  53.259 0.0000000000
40357  -39.407  -43.372  51.708 0.0000000000
39431  -40.141  -43.788  53.065 0.0000000000
39392  -40.434  -44.475  54.244 0.0000000000
39375  -42.440  -44.719  55.344 0.0000000000
39361  -44.241  -44.571  56.844 0.0000000000
40261  -44.710  -43.680  58.621 0.0000000000
40256  -45.362  -42.948  59.968 0.0000000000
42183  -45.580  -42.368  58.209 0.0000000000
115241  -45.898  -41.439  58.013 0.0000000000
115247  -46.258  -40.630  57.902 0.0000000000
42224  -45.670  -40.794  55.389 0.0000000000
43083  -46.269  -40.231  56.323 0.0000000000
43073  -46.804  -39.783  57.777 0.0000000000
44922  -48.110  -38.755  56.898 0.0000000000
30772  -26.846  -53.149  58.420 0.0000000000
53528  -48.881  -29.936  53.327 0.0000000000
53541  -49.205  -29.306  52.653 0.0000000000
120253  -49.160  -28.749  51.806 0.0000000000
55439  -49.746  -27.157  51.255 0.0000000000
54541  -47.603  -28.717  49.138 0.0000000000
55449  -48.646  -27.901  50.118 0.0000000000
57439  -50.228  -24.888  39.344 0.0000000000
126900  -50.375  -25.056  40.904 0.0000000000
58403  -51.772  -24.791  40.021 0.0000000000
59332  -53.258  -24.170  41.740 0.0000000000
59318  -54.035  -23.578  42.156 0.0000000000
59346  -54.808  -22.985  40.898 0.0000000000
59319  -55.192  -22.641  42.570 0.0000000000
52634  -41.497  -30.520  42.171 0.0000000000
52636  -42.910  -30.307  43.111 0.0000000000
53644  -42.498  -29.268  41.624 0.0000000000
54605  -42.975  -28.515  41.221 0.0000000000
54619  -43.656  -27.899  41.037 0.0000000000
55541  -44.362  -27.292  40.774 0.0000000000
56451  -45.609  -26.379  40.383 0.0000000000
133874  -46.046  -25.850  39.912 0.0000000000
57455  -47.699  -25.075  39.214 0.0000000000
58430  -48.232  -24.693  38.692 0.0000000000
58432  -49.674  -24.405  38.453 0.0000000000
58445  -49.785  -23.970  38.066 0.0000000000
59379  -50.944  -23.064  37.899 0.0000000000
61299  -48.167  -21.834  36.267 0.0000000000
60315  -50.277  -22.183  37.019 0.0000000000
60305  -50.980  -22.360  37.487 0.0000000000
61290  -52.455  -21.335  37.677 0.0000000000
61305  -52.604  -20.512  37.263 0.0000000000
62258  -52.800  -19.764  36.777 0.0000000000
63203  -53.745  -18.708  36.571 0.0000000000
63211  -52.689  -19.652  35.023 0.0000000000
63223  -52.735  -19.397  34.438 0.0000000000
64130  -52.087  -18.247  33.751 0.0000000000
119975  -51.221  -16.825  33.674 0.0000000000
27911  -20.078  -55.890  66.061 0.0000000000
27901  -18.958  -56.791  66.202 0.0000000000
26948  -18.529  -57.463  66.595 0.0000000000
26912  -19.645  -57.601  70.250 0.0000000000
26923  -18.789  -57.962  68.581 0.0000000000
118934  -17.589  -58.639  67.199 0.0000000000
25120  -16.798  -59.479  67.764 0.0000000000
24221  -15.939  -60.177  69.012 0.0000000000
24219  -14.829  -61.161  69.063 0.0000000000
22312  -14.983  -62.192  69.831 0.0000000000
133242  -48.992  -30.235  55.275 0.0000000000
50583  -46.867  -32.779  56.264 0.0000000000
49647  -45.531  -33.010  54.631 0.0000000000
49641  -46.044  -32.735  55.226 0.0000000000
51477  -47.628  -31.245  55.879 0.0000000000
51486  -47.857  -30.895  55.200 0.0000000000
52502  -48.417  -30.416  53.880 0.0000000000
52514  -47.906  -30.515  52.607 0.0000000000
52527  -46.415  -30.682  51.418 0.0000000000
117004  -45.707  -30.491  49.967 0.0000000000
132646  -44.022  -30.635  51.222 0.0000000000
128656  -43.933  -30.495  49.391 0.0000000000
52576  -44.365  -30.585  48.729 0.0000000000
51561  -43.472  -31.013  47.396 0.0000000000
51578  -43.343  -31.220  46.196 0.0000000000
51610  -42.323  -31.175  44.265 0.0000000000
50670  -38.375  -32.264  48.515 0.0000000000
51556  -38.151  -31.526  48.188 0.0000000000
117621  -38.653  -30.985  47.665 0.0000000000
117386  -39.029  -30.855  46.750 0.0000000000
51591  -39.473  -30.912  45.728 0.0000000000
51608  -40.769  -31.212  44.574 0.0000000000
130262  -40.979  -31.250  43.902 0.0000000000
51634  -41.593  -30.947  42.937 0.0000000000
30691  -34.880  -53.572  65.353 0.0000000000
36521  -32.244  -47.491  55.631 0.0000000000
37519  -32.706  -46.062  56.214 0.0000000000
128685  -33.379  -47.727  57.222 0.0000000000
35526  -34.617  -48.248  58.661 0.0000000000
134578  -35.770  -48.107  59.190 0.0000000000
35504  -36.752  -48.484  59.676 0.0000000000
39404  -35.646  -44.197  53.455 0.0000000000
39390  -36.279  -44.552  54.120 0.0000000000
121604  -36.576  -45.105  55.639 0.0000000000
37524  -39.339  -46.551  56.319 0.0000000000
124979  -38.622  -46.467  56.329 0.0000000000
37507  -37.295  -46.699  57.382 0.0000000000
36475  -38.059  -47.930  58.279 0.0000000000
35528  -37.638  -48.299  59.085 0.0000000000
127738  -38.321  -49.078  61.653 0.0000000000
118304  -38.760  -49.180  62.585 0.0000000000
35454  -39.964  -49.234  63.585 0.0000000000
29807  -18.835  -54.083  61.710 0.0000000000
133436  -20.435  -53.949  62.283 0.0000000000
31580  -22.157  -52.347  60.153 0.0000000000
31588  -21.313  -52.071  60.308 0.0000000000
30713  -21.283  -53.168  61.412 0.0000000000
29809  -21.286  -53.750  62.045 0.0000000000
29775  -21.383  -54.741  63.295 0.0000000000
29753  -23.824  -55.261  64.984 0.0000000000
29768  -27.986  -54.980  65.366 0.0000000000
53627  -44.392  -29.250  43.636 0.0000000000
54572  -45.743  -28.729  44.998 0.0000000000
55493  -47.047  -27.489  45.542 0.0000000000
55511  -47.025  -26.858  43.613 0.0000000000
140271  -47.072  -27.147  44.804 0.0000000000
56382  -47.556  -26.926  46.114 0.0000000000
57337  -48.535  -25.411  47.052 0.0000000000
57397  -50.891  -24.779  41.979 0.0000000000
58373  -50.562  -24.600  43.399 0.0000000000
59297  -51.076  -23.694  44.881 0.0000000000
64103  -54.403  -18.040  36.986 0.0000000000
127521  -54.762  -17.590  36.269 0.0000000000
65014  -55.783  -16.384  37.047 0.0000000000
65043  -55.727  -17.881  33.813 0.0000000000
126736  -56.103  -16.914  35.091 0.0000000000
65919  -56.498  -14.958  36.715 0.0000000000
66758  -57.538  -14.155  36.992 0.0000000000
67595  -58.923  -13.679  36.568 0.0000000000
66794  -57.186  -14.975  32.205 0.0000000000
68447  -57.826  -12.980  34.710 0.0000000000
68441  -58.544  -12.656  35.043 0.0000000000
127673  -60.097  -13.187  31.555 0.0000000000
44107  -41.633  -39.744  49.364 0.0000000000
44108  -42.189  -39.359  49.775 0.0000000000
43168  -41.373  -40.443  49.522 0.0000000000
43169  -41.988  -40.069  49.934 0.0000000000
51611  -43.023  -31.057  44.681 0.0000000000
52608  -43.851  -30.541  44.827 0.0000000000
132660  -43.410  -30.480  43.976 0.0000000000
62249  -54.008  -19.744  37.765 0.0000000000
133459  -54.537  -20.170  38.291 0.0000000000
63193  -54.180  -18.948  37.413 0.0000000000
29773  -19.948  -54.861  63.443 0.0000000000
116125  -19.526  -55.243  63.813 0.0000000000
28896  -20.303  -55.110  64.102 0.0000000000
49715  -40.549  -33.443  49.354 0.0000000000
50649  -40.245  -32.183  49.720 0.0000000000
27934  -31.510  -57.027  63.045 0.0000000000
27946  -31.651  -56.601  62.336 0.0000000000
34423  -36.786  -49.507  61.639 0.0000000000
33405  -36.746  -49.890  62.860 0.0000000000
34424  -37.441  -49.293  62.012 0.0000000000
34412  -37.604  -49.536  63.113 0.0000000000
39334  -44.043  -44.027  59.947 0.0000000000
39333  -43.716  -44.453  59.260 0.0000000000
39327  -43.995  -44.221  60.635 0.0000000000
40239  -45.068  -43.922  61.090 0.0000000000
27944  -30.091  -56.369  62.835 0.0000000000
57437  -48.340  -25.357  39.902 0.0000000000
125925  -48.815  -25.427  40.501 0.0000000000
44965  -47.696  -38.326  53.393 0.0000000000
45873  -47.897  -37.494  53.288 0.0000000000
44977  -47.427  -37.975  52.712 0.0000000000
122024  -42.020  -36.499  48.795 0.0000000000
46868  -42.631  -36.497  49.353 0.0000000000
30747  -30.628  -53.618  58.982 0.0000000000
30776  -30.026  -52.672  57.933 0.0000000000
34484  -32.747  -49.771  57.215 0.0000000000
33462  -33.139  -50.133  57.827 0.0000000000
34485  -33.359  -49.381  57.636 0.0000000000
34473  -33.771  -49.770  58.280 0.0000000000
41278  -43.180  -42.611  53.853 0.0000000000
41277  -42.579  -42.795  53.541 0.0000000000
41262  -43.566  -42.835  54.418 0.0000000000
41263  -44.207  -42.437  54.697 0.0000000000
41254  -44.519  -42.742  55.305 0.0000000000
44055  -46.576  -39.400  53.436 0.0000000000
44041  -46.683  -39.589  54.269 0.0000000000
44056  -47.256  -38.989  53.771 0.0000000000
44952  -47.832  -38.567  54.130 0.0000000000
126144  -29.036  -52.719  57.560 0.0000000000
30774  -28.702  -53.066  57.931 0.0000000000
121292  -46.236  -30.392  50.071 0.0000000000
52563  -46.695  -30.002  49.794 0.0000000000
54567  -47.317  -28.005  46.957 0.0000000000
55471  -47.702  -27.716  47.629 0.0000000000
55479  -48.104  -26.917  47.530 0.0000000000
118676  -51.527  -23.443  38.377 0.0000000000
59365  -52.921  -23.389  39.049 0.0000000000
139586  -57.689  -20.938  42.439 0.0000000000
59384  -47.365  -23.045  37.120 0.0000000000
62268  -50.603  -20.408  35.746 0.0000000000
62275  -50.332  -19.904  35.247 0.0000000000
63221  -50.808  -19.515  34.820 0.0000000000
26977  -17.461  -57.473  64.513 0.0000000000
26069  -17.050  -58.122  64.876 0.0000000000
26054  -16.636  -58.720  65.231 0.0000000000
131721  -21.596  -56.343  69.715 0.0000000000
27872  -21.860  -56.372  70.867 0.0000000000
24213  -16.941  -60.184  71.151 0.0000000000
23232  -17.512  -61.470  71.489 0.0000000000
48703  -45.981  -34.889  53.042 0.0000000000
48691  -46.048  -34.672  53.970 0.0000000000
48690  -45.305  -34.205  53.674 0.0000000000
51501  -44.156  -31.761  52.630 0.0000000000
51502  -44.832  -31.595  52.876 0.0000000000
52511  -45.182  -31.011  52.472 0.0000000000
51559  -41.355  -30.899  47.818 0.0000000000
51576  -41.725  -31.173  46.771 0.0000000000
30698  -33.660  -53.459  63.575 0.0000000000
39359  -34.856  -44.702  56.272 0.0000000000
37521  -35.812  -45.804  57.342 0.0000000000
38474  -38.978  -44.678  53.919 0.0000000000
38457  -38.523  -45.108  54.526 0.0000000000
38458  -39.395  -45.157  54.767 0.0000000000
36446  -41.567  -47.777  60.112 0.0000000000
35509  -41.182  -48.389  59.465 0.0000000000
35508  -40.588  -48.989  59.668 0.0000000000
35489  -41.056  -48.664  60.457 0.0000000000
115243  -47.154  -40.068  59.491 0.0000000000
29779  -25.528  -54.526  63.218 0.0000000000
55525  -44.383  -27.872  41.613 0.0000000000
54607  -44.968  -27.807  42.169 0.0000000000
55515  -45.588  -27.506  42.314 0.0000000000
137740  -49.156  -25.112  44.085 0.0000000000
57372  -48.766  -25.184  44.746 0.0000000000
58352  -49.592  -24.142  45.523 0.0000000000
120718  -53.753  -23.319  43.591 0.0000000000
121817  -53.111  -18.475  33.648 0.0000000000
64132  -54.295  -18.833  33.962 0.0000000000
64131  -53.859  -18.585  33.678 0.0000000000
118464  -56.504  -16.349  32.872 0.0000000000
65932  -57.238  -15.593  34.084 0.0000000000
65953  -57.159  -15.838  33.192 0.0000000000
69329  -58.126  -11.843  31.518 0.0000000000
68466  -57.785  -12.875  31.606 0.0000000000
69311  -58.723  -11.494  32.978 0.0000000000
68458  -59.585  -12.432  33.115 0.0000000000
69312  -59.298  -11.625  32.751 0.0000000000
44994  -44.548  -38.573  51.366 0.0000000000
44096  -43.832  -38.898  51.124 0.0000000000
45023  -42.315  -38.630  49.627 0.0000000000
45024  -42.875  -38.152  49.994 0.0000000000
41329  -39.950  -42.043  49.834 0.0000000000
42269  -42.057  -41.048  50.869 0.0000000000
42260  -41.689  -41.704  51.299 0.0000000000
42254  -43.353  -41.339  52.724 0.0000000000
116474  -43.033  -41.010  51.993 0.0000000000
44080  -43.610  -39.638  51.346 0.0000000000
43148  -44.007  -40.001  51.942 0.0000000000
44066  -45.510  -39.423  52.419 0.0000000000
133377  -44.958  -30.567  47.273 0.0000000000
52585  -45.467  -30.337  47.922 0.0000000000
53604  -45.665  -29.565  46.296 0.0000000000
53611  -45.917  -28.961  45.673 0.0000000000
60306  -53.050  -21.732  38.284 0.0000000000
136337  -53.659  -22.156  38.787 0.0000000000
61282  -53.793  -21.332  38.454 0.0000000000
61275  -56.166  -20.983  40.009 0.0000000000
61268  -56.697  -20.859  40.864 0.0000000000
64105  -56.627  -17.496  38.335 0.0000000000
65001  -57.870  -17.354  39.313 0.0000000000
28882  -19.002  -55.734  64.215 0.0000000000
28894  -17.977  -55.785  62.902 0.0000000000
27931  -18.292  -56.111  63.776 0.0000000000
27918  -17.846  -56.771  64.166 0.0000000000
27919  -18.563  -56.364  64.590 0.0000000000
48716  -43.672  -34.280  51.175 0.0000000000
49685  -43.848  -33.787  52.086 0.0000000000
50624  -42.467  -32.145  51.500 0.0000000000
139915  -42.902  -31.782  51.870 0.0000000000
51511  -42.627  -31.495  51.375 0.0000000000
51522  -42.229  -31.266  50.851 0.0000000000
51545  -40.082  -31.011  49.146 0.0000000000
128654  -40.347  -30.846  48.368 0.0000000000
51558  -39.692  -30.934  48.186 0.0000000000
32454  -34.796  -51.617  63.475 0.0000000000
32455  -35.287  -51.074  62.930 0.0000000000
33393  -36.848  -50.415  64.075 0.0000000000
33377  -36.285  -51.050  64.460 0.0000000000
34399  -38.591  -49.666  64.064 0.0000000000
124682  -39.092  -49.920  64.472 0.0000000000
40308  -34.290  -43.530  54.138 0.0000000000
39388  -34.738  -43.961  54.834 0.0000000000
38450  -42.280  -45.358  56.025 0.0000000000
38434  -41.396  -45.732  56.094 0.0000000000
38435  -42.104  -45.864  56.757 0.0000000000
38399  -42.716  -45.399  59.794 0.0000000000
37494  -42.241  -46.284  58.323 0.0000000000
37480  -42.282  -46.133  59.304 0.0000000000
37469  -41.904  -46.873  59.765 0.0000000000
37470  -42.309  -46.074  60.399 0.0000000000
124722  -42.285  -46.408  61.208 0.0000000000
38392  -42.702  -45.806  61.272 0.0000000000
139293  -44.658  -45.962  61.980 0.0000000000
30744  -26.146  -53.362  59.284 0.0000000000
30733  -26.915  -53.623  60.061 0.0000000000
129537  -27.808  -54.375  61.912 0.0000000000
137545  -27.684  -54.483  62.529 0.0000000000
117360  -28.023  -54.706  63.074 0.0000000000
27922  -30.456  -57.058  64.310 0.0000000000
56440  -46.569  -26.433  41.231 0.0000000000
56441  -47.315  -26.164  41.473 0.0000000000
57404  -48.760  -25.576  42.085 0.0000000000
57384  -49.268  -25.219  43.355 0.0000000000
57385  -49.881  -24.947  43.097 0.0000000000
65938  -52.544  -16.626  33.416 0.0000000000
70191  -58.555  -10.959  30.618 0.0000000000
28871  -22.620  -55.450  65.622 0.0000000000
28830  -23.033  -55.780  69.829 0.0000000000
121781  -48.791  -36.870  56.267 0.0000000000
46797  -48.566  -36.278  56.621 0.0000000000
46823  -47.669  -36.567  53.029 0.0000000000
46808  -48.050  -36.290  54.437 0.0000000000
47768  -47.285  -35.902  52.871 0.0000000000
47757  -46.791  -35.321  53.337 0.0000000000
45012  -44.772  -37.784  51.151 0.0000000000
45895  -45.572  -37.427  51.414 0.0000000000
45907  -44.950  -36.944  51.010 0.0000000000
46859  -45.033  -36.080  50.975 0.0000000000
137832  -44.444  -35.736  50.687 0.0000000000
48735  -44.125  -35.065  50.762 0.0000000000
48745  -42.131  -34.648  49.501 0.0000000000
28927  -30.916  -55.517  60.698 0.0000000000
29832  -31.171  -54.756  60.176 0.0000000000
30734  -31.604  -53.838  60.001 0.0000000000
29833  -31.939  -54.323  60.682 0.0000000000
30735  -32.221  -53.377  60.605 0.0000000000
139008  -32.856  -53.377  61.800 0.0000000000
31622  -30.951  -51.860  57.929 0.0000000000
32493  -32.986  -51.104  58.741 0.0000000000
32482  -32.392  -51.660  58.976 0.0000000000
32483  -33.124  -51.518  59.449 0.0000000000
31594  -33.179  -51.915  60.263 0.0000000000
31583  -34.052  -51.763  61.409 0.0000000000
34458  -34.693  -49.906  59.321 0.0000000000
33442  -35.099  -50.043  59.945 0.0000000000
34441  -35.899  -49.352  60.289 0.0000000000
39443  -37.889  -43.830  51.780 0.0000000000
39442  -37.023  -44.090  52.010 0.0000000000
39429  -38.670  -44.116  52.721 0.0000000000
40371  -39.780  -42.886  51.160 0.0000000000
40370  -38.984  -43.214  50.997 0.0000000000
40358  -40.166  -43.123  51.914 0.0000000000
40324  -41.374  -43.614  53.616 0.0000000000
40323  -40.767  -43.570  53.185 0.0000000000
39408  -40.610  -43.972  53.673 0.0000000000
116688  -41.168  -44.192  54.224 0.0000000000
39393  -41.768  -44.444  54.757 0.0000000000
39377  -44.438  -44.074  56.260 0.0000000000
123803  -43.829  -44.562  56.108 0.0000000000
39349  -44.418  -44.395  57.480 0.0000000000
40269  -44.762  -43.923  57.747 0.0000000000
40262  -45.200  -43.032  58.952 0.0000000000
130992  -45.092  -43.489  57.172 0.0000000000
42194  -45.676  -41.910  57.294 0.0000000000
115248  -45.926  -41.096  57.232 0.0000000000
42247  -44.884  -41.013  54.076 0.0000000000
42235  -45.142  -41.339  54.893 0.0000000000
43105  -45.518  -40.599  54.470 0.0000000000
44030  -46.721  -39.683  55.103 0.0000000000
43094  -46.201  -40.175  55.596 0.0000000000
44018  -46.730  -39.722  55.924 0.0000000000
44004  -46.734  -39.771  56.762 0.0000000000
44005  -47.301  -39.332  57.145 0.0000000000
44943  -48.444  -38.159  55.272 0.0000000000
44930  -48.568  -38.144  56.234 0.0000000000
45857  -48.835  -37.431  56.624 0.0000000000
29830  -29.613  -54.733  60.137 0.0000000000
53540  -48.523  -30.007  52.520 0.0000000000
54519  -48.614  -28.962  51.144 0.0000000000
55428  -49.737  -27.941  51.857 0.0000000000
54529  -49.124  -28.105  50.987 0.0000000000
53589  -46.669  -29.436  48.363 0.0000000000
138801  -47.080  -29.208  48.864 0.0000000000
54553  -48.219  -27.859  49.203 0.0000000000
55450  -49.254  -27.197  50.441 0.0000000000
121478  -49.362  -26.334  49.992 0.0000000000
117819  -49.488  -25.430  49.581 0.0000000000
57458  -50.160  -24.617  38.810 0.0000000000
57440  -50.996  -24.855  39.643 0.0000000000
58405  -53.253  -24.248  40.769 0.0000000000
58404  -52.471  -24.561  40.434 0.0000000000
59356  -54.238  -23.137  39.885 0.0000000000
59334  -55.268  -22.660  41.760 0.0000000000
22319  -14.086  -62.721  68.885 0.0000000000
22324  -13.641  -63.022  68.519 0.0000000000
21342  -13.860  -63.389  68.553 0.0000000000
54618  -42.474  -28.167  40.667 0.0000000000
135939  -43.099  -27.925  40.701 0.0000000000
119448  -43.540  -27.380  40.447 0.0000000000
55553  -44.042  -26.766  40.087 0.0000000000
56450  -44.840  -26.606  40.238 0.0000000000
56461  -44.511  -26.133  39.686 0.0000000000
57435  -45.775  -25.451  39.336 0.0000000000
118596  -46.689  -25.368  39.459 0.0000000000
57454  -46.250  -24.959  38.885 0.0000000000
131348  -47.522  -24.585  38.553 0.0000000000
58431  -48.939  -24.578  38.522 0.0000000000
58443  -48.234  -24.213  38.105 0.0000000000
59385  -48.198  -23.063  37.100 0.0000000000
120146  -49.437  -23.541  37.639 0.0000000000
59378  -50.247  -23.466  37.852 0.0000000000
59387  -49.796  -22.884  37.323 0.0000000000
61301  -49.792  -21.651  36.454 0.0000000000
60316  -50.943  -21.773  37.106 0.0000000000
61289  -51.643  -21.757  37.479 0.0000000000
61303  -51.259  -21.203  36.855 0.0000000000
137693  -51.226  -20.340  35.901 0.0000000000
129278  -52.184  -20.225  36.537 0.0000000000
62270  -52.604  -19.687  35.882 0.0000000000
131371  -52.117  -19.345  34.384 0.0000000000
63229  -51.728  -18.974  34.120 0.0000000000
63230  -52.572  -19.055  33.978 0.0000000000
25133  -16.084  -59.336  65.497 0.0000000000
28861  -21.546  -55.712  66.538 0.0000000000
28870  -20.616  -55.540  65.492 0.0000000000
27885  -19.983  -56.882  68.220 0.0000000000
27893  -19.873  -56.659  67.419 0.0000000000
26949  -19.164  -57.044  67.025 0.0000000000
26935  -18.662  -57.711  67.481 0.0000000000
26896  -20.368  -57.502  71.986 0.0000000000
26021  -18.264  -58.666  70.529 0.0000000000
26026  -18.524  -58.381  69.586 0.0000000000
26031  -18.179  -58.545  68.804 0.0000000000
26038  -18.038  -58.409  67.885 0.0000000000
26030  -17.610  -58.912  68.554 0.0000000000
26037  -17.357  -58.970  67.765 0.0000000000
25114  -17.123  -59.295  68.332 0.0000000000
24216  -15.811  -60.503  70.067 0.0000000000
126945  -15.402  -60.709  69.327 0.0000000000
24220  -15.414  -60.625  68.448 0.0000000000
23243  -15.118  -61.183  69.854 0.0000000000
23242  -14.590  -61.754  69.523 0.0000000000
22306  -17.197  -62.332  70.992 0.0000000000
52471  -49.999  -30.273  56.867 0.0000000000
52483  -50.186  -29.875  56.170 0.0000000000
52470  -49.327  -30.284  56.167 0.0000000000
47741  -48.069  -35.748  56.157 0.0000000000
47733  -47.570  -34.954  56.601 0.0000000000
48675  -46.412  -34.034  55.614 0.0000000000
48668  -47.326  -34.115  56.873 0.0000000000
48667  -46.848  -33.633  56.268 0.0000000000
49636  -47.317  -33.216  56.965 0.0000000000
49669  -44.125  -33.259  52.860 0.0000000000
49656  -45.056  -33.320  53.992 0.0000000000
50592  -45.851  -32.344  54.678 0.0000000000
50593  -46.367  -32.198  55.359 0.0000000000
50594  -46.865  -32.172  56.067 0.0000000000
51476  -46.892  -31.762  55.638 0.0000000000
51467  -47.472  -31.704  56.453 0.0000000000
52490  -47.753  -30.858  54.388 0.0000000000
52491  -48.442  -30.498  54.803 0.0000000000
52501  -47.754  -30.734  53.450 0.0000000000
52513  -47.046  -30.887  52.898 0.0000000000
52526  -45.503  -30.726  51.661 0.0000000000
125112  -46.749  -30.785  52.093 0.0000000000
52544  -45.852  -30.611  50.729 0.0000000000
52543  -44.947  -30.532  50.305 0.0000000000
52541  -42.974  -30.674  50.826 0.0000000000
52575  -43.511  -30.601  48.859 0.0000000000
52560  -44.649  -30.521  49.463 0.0000000000
51549  -43.915  -30.771  48.060 0.0000000000
117383  -41.997  -31.336  45.835 0.0000000000
118647  -42.835  -31.316  45.590 0.0000000000
51594  -42.223  -31.325  44.961 0.0000000000
116071  -37.442  -31.470  47.946 0.0000000000
131996  -37.650  -30.755  46.569 0.0000000000
51590  -38.481  -30.731  46.123 0.0000000000
123464  -38.847  -30.758  45.041 0.0000000000
123463  -39.851  -31.011  44.770 0.0000000000
136423  -39.226  -30.966  43.970 0.0000000000
51621  -40.761  -31.203  43.203 0.0000000000
28922  -32.089  -55.629  61.552 0.0000000000
27947  -32.435  -56.078  62.277 0.0000000000
28910  -33.098  -55.323  62.884 0.0000000000
29769  -34.104  -54.977  64.520 0.0000000000
31542  -35.136  -52.147  65.007 0.0000000000
30699  -34.440  -52.859  64.688 0.0000000000
30692  -35.370  -52.790  65.379 0.0000000000
38430  -33.756  -45.460  56.874 0.0000000000
38429  -33.123  -45.338  56.416 0.0000000000
37520  -33.249  -46.272  56.800 0.0000000000
36489  -33.588  -46.899  57.372 0.0000000000
36490  -33.862  -47.472  57.826 0.0000000000
129663  -34.254  -46.590  57.894 0.0000000000
36472  -35.618  -47.148  58.620 0.0000000000
36457  -35.958  -47.689  58.963 0.0000000000
131163  -36.299  -48.264  59.355 0.0000000000
36458  -36.516  -47.936  59.053 0.0000000000
39426  -35.898  -44.176  52.630 0.0000000000
38456  -37.606  -45.009  54.431 0.0000000000
38455  -36.841  -44.911  54.719 0.0000000000
39373  -36.060  -44.678  55.048 0.0000000000
37526  -40.916  -46.421  56.515 0.0000000000
37537  -39.705  -45.998  55.844 0.0000000000
37525  -40.144  -46.548  56.357 0.0000000000
36494  -39.368  -47.758  57.344 0.0000000000
36510  -38.834  -47.070  56.858 0.0000000000
37523  -38.011  -46.618  56.754 0.0000000000
37508  -38.041  -47.052  57.251 0.0000000000
36492  -37.542  -47.276  57.864 0.0000000000
34460  -39.326  -49.320  59.943 0.0000000000
35506  -38.406  -48.882  59.547 0.0000000000
34444  -38.290  -48.988  60.565 0.0000000000
34425  -39.380  -49.291  61.668 0.0000000000
35455  -40.861  -48.937  63.345 0.0000000000
35467  -40.410  -48.948  62.949 0.0000000000
37446  -42.959  -47.206  62.825 0.0000000000
36416  -42.395  -47.772  62.948 0.0000000000
36417  -42.650  -47.811  62.962 0.0000000000
41217  -46.031  -42.076  59.819 0.0000000000
29808  -19.700  -53.950  62.068 0.0000000000
133196  -24.567  -53.181  59.436 0.0000000000
31591  -23.498  -52.522  59.231 0.0000000000
132732  -23.870  -53.088  59.720 0.0000000000
135347  -22.796  -53.314  60.913 0.0000000000
30729  -22.659  -52.823  60.366 0.0000000000
31579  -21.816  -52.766  60.818 0.0000000000
30728  -20.849  -52.668  61.037 0.0000000000
124981  -22.081  -53.376  61.361 0.0000000000
29792  -22.673  -54.440  62.598 0.0000000000
29791  -21.772  -54.345  62.639 0.0000000000
29776  -22.238  -54.765  63.264 0.0000000000
136500  -22.660  -55.026  63.809 0.0000000000
29764  -23.396  -55.106  64.143 0.0000000000
118420  -27.912  -54.848  64.501 0.0000000000
54500  -51.666  -27.861  54.167 0.0000000000
53635  -43.324  -29.585  42.714 0.0000000000
53626  -43.697  -29.762  43.396 0.0000000000
54580  -45.532  -28.519  44.262 0.0000000000
54581  -46.112  -28.103  44.527 0.0000000000
54573  -46.407  -28.274  45.413 0.0000000000
55492  -46.656  -27.611  44.738 0.0000000000
55517  -46.930  -26.735  42.764 0.0000000000
117361  -46.525  -27.185  43.179 0.0000000000
56396  -47.941  -26.028  45.160 0.0000000000
56409  -47.307  -26.752  44.345 0.0000000000
56395  -47.502  -26.685  45.178 0.0000000000
125299  -47.920  -26.164  45.880 0.0000000000
137664  -48.330  -25.908  46.888 0.0000000000
56383  -48.320  -25.682  46.431 0.0000000000
58342  -49.159  -23.962  47.015 0.0000000000
57407  -51.015  -24.833  41.278 0.0000000000
58363  -51.950  -23.827  44.129 0.0000000000
58374  -51.508  -24.359  43.291 0.0000000000
116678  -51.070  -24.203  44.033 0.0000000000
117476  -51.919  -23.210  45.245 0.0000000000
64117  -55.214  -18.194  35.163 0.0000000000
65013  -55.235  -16.976  36.563 0.0000000000
65042  -55.117  -17.979  33.493 0.0000000000
65053  -55.439  -17.358  33.228 0.0000000000
65931  -56.653  -16.111  34.726 0.0000000000
65031  -56.367  -17.222  34.128 0.0000000000
65925  -55.992  -15.800  35.806 0.0000000000
67604  -57.397  -13.632  35.523 0.0000000000
67598  -57.763  -13.534  36.300 0.0000000000
68431  -58.531  -13.275  36.226 0.0000000000
68432  -58.876  -13.247  36.057 0.0000000000
67624  -57.175  -14.494  31.713 0.0000000000
66793  -56.596  -15.076  31.928 0.0000000000
67617  -57.598  -14.071  32.548 0.0000000000
67611  -57.601  -14.091  33.571 0.0000000000
69296  -58.795  -12.237  34.191 0.0000000000
68442  -59.064  -12.761  34.829 0.0000000000
67605  -59.322  -13.515  35.302 0.0000000000
131275  -59.555  -11.067  31.212 0.0000000000
68479  -60.036  -12.149  31.175 0.0000000000
44095  -43.171  -39.279  50.756 0.0000000000
42277  -40.364  -41.438  49.425 0.0000000000
42278  -41.053  -41.113  49.783 0.0000000000
43146  -42.691  -40.677  51.275 0.0000000000
43159  -42.340  -40.370  50.568 0.0000000000
43160  -42.964  -40.001  50.959 0.0000000000
51596  -43.900  -30.998  46.126 0.0000000000
52599  -44.243  -30.601  45.650 0.0000000000
53609  -44.622  -29.849  45.002 0.0000000000
137665  -55.323  -20.785  39.045 0.0000000000
62243  -56.798  -19.662  39.707 0.0000000000
63186  -57.137  -18.812  39.446 0.0000000000
64095  -56.261  -18.406  38.470 0.0000000000
28906  -18.602  -55.115  62.700 0.0000000000
28907  -19.350  -54.927  63.101 0.0000000000
49696  -42.225  -33.550  50.610 0.0000000000
49695  -41.546  -33.086  50.370 0.0000000000
50635  -41.448  -32.124  50.537 0.0000000000
51521  -41.633  -31.467  50.432 0.0000000000
50634  -40.895  -31.740  50.103 0.0000000000
27002  -31.331  -57.456  63.906 0.0000000000
33404  -35.853  -50.489  62.440 0.0000000000
33394  -37.503  -50.348  64.237 0.0000000000
116538  -37.861  -49.799  63.946 0.0000000000
34413  -38.278  -49.365  63.334 0.0000000000
38422  -43.251  -45.346  57.650 0.0000000000
38407  -43.167  -44.970  59.314 0.0000000000
38393  -43.323  -45.196  61.344 0.0000000000
38394  -44.109  -44.959  61.600 0.0000000000
120036  -44.731  -45.158  61.694 0.0000000000
28918  -29.019  -55.094  61.962 0.0000000000
28908  -28.775  -55.166  62.822 0.0000000000
57416  -47.961  -25.698  40.820 0.0000000000
115894  -48.772  -25.542  41.251 0.0000000000
57405  -49.464  -25.312  41.581 0.0000000000
45867  -48.450  -37.481  54.765 0.0000000000
45874  -48.225  -37.495  54.047 0.0000000000
46857  -43.683  -36.838  50.223 0.0000000000
46869  -43.195  -36.427  49.813 0.0000000000
138293  -43.203  -35.395  49.947 0.0000000000
121516  -42.272  -35.345  49.182 0.0000000000
137879  -30.336  -54.093  59.254 0.0000000000
30748  -31.308  -53.354  59.341 0.0000000000
33460  -31.776  -50.696  57.227 0.0000000000
32502  -32.109  -51.001  57.865 0.0000000000
33449  -32.775  -50.735  58.124 0.0000000000
33440  -33.661  -50.888  59.151 0.0000000000
33451  -34.107  -50.199  58.883 0.0000000000
34474  -34.525  -49.268  58.867 0.0000000000
41286  -41.602  -42.666  52.500 0.0000000000
40359  -40.907  -42.908  52.179 0.0000000000
40343  -41.882  -43.039  53.205 0.0000000000
39409  -42.178  -43.426  53.896 0.0000000000
39394  -42.536  -43.963  54.641 0.0000000000
40309  -43.371  -43.571  54.847 0.0000000000
40294  -44.515  -43.377  55.745 0.0000000000
137122  -45.218  -42.998  56.666 0.0000000000
41255  -45.022  -42.700  55.930 0.0000000000
42223  -45.371  -41.712  55.793 0.0000000000
43121  -46.010  -39.987  53.955 0.0000000000
44031  -47.371  -39.253  55.434 0.0000000000
44942  -47.965  -38.708  54.925 0.0000000000
30773  -27.805  -53.009  57.932 0.0000000000
30757  -29.058  -53.496  58.473 0.0000000000
52528  -47.248  -30.494  51.464 0.0000000000
53551  -47.648  -29.960  50.958 0.0000000000
53566  -48.024  -29.195  50.534 0.0000000000
53590  -47.204  -28.830  48.338 0.0000000000
56351  -48.528  -27.050  48.923 0.0000000000
56360  -48.573  -26.417  48.253 0.0000000000
57326  -48.752  -25.442  47.824 0.0000000000
58434  -51.266  -24.155  38.675 0.0000000000
58418  -51.603  -24.554  39.270 0.0000000000
58420  -52.942  -24.307  40.065 0.0000000000
119495  -53.491  -23.889  40.041 0.0000000000
60279  -56.248  -21.517  41.095 0.0000000000
59347  -55.758  -22.128  41.431 0.0000000000
66753  -59.030  -15.137  38.003 0.0000000000
59375  -46.909  -23.546  37.570 0.0000000000
59376  -47.778  -23.626  37.558 0.0000000000
61313  -50.160  -20.973  36.134 0.0000000000
61314  -50.890  -20.809  36.307 0.0000000000
25147  -16.062  -58.973  64.822 0.0000000000
25125  -16.355  -59.534  66.424 0.0000000000
28839  -22.018  -55.967  68.212 0.0000000000
27887  -21.421  -56.280  68.718 0.0000000000
27879  -20.846  -56.646  69.259 0.0000000000
26913  -20.279  -57.084  69.780 0.0000000000
26016  -19.785  -58.259  71.926 0.0000000000
25106  -18.042  -59.136  71.225 0.0000000000
26020  -17.653  -59.106  70.505 0.0000000000
25110  -17.128  -59.432  70.070 0.0000000000
25105  -17.317  -59.592  70.876 0.0000000000
25104  -16.571  -59.990  70.538 0.0000000000
24212  -16.215  -60.679  70.808 0.0000000000
23240  -16.100  -61.332  70.825 0.0000000000
23231  -16.707  -61.592  71.095 0.0000000000
48683  -46.819  -34.841  55.251 0.0000000000
48682  -46.149  -34.395  54.848 0.0000000000
49648  -45.907  -33.522  55.147 0.0000000000
50615  -44.022  -32.366  52.915 0.0000000000
51483  -45.697  -32.017  54.160 0.0000000000
124469  -45.937  -31.619  53.851 0.0000000000
52500  -46.239  -31.252  53.373 0.0000000000
52512  -46.063  -30.996  52.740 0.0000000000
52573  -41.518  -30.725  49.476 0.0000000000
51547  -41.984  -30.774  48.457 0.0000000000
29799  -33.148  -54.311  62.789 0.0000000000
31534  -35.997  -52.897  65.485 0.0000000000
39370  -33.490  -44.124  55.933 0.0000000000
125232  -32.854  -43.939  55.719 0.0000000000
39357  -33.607  -44.856  56.397 0.0000000000
139474  -34.098  -45.126  56.740 0.0000000000
38419  -34.352  -45.558  57.159 0.0000000000
37490  -34.840  -46.393  58.127 0.0000000000
37505  -35.268  -46.069  57.887 0.0000000000
37492  -35.983  -46.805  58.341 0.0000000000
135648  -37.182  -44.359  52.867 0.0000000000
122761  -36.538  -44.427  53.302 0.0000000000
38472  -37.334  -44.632  53.600 0.0000000000
38446  -38.212  -45.482  55.193 0.0000000000
36476  -41.244  -47.556  57.960 0.0000000000
36512  -40.528  -47.101  56.904 0.0000000000
36496  -40.794  -47.542  57.446 0.0000000000
35531  -40.607  -48.168  58.042 0.0000000000
35544  -39.807  -48.339  57.863 0.0000000000
35543  -38.972  -48.274  57.929 0.0000000000
35530  -39.487  -48.768  58.480 0.0000000000
34461  -40.091  -49.365  59.920 0.0000000000
34446  -39.907  -49.420  60.742 0.0000000000
34426  -40.063  -49.327  61.581 0.0000000000
35488  -40.530  -49.104  61.087 0.0000000000
35468  -41.089  -48.663  62.667 0.0000000000
35456  -41.667  -48.456  63.119 0.0000000000
30717  -25.387  -53.873  61.069 0.0000000000
124309  -23.917  -53.479  60.414 0.0000000000
30716  -24.452  -53.812  60.915 0.0000000000
30715  -23.478  -53.713  61.070 0.0000000000
30714  -22.762  -53.689  61.432 0.0000000000
29811  -23.124  -54.104  61.874 0.0000000000
29793  -23.576  -54.496  62.596 0.0000000000
130047  -23.982  -54.798  63.414 0.0000000000
27912  -29.563  -56.552  65.598 0.0000000000
28874  -29.108  -55.949  65.217 0.0000000000
53646  -43.960  -28.486  42.099 0.0000000000
54598  -45.195  -28.022  42.789 0.0000000000
56421  -48.115  -25.980  43.339 0.0000000000
122673  -47.627  -26.366  43.788 0.0000000000
134654  -48.060  -25.970  43.991 0.0000000000
57371  -48.244  -25.731  44.620 0.0000000000
120243  -49.197  -24.218  46.219 0.0000000000
58383  -52.528  -24.374  42.215 0.0000000000
126561  -51.868  -24.473  42.596 0.0000000000
59308  -52.945  -23.630  43.736 0.0000000000
63225  -53.906  -19.219  34.495 0.0000000000
64124  -55.364  -18.298  34.320 0.0000000000
116723  -57.397  -14.313  34.446 0.0000000000
68477  -56.785  -13.515  30.456 0.0000000000
68456  -57.853  -12.776  32.579 0.0000000000
117024  -57.876  -12.764  33.596 0.0000000000
68457  -58.286  -11.980  33.332 0.0000000000
129855  -58.648  -11.887  33.638 0.0000000000
68449  -59.295  -12.545  33.982 0.0000000000
68487  -60.061  -12.767  29.952 0.0000000000
44067  -46.341  -39.096  52.669 0.0000000000
44976  -46.718  -38.346  52.345 0.0000000000
44975  -45.888  -38.694  52.073 0.0000000000
44995  -45.330  -38.254  51.587 0.0000000000
45010  -43.379  -38.512  50.570 0.0000000000
45905  -43.538  -37.700  50.367 0.0000000000
45921  -42.944  -37.247  49.754 0.0000000000
33473  -31.399  -50.381  56.575 0.0000000000
34496  -32.372  -49.421  56.560 0.0000000000
35550  -32.546  -48.681  56.318 0.0000000000
41313  -39.350  -42.629  50.277 0.0000000000
42267  -40.665  -41.743  50.181 0.0000000000
41315  -40.989  -42.045  50.957 0.0000000000
41298  -41.301  -42.339  51.747 0.0000000000
116172  -43.078  -42.082  53.244 0.0000000000
116479  -43.673  -41.574  53.333 0.0000000000
42255  -43.972  -40.989  53.002 0.0000000000
43119  -44.636  -40.698  53.300 0.0000000000
43134  -44.359  -40.366  52.578 0.0000000000
43135  -45.083  -40.081  52.840 0.0000000000
52577  -45.263  -30.482  48.771 0.0000000000
52578  -46.053  -30.095  48.528 0.0000000000
52586  -46.169  -29.738  47.767 0.0000000000
52592  -45.157  -30.287  46.640 0.0000000000
54558  -46.829  -28.638  46.968 0.0000000000
54574  -46.877  -28.141  46.260 0.0000000000
60295  -52.977  -22.586  38.646 0.0000000000
137123  -54.149  -22.497  39.268 0.0000000000
60287  -54.867  -22.241  39.605 0.0000000000
60280  -57.125  -20.791  41.653 0.0000000000
63187  -58.307  -18.423  40.229 0.0000000000
65008  -57.526  -16.849  38.752 0.0000000000
121773  -17.958  -55.277  62.327 0.0000000000
27943  -17.112  -56.181  62.599 0.0000000000
26960  -17.719  -57.699  65.321 0.0000000000
48701  -44.519  -34.121  52.442 0.0000000000
49683  -42.556  -33.064  51.360 0.0000000000
49668  -43.502  -32.859  52.439 0.0000000000
50614  -43.432  -31.902  52.336 0.0000000000
51500  -43.711  -31.343  52.105 0.0000000000
137869  -43.928  -30.931  51.934 0.0000000000
52523  -42.730  -31.080  51.261 0.0000000000
52540  -42.309  -30.972  50.773 0.0000000000
51535  -41.108  -31.200  50.047 0.0000000000
52557  -41.366  -30.908  50.017 0.0000000000
31560  -34.160  -52.120  63.117 0.0000000000
31551  -33.997  -52.607  63.714 0.0000000000
32445  -35.494  -51.239  63.971 0.0000000000
32433  -35.719  -51.646  64.792 0.0000000000
120341  -36.480  -52.270  65.086 0.0000000000
40291  -33.030  -43.551  55.377 0.0000000000
40292  -33.837  -43.690  55.201 0.0000000000
39371  -34.339  -44.181  55.768 0.0000000000
38444  -35.732  -44.832  56.000 0.0000000000
38449  -40.804  -45.331  55.373 0.0000000000
38448  -40.007  -45.499  55.345 0.0000000000
37527  -41.529  -46.263  56.772 0.0000000000
38421  -42.570  -45.866  57.593 0.0000000000
37493  -41.741  -46.922  58.032 0.0000000000
138513  -41.563  -47.418  58.525 0.0000000000
36460  -41.597  -47.593  59.213 0.0000000000
36438  -42.055  -47.012  61.709 0.0000000000
37461  -42.613  -46.345  61.883 0.0000000000
115220  -43.838  -46.983  62.584 0.0000000000
38388  -43.636  -45.680  61.886 0.0000000000
116457  -43.949  -46.241  62.200 0.0000000000
115213  -44.620  -47.489  62.707 0.0000000000
134951  -25.121  -53.055  58.833 0.0000000000
30743  -25.208  -53.420  59.721 0.0000000000
29827  -26.761  -53.868  60.962 0.0000000000
124890  -25.079  -53.635  60.429 0.0000000000
29795  -26.314  -54.316  62.552 0.0000000000
29780  -26.372  -54.486  63.389 0.0000000000
29782  -27.653  -54.687  63.806 0.0000000000
28888  -29.180  -55.840  64.262 0.0000000000
28899  -29.320  -55.782  63.308 0.0000000000
27921  -29.723  -56.489  64.729 0.0000000000
55542  -45.252  -26.985  40.957 0.0000000000
55527  -45.959  -26.982  41.645 0.0000000000
56430  -46.760  -26.632  41.979 0.0000000000
56432  -48.116  -25.970  42.558 0.0000000000
65041  -53.693  -17.888  33.414 0.0000000000
65950  -53.969  -16.388  32.992 0.0000000000
68486  -57.169  -12.944  30.125 0.0000000000
70176  -59.076  -11.125  32.445 0.0000000000
69330  -58.614  -11.076  31.384 0.0000000000
70184  -59.086  -10.875  31.826 0.0000000000
70201  -58.799  -10.576  30.130 0.0000000000
117547  -21.116  -55.277  64.705 0.0000000000
47751  -48.076  -36.006  55.254 0.0000000000
46809  -48.421  -36.746  55.000 0.0000000000
47750  -47.519  -35.565  54.734 0.0000000000
45878  -46.984  -37.514  52.158 0.0000000000
46839  -45.706  -36.550  51.349 0.0000000000
46840  -46.377  -36.139  51.762 0.0000000000
47785  -46.146  -35.611  51.906 0.0000000000
47766  -45.815  -35.137  52.189 0.0000000000
48718  -45.130  -34.805  51.846 0.0000000000
48733  -42.570  -34.359  50.135 0.0000000000
49717  -41.866  -33.926  49.946 0.0000000000
27954  -31.094  -56.349  61.810 0.0000000000
29820  -32.317  -54.749  61.371 0.0000000000
29821  -32.778  -54.124  61.975 0.0000000000
31568  -33.209  -52.787  61.956 0.0000000000
31604  -30.595  -52.510  58.181 0.0000000000
31605  -31.182  -52.281  58.467 0.0000000000
31606  -31.690  -52.410  59.093 0.0000000000
31581  -32.622  -52.580  60.513 0.0000000000
31582  -33.309  -52.275  61.185 0.0000000000
31569  -33.784  -52.201  62.126 0.0000000000
132133  -34.640  -51.354  61.462 0.0000000000
33428  -34.738  -50.790  60.285 0.0000000000
32473  -35.025  -50.878  61.091 0.0000000000
33415  -35.674  -50.404  61.534 0.0000000000
34422  -36.163  -49.748  61.160 0.0000000000
40354  -36.419  -43.822  51.248 0.0000000000
39405  -37.768  -44.473  53.214 0.0000000000
39406  -38.386  -44.420  53.243 0.0000000000
39391  -39.767  -44.703  54.284 0.0000000000
120991  -38.654  -43.596  51.646 0.0000000000
40341  -40.511  -43.371  52.600 0.0000000000
40340  -39.781  -43.570  52.394 0.0000000000
39444  -39.050  -43.766  52.237 0.0000000000
39430  -39.382  -43.980  52.882 0.0000000000
39407  -39.764  -44.284  53.618 0.0000000000
38460  -41.016  -44.762  54.786 0.0000000000
38451  -43.091  -44.994  56.021 0.0000000000
39376  -43.236  -44.336  55.381 0.0000000000
39360  -43.597  -45.045  56.797 0.0000000000
39348  -43.906  -44.816  57.599 0.0000000000
126587  -44.217  -44.347  58.328 0.0000000000
40255  -44.675  -43.536  59.570 0.0000000000
41226  -45.621  -42.406  59.203 0.0000000000
41235  -45.412  -42.745  57.293 0.0000000000
41227  -45.926  -41.753  58.874 0.0000000000
115240  -46.263  -41.011  58.701 0.0000000000
115242  -46.677  -40.245  58.686 0.0000000000
116251  -44.507  -41.724  54.412 0.0000000000
136492  -45.699  -41.088  56.066 0.0000000000
136933  -45.939  -40.620  55.991 0.0000000000
42210  -45.935  -40.807  56.552 0.0000000000
43072  -46.288  -40.372  57.088 0.0000000000
44006  -47.722  -38.989  58.014 0.0000000000
44923  -48.742  -38.031  57.377 0.0000000000
31602  -25.401  -52.654  58.034 0.0000000000
30745  -27.121  -53.427  59.238 0.0000000000
122616  -27.779  -53.368  58.761 0.0000000000
29837  -27.929  -53.728  59.704 0.0000000000
28926  -30.120  -55.387  60.760 0.0000000000
53529  -49.563  -29.398  53.658 0.0000000000
53553  -48.625  -29.496  51.844 0.0000000000
54508  -49.676  -28.547  52.432 0.0000000000
54509  -50.399  -27.845  52.762 0.0000000000
53580  -47.665  -29.088  49.840 0.0000000000
54542  -48.098  -28.537  49.897 0.0000000000
57418  -50.305  -25.083  40.121 0.0000000000
57419  -51.065  -24.893  40.450 0.0000000000
58389  -51.780  -24.725  40.868 0.0000000000
58390  -52.526  -24.515  41.295 0.0000000000
131056  -54.382  -23.123  43.132 0.0000000000
133193  -53.449  -23.529  39.530 0.0000000000
59345  -54.011  -23.668  40.694 0.0000000000
59333  -54.491  -23.338  41.541 0.0000000000
23246  -13.629  -62.547  68.257 0.0000000000
122716  -42.279  -30.796  43.199 0.0000000000
52635  -42.177  -30.452  42.563 0.0000000000
52655  -42.697  -29.792  42.298 0.0000000000
53645  -43.298  -29.005  42.035 0.0000000000
54606  -43.643  -28.355  41.591 0.0000000000
139560  -44.792  -27.399  41.238 0.0000000000
56452  -46.326  -26.178  40.558 0.0000000000
56462  -45.287  -26.010  39.763 0.0000000000
56463  -46.702  -25.777  40.150 0.0000000000
130906  -46.974  -24.910  38.893 0.0000000000
57456  -48.706  -24.982  39.145 0.0000000000
57457  -49.538  -24.823  38.969 0.0000000000
58444  -49.136  -24.118  38.005 0.0000000000
58433  -50.418  -24.175  38.429 0.0000000000
59363  -50.877  -23.680  38.248 0.0000000000
60313  -48.591  -22.438  36.681 0.0000000000
61300  -48.986  -21.784  36.304 0.0000000000
60314  -49.408  -22.340  36.787 0.0000000000
60304  -50.447  -22.790  37.505 0.0000000000
59380  -51.600  -22.618  37.999 0.0000000000
61304  -51.944  -20.931  37.061 0.0000000000
62248  -53.298  -20.097  37.507 0.0000000000
63192  -53.425  -19.292  37.090 0.0000000000
63202  -53.196  -19.243  36.202 0.0000000000
63212  -53.331  -19.477  35.147 0.0000000000
62277  -52.054  -19.679  34.875 0.0000000000
63224  -53.292  -19.395  34.561 0.0000000000
124104  -51.282  -17.688  33.819 0.0000000000
65039  -51.957  -17.195  33.614 0.0000000000
28884  -20.297  -55.375  64.847 0.0000000000
28869  -19.850  -55.679  65.308 0.0000000000
27903  -20.343  -56.163  66.821 0.0000000000
27902  -19.632  -56.463  66.543 0.0000000000
27909  -18.781  -56.586  65.391 0.0000000000
26961  -18.353  -57.239  65.775 0.0000000000
26947  -17.888  -57.876  66.149 0.0000000000
126080  -21.168  -56.671  71.377 0.0000000000
26903  -20.376  -57.119  71.123 0.0000000000
26902  -18.894  -58.063  70.617 0.0000000000
26911  -19.080  -57.884  69.595 0.0000000000
26046  -18.033  -58.103  66.963 0.0000000000
26045  -17.449  -58.516  66.496 0.0000000000
25126  -16.975  -59.097  66.975 0.0000000000
25113  -16.626  -59.706  68.598 0.0000000000
24228  -16.083  -60.024  67.889 0.0000000000
23247  -14.240  -61.789  68.732 0.0000000000
123138  -14.638  -62.056  69.577 0.0000000000
22313  -15.577  -61.917  70.322 0.0000000000
128934  -15.451  -62.583  69.943 0.0000000000
48669  -47.876  -34.599  57.476 0.0000000000
50584  -47.424  -32.297  56.913 0.0000000000
51468  -48.309  -31.079  56.749 0.0000000000
52481  -48.464  -30.681  55.800 0.0000000000
125375  -48.328  -30.345  53.120 0.0000000000
125672  -47.448  -30.610  52.130 0.0000000000
52559  -43.126  -30.493  49.816 0.0000000000
52542  -43.910  -30.473  50.195 0.0000000000
52561  -45.341  -30.491  49.543 0.0000000000
51579  -43.789  -31.077  46.731 0.0000000000
120994  -43.183  -31.204  46.813 0.0000000000
51623  -42.005  -31.114  43.653 0.0000000000
49731  -39.017  -32.972  48.657 0.0000000000
50659  -39.067  -32.079  48.919 0.0000000000
51544  -38.752  -31.732  48.555 0.0000000000
51557  -38.938  -31.184  48.235 0.0000000000
117385  -40.037  -31.009  46.409 0.0000000000
51592  -40.444  -31.126  45.446 0.0000000000
125420  -40.252  -31.173  43.936 0.0000000000
51609  -41.607  -31.273  44.286 0.0000000000
27935  -32.336  -56.809  62.996 0.0000000000
139375  -32.907  -56.673  63.370 0.0000000000
28901  -33.569  -55.591  63.700 0.0000000000
35558  -32.182  -48.297  55.702 0.0000000000
35551  -33.007  -48.226  56.788 0.0000000000
35541  -33.498  -48.433  57.511 0.0000000000
35542  -34.075  -48.047  58.170 0.0000000000
36471  -34.703  -47.182  58.424 0.0000000000
35527  -35.290  -47.744  58.898 0.0000000000
34475  -35.232  -48.488  59.186 0.0000000000
35485  -36.525  -48.763  59.989 0.0000000000
39403  -34.880  -43.831  53.264 0.0000000000
39389  -35.529  -44.293  54.440 0.0000000000
38432  -36.168  -45.391  56.513 0.0000000000
38447  -39.372  -45.628  55.359 0.0000000000
37536  -38.865  -45.979  55.720 0.0000000000
36511  -39.760  -47.195  56.809 0.0000000000
37535  -37.921  -46.034  56.016 0.0000000000
37522  -37.219  -46.178  56.836 0.0000000000
132139  -36.557  -45.836  56.932 0.0000000000
116610  -36.527  -46.263  57.487 0.0000000000
36491  -36.597  -46.867  58.086 0.0000000000
36474  -37.044  -47.608  58.654 0.0000000000
35529  -38.625  -48.613  58.674 0.0000000000
36459  -36.986  -48.164  59.326 0.0000000000
35505  -37.384  -48.651  60.015 0.0000000000
35487  -37.480  -48.993  61.019 0.0000000000
116747  -39.063  -49.286  63.484 0.0000000000
34414  -39.764  -49.188  62.593 0.0000000000
34387  -39.981  -49.532  64.047 0.0000000000
36429  -41.785  -47.884  62.387 0.0000000000
35457  -42.154  -48.418  63.177 0.0000000000
29789  -19.996  -54.445  62.781 0.0000000000
29774  -20.576  -54.762  63.355 0.0000000000
30742  -23.233  -52.801  59.836 0.0000000000
29790  -20.887  -54.326  62.732 0.0000000000
29762  -21.886  -55.086  64.018 0.0000000000
28886  -23.016  -55.313  64.913 0.0000000000
28873  -28.532  -55.515  65.724 0.0000000000
117888  -44.670  -29.387  44.292 0.0000000000
53628  -44.978  -28.853  43.939 0.0000000000
119352  -47.290  -27.581  46.365 0.0000000000
55510  -46.420  -27.500  43.907 0.0000000000
55501  -46.888  -27.171  44.277 0.0000000000
55487  -48.038  -26.423  46.735 0.0000000000
57338  -48.908  -24.640  47.404 0.0000000000
57417  -49.594  -25.285  40.761 0.0000000000
57406  -50.219  -25.010  41.701 0.0000000000
57396  -50.362  -24.853  42.526 0.0000000000
58382  -51.154  -24.629  42.591 0.0000000000
58353  -50.226  -24.248  44.560 0.0000000000
59286  -50.322  -23.601  45.593 0.0000000000
129305  -50.430  -23.049  46.399 0.0000000000
64116  -54.286  -18.291  35.870 0.0000000000
138066  -54.936  -17.413  36.957 0.0000000000
65006  -55.635  -17.097  37.379 0.0000000000
65910  -56.737  -15.759  37.560 0.0000000000
64133  -55.042  -18.448  33.891 0.0000000000
65030  -55.814  -17.785  34.591 0.0000000000
65021  -55.534  -16.422  36.166 0.0000000000
126374  -55.949  -15.793  36.698 0.0000000000
65920  -57.625  -14.934  37.665 0.0000000000
137180  -58.596  -15.138  38.135 0.0000000000
66752  -58.477  -14.518  37.574 0.0000000000
66763  -56.880  -14.193  36.123 0.0000000000
67594  -58.426  -13.806  36.901 0.0000000000
126165  -59.000  -14.373  37.271 0.0000000000
66764  -59.229  -14.315  36.621 0.0000000000
66783  -56.845  -15.608  32.480 0.0000000000
66784  -57.412  -15.084  32.840 0.0000000000
68435  -58.655  -13.002  35.748 0.0000000000
68436  -58.909  -13.038  35.600 0.0000000000
22320  -14.585  -62.395  69.305 0.0000000000
23238  -14.996  -61.721  69.999 0.0000000000
26925  -20.270  -56.933  68.887 0.0000000000
26936  -19.362  -57.294  67.929 0.0000000000
27886  -20.656  -56.547  68.307 0.0000000000
27894  -20.578  -56.340  67.539 0.0000000000
27910  -19.413  -56.209  65.757 0.0000000000
28860  -20.856  -55.731  66.290 0.0000000000
29763  -22.639  -55.218  64.343 0.0000000000
30758  -30.271  -53.161  58.417 0.0000000000
33461  -32.475  -50.423  57.503 0.0000000000
34476  -39.988  -49.188  59.136 0.0000000000
35484  -35.897  -48.632  59.609 0.0000000000
35486  -36.982  -48.866  60.451 0.0000000000
37504  -34.604  -46.000  57.718 0.0000000000
38387  -43.097  -45.807  61.857 0.0000000000
38433  -36.990  -45.675  56.207 0.0000000000
40270  -45.175  -43.258  57.989 0.0000000000
40295  -44.881  -43.505  56.447 0.0000000000
41327  -38.679  -42.569  49.538 0.0000000000
44966  -48.081  -38.030  53.818 0.0000000000
45031  -41.883  -38.375  49.115 0.0000000000
46816  -48.044  -36.749  53.769 0.0000000000
51562  -44.236  -30.857  47.333 0.0000000000
51622  -41.408  -31.176  43.584 0.0000000000
53579  -47.192  -29.402  49.468 0.0000000000
53617  -45.172  -29.140  44.651 0.0000000000
54591  -45.370  -28.269  43.523 0.0000000000
124499  -17.155  -59.369  69.099 0.0000000000
125175  -44.243  -43.976  59.155 0.0000000000
126726  -34.586  -45.158  56.806 0.0000000000
128662  -39.781  -30.975  48.712 0.0000000000
134034  -40.147  -48.739  58.432 0.0000000000
138900  -46.497  -32.530  55.706 0.0000000000
