#!ascii label  , from subject sub-v1s4x0050700_ses-1 vox2ras=TkReg
990
70621  -20.586  -11.792  -13.446 0.5555555820
70639  -20.915  -11.044  -13.963 0.6666666865
71522  -21.177  -10.238  -14.411 0.7777777910
72435  -21.855  -9.782  -14.845 0.7777777910
73311  -21.926  -8.222  -15.296 0.8888888955
74221  -24.004  -7.539  -16.047 0.8888888955
70608  -19.983  -12.161  -12.787 0.5555555820
70620  -19.720  -11.198  -12.996 0.5555555820
72415  -19.975  -9.617  -13.671 0.6666666865
72433  -20.519  -9.505  -14.145 0.8888888955
72446  -22.505  -9.421  -15.223 0.8888888955
75121  -23.233  -6.965  -15.976 1.0000000000
131977  -24.629  -7.055  -16.348 0.8888888955
127031  -24.894  -6.280  -16.549 1.0000000000
72414  -19.388  -9.639  -13.165 0.7777777910
73296  -19.588  -8.099  -13.720 1.0000000000
132971  -19.845  -6.938  -14.119 1.0000000000
74188  -20.636  -7.698  -14.649 1.0000000000
121886  -21.688  -5.862  -15.591 1.0000000000
138254  -20.344  -7.163  -14.487 1.0000000000
75120  -22.535  -6.311  -15.856 1.0000000000
75990  -21.027  -5.343  -15.320 1.0000000000
75991  -22.327  -5.478  -15.942 1.0000000000
76004  -23.136  -5.465  -16.284 1.0000000000
76861  -24.343  -4.828  -16.803 1.0000000000
76003  -22.529  -4.667  -16.195 1.0000000000
76860  -23.501  -4.513  -16.616 1.0000000000
133267  -24.818  -4.216  -17.199 1.0000000000
77766  -24.184  -2.954  -17.479 1.0000000000
78650  -24.854  -2.453  -17.851 0.7777777910
75104  -19.681  -6.162  -14.156 0.8888888955
75105  -20.331  -6.530  -14.578 1.0000000000
128553  -21.744  -5.018  -15.747 1.0000000000
75973  -20.280  -5.608  -14.715 1.0000000000
76850  -21.148  -4.489  -15.515 1.0000000000
77743  -22.270  -3.799  -16.223 1.0000000000
77745  -23.566  -3.495  -16.917 1.0000000000
78631  -23.487  -2.490  -17.286 1.0000000000
78651  -25.727  -2.324  -17.832 0.8888888955
79454  -25.127  -1.534  -18.124 1.0000000000
79455  -26.015  -1.599  -17.834 0.7777777910
80260  -26.375  -0.907  -17.473 0.7777777910
76824  -18.954  -4.836  -13.656 0.5555555820
78597  -19.597  -2.351  -14.621 0.7777777910
77714  -19.862  -3.875  -14.665 0.8888888955
77728  -21.358  -3.503  -15.757 1.0000000000
78611  -20.889  -2.569  -15.628 0.8888888955
78612  -21.681  -2.539  -16.130 1.0000000000
78630  -22.555  -2.307  -16.725 1.0000000000
78648  -23.753  -1.249  -17.903 1.0000000000
126960  -24.400  -1.281  -18.149 0.8888888955
80257  -24.124  -0.466  -18.186 1.0000000000
80258  -24.797  -0.602  -18.202 0.8888888955
81003  -25.536  0.728  -17.387 0.7777777910
134255  -26.811  -0.242  -16.178 0.6666666865
80231  -26.493  0.447  -15.785 0.6666666865
78585  -18.055  -2.694  -12.846 0.4444444478
78596  -18.996  -2.297  -14.024 0.7777777910
79397  -18.695  -1.476  -13.839 0.6666666865
128838  -20.277  -0.989  -15.315 0.7777777910
79418  -20.561  -1.790  -15.475 0.8888888955
79439  -21.681  -1.189  -16.361 0.8888888955
122661  -23.209  -1.697  -17.400 1.0000000000
80246  -22.071  -0.491  -16.824 1.0000000000
80247  -22.768  -0.414  -17.439 1.0000000000
80256  -23.458  -0.385  -17.889 1.0000000000
81010  -23.762  0.374  -18.109 0.8888888955
129925  -24.628  0.901  -17.942 0.7777777910
120776  -25.498  1.364  -16.840 0.7777777910
81713  -25.666  1.601  -16.028 0.6666666865
80206  -18.563  0.104  -14.090 0.6666666865
80195  -18.359  -0.666  -13.608 0.6666666865
80229  -19.922  -0.140  -15.264 0.7777777910
80207  -19.247  0.004  -14.687 0.7777777910
80230  -20.676  -0.306  -15.726 0.8888888955
128907  -21.740  0.135  -16.684 0.8888888955
81000  -21.119  0.332  -16.245 1.0000000000
81001  -21.730  0.969  -16.959 1.0000000000
81009  -22.611  1.130  -17.676 1.0000000000
127165  -23.060  0.373  -17.814 0.8888888955
81747  -23.437  1.956  -18.144 0.8888888955
81734  -24.090  1.889  -18.018 0.8888888955
81735  -24.938  1.509  -17.513 0.7777777910
82550  -22.972  2.571  -18.226 0.8888888955
82552  -24.121  2.770  -18.010 0.7777777910
82536  -24.634  2.342  -17.410 0.7777777910
82524  -25.302  2.262  -15.788 0.7777777910
81699  -25.703  1.831  -14.945 0.6666666865
80985  -19.605  0.806  -15.208 0.8888888955
128879  -20.826  1.086  -16.280 0.8888888955
81732  -21.248  1.795  -16.832 1.0000000000
81746  -22.883  1.961  -17.973 1.0000000000
83436  -24.477  3.277  -17.292 0.7777777910
133881  -24.470  4.006  -16.743 0.7777777910
83410  -24.935  2.934  -15.493 0.6666666865
125505  -24.977  3.011  -14.541 0.5555555820
82517  -25.459  2.406  -14.211 0.5555555820
80968  -18.292  0.950  -13.899 0.7777777910
138988  -17.862  1.105  -13.372 0.6666666865
80969  -18.887  0.857  -14.518 0.8888888955
81712  -20.474  1.757  -16.082 1.0000000000
82535  -21.562  2.575  -17.379 1.0000000000
119489  -22.344  3.424  -18.235 0.8888888955
120091  -22.771  3.205  -18.363 0.8888888955
84315  -23.162  4.488  -18.652 0.8888888955
82551  -23.425  2.923  -18.313 0.8888888955
138847  -24.340  4.628  -16.922 0.7777777910
135787  -24.184  5.304  -16.594 0.7777777910
84276  -24.366  4.400  -15.892 0.7777777910
83409  -24.625  3.667  -15.106 0.5555555820
121067  -23.477  5.753  -18.181 0.7777777910
85190  -24.113  5.252  -15.409 0.5555555820
84264  -24.312  4.452  -14.718 0.5555555820
81665  -16.997  1.533  -11.678 0.4444444478
123331  -17.623  1.699  -13.109 0.5555555820
82503  -18.331  2.410  -14.076 0.7777777910
82521  -20.041  2.377  -15.777 1.0000000000
82515  -18.876  2.340  -14.620 0.8888888955
83422  -20.216  3.212  -16.082 1.0000000000
121487  -21.021  3.237  -17.045 0.8888888955
83442  -21.240  3.956  -17.500 0.8888888955
83443  -21.988  3.992  -18.181 0.8888888955
84306  -22.409  4.836  -18.490 0.8888888955
133268  -23.530  5.091  -18.517 0.8888888955
85178  -23.907  6.002  -14.964 0.5555555820
139912  -18.281  4.426  -14.050 0.6666666865
83388  -17.634  3.255  -13.180 0.6666666865
84274  -18.974  4.223  -14.933 0.7777777910
83434  -19.935  3.963  -15.939 0.8888888955
84291  -20.056  4.594  -16.220 0.7777777910
84292  -20.705  4.669  -17.052 0.7777777910
84305  -21.516  4.717  -17.861 0.8888888955
85201  -20.999  5.477  -17.379 0.7777777910
86137  -22.051  6.114  -17.979 0.7777777910
85213  -22.504  5.575  -18.420 0.7777777910
87041  -22.422  7.291  -17.312 0.6666666865
87049  -23.307  7.364  -17.070 0.6666666865
86139  -23.352  6.625  -17.580 0.6666666865
85202  -23.916  6.085  -17.296 0.5555555820
87905  -23.072  8.005  -16.832 0.6666666865
87043  -23.347  7.855  -16.547 0.5555555820
87034  -23.598  7.567  -15.854 0.5555555820
125019  -17.613  5.956  -12.582 0.3333333433
85136  -17.363  5.131  -12.138 0.3333333433
125490  -18.367  5.636  -14.160 0.5555555820
85168  -18.155  4.904  -13.792 0.6666666865
86114  -18.688  6.377  -14.748 0.5555555820
121907  -18.758  5.524  -14.774 0.7777777910
86121  -19.697  6.003  -16.012 0.7777777910
87039  -19.893  6.824  -16.157 0.6666666865
86126  -20.440  6.143  -16.677 0.6666666865
87040  -20.833  7.013  -16.750 0.6666666865
135359  -21.753  7.583  -16.964 0.6666666865
87898  -21.873  8.396  -16.666 0.6666666865
87899  -22.726  8.838  -16.592 0.6666666865
87892  -23.475  8.335  -15.871 0.5555555820
127228  -23.405  8.997  -15.829 0.5555555820
87900  -23.172  8.787  -16.336 0.6666666865
86107  -17.752  6.712  -13.025 0.4444444478
86078  -16.922  6.743  -10.659 0.4444444478
87019  -18.033  7.450  -13.480 0.5555555820
86108  -18.203  6.528  -13.832 0.5555555820
87031  -18.873  7.175  -15.056 0.6666666865
119473  -19.243  6.637  -15.508 0.6666666865
87032  -19.479  7.556  -15.548 0.6666666865
87897  -20.978  7.908  -16.381 0.6666666865
88796  -22.513  9.756  -16.454 0.6666666865
89661  -23.141  10.296  -16.214 0.5555555820
88798  -23.287  9.596  -16.074 0.6666666865
87018  -17.702  7.657  -12.726 0.4444444478
87026  -18.843  7.924  -14.819 0.6666666865
87889  -19.456  8.529  -15.183 0.6666666865
87033  -20.224  7.500  -16.132 0.6666666865
87890  -20.234  8.242  -15.785 0.6666666865
123873  -21.897  9.199  -16.435 0.6666666865
73298  -21.066  -8.419  -14.797 0.8888888955
73280  -20.007  -8.896  -13.833 1.0000000000
74201  -21.394  -7.586  -15.144 1.0000000000
75133  -23.377  -6.236  -16.194 1.0000000000
79386  -18.153  -1.415  -13.205 0.5555555820
122927  -23.344  1.189  -18.027 0.8888888955
80956  -17.970  0.234  -13.284 0.5555555820
82485  -17.093  2.320  -12.024 0.5555555820
81697  -18.580  1.650  -14.295 0.7777777910
82522  -20.758  2.481  -16.560 1.0000000000
84307  -23.811  4.418  -18.387 0.8888888955
82472  -16.819  2.205  -11.406 0.2222222239
85189  -23.963  6.097  -16.116 0.6666666865
85200  -20.220  5.347  -16.503 0.7777777910
86122  -23.762  6.776  -15.535 0.4444444478
116978  -18.482  7.275  -14.344 0.6666666865
87025  -18.348  8.133  -13.989 0.6666666865
89654  -23.361  10.219  -15.662 0.5555555820
88787  -23.459  9.496  -15.264 0.5555555820
86095  -17.627  6.827  -12.571 0.2222222239
139087  -21.073  -13.201  -13.197 0.5555555820
69766  -21.242  -12.647  -13.531 0.5555555820
70640  -21.658  -11.181  -14.374 0.5555555820
71523  -22.042  -10.612  -14.689 0.5555555820
73314  -23.960  -9.164  -15.735 0.7777777910
73329  -24.488  -8.451  -16.003 0.8888888955
137733  -20.183  -12.891  -12.644 0.5555555820
71533  -22.643  -10.232  -15.000 0.6666666865
118673  -23.077  -8.951  -15.526 0.8888888955
117636  -24.981  -7.751  -16.297 0.7777777910
75135  -25.379  -7.050  -16.495 0.7777777910
76007  -25.731  -5.597  -16.877 0.8888888955
69745  -18.823  -12.559  -11.633 0.4444444478
71496  -18.594  -10.434  -12.162 0.5555555820
76006  -24.840  -5.448  -16.752 1.0000000000
73266  -18.756  -9.276  -12.596 0.2222222239
73279  -19.303  -8.827  -13.251 0.6666666865
76878  -25.493  -4.032  -17.389 0.8888888955
77769  -26.248  -2.967  -17.593 0.6666666865
79441  -26.803  -1.689  -17.336 0.6666666865
74171  -19.021  -7.481  -13.299 0.5555555820
79420  -27.039  -1.012  -16.641 0.6666666865
75084  -18.539  -6.055  -13.100 0.4444444478
80232  -27.266  -0.814  -15.606 0.5555555820
80970  -26.579  0.493  -14.718 0.5555555820
134645  -17.655  -3.940  -12.278 0.2222222239
81700  -26.247  1.176  -14.312 0.5555555820
78584  -17.978  -2.001  -12.856 0.4444444478
81682  -25.931  1.803  -13.847 0.5555555820
80172  -17.290  -0.737  -11.799 0.3333333433
82504  -25.700  2.342  -13.423 0.5555555820
81666  -17.298  1.601  -12.368 0.4444444478
84249  -24.823  3.836  -13.018 0.4444444478
81652  -16.822  1.639  -11.288 0.3333333433
85172  -24.015  5.228  -13.318 0.5555555820
85171  -23.716  5.920  -13.927 0.4444444478
85135  -16.765  5.948  -10.494 0.3333333433
84206  -17.108  4.405  -11.808 0.3333333433
84207  -17.305  4.602  -12.170 0.4444444478
87027  -23.642  7.276  -14.983 0.4444444478
131713  -23.490  9.125  -14.541 0.4444444478
127705  -23.446  10.166  -14.855 0.2222222239
134510  -21.221  9.407  -15.936 0.6666666865
88785  -20.999  10.004  -15.573 0.6666666865
133004  -22.293  10.391  -16.395 0.6666666865
89660  -22.856  10.373  -16.402 0.6666666865
90440  -23.217  10.942  -15.883 0.4444444478
89641  -23.411  10.854  -14.958 0.3333333433
87879  -18.252  8.977  -13.562 0.5555555820
123908  -20.293  -10.914  -13.553 0.6666666865
71521  -20.432  -10.263  -13.879 0.6666666865
72434  -21.125  -9.292  -14.636 0.8888888955
72445  -21.773  -8.979  -15.073 0.8888888955
73312  -22.734  -8.207  -15.573 0.8888888955
73313  -23.567  -8.316  -15.762 0.8888888955
133492  -20.626  -12.687  -13.087 0.5555555820
69752  -19.568  -12.700  -12.254 0.4444444478
70607  -19.126  -11.788  -12.171 0.4444444478
127034  -19.024  -10.985  -12.410 0.5555555820
71503  -19.258  -10.408  -12.823 0.6666666865
71504  -19.830  -10.337  -13.398 0.6666666865
131812  -20.571  -8.865  -14.347 0.8888888955
133919  -22.384  -8.747  -15.355 0.8888888955
74202  -22.363  -7.385  -15.596 1.0000000000
75134  -24.002  -6.645  -16.300 1.0000000000
76005  -24.028  -5.738  -16.506 1.0000000000
72404  -18.879  -9.883  -12.562 0.5555555820
138965  -19.685  -9.223  -13.495 0.8888888955
73297  -20.278  -8.272  -14.286 1.0000000000
74172  -19.549  -7.376  -13.780 0.8888888955
74187  -20.016  -7.613  -14.194 1.0000000000
74200  -20.867  -7.004  -14.936 1.0000000000
75118  -20.955  -6.200  -15.115 1.0000000000
75119  -21.619  -6.736  -15.411 1.0000000000
137917  -23.743  -5.155  -16.547 1.0000000000
76862  -25.218  -4.807  -17.078 0.8888888955
77746  -24.219  -3.902  -17.099 1.0000000000
77744  -22.951  -3.949  -16.512 1.0000000000
76859  -21.816  -4.293  -15.883 1.0000000000
77767  -24.847  -3.458  -17.474 1.0000000000
77768  -25.591  -3.168  -17.615 0.8888888955
75972  -19.556  -5.300  -14.181 1.0000000000
75960  -19.074  -5.758  -13.671 0.5555555820
75085  -19.176  -6.674  -13.578 0.6666666865
76849  -20.508  -4.789  -15.070 1.0000000000
76838  -19.966  -4.774  -14.624 0.8888888955
126662  -20.566  -4.036  -15.212 1.0000000000
130224  -22.141  -3.080  -16.289 1.0000000000
125958  -22.843  -3.194  -16.649 1.0000000000
131845  -23.682  -1.861  -17.694 1.0000000000
78649  -24.119  -2.017  -17.895 1.0000000000
80259  -25.569  -0.773  -17.978 0.8888888955
80249  -26.532  -0.380  -16.941 0.6666666865
76823  -18.314  -4.783  -13.027 0.5555555820
75959  -18.586  -5.392  -13.251 0.5555555820
77698  -18.518  -4.075  -13.301 0.6666666865
77699  -19.145  -3.933  -13.917 0.6666666865
76837  -19.483  -4.560  -14.212 0.7777777910
77713  -19.325  -3.100  -14.277 0.7777777910
79398  -19.293  -1.566  -14.419 0.6666666865
79417  -19.907  -1.672  -14.964 0.8888888955
77726  -19.874  -2.999  -14.803 0.8888888955
78610  -20.192  -2.440  -15.138 0.8888888955
138257  -20.225  -4.362  -14.889 0.8888888955
77727  -20.429  -3.235  -15.230 1.0000000000
79419  -21.281  -1.858  -15.959 0.8888888955
126861  -21.923  -1.850  -16.432 1.0000000000
79453  -23.154  -1.002  -17.558 1.0000000000
81011  -24.419  0.260  -18.147 0.8888888955
122887  -25.146  0.074  -18.004 0.8888888955
80248  -25.939  -0.142  -17.562 0.7777777910
81004  -26.291  0.267  -16.747 0.7777777910
80987  -26.004  0.968  -16.397 0.6666666865
80208  -26.887  -0.191  -15.143 0.5555555820
81714  -26.123  1.106  -15.375 0.6666666865
120402  -18.426  -2.165  -13.397 0.5555555820
77687  -18.083  -3.525  -12.821 0.3333333433
77712  -18.632  -3.117  -13.532 0.4444444478
130546  -18.937  -0.746  -14.264 0.6666666865
130431  -19.613  -0.851  -14.791 0.7777777910
80245  -21.383  -0.442  -16.238 0.8888888955
79440  -22.486  -1.283  -16.964 1.0000000000
81002  -22.354  0.295  -17.260 1.0000000000
124019  -23.957  1.115  -18.126 0.7777777910
82537  -25.192  1.971  -16.709 0.7777777910
80986  -20.378  0.501  -15.718 0.8888888955
81733  -22.097  1.878  -17.535 1.0000000000
83423  -24.654  3.506  -16.140 0.7777777910
82523  -24.880  2.711  -16.480 0.7777777910
136438  -25.263  2.478  -14.996 0.6666666865
80194  -17.818  -0.716  -12.873 0.4444444478
136694  -20.189  1.165  -15.737 0.8888888955
82549  -22.412  2.751  -17.995 0.8888888955
83446  -23.996  3.556  -18.205 0.7777777910
83390  -24.637  3.710  -14.057 0.5555555820
83391  -25.231  3.011  -13.471 0.5555555820
123612  -17.538  0.894  -12.739 0.5555555820
81681  -18.070  1.716  -13.714 0.6666666865
81711  -19.782  1.660  -15.477 0.8888888955
82548  -21.791  3.311  -17.837 1.0000000000
83445  -23.453  3.817  -18.514 0.8888888955
126308  -24.057  5.143  -17.804 0.8888888955
85214  -23.016  5.369  -18.644 0.8888888955
85179  -23.997  5.209  -14.327 0.5555555820
82486  -17.433  2.420  -12.775 0.5555555820
82502  -17.827  2.453  -13.482 0.5555555820
126195  -19.622  2.890  -15.466 1.0000000000
83420  -18.917  3.566  -14.790 0.7777777910
83389  -18.122  3.205  -13.861 0.7777777910
83435  -20.500  3.938  -16.646 0.8888888955
83421  -19.441  3.609  -15.380 0.7777777910
84226  -17.489  4.148  -12.742 0.5555555820
84245  -17.953  4.095  -13.619 0.5555555820
127283  -17.774  4.794  -13.232 0.4444444478
85177  -18.576  4.803  -14.455 0.6666666865
84246  -18.463  3.914  -14.321 0.7777777910
83366  -17.252  3.184  -12.396 0.6666666865
85188  -19.594  5.199  -15.775 0.7777777910
130865  -21.838  5.438  -18.089 0.7777777910
86127  -21.232  6.233  -17.336 0.6666666865
87047  -22.596  6.708  -17.697 0.6666666865
87042  -22.600  7.925  -16.972 0.6666666865
87048  -23.014  7.343  -17.308 0.6666666865
86129  -23.676  6.978  -16.701 0.5555555820
124037  -23.591  7.970  -15.023 0.4444444478
86115  -23.671  6.660  -14.475 0.4444444478
87884  -23.515  8.726  -15.142 0.5555555820
85154  -17.550  5.098  -12.639 0.4444444478
85167  -17.873  5.678  -13.314 0.5555555820
86120  -19.135  5.797  -15.346 0.7777777910
88797  -23.056  9.654  -16.381 0.6666666865
87891  -21.081  8.724  -16.096 0.6666666865
88786  -21.768  9.936  -16.230 0.6666666865
80955  -17.448  -0.074  -12.331 0.4444444478
83365  -16.898  3.008  -11.723 0.3333333433
79385  -17.697  -1.482  -12.534 0.4444444478
88775  -23.459  9.731  -14.288 0.3333333433
72463  -24.868  -9.333  -15.961 0.6666666865
68923  -19.976  -13.508  -12.233 0.5555555820
124870  -19.273  -13.201  -11.780 0.3333333433
78652  -26.479  -2.379  -17.571 0.6666666865
138033  -18.059  -4.214  -12.762 0.3333333433
76811  -17.795  -4.707  -12.400 0.1111111119
77686  -17.631  -3.117  -12.227 0.1111111119
80183  -17.480  -0.917  -12.229 0.4444444478
80933  -17.184  -0.044  -11.733 0.3333333433
80945  -17.188  0.781  -11.993 0.3333333433
83342  -16.876  3.577  -11.571 0.3333333433
122665  -22.966  11.005  -16.283 0.4444444478
68965  -24.917  -13.580  -15.214 0.4444444478
68957  -26.307  -13.734  -14.952 0.2222222239
68943  -22.289  -13.703  -13.791 0.4444444478
69767  -22.051  -12.818  -13.978 0.4444444478
69783  -22.856  -12.710  -14.464 0.4444444478
135081  -24.506  -13.074  -15.139 0.4444444478
116210  -25.206  -12.099  -15.596 0.4444444478
70654  -26.544  -11.759  -16.071 0.2222222239
70642  -23.205  -11.782  -14.804 0.4444444478
70651  -23.953  -11.393  -15.204 0.4444444478
70652  -24.707  -11.422  -15.512 0.4444444478
71537  -27.584  -11.053  -16.098 0.1111111119
71525  -28.540  -10.754  -15.073 0.1111111119
71536  -24.958  -10.670  -15.724 0.4444444478
70669  -26.468  -10.986  -16.288 0.3333333433
71534  -23.359  -10.823  -15.082 0.4444444478
71535  -24.129  -10.696  -15.432 0.4444444478
71552  -25.721  -10.516  -16.117 0.3333333433
71553  -26.457  -10.184  -16.410 0.3333333433
71538  -28.101  -10.447  -15.987 0.2222222239
72449  -25.116  -10.039  -15.943 0.4444444478
73331  -27.853  -8.548  -16.583 0.2222222239
73332  -28.399  -8.716  -16.395 0.1111111119
120939  -29.464  -7.529  -16.080 0.1111111119
72466  -27.272  -8.987  -16.628 0.3333333433
139489  -27.261  -8.288  -16.600 0.3333333433
74222  -25.906  -7.769  -16.502 0.4444444478
123385  -26.232  -7.017  -16.631 0.5555555820
75137  -26.507  -6.240  -16.759 0.6666666865
132285  -28.265  -6.157  -16.591 0.4444444478
76865  -29.265  -5.077  -16.447 0.3333333433
76008  -26.835  -5.347  -16.973 0.6666666865
124777  -28.403  -4.524  -16.646 0.5555555820
119581  -26.089  -4.684  -17.244 0.6666666865
76864  -27.686  -3.902  -17.083 0.5555555820
77749  -28.357  -3.669  -16.583 0.5555555820
77730  -29.108  -4.204  -16.307 0.4444444478
78633  -28.241  -2.893  -16.305 0.3333333433
76863  -26.369  -3.805  -17.466 0.5555555820
79422  -28.267  -1.815  -15.114 0.4444444478
79421  -27.573  -1.517  -15.857 0.5555555820
78613  -27.940  -2.222  -16.001 0.4444444478
80209  -27.512  -0.685  -14.657 0.4444444478
88784  -20.351  9.200  -15.461 0.5555555820
88773  -19.423  9.412  -14.806 0.5555555820
89653  -21.628  10.760  -16.025 0.5555555820
90447  -21.907  11.575  -16.232 0.5555555820
68955  -24.211  -13.733  -14.872 0.4444444478
68967  -26.072  -13.112  -15.564 0.2222222239
70622  -21.449  -11.916  -13.957 0.4444444478
71554  -27.536  -10.516  -16.375 0.2222222239
72467  -27.912  -9.305  -16.567 0.2222222239
72450  -28.420  -9.501  -16.177 0.1111111119
74224  -27.726  -7.703  -16.573 0.4444444478
74225  -28.543  -7.425  -16.466 0.3333333433
74223  -26.803  -7.692  -16.604 0.4444444478
76009  -27.717  -5.572  -16.733 0.4444444478
78614  -28.676  -2.565  -15.552 0.3333333433
79399  -27.703  -1.257  -15.074 0.4444444478
81701  -26.904  0.638  -13.740 0.4444444478
124736  -19.397  10.130  -14.521 0.5555555820
89640  -19.828  10.769  -14.576 0.5555555820
70641  -22.363  -11.311  -14.605 0.4444444478
76011  -29.492  -5.843  -16.504 0.2222222239
129799  -22.450  11.003  -16.359 0.5555555820
67256  -22.819  -15.374  -13.687 0.4444444478
67257  -23.416  -14.858  -14.232 0.4444444478
67269  -24.691  -15.408  -14.549 0.4444444478
68956  -25.608  -14.476  -14.803 0.2222222239
68115  -26.296  -14.401  -14.395 0.2222222239
68116  -26.902  -13.988  -14.079 0.1111111119
68925  -21.188  -13.820  -13.032 0.4444444478
123651  -22.559  -14.513  -13.719 0.4444444478
69796  -27.156  -12.562  -15.336 0.1111111119
70643  -27.740  -11.992  -15.077 0.1111111119
68958  -27.168  -13.211  -14.613 0.1111111119
122111  -28.995  -9.300  -15.597 0.1111111119
73299  -29.542  -8.707  -15.298 0.1111111119
74205  -30.485  -7.152  -15.378 0.1111111119
74204  -29.987  -6.804  -16.093 0.1111111119
75141  -30.086  -6.083  -16.417 0.2222222239
126220  -29.756  -3.793  -15.843 0.1111111119
76012  -30.094  -5.504  -16.425 0.2222222239
78615  -29.556  -2.898  -15.372 0.2222222239
78598  -29.176  -2.169  -14.823 0.2222222239
128546  -28.847  -1.533  -14.440 0.3333333433
80971  -27.217  -0.045  -14.175 0.4444444478
81683  -27.516  0.989  -12.954 0.3333333433
121370  -26.600  1.327  -13.348 0.3333333433
84248  -24.344  4.492  -13.666 0.4444444478
87020  -23.561  7.458  -14.012 0.3333333433
87878  -17.900  8.358  -13.056 0.4444444478
90448  -22.587  11.719  -16.384 0.5555555820
88765  -18.677  9.756  -14.046 0.5555555820
89652  -20.693  10.797  -15.207 0.5555555820
90439  -21.208  11.557  -15.482 0.5555555820
89639  -19.043  10.600  -14.039 0.5555555820
68942  -21.609  -13.406  -13.489 0.4444444478
72447  -23.427  -9.897  -15.405 0.5555555820
72448  -24.402  -9.970  -15.689 0.5555555820
117811  -25.568  -8.673  -16.310 0.6666666865
75136  -25.738  -6.433  -16.664 0.6666666865
77747  -27.007  -3.243  -17.411 0.5555555820
78632  -27.208  -2.469  -17.210 0.5555555820
79442  -27.408  -1.879  -16.679 0.4444444478
87880  -23.500  8.510  -14.116 0.3333333433
69782  -22.243  -11.965  -14.382 0.4444444478
72464  -25.694  -9.688  -16.235 0.3333333433
68966  -25.529  -13.716  -15.250 0.4444444478
69793  -25.245  -12.919  -15.445 0.4444444478
68114  -24.955  -14.245  -15.078 0.4444444478
68968  -26.624  -13.028  -15.325 0.1111111119
68102  -21.815  -14.184  -13.353 0.4444444478
68953  -22.684  -13.340  -14.192 0.4444444478
68112  -22.965  -14.009  -14.186 0.4444444478
68954  -23.335  -13.465  -14.511 0.4444444478
69784  -23.745  -12.833  -14.823 0.4444444478
69792  -24.364  -12.228  -15.229 0.4444444478
69794  -25.951  -12.374  -15.804 0.4444444478
70653  -25.658  -11.424  -15.897 0.4444444478
69795  -26.598  -12.470  -15.715 0.2222222239
70655  -27.252  -11.803  -15.867 0.1111111119
70670  -27.118  -11.157  -16.309 0.2222222239
72436  -28.758  -9.981  -15.400 0.1111111119
70644  -28.389  -11.506  -14.668 0.1111111119
119984  -27.298  -9.865  -16.573 0.3333333433
71555  -27.911  -9.951  -16.480 0.2222222239
116918  -28.310  -8.092  -16.474 0.2222222239
73333  -28.910  -7.975  -16.286 0.1111111119
73315  -29.343  -8.133  -15.915 0.1111111119
74226  -29.253  -7.140  -16.332 0.1111111119
73316  -29.951  -7.769  -15.500 0.1111111119
73330  -26.556  -8.453  -16.544 0.3333333433
123320  -27.117  -6.945  -16.662 0.4444444478
75138  -27.415  -6.175  -16.700 0.4444444478
76010  -28.526  -5.451  -16.574 0.3333333433
129047  -28.004  -6.856  -16.563 0.4444444478
75139  -28.823  -6.714  -16.496 0.3333333433
76851  -29.924  -4.710  -16.263 0.1111111119
127355  -26.813  -4.509  -17.259 0.5555555820
124863  -27.570  -4.748  -16.945 0.5555555820
77748  -27.711  -3.119  -16.956 0.5555555820
77729  -28.944  -3.351  -15.922 0.3333333433
80210  -28.064  -0.481  -13.849 0.4444444478
88774  -20.142  10.047  -14.979 0.5555555820
124444  -23.637  -14.161  -14.528 0.4444444478
68113  -24.309  -14.699  -14.704 0.4444444478
75140  -29.517  -6.469  -16.424 0.2222222239
127998  -23.568  -15.759  -14.108 0.4444444478
132701  -24.995  -14.877  -14.862 0.4444444478
67271  -26.013  -15.045  -14.195 0.2222222239
67255  -22.044  -15.016  -13.193 0.4444444478
68086  -21.294  -14.603  -12.791 0.4444444478
69785  -27.627  -12.568  -14.646 0.1111111119
71526  -29.173  -10.331  -14.600 0.1111111119
61802  -23.368  -21.269  -10.480 0.1111111119
63697  -21.115  -19.931  -11.740 0.3333333433
62739  -23.294  -21.012  -11.459 0.2222222239
62717  -23.928  -20.688  -10.828 0.1111111119
65463  -20.007  -17.503  -11.512 0.3333333433
64575  -20.358  -19.127  -11.407 0.3333333433
116607  -22.113  -19.151  -12.523 0.3333333433
63710  -23.447  -19.761  -12.771 0.3333333433
62753  -23.199  -20.535  -12.264 0.2222222239
63711  -24.135  -19.461  -12.942 0.2222222239
124605  -23.871  -20.475  -11.783 0.2222222239
62740  -24.489  -20.200  -11.187 0.1111111119
62754  -23.925  -20.030  -12.450 0.2222222239
67231  -19.373  -16.090  -11.242 0.2222222239
121836  -19.290  -16.927  -11.192 0.2222222239
64588  -20.708  -18.240  -11.744 0.3333333433
64576  -21.333  -19.080  -11.944 0.3333333433
133457  -24.564  -19.610  -12.424 0.1111111119
67232  -19.920  -15.602  -11.693 0.2222222239
66348  -20.165  -16.533  -11.721 0.3333333433
133671  -21.406  -15.592  -12.627 0.3333333433
66361  -21.862  -16.416  -12.757 0.3333333433
65475  -20.912  -17.363  -12.036 0.3333333433
65490  -23.175  -17.661  -13.408 0.3333333433
66362  -22.576  -16.891  -13.222 0.3333333433
65491  -23.792  -17.564  -13.636 0.3333333433
65492  -24.415  -17.826  -13.536 0.3333333433
64604  -25.046  -18.343  -13.208 0.1111111119
68078  -19.680  -14.829  -11.616 0.2222222239
68917  -20.050  -14.265  -12.010 0.3333333433
66377  -23.068  -16.221  -13.658 0.3333333433
117541  -23.419  -16.967  -13.661 0.3333333433
66378  -23.723  -16.434  -13.968 0.3333333433
139250  -24.644  -17.228  -13.664 0.3333333433
65493  -25.215  -17.419  -13.437 0.1111111119
68916  -19.330  -13.957  -11.494 0.3333333433
69753  -20.641  -13.375  -12.787 0.3333333433
66391  -24.310  -16.118  -14.231 0.3333333433
67268  -24.077  -15.415  -14.465 0.3333333433
66392  -25.003  -15.961  -14.258 0.3333333433
79389  -29.005  -0.925  -13.817 0.2222222239
80957  -27.845  0.300  -13.417 0.2222222239
83392  -25.829  2.611  -12.664 0.2222222239
62752  -22.306  -20.587  -12.182 0.3333333433
63698  -24.925  -19.713  -11.635 0.1111111119
122450  -22.094  -17.919  -12.652 0.3333333433
64601  -23.065  -18.453  -13.196 0.3333333433
63720  -23.623  -19.046  -13.155 0.3333333433
64603  -24.307  -18.728  -13.256 0.3333333433
67241  -20.612  -15.833  -12.116 0.3333333433
68085  -20.514  -14.968  -12.202 0.3333333433
60823  -22.820  -21.852  -10.143 0.1111111119
61779  -23.495  -21.649  -9.568 0.1111111119
63695  -19.727  -19.581  -10.961 0.3333333433
63696  -20.382  -20.106  -11.312 0.3333333433
62738  -21.032  -20.858  -11.627 0.3333333433
61815  -21.840  -21.154  -11.856 0.3333333433
61816  -22.585  -21.171  -11.817 0.3333333433
61803  -24.145  -20.983  -9.743 0.1111111119
131656  -19.876  -18.269  -11.335 0.3333333433
62718  -24.632  -20.409  -10.276 0.1111111119
67226  -18.989  -15.589  -10.781 0.2222222239
63712  -25.286  -19.258  -12.229 0.1111111119
65478  -25.856  -17.950  -12.959 0.1111111119
68070  -19.046  -14.774  -10.999 0.2222222239
65494  -26.122  -17.153  -13.161 0.1111111119
132386  -25.567  -16.604  -13.564 0.1111111119
66380  -25.685  -15.822  -13.848 0.1111111119
69744  -18.624  -13.237  -11.173 0.1111111119
84232  -25.207  4.137  -12.058 0.2222222239
83371  -25.496  3.340  -12.417 0.2222222239
70596  -18.201  -11.919  -11.362 0.2222222239
73278  -18.973  -8.141  -13.122 0.5555555820
68924  -20.637  -14.092  -12.508 0.4444444478
81670  -27.088  1.633  -12.505 0.2222222239
62751  -21.639  -20.514  -11.958 0.3333333433
63708  -21.845  -19.898  -12.225 0.3333333433
65462  -19.201  -17.778  -11.005 0.2222222239
64574  -19.254  -18.754  -10.824 0.2222222239
63709  -22.647  -19.916  -12.559 0.3333333433
64590  -22.397  -18.459  -12.767 0.3333333433
63719  -22.902  -19.202  -12.927 0.3333333433
64589  -21.612  -18.209  -12.352 0.3333333433
64591  -24.824  -19.063  -12.882 0.1111111119
126546  -19.361  -15.393  -11.277 0.2222222239
66360  -21.124  -16.496  -12.315 0.3333333433
65476  -21.816  -17.284  -12.611 0.3333333433
65477  -22.527  -17.773  -12.965 0.3333333433
64602  -23.744  -18.255  -13.434 0.3333333433
116115  -24.161  -16.994  -13.852 0.3333333433
64592  -25.583  -18.681  -12.668 0.1111111119
66376  -22.306  -15.902  -13.163 0.3333333433
66379  -24.858  -16.661  -13.844 0.3333333433
137184  -25.257  -16.265  -13.877 0.1111111119
60793  -22.508  -22.534  -9.800 0.1111111119
61801  -22.702  -21.587  -11.100 0.2222222239
62737  -20.320  -20.809  -11.159 0.3333333433
62736  -19.694  -20.301  -10.816 0.2222222239
61814  -20.618  -21.527  -11.237 0.3333333433
60829  -21.349  -21.646  -11.476 0.3333333433
60830  -22.046  -21.731  -11.468 0.3333333433
80196  -28.767  -0.038  -13.366 0.1111111119
80197  -29.634  -0.302  -13.443 0.1111111119
80950  -30.322  1.190  -13.368 0.1111111119
80958  -29.567  0.501  -13.092 0.1111111119
81671  -28.144  1.474  -12.338 0.1111111119
82492  -28.945  2.088  -11.939 0.1111111119
82505  -26.242  1.971  -12.944 0.1111111119
82490  -26.646  2.394  -12.073 0.1111111119
128142  -27.420  2.931  -11.530 0.1111111119
85157  -23.780  5.953  -13.005 0.2222222239
83372  -26.071  2.965  -11.990 0.1111111119
122275  -26.632  3.106  -11.643 0.1111111119
87015  -23.594  7.226  -12.936 0.1111111119
86110  -23.629  6.618  -13.522 0.2222222239
122932  -23.543  9.032  -13.156 0.1111111119
86101  -23.705  6.564  -12.744 0.1111111119
87001  -23.702  7.772  -12.185 0.1111111119
87883  -18.768  8.798  -14.469 0.4444444478
139057  -23.475  9.240  -13.877 0.1111111119
88752  -18.023  9.765  -13.033 0.4444444478
88766  -23.549  9.830  -13.381 0.1111111119
90449  -23.086  11.694  -16.070 0.3333333433
131795  -23.345  11.676  -15.175 0.1111111119
118799  -23.521  10.569  -13.926 0.1111111119
90426  -23.585  11.475  -14.174 0.1111111119
90438  -20.333  11.639  -14.633 0.4444444478
90434  -19.428  11.344  -14.027 0.4444444478
91119  -20.333  12.560  -14.293 0.4444444478
91131  -20.945  12.345  -15.050 0.4444444478
91132  -21.600  12.184  -15.795 0.4444444478
91144  -22.032  12.068  -16.346 0.4444444478
91145  -22.452  12.322  -16.438 0.2222222239
91146  -22.889  12.607  -16.296 0.2222222239
117875  -22.959  12.168  -16.285 0.2222222239
91842  -23.380  13.274  -15.651 0.2222222239
91133  -23.294  12.487  -15.546 0.2222222239
135686  -20.832  14.911  -19.538 0.1111111119
93281  -22.122  14.253  -18.431 0.1111111119
92541  -24.285  14.620  -15.504 0.1111111119
89616  -17.848  10.443  -12.412 0.4444444478
90423  -18.288  11.183  -12.619 0.4444444478
89630  -18.813  11.077  -13.479 0.4444444478
90424  -19.044  11.791  -13.219 0.3333333433
90425  -19.718  12.087  -13.875 0.4444444478
91840  -20.823  13.142  -14.710 0.4444444478
132488  -21.362  12.901  -15.438 0.4444444478
91852  -21.926  12.684  -16.239 0.4444444478
92539  -21.345  14.494  -15.515 0.3333333433
92553  -22.050  13.361  -16.728 0.3333333433
125363  -22.260  13.210  -16.647 0.1111111119
92555  -22.705  13.735  -16.728 0.1111111119
91854  -22.798  13.120  -16.398 0.2222222239
93267  -22.299  14.086  -17.637 0.1111111119
90415  -17.786  10.883  -11.967 0.2222222239
133995  -19.435  12.299  -13.357 0.3333333433
91111  -19.774  12.810  -13.459 0.3333333433
91841  -21.232  13.718  -15.198 0.3333333433
137610  -21.569  13.235  -15.717 0.4444444478
118245  -21.575  14.163  -16.520 0.2222222239
92564  -21.590  13.991  -18.633 0.1111111119
93266  -21.258  14.688  -16.972 0.1111111119
93280  -20.644  14.595  -18.212 0.1111111119
133337  -21.109  14.024  -19.062 0.1111111119
92573  -21.205  14.088  -19.204 0.1111111119
91809  -19.516  13.285  -12.474 0.3333333433
91817  -19.984  13.512  -13.269 0.3333333433
91826  -20.326  13.333  -13.964 0.3333333433
91827  -20.715  13.930  -14.351 0.3333333433
92529  -21.041  14.589  -14.654 0.2222222239
93254  -21.211  15.391  -15.788 0.1111111119
93991  -20.214  16.116  -17.686 0.1111111119
94001  -20.657  14.579  -19.188 0.1111111119
95540  -20.166  18.084  -19.077 0.1111111119
91792  -19.384  13.683  -10.736 0.1111111119
92501  -19.533  14.156  -10.957 0.1111111119
91804  -19.670  14.061  -11.867 0.2222222239
134879  -20.099  14.599  -12.268 0.2222222239
92520  -20.338  14.037  -13.562 0.3333333433
93237  -20.680  15.503  -13.312 0.2222222239
92511  -20.385  14.699  -13.005 0.3333333433
93973  -20.930  15.896  -14.052 0.1111111119
131889  -20.823  17.096  -14.425 0.1111111119
93974  -20.977  16.209  -14.752 0.1111111119
93983  -20.851  16.759  -15.509 0.1111111119
93992  -20.809  15.773  -16.670 0.1111111119
94770  -20.091  17.551  -17.363 0.1111111119
129728  -20.214  15.395  -18.675 0.1111111119
94023  -21.220  15.955  -19.653 0.1111111119
92489  -19.968  14.806  -10.499 0.1111111119
92502  -19.999  14.820  -11.441 0.1111111119
93217  -20.410  15.544  -11.330 0.1111111119
93940  -21.144  16.773  -11.741 0.1111111119
93954  -20.701  16.213  -12.502 0.1111111119
93964  -20.826  16.431  -13.317 0.2222222239
93955  -21.007  17.003  -12.659 0.1111111119
133081  -21.160  17.930  -13.423 0.1111111119
94756  -20.731  17.740  -14.912 0.1111111119
95510  -20.818  18.522  -14.554 0.1111111119
94763  -20.702  17.643  -15.706 0.1111111119
93191  -20.581  15.193  -9.937 0.1111111119
93203  -21.154  15.760  -10.245 0.1111111119
93941  -21.983  17.277  -11.366 0.1111111119
94724  -21.583  17.462  -12.151 0.1111111119
131601  -21.835  17.954  -12.481 0.1111111119
95489  -21.607  18.259  -13.017 0.1111111119
93910  -21.836  15.972  -9.873 0.1111111119
93911  -22.533  16.477  -9.803 0.1111111119
93924  -22.313  16.965  -10.591 0.1111111119
119561  -30.362  0.370  -13.523 0.1111111119
81684  -28.652  0.795  -12.782 0.1111111119
81672  -29.682  1.298  -12.796 0.1111111119
81673  -30.308  1.879  -13.287 0.1111111119
84233  -26.062  3.675  -11.540 0.1111111119
85159  -24.852  4.937  -11.686 0.1111111119
132369  -23.735  8.707  -12.273 0.1111111119
91120  -23.729  12.377  -14.375 0.1111111119
89631  -23.898  11.276  -13.333 0.1111111119
92540  -23.483  13.932  -15.877 0.2222222239
92554  -21.915  13.805  -17.378 0.1111111119
93268  -23.345  15.036  -16.635 0.1111111119
93292  -21.169  14.441  -19.388 0.1111111119
93230  -20.434  15.348  -12.240 0.2222222239
137230  -20.893  16.593  -13.992 0.1111111119
93218  -20.933  16.181  -10.975 0.1111111119
94739  -21.335  17.656  -12.873 0.1111111119
95502  -21.194  18.615  -13.699 0.1111111119
94707  -22.633  17.643  -10.868 0.1111111119
128791  -31.487  2.912  -14.585 0.1111111119
81685  -30.900  2.132  -14.146 0.1111111119
84231  -24.538  4.641  -12.664 0.2222222239
87870  -17.788  9.128  -12.708 0.4444444478
89629  -18.409  10.480  -13.313 0.4444444478
121883  -21.687  13.586  -16.017 0.2222222239
92480  -20.014  14.657  -9.638 0.1111111119
92481  -20.752  15.026  -9.173 0.1111111119
122571  -21.597  16.753  -11.014 0.1111111119
81686  -31.670  2.236  -14.924 0.1111111119
79390  -29.964  -1.028  -13.755 0.1111111119
80198  -30.377  -0.362  -13.680 0.1111111119
80959  -30.991  1.256  -14.163 0.1111111119
82494  -30.539  3.326  -13.413 0.1111111119
83374  -29.764  3.142  -12.252 0.1111111119
83351  -29.224  3.715  -11.585 0.1111111119
83350  -28.123  3.650  -11.302 0.1111111119
85160  -25.683  4.579  -11.209 0.1111111119
84212  -26.652  4.369  -10.974 0.1111111119
84234  -27.075  3.670  -11.289 0.1111111119
85142  -25.298  5.418  -10.843 0.1111111119
133261  -24.601  7.148  -10.851 0.1111111119
87856  -24.136  8.331  -11.492 0.1111111119
88754  -23.855  9.754  -12.424 0.1111111119
91121  -24.219  13.017  -14.144 0.1111111119
90427  -24.574  11.914  -13.029 0.1111111119
92530  -24.809  14.203  -14.835 0.1111111119
90416  -17.925  11.485  -11.703 0.2222222239
90417  -18.512  11.960  -12.231 0.3333333433
91104  -18.871  12.614  -11.853 0.2222222239
93993  -23.766  15.953  -16.986 0.1111111119
91094  -18.768  12.587  -11.330 0.1111111119
94788  -22.207  17.147  -19.443 0.1111111119
91080  -19.443  12.948  -9.801 0.1111111119
92474  -20.264  14.674  -9.063 0.1111111119
94799  -21.040  17.367  -20.057 0.1111111119
92475  -21.118  14.987  -8.426 0.1111111119
126872  -20.987  19.127  -15.145 0.1111111119
118144  -20.925  18.965  -16.059 0.1111111119
95533  -20.325  18.828  -17.185 0.1111111119
96246  -20.147  19.124  -18.358 0.1111111119
93185  -21.604  15.346  -8.793 0.1111111119
93193  -22.168  15.836  -9.268 0.1111111119
95490  -22.108  18.483  -12.490 0.1111111119
96223  -22.137  19.832  -12.959 0.1111111119
87872  -23.532  8.098  -13.088 0.2222222239
82491  -27.734  2.127  -11.869 0.1111111119
82493  -29.923  2.228  -12.711 0.1111111119
83373  -28.557  2.875  -11.565 0.1111111119
86102  -23.985  6.178  -12.156 0.1111111119
86082  -23.770  6.941  -12.111 0.1111111119
86083  -24.315  6.634  -11.404 0.1111111119
89617  -23.824  10.534  -12.938 0.1111111119
132262  -23.941  11.944  -13.648 0.1111111119
91853  -22.331  12.751  -16.453 0.2222222239
91828  -23.804  13.178  -14.778 0.1111111119
94013  -21.819  15.378  -19.289 0.1111111119
94012  -20.712  16.211  -19.711 0.1111111119
93282  -22.895  15.326  -17.472 0.1111111119
93293  -21.629  14.269  -19.079 0.1111111119
94002  -22.440  15.422  -18.397 0.1111111119
94003  -23.389  16.335  -17.715 0.1111111119
92542  -25.156  14.706  -15.384 0.1111111119
91829  -24.499  13.573  -14.424 0.1111111119
93255  -23.596  14.574  -16.094 0.2222222239
134309  -21.492  13.888  -17.923 0.1111111119
91110  -19.202  12.464  -12.748 0.3333333433
91810  -20.018  14.036  -12.746 0.3333333433
93246  -21.108  15.336  -14.822 0.2222222239
94779  -20.044  16.797  -18.540 0.1111111119
94787  -20.355  16.778  -19.339 0.1111111119
94798  -20.596  17.529  -19.838 0.1111111119
95532  -19.984  18.134  -18.085 0.1111111119
91803  -19.223  13.399  -11.445 0.1111111119
124489  -20.655  14.678  -13.864 0.3333333433
93245  -20.897  15.220  -14.151 0.2222222239
93965  -20.963  17.242  -13.520 0.1111111119
94771  -20.548  17.052  -16.467 0.1111111119
95525  -20.532  18.108  -16.302 0.1111111119
92488  -19.562  14.200  -10.113 0.1111111119
93202  -20.503  15.445  -10.646 0.1111111119
93939  -20.651  16.059  -11.746 0.1111111119
94750  -20.802  17.883  -14.042 0.1111111119
95518  -20.759  18.370  -15.428 0.1111111119
93192  -21.353  15.513  -9.545 0.1111111119
93923  -21.741  16.361  -10.423 0.1111111119
94725  -22.277  17.963  -11.801 0.1111111119
95503  -21.935  18.952  -13.100 0.1111111119
80199  -31.108  0.252  -14.224 0.1111111119
129377  -30.712  2.759  -13.880 0.1111111119
93256  -24.077  15.102  -16.028 0.1111111119
96232  -21.068  19.263  -14.296 0.1111111119
95460  -22.743  18.460  -11.105 0.1111111119
82506  -31.241  3.489  -14.211 0.1111111119
85141  -24.553  5.785  -11.430 0.1111111119
87002  -24.140  7.457  -11.437 0.1111111119
93269  -24.319  15.545  -16.446 0.1111111119
94780  -23.830  17.075  -18.238 0.1111111119
91085  -19.040  12.459  -10.589 0.1111111119
94014  -22.931  16.765  -18.520 0.1111111119
125538  -19.508  14.065  -10.002 0.1111111119
117715  -22.266  19.117  -12.535 0.1111111119
96222  -21.534  19.461  -13.648 0.1111111119
74157  -17.851  -6.868  -12.079 0.2222222239
75071  -17.990  -6.134  -12.370 0.2222222239
74158  -18.346  -7.699  -12.515 0.3333333433
118108  -18.476  -6.828  -12.831 0.4444444478
87869  -17.487  8.879  -12.194 0.2222222239
135755  -17.310  10.093  -11.373 0.1111111119
90408  -17.526  11.089  -11.310 0.1111111119
89615  -17.474  10.495  -11.569 0.2222222239
129804  -16.320  4.179  -10.207 0.2222222239
83323  -16.156  3.108  -10.048 0.1111111119
73265  -18.577  -8.553  -12.580 0.2222222239
83309  -15.999  3.960  -9.369 0.1111111119
86063  -16.875  6.688  -9.956 0.1111111119
86064  -16.934  7.088  -10.138 0.1111111119
137458  -17.028  8.397  -9.761 0.1111111119
88736  -17.495  9.664  -9.983 0.1111111119
89603  -17.434  10.699  -11.237 0.1111111119
90401  -17.524  11.238  -11.116 0.1111111119
119994  -16.840  7.465  -10.358 0.1111111119
70606  -18.351  -11.138  -11.735 0.2222222239
129926  -18.108  -9.025  -11.836 0.2222222239
78571  -17.619  -2.258  -12.289 0.2222222239
87011  -16.883  7.914  -10.831 0.1111111119
79370  -17.361  -1.584  -11.835 0.3333333433
88751  -17.498  9.748  -11.989 0.3333333433
86997  -16.807  8.082  -9.944 0.1111111119
87851  -16.687  8.635  -10.237 0.1111111119
88729  -16.992  9.450  -10.822 0.1111111119
88735  -17.315  9.522  -11.582 0.1111111119
86985  -17.377  7.814  -10.308 0.1111111119
87839  -16.869  8.949  -9.907 0.1111111119
134314  -16.893  7.564  -10.412 0.1111111119
126584  -30.405  -6.090  -16.238 0.1111111119
61800  -20.168  -22.093  -10.809 0.1111111119
132200  -21.551  -22.170  -11.187 0.1111111119
60819  -18.900  -22.040  -10.013 0.1111111119
61799  -19.759  -21.197  -10.705 0.1111111119
63675  -18.997  -19.648  -10.521 0.1111111119
123972  -18.385  -18.914  -10.222 0.1111111119
70595  -17.642  -11.304  -10.981 0.1111111119
120771  -17.638  -6.176  -11.814 0.1111111119
127035  -16.994  0.918  -11.556 0.2222222239
80921  -16.784  0.291  -10.479 0.2222222239
135949  -16.582  0.714  -10.000 0.2222222239
61798  -18.967  -21.283  -10.204 0.1111111119
75947  -17.581  -5.379  -11.963 0.1111111119
75948  -18.114  -5.426  -12.674 0.1111111119
60820  -20.484  -22.823  -10.698 0.1111111119
61778  -18.453  -21.339  -9.676 0.1111111119
62715  -18.540  -20.705  -9.910 0.1111111119
63674  -18.361  -19.869  -9.907 0.1111111119
122042  -18.538  -18.070  -10.460 0.1111111119
65452  -18.742  -17.276  -10.643 0.1111111119
66345  -18.921  -16.459  -10.748 0.1111111119
117181  -17.666  -12.149  -10.638 0.1111111119
71483  -17.368  -10.518  -10.382 0.1111111119
73253  -18.026  -8.322  -11.930 0.1111111119
75059  -17.672  -6.645  -11.641 0.1111111119
81642  -16.267  1.407  -9.582 0.2222222239
82441  -15.735  2.084  -9.098 0.1111111119
60822  -22.119  -22.286  -10.762 0.1111111119
135164  -19.633  -22.738  -10.374 0.1111111119
82458  -16.719  2.161  -11.121 0.2222222239
72403  -18.251  -9.765  -11.916 0.1111111119
67225  -18.744  -15.900  -10.188 0.1111111119
60828  -20.914  -22.233  -11.154 0.1111111119
74145  -17.798  -7.646  -11.732 0.1111111119
71495  -17.868  -10.453  -11.327 0.1111111119
125080  -19.483  -21.889  -10.445 0.1111111119
62716  -18.988  -20.499  -10.347 0.1111111119
70580  -17.462  -11.482  -10.617 0.1111111119
80150  -16.900  0.144  -10.132 0.1111111119
117925  -18.093  -19.044  -9.620 0.1111111119
72390  -17.574  -9.635  -11.016 0.1111111119
81625  -15.757  1.769  -8.502 0.1111111119
82440  -15.096  2.285  -7.983 0.1111111119
84192  -16.560  5.005  -10.407 0.1111111119
80171  -17.250  -1.062  -11.642 0.1111111119
84180  -15.955  4.667  -8.509 0.1111111119
85119  -16.780  5.875  -9.622 0.1111111119
67270  -25.293  -15.265  -14.495 0.4444444478
70656  -27.936  -11.277  -15.527 0.1111111119
71524  -22.739  -10.952  -14.798 0.4444444478
72451  -28.929  -8.730  -16.036 0.1111111119
72465  -26.493  -9.313  -16.495 0.3333333433
74203  -23.171  -7.674  -15.799 1.0000000000
79400  -28.225  -1.127  -14.435 0.4444444478
79438  -20.983  -1.107  -15.796 0.8888888955
81605  -14.977  2.617  -7.682 0.1111111119
81615  -15.115  2.140  -7.624 0.1111111119
81616  -15.726  1.861  -7.934 0.1111111119
81626  -16.295  1.497  -8.756 0.1111111119
81698  -19.199  1.608  -14.854 0.8888888955
81702  -32.054  1.981  -15.351 0.1111111119
82423  -14.854  2.533  -7.503 0.1111111119
82516  -19.426  2.304  -15.178 0.8888888955
82559  -23.048  3.667  -18.542 0.8888888955
83343  -17.107  3.872  -11.992 0.3333333433
83407  -18.618  3.073  -14.442 0.7777777910
83408  -19.149  2.969  -14.952 1.0000000000
83444  -22.616  3.918  -18.467 0.8888888955
84275  -19.494  4.434  -15.544 0.7777777910
84293  -24.302  4.181  -17.637 0.7777777910
85158  -24.245  5.418  -12.364 0.1111111119
85187  -19.081  5.000  -15.128 0.7777777910
86128  -21.773  6.847  -17.406 0.6666666865
86138  -22.857  6.040  -18.292 0.7777777910
91843  -24.022  13.919  -15.053 0.1111111119
93291  -21.019  14.216  -19.364 0.1111111119
125306  -27.039  -10.586  -16.482 0.2222222239
125868  -20.386  15.630  -19.278 0.1111111119
128466  -16.744  2.750  -11.308 0.3333333433
128684  -28.977  -6.145  -16.523 0.4444444478
129056  -29.083  1.507  -12.376 0.1111111119
131680  -27.120  -4.037  -17.330 0.5555555820
137866  -24.586  -1.811  -18.071 1.0000000000
138756  -21.504  5.803  -17.716 0.7777777910
138917  -20.167  15.170  -10.978 0.1111111119
139195  -24.351  -20.031  -11.952 0.2222222239
139881  -27.704  -2.513  -16.667 0.5555555820
