#!ascii label  , from subject sub-v1s4x0050700_ses-1 vox2ras=TkReg
1194
7040  -30.663  -78.658  -27.310 0.5000000000
8750  -35.593  -77.406  -27.887 0.3000000119
7055  -30.134  -79.022  -28.057 0.5000000000
9642  -34.533  -76.693  -28.795 0.4000000060
9643  -35.163  -76.149  -28.962 0.4000000060
9644  -35.728  -76.058  -28.549 0.4000000060
9632  -36.058  -76.536  -27.959 0.3000000119
130718  -35.051  -75.387  -29.336 0.4000000060
9615  -29.038  -76.898  -26.268 0.5000000000
9616  -29.981  -76.948  -26.429 0.5000000000
7875  -30.626  -78.193  -26.672 0.5000000000
9600  -28.334  -77.159  -25.841 0.6000000238
8732  -29.304  -78.131  -25.693 0.5000000000
125435  -30.064  -78.588  -26.474 0.6000000238
7870  -36.598  -77.662  -26.499 0.3000000119
7039  -29.600  -79.099  -26.750 0.5000000000
131834  -33.127  -75.730  -28.704 0.5000000000
9641  -33.846  -76.132  -28.795 0.5000000000
8740  -36.571  -77.086  -27.199 0.3000000119
7866  -29.456  -78.687  -25.988 0.6000000238
7054  -29.151  -79.298  -27.689 0.5000000000
10481  -33.667  -75.234  -29.504 0.5000000000
129822  -34.575  -75.729  -29.209 0.4000000060
10483  -35.595  -75.393  -28.919 0.4000000060
10468  -36.158  -75.598  -28.087 0.3000000119
9619  -36.570  -76.295  -27.438 0.3000000119
130593  -32.463  -74.603  -30.135 0.4000000060
10482  -34.463  -75.026  -29.632 0.4000000060
11317  -35.073  -74.737  -29.308 0.4000000060
11324  -32.904  -74.238  -30.147 0.4000000060
9637  -26.600  -76.104  -29.023 0.6999999881
129778  -27.146  -76.337  -28.053 0.6999999881
9638  -28.041  -76.266  -28.117 0.6999999881
8739  -31.104  -77.658  -26.863 0.5000000000
9635  -24.753  -76.253  -28.447 0.6999999881
9625  -26.273  -76.427  -27.909 0.6999999881
9626  -27.682  -76.595  -27.144 0.8000000119
9627  -28.555  -76.526  -27.179 0.5000000000
120624  -28.205  -76.787  -26.452 0.6999999881
8746  -31.868  -77.431  -27.423 0.5000000000
136122  -26.049  -76.679  -27.082 0.6999999881
9630  -32.076  -76.750  -27.505 0.4000000060
9631  -33.019  -76.475  -28.201 0.5000000000
9614  -27.444  -76.913  -26.157 0.6000000238
10467  -32.368  -75.865  -28.348 0.5000000000
10480  -32.596  -75.165  -29.582 0.5000000000
8733  -37.399  -77.104  -26.390 0.3000000119
8731  -28.567  -77.813  -25.404 0.5000000000
10479  -31.620  -75.363  -29.298 0.5000000000
10506  -31.144  -74.422  -30.575 0.4000000060
10496  -31.819  -74.828  -30.220 0.4000000060
11325  -33.526  -73.971  -29.717 0.4000000060
11308  -35.063  -74.272  -28.516 0.4000000060
11309  -35.731  -74.881  -28.493 0.4000000060
12187  -31.720  -73.796  -30.135 0.3000000119
120141  -32.599  -73.855  -29.989 0.4000000060
11320  -22.772  -74.089  -29.918 0.5000000000
11315  -23.130  -74.923  -29.300 0.6000000238
11321  -23.455  -74.407  -30.340 0.6000000238
10474  -25.092  -75.747  -29.601 0.6000000238
9636  -25.681  -76.185  -28.780 0.6000000238
13084  -21.466  -72.256  -28.587 0.5000000000
117250  -21.786  -73.099  -28.655 0.5000000000
11314  -22.545  -74.509  -28.711 0.6000000238
10472  -23.480  -75.666  -28.703 0.6000000238
10473  -24.196  -75.808  -29.192 0.6999999881
9628  -29.435  -76.511  -27.082 0.6000000238
6998  -35.781  -79.634  -23.419 0.3000000119
13077  -21.400  -72.079  -27.462 0.6999999881
13085  -21.752  -73.019  -27.560 0.6000000238
12155  -22.063  -73.894  -28.076 0.6000000238
10463  -23.204  -76.036  -27.815 0.6999999881
9623  -24.482  -76.558  -27.410 0.6999999881
9639  -28.949  -76.235  -28.078 0.6000000238
136046  -29.711  -76.221  -27.857 0.6000000238
9618  -31.417  -77.152  -26.991 0.5000000000
14053  -21.159  -71.177  -27.688 0.6999999881
118982  -21.972  -73.077  -26.445 0.6000000238
12144  -22.106  -74.116  -26.835 0.6000000238
11305  -22.381  -74.905  -27.552 0.6000000238
9622  -23.534  -76.422  -27.207 0.6999999881
9612  -25.347  -76.771  -26.563 0.6999999881
10466  -31.402  -75.973  -28.117 0.5000000000
134082  -36.342  -78.123  -25.832 0.3000000119
128944  -20.954  -70.792  -26.686 0.6999999881
13078  -21.767  -72.229  -26.312 0.6000000238
10458  -22.682  -75.976  -27.012 0.6000000238
9610  -23.255  -76.485  -26.325 0.6000000238
9613  -26.416  -76.883  -26.281 0.6999999881
9640  -29.570  -75.757  -28.965 0.5000000000
10478  -30.633  -75.526  -29.147 0.5000000000
12130  -22.210  -73.731  -25.744 0.6000000238
10445  -22.388  -75.712  -26.072 0.6000000238
9611  -24.199  -76.715  -26.457 0.6000000238
9598  -26.872  -77.283  -25.456 0.6000000238
10494  -29.982  -75.259  -30.238 0.5000000000
8741  -37.055  -76.543  -26.755 0.3000000119
13070  -22.194  -72.768  -25.522 0.6999999881
11283  -22.211  -74.804  -25.941 0.6000000238
10446  -22.720  -76.199  -26.078 0.6000000238
131389  -23.929  -76.741  -25.543 0.5000000000
8717  -26.563  -77.966  -24.625 0.5000000000
7864  -27.983  -78.305  -25.018 0.5000000000
10505  -30.283  -74.622  -30.759 0.5000000000
12175  -30.325  -73.452  -29.302 0.3000000119
120034  -31.249  -73.473  -29.381 0.3000000119
12176  -32.166  -73.528  -29.382 0.3000000119
12165  -33.562  -73.655  -28.908 0.4000000060
11316  -34.389  -74.039  -29.192 0.4000000060
7854  -27.079  -78.516  -24.769 0.5000000000
12185  -29.852  -73.599  -30.137 0.3000000119
12186  -30.754  -73.732  -30.328 0.3000000119
12177  -32.943  -73.636  -29.424 0.4000000060
14057  -21.944  -71.452  -29.480 0.5000000000
123032  -21.680  -71.954  -29.423 0.5000000000
123532  -22.364  -71.954  -30.181 0.5000000000
12178  -22.566  -73.261  -30.370 0.5000000000
16169  -22.511  -69.492  -27.897 0.5000000000
15114  -21.976  -70.141  -28.259 0.5000000000
14056  -21.455  -71.419  -28.685 0.5000000000
12170  -22.210  -73.605  -29.276 0.5000000000
10501  -24.844  -74.709  -30.785 0.6000000238
10490  -25.475  -75.143  -30.746 0.6000000238
15113  -21.403  -70.597  -28.121 0.5000000000
10475  -26.035  -75.678  -29.991 0.6000000238
10476  -27.535  -75.986  -29.150 0.8000000119
6975  -35.758  -80.121  -22.705 0.3000000119
16168  -21.523  -69.712  -27.560 0.6000000238
117918  -20.940  -70.315  -27.336 0.6000000238
138626  -21.294  -71.710  -28.154 0.6000000238
10491  -26.481  -75.144  -30.971 0.4000000060
136066  -36.699  -79.842  -23.151 0.3000000119
10492  -27.983  -75.527  -30.295 0.5000000000
10477  -28.490  -75.856  -29.138 0.6000000238
7839  -36.804  -78.806  -24.607 0.3000000119
7856  -36.580  -78.364  -25.239 0.3000000119
15095  -20.452  -70.351  -26.116 0.6999999881
10503  -28.416  -75.039  -31.103 0.4000000060
7871  -37.334  -77.669  -25.852 0.3000000119
14043  -21.126  -71.036  -25.575 0.6000000238
140012  -22.016  -72.075  -25.421 0.6999999881
10493  -28.972  -75.393  -30.247 0.4000000060
10460  -36.581  -75.693  -27.129 0.3000000119
14036  -21.795  -71.648  -25.019 0.6999999881
116549  -22.277  -74.394  -25.071 0.6000000238
9594  -22.551  -76.064  -25.346 0.5000000000
120378  -23.720  -76.696  -24.648 0.5000000000
8729  -26.343  -77.580  -24.891 0.6000000238
11331  -28.816  -74.364  -31.243 0.4000000060
10504  -29.368  -74.851  -30.959 0.4000000060
12160  -28.198  -73.526  -27.851 0.3000000119
123474  -28.896  -73.477  -28.516 0.3000000119
12161  -29.739  -73.452  -28.263 0.3000000119
12162  -30.672  -73.426  -28.279 0.3000000119
117478  -32.614  -73.465  -28.494 0.4000000060
134906  -36.103  -75.078  -27.779 0.3000000119
134169  -22.209  -75.031  -24.564 0.6000000238
10434  -22.368  -75.799  -24.428 0.5000000000
132148  -23.516  -76.616  -23.903 0.5000000000
9580  -24.642  -77.044  -24.665 0.5000000000
8716  -25.855  -77.891  -24.340 0.5000000000
7853  -26.250  -78.503  -24.523 0.6000000238
7013  -26.531  -79.058  -24.746 0.5000000000
12194  -29.197  -73.817  -30.818 0.3000000119
12184  -28.992  -73.555  -29.701 0.3000000119
8702  -24.351  -77.094  -23.708 0.5000000000
8704  -25.297  -78.002  -23.837 0.5000000000
7835  -24.919  -78.482  -23.688 0.5000000000
117165  -23.885  -68.779  -27.883 0.5000000000
16170  -23.416  -69.342  -28.283 0.5000000000
15128  -22.691  -71.188  -29.821 0.5000000000
15129  -23.627  -70.916  -29.895 0.5000000000
14060  -23.227  -71.676  -30.288 0.5000000000
12188  -23.079  -72.998  -30.897 0.5000000000
17197  -22.228  -68.896  -27.248 0.5000000000
15123  -22.050  -70.724  -29.014 0.5000000000
12190  -24.172  -73.722  -30.806 0.4000000060
11327  -24.612  -74.206  -30.846 0.4000000060
124827  -35.044  -80.276  -22.222 0.3000000119
136950  -36.554  -80.169  -22.501 0.3000000119
17196  -21.478  -68.997  -26.995 0.6000000238
11328  -25.366  -74.456  -30.934 0.4000000060
125917  -26.061  -74.718  -31.145 0.4000000060
17187  -21.090  -68.560  -26.529 0.6000000238
16154  -20.790  -69.496  -26.891 0.6000000238
6999  -36.821  -79.374  -23.905 0.3000000119
7840  -37.880  -78.748  -24.324 0.3000000119
15104  -20.193  -69.666  -26.384 0.6000000238
10502  -27.455  -75.106  -31.089 0.4000000060
15094  -19.734  -69.859  -25.712 0.6000000238
12192  -26.913  -73.988  -31.075 0.4000000060
12193  -28.216  -73.929  -31.088 0.4000000060
130952  -28.392  -73.686  -30.359 0.3000000119
119069  -27.918  -73.536  -29.046 0.3000000119
16183  -23.692  -69.856  -29.153 0.5000000000
15124  -23.107  -70.478  -29.463 0.5000000000
16197  -23.955  -70.319  -29.683 0.5000000000
14061  -23.935  -71.191  -29.957 0.4000000060
17198  -23.133  -68.784  -27.514 0.5000000000
13093  -23.724  -72.084  -30.316 0.4000000060
13094  -23.625  -72.988  -30.725 0.4000000060
17189  -23.822  -68.096  -27.089 0.6000000238
129415  -24.493  -73.493  -30.487 0.4000000060
116756  -25.033  -73.996  -30.873 0.4000000060
7000  -37.789  -79.363  -23.608 0.3000000119
16153  -20.342  -68.866  -26.367 0.6000000238
12191  -26.048  -74.182  -30.945 0.4000000060
11329  -26.914  -74.519  -31.274 0.4000000060
12182  -26.425  -73.817  -30.438 0.4000000060
12173  -26.828  -73.608  -29.278 0.4000000060
12183  -27.477  -73.759  -30.513 0.3000000119
139806  -27.077  -73.550  -28.404 0.3000000119
15084  -20.433  -70.685  -25.228 0.6000000238
16184  -24.362  -69.202  -28.774 0.5000000000
16185  -25.080  -69.435  -29.555 0.5000000000
16199  -25.342  -69.935  -30.054 0.4000000060
129834  -24.636  -70.410  -29.822 0.4000000060
18206  -24.761  -67.815  -27.197 0.5000000000
117322  -25.233  -68.255  -27.951 0.5000000000
14059  -24.739  -70.745  -29.785 0.4000000060
17188  -22.787  -68.126  -26.829 0.6000000238
18194  -24.078  -67.028  -26.542 0.6000000238
14058  -24.328  -71.603  -29.635 0.4000000060
119391  -21.903  -68.299  -26.659 0.6000000238
18193  -23.130  -67.086  -26.316 0.6000000238
12180  -24.533  -73.065  -29.593 0.4000000060
12171  -25.017  -73.392  -29.331 0.4000000060
17184  -21.440  -67.677  -26.099 0.6000000238
12181  -25.439  -73.776  -30.418 0.4000000060
12157  -25.406  -73.170  -28.187 0.4000000060
12172  -25.819  -73.558  -29.209 0.4000000060
7857  -37.874  -78.032  -25.089 0.3000000119
7858  -38.499  -77.971  -24.404 0.3000000119
17183  -20.631  -68.006  -25.986 0.6000000238
12158  -26.320  -73.402  -27.980 0.4000000060
9602  -37.647  -76.644  -26.101 0.3000000119
16140  -19.717  -69.038  -26.055 0.6000000238
18181  -20.010  -67.571  -25.409 0.6999999881
19228  -22.349  -65.795  -24.924 0.6999999881
16139  -19.149  -69.082  -25.701 0.6000000238
18172  -20.749  -67.060  -24.800 0.6999999881
18173  -21.731  -66.514  -24.679 0.6999999881
18180  -19.033  -67.657  -25.175 0.6000000238
19215  -22.429  -66.031  -24.480 0.6999999881
19216  -23.011  -65.779  -24.119 0.6000000238
18171  -19.746  -67.286  -24.721 0.6999999881
18164  -22.112  -66.908  -23.903 0.6999999881
17206  -25.247  -68.776  -28.896 0.5000000000
17207  -25.837  -69.387  -29.755 0.5000000000
18207  -25.563  -67.716  -27.449 0.5000000000
18208  -26.438  -67.682  -27.777 0.5000000000
17200  -25.893  -68.292  -28.496 0.5000000000
17213  -26.806  -69.694  -30.158 0.5000000000
16200  -26.125  -70.045  -30.254 0.4000000060
15130  -25.489  -70.253  -30.081 0.4000000060
127715  -24.833  -65.706  -26.079 0.6000000238
18195  -25.030  -66.852  -26.598 0.6000000238
18197  -26.654  -66.950  -26.882 0.6000000238
15125  -25.488  -70.660  -29.559 0.4000000060
19255  -25.786  -66.142  -26.321 0.6000000238
19256  -26.786  -66.000  -26.345 0.6000000238
14055  -24.849  -71.363  -28.974 0.4000000060
18184  -22.484  -66.622  -25.772 0.6000000238
19241  -22.940  -66.009  -25.604 0.6000000238
20279  -24.245  -64.896  -25.625 0.6000000238
20280  -25.107  -64.906  -25.800 0.6000000238
20281  -26.063  -65.009  -25.965 0.6000000238
13086  -24.642  -72.316  -28.085 0.4000000060
15106  -25.698  -70.952  -26.819 0.4000000060
19240  -22.389  -65.918  -25.176 0.6000000238
19242  -23.424  -65.197  -25.443 0.6000000238
20265  -24.631  -64.281  -25.250 0.6000000238
20266  -25.521  -64.229  -25.406 0.6000000238
21304  -28.254  -63.427  -25.669 0.6000000238
13087  -24.997  -72.606  -27.546 0.4000000060
13080  -25.322  -72.168  -26.679 0.4000000060
18183  -21.848  -66.839  -25.562 0.6000000238
20251  -23.133  -64.835  -24.992 0.5000000000
20264  -23.859  -64.442  -25.125 0.6000000238
21301  -25.194  -63.982  -25.060 0.6000000238
22286  -27.117  -63.339  -24.892 0.6000000238
22288  -28.889  -62.821  -25.328 0.6999999881
136084  -19.989  -68.339  -25.906 0.6999999881
19227  -21.681  -66.485  -25.023 0.6000000238
20252  -23.824  -64.421  -24.874 0.6000000238
21291  -24.487  -64.161  -25.040 0.6000000238
22287  -27.919  -62.880  -24.983 0.6000000238
129893  -28.655  -62.526  -24.748 0.6000000238
21294  -30.544  -63.300  -25.227 0.6000000238
20254  -26.044  -64.016  -24.504 0.6000000238
22274  -27.402  -62.974  -24.379 0.6000000238
22275  -28.108  -62.446  -24.151 0.6000000238
21293  -29.788  -62.845  -24.589 0.6000000238
19230  -23.307  -64.972  -24.533 0.6000000238
20253  -24.858  -64.295  -24.656 0.6000000238
22266  -26.905  -63.386  -24.044 0.5000000000
22267  -27.617  -62.644  -23.448 0.6000000238
21287  -29.564  -63.012  -23.558 0.6000000238
18163  -21.138  -67.139  -24.149 0.6999999881
18165  -23.616  -66.810  -23.662 0.6999999881
19218  -25.173  -66.191  -23.792 0.5000000000
20238  -25.336  -65.219  -23.989 0.6000000238
21286  -26.656  -64.169  -23.299 0.5000000000
22255  -27.267  -63.045  -22.782 0.5000000000
130797  -26.486  -65.558  -23.133 0.6000000238
12949  -22.614  -72.152  -15.353 0.6000000238
12967  -22.864  -72.218  -16.698 0.6000000238
13928  -21.697  -71.549  -17.390 0.6000000238
17201  -26.590  -68.237  -28.790 0.5000000000
18215  -27.088  -67.953  -28.558 0.5000000000
17208  -27.219  -68.723  -29.585 0.5000000000
127392  -26.921  -70.086  -30.233 0.5000000000
15131  -26.238  -70.271  -30.070 0.4000000060
20282  -27.641  -65.686  -26.408 0.5000000000
19257  -27.517  -66.708  -26.869 0.5000000000
20290  -29.248  -65.874  -27.039 0.5000000000
15126  -26.215  -70.616  -29.196 0.4000000060
15127  -26.873  -70.539  -28.844 0.4000000060
20291  -30.071  -65.287  -27.281 0.5000000000
135655  -24.793  -71.653  -27.844 0.4000000060
15116  -26.186  -70.623  -27.739 0.4000000060
21318  -28.796  -64.008  -26.228 0.5000000000
20283  -28.519  -65.202  -26.530 0.5000000000
14052  -25.150  -71.545  -27.040 0.4000000060
21305  -29.146  -63.225  -25.859 0.6000000238
21319  -29.852  -63.500  -26.408 0.6000000238
22277  -30.018  -62.864  -25.364 0.6000000238
22290  -30.644  -63.043  -25.906 0.5000000000
20255  -30.922  -64.528  -24.546 0.4000000060
21295  -31.379  -63.946  -25.404 0.4000000060
21296  -32.172  -64.285  -25.619 0.4000000060
20240  -29.881  -64.123  -23.230 0.6000000238
21288  -30.171  -63.766  -24.181 0.6000000238
20242  -31.276  -65.558  -23.887 0.5000000000
20256  -31.795  -64.965  -24.754 0.4000000060
20257  -32.698  -65.154  -24.991 0.4000000060
20244  -33.367  -65.587  -24.257 0.4000000060
18162  -19.626  -67.290  -23.957 0.6999999881
22269  -29.042  -62.585  -23.038 0.6000000238
20241  -30.475  -65.015  -23.684 0.5000000000
20243  -32.400  -65.736  -23.955 0.4000000060
18166  -24.750  -67.168  -23.594 0.6000000238
21276  -27.007  -63.611  -22.012 0.5000000000
21277  -27.558  -62.916  -21.874 0.5000000000
124927  -30.118  -65.195  -22.949 0.5000000000
19220  -30.706  -65.961  -22.996 0.5000000000
121985  -33.387  -65.832  -23.319 0.4000000060
19219  -26.028  -66.104  -23.510 0.6000000238
22245  -28.859  -63.153  -21.388 0.5000000000
13885  -22.380  -71.449  -14.175 0.6999999881
12950  -23.440  -72.097  -15.331 0.6000000238
13887  -23.912  -71.154  -14.752 0.6999999881
12959  -23.144  -72.350  -15.942 0.6000000238
122271  -24.414  -71.058  -15.199 0.6000000238
13929  -22.659  -71.839  -17.561 0.6000000238
13917  -24.677  -71.981  -16.308 0.6000000238
13904  -24.843  -71.282  -15.820 0.6000000238
16035  -25.049  -69.705  -15.729 0.6000000238
17104  -25.435  -68.696  -15.753 0.6000000238
13945  -22.027  -71.194  -18.306 0.5000000000
12979  -24.404  -71.991  -17.716 0.6000000238
13931  -25.025  -71.980  -17.148 0.6000000238
13918  -25.258  -71.434  -16.617 0.6000000238
14967  -25.257  -70.555  -16.108 0.6000000238
17214  -27.635  -69.773  -30.236 0.5000000000
13965  -22.646  -71.114  -19.110 0.5000000000
13946  -23.026  -71.570  -18.436 0.5000000000
13932  -25.503  -71.363  -17.487 0.5000000000
14979  -25.667  -70.599  -16.875 0.5000000000
18209  -27.312  -67.423  -27.696 0.4000000060
18211  -28.934  -67.569  -28.553 0.5000000000
16201  -27.671  -70.149  -30.170 0.5000000000
15132  -26.964  -70.371  -29.866 0.4000000060
13966  -23.714  -71.447  -19.201 0.5000000000
13948  -24.688  -71.674  -18.711 0.5000000000
14992  -25.873  -70.543  -17.766 0.5000000000
16065  -25.973  -69.737  -17.195 0.5000000000
137425  -29.439  -67.087  -28.029 0.5000000000
16186  -27.651  -70.436  -29.309 0.4000000060
16171  -28.332  -70.387  -28.278 0.4000000060
13967  -24.635  -71.409  -19.520 0.5000000000
13949  -25.629  -71.202  -18.478 0.6000000238
16076  -25.965  -70.218  -18.689 0.6000000238
15117  -27.214  -70.406  -27.610 0.4000000060
15032  -24.475  -70.772  -20.777 0.6000000238
13983  -24.978  -71.144  -20.126 0.6000000238
15020  -25.743  -70.866  -19.254 0.6999999881
20285  -30.296  -64.176  -27.000 0.4000000060
21320  -30.863  -63.473  -26.771 0.5000000000
116486  -20.031  -68.694  -21.806 0.6000000238
22302  -31.116  -63.246  -26.410 0.5000000000
21308  -32.311  -63.779  -26.410 0.4000000060
17159  -20.299  -68.322  -22.612 0.6000000238
22291  -31.217  -63.226  -26.169 0.4000000060
17160  -21.269  -68.375  -22.782 0.6000000238
139386  -22.484  -67.809  -23.313 0.6000000238
20258  -33.474  -65.304  -25.190 0.4000000060
17176  -24.132  -67.888  -23.345 0.6000000238
17174  -21.621  -67.711  -23.422 0.6999999881
125952  -26.638  -65.871  -22.352 0.6000000238
20227  -26.725  -64.847  -22.278 0.5000000000
13886  -23.157  -71.170  -14.266 0.6999999881
14953  -23.528  -70.473  -14.481 0.6999999881
16021  -23.837  -69.765  -14.999 0.6000000238
16034  -24.456  -69.685  -15.332 0.6000000238
17092  -25.000  -68.250  -15.234 0.6000000238
17103  -24.825  -69.027  -15.497 0.6000000238
134505  -25.752  -67.689  -15.237 0.6999999881
17105  -26.228  -67.943  -15.861 0.6000000238
17114  -25.909  -68.714  -16.236 0.6000000238
18218  -29.536  -68.226  -29.551 0.5000000000
18217  -28.735  -68.413  -29.563 0.5000000000
17209  -28.200  -69.099  -29.997 0.5000000000
16202  -28.444  -69.992  -30.346 0.5000000000
17115  -26.371  -68.315  -16.727 0.6000000238
18096  -27.035  -67.458  -15.811 0.5000000000
17210  -29.199  -69.373  -30.227 0.5000000000
16187  -28.650  -70.288  -29.813 0.5000000000
16188  -29.701  -70.232  -29.819 0.4000000060
17134  -26.400  -68.310  -18.384 0.6000000238
125897  -26.062  -69.709  -17.938 0.6000000238
125222  -26.725  -67.750  -16.400 0.5000000000
19265  -29.895  -66.474  -27.757 0.5000000000
16100  -21.547  -69.437  -21.553 0.6000000238
15041  -22.094  -69.937  -21.044 0.4000000060
15042  -23.030  -70.162  -21.235 0.6000000238
16092  -25.831  -70.027  -20.550 0.6000000238
122777  -26.109  -69.507  -19.179 0.6000000238
18126  -26.719  -67.671  -17.973 0.6000000238
20292  -30.811  -64.647  -27.384 0.4000000060
19266  -30.772  -65.733  -27.765 0.4000000060
122749  -22.486  -69.603  -21.732 0.5000000000
16101  -23.439  -69.758  -21.863 0.5000000000
15044  -24.773  -70.293  -21.384 0.6000000238
15033  -25.214  -70.600  -20.732 0.6999999881
16093  -26.157  -69.312  -20.767 0.6000000238
133032  -26.335  -68.407  -19.763 0.6000000238
131076  -26.470  -67.930  -19.212 0.6000000238
21324  -31.348  -63.881  -27.235 0.5000000000
16108  -21.898  -69.065  -22.276 0.6000000238
16103  -25.070  -69.783  -21.899 0.6000000238
15045  -25.440  -69.978  -21.306 0.6000000238
18146  -26.473  -67.660  -20.100 0.6000000238
18143  -26.798  -66.990  -19.256 0.6000000238
131797  -27.415  -66.192  -18.750 0.6000000238
21321  -31.615  -63.460  -26.876 0.4000000060
16109  -22.889  -69.144  -22.380 0.5000000000
16110  -23.878  -69.298  -22.453 0.6000000238
17152  -25.698  -69.368  -21.891 0.6000000238
129681  -26.582  -67.192  -20.795 0.6000000238
19181  -26.763  -66.680  -20.139 0.6000000238
17161  -22.255  -68.463  -22.859 0.6000000238
17162  -23.332  -68.460  -22.989 0.6000000238
17163  -24.463  -68.757  -22.878 0.6000000238
18153  -26.297  -67.802  -22.554 0.6000000238
134759  -26.425  -68.173  -21.873 0.6000000238
19204  -26.467  -66.733  -22.797 0.6000000238
126851  -25.815  -67.325  -23.310 0.6000000238
137424  -26.964  -64.330  -21.416 0.5000000000
21269  -27.640  -63.394  -20.950 0.5000000000
14943  -22.879  -70.379  -13.856 0.6999999881
16009  -23.136  -69.873  -14.313 0.6999999881
17062  -21.862  -68.839  -12.754 0.6999999881
17074  -22.208  -69.003  -13.479 0.6999999881
16008  -22.551  -69.713  -13.595 0.6999999881
17090  -23.515  -69.159  -15.118 0.6999999881
18078  -24.299  -67.959  -15.040 0.6000000238
18079  -25.192  -67.415  -14.712 0.6000000238
128287  -26.064  -66.992  -14.505 0.5000000000
18080  -26.994  -66.942  -14.538 0.5000000000
136557  -26.624  -67.371  -15.169 0.5000000000
18097  -27.448  -67.180  -15.175 0.5000000000
17215  -30.137  -69.823  -30.282 0.5000000000
16204  -30.942  -69.848  -30.099 0.5000000000
16189  -30.559  -70.096  -29.763 0.4000000060
19271  -30.751  -66.852  -28.513 0.4000000060
17211  -30.176  -68.908  -30.233 0.4000000060
18110  -26.778  -67.754  -17.157 0.6000000238
18138  -27.043  -66.986  -18.397 0.6000000238
18127  -27.245  -67.123  -17.571 0.6000000238
137436  -27.645  -65.570  -18.938 0.6000000238
19169  -27.742  -66.326  -18.019 0.6000000238
19189  -26.722  -66.354  -20.973 0.6000000238
19190  -27.010  -65.901  -20.231 0.6000000238
20183  -28.122  -65.328  -18.506 0.6000000238
19197  -26.657  -66.387  -21.887 0.6000000238
20200  -27.825  -64.929  -19.155 0.5000000000
20220  -26.793  -65.436  -21.449 0.6000000238
20213  -26.989  -65.464  -20.637 0.5000000000
20221  -27.191  -64.544  -20.692 0.5000000000
18051  -21.086  -67.595  -12.687 0.6999999881
17088  -21.902  -68.546  -13.885 0.6999999881
17089  -22.313  -68.863  -14.487 0.6999999881
130391  -22.792  -69.000  -14.962 0.6999999881
18077  -23.279  -68.449  -15.256 0.6000000238
19107  -24.574  -66.914  -14.424 0.4000000060
18064  -20.864  -67.187  -13.622 0.6999999881
18074  -21.200  -67.723  -14.699 0.6999999881
18075  -21.785  -68.376  -14.762 0.6000000238
18095  -22.864  -67.957  -15.511 0.6000000238
132348  -25.310  -66.723  -14.190 0.5000000000
19075  -19.677  -66.043  -13.103 0.6999999881
19089  -20.305  -66.460  -13.564 0.6999999881
19091  -26.821  -66.061  -13.527 0.5000000000
20094  -19.222  -65.484  -13.697 0.6999999881
19108  -27.373  -66.584  -13.922 0.5000000000
20112  -18.755  -65.038  -14.263 0.6000000238
21162  -18.403  -64.750  -14.827 0.6000000238
120728  -18.020  -64.412  -16.175 0.6000000238
20158  -17.131  -65.101  -17.737 0.5000000000
21224  -17.893  -65.085  -19.425 0.5000000000
17216  -31.015  -69.291  -30.289 0.4000000060
16190  -31.339  -69.912  -29.643 0.4000000060
20184  -28.885  -64.805  -18.281 0.6000000238
19105  -23.343  -66.832  -15.121 0.5000000000
125865  -23.751  -67.367  -14.892 0.5000000000
19104  -20.562  -66.782  -14.558 0.6000000238
124206  -21.705  -67.963  -15.674 0.6000000238
18094  -22.175  -67.943  -15.866 0.6000000238
19106  -24.112  -66.332  -14.359 0.5000000000
133989  -24.990  -66.073  -13.854 0.5000000000
129087  -25.948  -65.657  -13.555 0.5000000000
20095  -19.951  -65.881  -13.983 0.6999999881
19124  -20.638  -66.737  -15.614 0.6000000238
18093  -21.337  -67.309  -16.181 0.6000000238
18109  -21.934  -67.465  -16.497 0.6000000238
19139  -22.640  -66.425  -16.797 0.6000000238
20098  -27.525  -65.587  -13.276 0.5000000000
20113  -19.489  -65.327  -14.478 0.6999999881
20132  -20.254  -65.890  -15.810 0.6000000238
19153  -21.106  -66.276  -17.193 0.6000000238
19154  -21.753  -66.485  -17.429 0.6000000238
20161  -22.500  -65.999  -17.688 0.6000000238
21181  -19.290  -64.719  -15.791 0.6000000238
20145  -19.873  -65.237  -15.993 0.6000000238
21211  -20.504  -65.180  -17.325 0.6000000238
20159  -21.478  -65.725  -17.988 0.6000000238
21195  -18.885  -64.285  -16.575 0.6000000238
21210  -19.661  -64.386  -17.464 0.6000000238
116114  -20.523  -64.720  -18.190 0.6000000238
20180  -22.044  -65.503  -18.703 0.6000000238
119477  -18.243  -64.345  -17.019 0.5000000000
21208  -17.981  -64.630  -17.976 0.5000000000
21226  -19.695  -64.366  -18.664 0.5000000000
136882  -20.516  -64.551  -18.866 0.6000000238
21227  -21.404  -64.929  -19.005 0.6000000238
16205  -31.682  -69.632  -30.006 0.4000000060
20199  -17.132  -65.526  -19.729 0.5000000000
21225  -18.719  -64.611  -18.990 0.5000000000
119010  -20.505  -64.475  -19.764 0.6000000238
117515  -21.453  -64.579  -19.878 0.6000000238
21242  -17.472  -65.301  -20.713 0.5000000000
21258  -18.940  -64.512  -21.436 0.5000000000
21243  -18.377  -64.971  -20.571 0.4000000060
129566  -20.030  -64.433  -21.037 0.5000000000
21245  -21.012  -64.334  -20.652 0.6000000238
20115  -23.756  -65.738  -14.653 0.6000000238
20116  -24.507  -65.538  -14.123 0.5000000000
20096  -25.356  -65.229  -13.737 0.5000000000
21164  -24.260  -65.021  -14.593 0.5000000000
20097  -26.793  -65.344  -13.325 0.5000000000
21197  -23.876  -64.677  -16.748 0.6999999881
21198  -24.690  -63.998  -16.443 0.6999999881
20182  -23.039  -65.188  -18.236 0.6000000238
20162  -23.208  -65.407  -17.313 0.6999999881
20181  -22.372  -65.596  -18.361 0.6000000238
21229  -22.647  -64.953  -19.110 0.6000000238
21230  -23.497  -64.217  -18.708 0.6999999881
21247  -22.415  -64.358  -19.952 0.6000000238
22214  -23.399  -63.384  -19.113 0.6999999881
22230  -16.541  -64.607  -21.255 0.5000000000
119208  -18.343  -64.236  -21.809 0.5000000000
22233  -19.708  -64.103  -21.719 0.4000000060
21259  -20.601  -64.019  -21.436 0.6000000238
21261  -22.199  -63.799  -20.655 0.6000000238
23191  -17.894  -63.609  -21.545 0.5000000000
22232  -19.042  -64.077  -21.941 0.4000000060
23194  -20.329  -62.799  -21.663 0.5000000000
122314  -26.246  -64.900  -13.472 0.5000000000
21151  -25.975  -64.224  -13.989 0.5000000000
21183  -24.876  -64.231  -15.317 0.6000000238
21166  -26.008  -63.514  -15.237 0.5000000000
133262  -27.009  -62.243  -15.121 0.5000000000
21213  -24.452  -63.893  -17.226 0.6999999881
22201  -24.368  -63.377  -17.721 0.6999999881
137110  -23.941  -63.817  -18.167 0.6000000238
22224  -22.907  -63.269  -19.879 0.6999999881
22200  -23.865  -63.343  -18.358 0.6000000238
22234  -21.892  -63.219  -21.171 0.6000000238
23186  -22.549  -62.728  -20.113 0.6000000238
23184  -18.425  -62.640  -21.060 0.5000000000
24171  -19.804  -62.115  -21.203 0.4000000060
118767  -21.288  -62.594  -21.298 0.6000000238
24152  -18.889  -61.195  -19.677 0.4000000060
24162  -19.168  -61.731  -20.520 0.4000000060
24163  -20.011  -61.377  -20.450 0.5000000000
24172  -20.593  -61.957  -21.038 0.5000000000
22178  -25.633  -63.293  -16.302 0.6000000238
22179  -26.233  -62.708  -16.114 0.5000000000
22188  -25.104  -63.142  -17.048 0.6000000238
23133  -26.273  -62.209  -15.979 0.5000000000
23161  -24.736  -62.610  -17.326 0.6000000238
23144  -24.095  -62.062  -17.165 0.6000000238
24111  -24.577  -61.818  -16.425 0.5000000000
23159  -23.377  -62.322  -17.807 0.6000000238
23173  -22.867  -62.438  -18.539 0.6999999881
23143  -22.668  -62.056  -16.952 0.5000000000
23185  -21.863  -62.135  -20.090 0.6000000238
24165  -21.167  -61.620  -20.004 0.5000000000
25055  -19.602  -60.899  -19.683 0.4000000060
24153  -20.596  -61.161  -19.529 0.5000000000
29602  -16.063  -55.456  -12.008 0.4000000060
30523  -16.501  -53.758  -11.497 0.3000000119
30542  -16.222  -54.627  -12.458 0.4000000060
24113  -26.057  -61.749  -15.667 0.5000000000
28706  -15.575  -56.444  -13.159 0.3000000119
122295  -16.133  -55.074  -12.903 0.4000000060
23119  -23.831  -61.688  -15.607 0.5000000000
24096  -25.225  -61.500  -14.704 0.5000000000
123772  -16.343  -57.411  -14.478 0.3000000119
28713  -16.258  -56.158  -13.774 0.4000000060
23132  -23.391  -61.814  -16.247 0.5000000000
26826  -17.214  -58.120  -15.553 0.3000000119
137635  -22.512  -62.201  -17.814 0.6000000238
24142  -21.232  -61.772  -18.182 0.6999999881
23158  -21.581  -62.046  -17.359 0.6000000238
25049  -20.152  -60.342  -19.057 0.5000000000
24141  -20.681  -61.152  -18.616 0.5000000000
25038  -20.306  -60.212  -18.192 0.4000000060
24127  -20.387  -61.161  -16.867 0.4000000060
31351  -17.271  -53.610  -9.851 0.3000000119
31363  -17.074  -53.372  -10.432 0.3000000119
31388  -16.290  -53.101  -11.798 0.3000000119
126046  -16.249  -53.851  -12.120 0.3000000119
31396  -16.660  -53.825  -12.823 0.4000000060
136881  -24.365  -61.595  -14.526 0.5000000000
28714  -17.136  -56.239  -14.666 0.4000000060
30549  -16.674  -54.424  -13.245 0.4000000060
24095  -23.559  -61.688  -14.507 0.5000000000
27759  -17.175  -56.931  -14.959 0.4000000060
29624  -18.089  -55.502  -15.394 0.4000000060
23131  -22.234  -61.957  -15.878 0.5000000000
23118  -22.846  -61.769  -15.227 0.5000000000
27765  -17.932  -56.974  -16.001 0.4000000060
23130  -21.232  -61.914  -15.566 0.5000000000
24128  -20.914  -61.857  -16.540 0.5000000000
119541  -20.661  -61.587  -15.048 0.5000000000
25968  -19.444  -59.395  -18.537 0.3000000119
130091  -20.134  -59.072  -17.943 0.4000000060
25016  -20.002  -60.057  -16.189 0.4000000060
24110  -20.509  -61.491  -15.847 0.4000000060
32220  -16.921  -53.108  -9.662 0.3000000119
32231  -16.943  -52.729  -10.111 0.3000000119
32262  -16.484  -52.404  -12.008 0.4000000060
31389  -16.619  -53.134  -12.455 0.4000000060
24051  -25.613  -61.155  -12.966 0.4000000060
31397  -17.804  -52.988  -13.720 0.4000000060
29623  -17.027  -55.595  -14.215 0.4000000060
30550  -17.686  -54.262  -14.301 0.4000000060
24074  -24.169  -61.615  -13.622 0.4000000060
30556  -18.815  -54.088  -15.476 0.4000000060
24094  -22.299  -61.750  -14.180 0.5000000000
28721  -18.226  -56.244  -15.878 0.4000000060
27774  -19.451  -56.998  -17.244 0.3000000119
24093  -21.283  -61.699  -14.480 0.5000000000
26827  -20.069  -57.859  -16.626 0.3000000119
32219  -16.249  -52.174  -9.499 0.3000000119
136675  -16.142  -51.031  -10.454 0.3000000119
126738  -16.433  -51.532  -11.314 0.3000000119
33186  -16.975  -50.748  -11.664 0.4000000060
127479  -17.248  -51.529  -12.405 0.4000000060
134647  -18.040  -50.628  -12.825 0.3000000119
32263  -17.527  -52.249  -13.057 0.4000000060
24988  -26.931  -60.430  -12.616 0.4000000060
128639  -26.889  -59.708  -11.932 0.4000000060
24050  -24.547  -61.373  -12.681 0.4000000060
24073  -22.897  -61.676  -13.290 0.4000000060
29625  -19.007  -54.759  -15.919 0.3000000119
139022  -22.168  -61.616  -13.434 0.4000000060
136229  -18.670  -56.572  -16.606 0.3000000119
29630  -19.169  -55.466  -16.263 0.3000000119
138985  -19.933  -57.111  -17.056 0.3000000119
24091  -20.045  -61.014  -15.244 0.4000000060
33149  -15.349  -50.273  -8.283 0.3000000119
33169  -16.265  -50.592  -10.683 0.4000000060
34200  -16.648  -49.793  -10.884 0.4000000060
34201  -17.601  -49.928  -12.031 0.4000000060
25882  -27.697  -58.523  -11.830 0.4000000060
24979  -26.038  -60.101  -11.880 0.4000000060
33203  -18.509  -51.201  -13.735 0.4000000060
24986  -24.882  -61.010  -12.090 0.4000000060
31405  -18.680  -53.336  -14.954 0.4000000060
24049  -23.537  -61.492  -12.510 0.4000000060
24978  -24.435  -60.673  -11.499 0.4000000060
135619  -19.708  -53.458  -15.787 0.3000000119
24036  -23.065  -61.241  -11.770 0.4000000060
29626  -20.057  -54.989  -16.022 0.3000000119
131609  -21.892  -61.350  -12.748 0.5000000000
28723  -19.822  -55.672  -16.305 0.3000000119
28715  -20.072  -55.673  -15.632 0.3000000119
24985  -20.912  -60.676  -12.632 0.5000000000
129712  -19.796  -58.894  -15.444 0.3000000119
25007  -20.017  -60.726  -14.387 0.4000000060
25935  -20.069  -58.968  -16.437 0.4000000060
34159  -15.579  -49.665  -9.162 0.3000000119
137771  -18.564  -49.834  -12.980 0.3000000119
33204  -19.359  -50.403  -13.889 0.3000000119
25881  -26.918  -58.846  -11.648 0.4000000060
31398  -19.175  -52.416  -15.020 0.3000000119
25879  -25.334  -59.712  -11.372 0.4000000060
25880  -26.035  -59.192  -11.495 0.3000000119
32288  -19.954  -52.588  -15.611 0.3000000119
24965  -23.751  -60.414  -10.974 0.4000000060
30558  -20.109  -54.310  -15.913 0.3000000119
29620  -20.224  -54.884  -15.384 0.3000000119
24974  -21.618  -60.710  -11.926 0.4000000060
27767  -19.997  -57.131  -16.257 0.3000000119
27749  -19.660  -57.585  -14.077 0.3000000119
26793  -19.711  -58.419  -13.543 0.3000000119
25909  -20.159  -59.963  -13.037 0.3000000119
33217  -19.778  -51.078  -14.853 0.3000000119
34222  -19.089  -49.540  -13.143 0.3000000119
26779  -25.554  -58.481  -11.249 0.3000000119
25878  -24.593  -60.072  -11.116 0.4000000060
25869  -24.791  -59.247  -10.897 0.4000000060
30551  -20.374  -53.882  -15.258 0.3000000119
24964  -22.796  -60.308  -10.813 0.4000000060
25868  -24.047  -59.555  -10.613 0.4000000060
28707  -19.796  -55.915  -14.088 0.3000000119
122536  -19.811  -56.652  -14.697 0.3000000119
25876  -20.991  -60.037  -11.829 0.3000000119
26794  -20.054  -58.423  -12.636 0.3000000119
31376  -20.193  -53.172  -13.396 0.3000000119
122142  -19.985  -54.961  -13.930 0.3000000119
25867  -23.250  -59.658  -10.459 0.3000000119
26771  -24.272  -58.683  -10.454 0.3000000119
137175  -19.777  -55.694  -13.038 0.3000000119
117213  -21.799  -59.186  -10.528 0.3000000119
27734  -19.792  -57.789  -13.170 0.3000000119
132962  -20.844  -59.261  -11.506 0.3000000119
31377  -19.995  -53.315  -11.753 0.3000000119
32249  -20.133  -52.306  -11.805 0.3000000119
29614  -19.828  -55.138  -12.658 0.3000000119
25866  -22.521  -59.493  -10.427 0.3000000119
30534  -19.871  -53.965  -12.296 0.3000000119
31378  -20.746  -53.030  -11.049 0.3000000119
25006  -19.811  -59.922  -15.124 0.4000000060
27760  -19.807  -57.233  -15.113 0.3000000119
121522  -30.280  -76.523  -27.098 0.5000000000
8738  -30.374  -77.654  -26.390 0.5000000000
7867  -29.935  -78.205  -26.131 0.5000000000
9617  -30.778  -77.088  -26.675 0.5000000000
130551  -27.003  -75.598  -30.180 0.6999999881
9624  -25.417  -76.512  -27.670 0.6999999881
124283  -26.823  -76.660  -27.082 0.6999999881
8747  -32.843  -77.206  -28.046 0.4000000060
10495  -30.929  -75.072  -30.227 0.5000000000
12195  -30.041  -73.852  -30.795 0.3000000119
11322  -24.180  -74.609  -30.637 0.6000000238
10488  -23.784  -75.180  -29.814 0.6000000238
12189  -23.559  -73.417  -30.798 0.5000000000
10464  -23.878  -76.228  -28.124 0.6999999881
139184  -35.917  -79.205  -24.073 0.3000000119
11296  -22.315  -75.185  -26.677 0.6000000238
10465  -30.442  -76.077  -28.034 0.6000000238
9629  -31.135  -76.606  -27.222 0.5000000000
9597  -25.927  -77.124  -25.560 0.6999999881
11272  -22.286  -75.370  -25.244 0.5000000000
8728  -25.506  -77.354  -24.790 0.5000000000
10450  -37.111  -76.113  -26.391 0.3000000119
13059  -22.203  -72.434  -24.650 0.6000000238
12163  -31.637  -73.405  -28.330 0.3000000119
10459  -35.865  -74.917  -26.965 0.3000000119
8715  -25.117  -77.568  -24.036 0.5000000000
136625  -24.084  -72.751  -30.319 0.4000000060
19254  -24.162  -65.943  -26.033 0.6000000238
18182  -21.017  -67.219  -25.422 0.6999999881
19229  -22.738  -65.280  -24.801 0.6000000238
19231  -24.236  -64.936  -24.238 0.6000000238
18210  -28.191  -67.207  -27.639 0.5000000000
20267  -26.554  -64.263  -25.587 0.6000000238
21317  -27.687  -64.430  -25.994 0.5000000000
22273  -26.798  -63.513  -24.670 0.6000000238
21306  -31.105  -63.246  -25.840 0.4000000060
17173  -20.546  -67.669  -23.481 0.6000000238
17175  -23.086  -67.414  -23.446 0.6999999881
12969  -24.305  -72.200  -16.779 0.6000000238
18216  -27.941  -68.009  -28.832 0.4000000060
20268  -32.944  -64.534  -25.897 0.4000000060
22258  -29.295  -63.202  -22.466 0.4000000060
17172  -19.517  -67.802  -23.212 0.6000000238
13903  -24.185  -71.748  -15.425 0.6000000238
130109  -25.167  -71.719  -18.033 0.6000000238
16203  -29.220  -70.044  -30.198 0.5000000000
13982  -24.123  -71.154  -20.088 0.5000000000
17127  -26.456  -68.266  -17.536 0.6000000238
15030  -22.614  -70.445  -20.512 0.4000000060
17177  -25.153  -68.146  -23.202 0.5000000000
20293  -31.623  -64.924  -27.717 0.5000000000
17153  -26.260  -68.864  -21.420 0.6000000238
17164  -25.367  -68.908  -22.571 0.5000000000
20092  -17.702  -65.613  -13.585 0.6000000238
20133  -23.227  -66.104  -15.618 0.5000000000
19136  -20.855  -66.601  -16.476 0.6000000238
19138  -22.068  -66.816  -17.219 0.6000000238
21182  -23.856  -64.991  -15.477 0.6000000238
21196  -19.776  -64.771  -16.578 0.6000000238
21256  -16.871  -65.164  -21.298 0.5000000000
23174  -23.527  -62.747  -18.515 0.6000000238
23192  -18.820  -63.417  -21.753 0.5000000000
23172  -21.962  -62.140  -18.384 0.6000000238
121112  -15.900  -55.504  -12.485 0.3000000119
24112  -25.574  -61.956  -16.322 0.5000000000
25037  -19.905  -59.496  -18.489 0.3000000119
24075  -25.393  -61.380  -13.764 0.4000000060
25947  -20.047  -58.275  -17.552 0.3000000119
24092  -20.535  -61.320  -14.368 0.5000000000
24987  -25.844  -60.694  -12.405 0.4000000060
123895  -15.881  -51.109  -9.660 0.3000000119
30557  -19.776  -54.118  -16.001 0.3000000119
24035  -22.331  -61.072  -11.880 0.4000000060
25908  -19.688  -59.223  -13.786 0.3000000119
31406  -20.095  -53.475  -15.821 0.3000000119
140020  -20.575  -60.040  -12.414 0.4000000060
35192  -15.925  -49.220  -8.709 0.3000000119
122964  -20.470  -53.180  -14.707 0.3000000119
25865  -22.044  -60.045  -10.843 0.4000000060
30543  -20.047  -54.138  -13.469 0.3000000119
6948  -22.394  -79.076  -21.859 0.5000000000
7823  -23.116  -78.876  -21.940 0.5000000000
6969  -23.388  -79.155  -22.627 0.5000000000
135126  -24.363  -78.506  -23.093 0.4000000060
7808  -21.417  -78.297  -20.760 0.5000000000
7814  -21.899  -78.753  -21.351 0.5000000000
7816  -23.235  -78.331  -21.660 0.5000000000
134724  -23.761  -78.445  -22.343 0.5000000000
8691  -24.288  -77.961  -22.764 0.5000000000
132665  -24.271  -77.438  -22.991 0.4000000060
131373  -21.732  -77.816  -20.317 0.4000000060
8656  -22.325  -77.345  -20.463 0.5000000000
8674  -23.481  -77.781  -21.760 0.5000000000
9567  -23.711  -76.828  -22.995 0.4000000060
9526  -21.946  -76.484  -20.111 0.5000000000
9527  -22.390  -76.508  -20.807 0.5000000000
8673  -22.947  -77.846  -21.096 0.5000000000
10404  -22.154  -75.792  -21.348 0.5000000000
9535  -22.772  -76.502  -21.638 0.5000000000
10409  -22.255  -75.610  -22.405 0.5000000000
10422  -22.354  -75.754  -23.431 0.4000000060
10397  -21.471  -75.676  -20.038 0.5000000000
11250  -21.904  -74.676  -22.594 0.5000000000
135799  -22.116  -75.098  -23.149 0.5000000000
11259  -22.174  -75.090  -23.866 0.5000000000
13027  -18.578  -73.377  -22.279 0.5000000000
11234  -21.140  -75.033  -20.512 0.5000000000
12093  -20.872  -74.018  -21.664 0.5000000000
12101  -20.506  -73.490  -22.211 0.5000000000
12103  -21.764  -73.942  -22.692 0.5000000000
12102  -21.242  -73.616  -22.445 0.5000000000
12111  -22.103  -74.243  -23.320 0.5000000000
117052  -22.277  -74.116  -24.175 0.5000000000
12100  -19.587  -73.455  -22.191 0.5000000000
14010  -18.960  -72.281  -23.236 0.5000000000
14021  -17.486  -71.133  -23.456 0.5000000000
124031  -20.095  -73.063  -22.653 0.5000000000
14022  -18.608  -71.540  -23.649 0.5000000000
15068  -18.257  -70.750  -24.039 0.5000000000
13040  -20.938  -72.989  -22.816 0.5000000000
131911  -20.168  -72.474  -23.220 0.5000000000
14023  -19.695  -71.756  -23.773 0.5000000000
13047  -21.322  -72.441  -23.462 0.5000000000
14024  -20.808  -71.792  -23.908 0.5000000000
12110  -21.822  -73.275  -23.210 0.5000000000
13048  -22.270  -73.194  -24.028 0.5000000000
12122  -22.358  -73.385  -24.832 0.5000000000
18160  -17.690  -67.605  -23.620 0.5000000000
18169  -17.954  -67.534  -24.380 0.6000000238
15082  -17.957  -69.848  -24.496 0.5000000000
127510  -18.803  -70.353  -24.569 0.5000000000
16127  -17.758  -68.878  -24.896 0.5000000000
15083  -19.573  -70.456  -24.882 0.5000000000
16128  -18.778  -69.576  -25.154 0.5000000000
117485  -21.708  -71.938  -24.191 0.5000000000
14035  -21.146  -71.336  -24.688 0.5000000000
139102  -22.021  -72.580  -23.840 0.5000000000
17158  -19.295  -68.249  -22.385 0.5000000000
18179  -18.208  -67.734  -24.985 0.6000000238
133797  -20.266  -71.645  -15.130 0.5000000000
13901  -21.222  -71.890  -15.376 0.6000000238
13883  -20.336  -71.620  -14.194 0.5000000000
125594  -21.100  -71.730  -14.596 0.5000000000
12936  -22.005  -71.902  -14.800 0.6000000238
13884  -21.698  -71.576  -14.188 0.6000000238
123513  -21.084  -71.476  -13.830 0.5000000000
13856  -21.103  -71.020  -13.112 0.6000000238
135735  -21.341  -70.463  -12.725 0.5000000000
13872  -22.431  -70.858  -13.676 0.6000000238
14941  -21.818  -70.629  -13.154 0.6000000238
15976  -20.822  -69.277  -11.971 0.5000000000
15989  -21.539  -69.332  -12.434 0.6000000238
15990  -22.126  -69.486  -12.945 0.6000000238
17053  -20.460  -68.469  -11.779 0.5000000000
17061  -21.282  -68.434  -12.264 0.5000000000
18049  -18.935  -66.970  -12.147 0.5000000000
19074  -18.942  -66.205  -12.642 0.6000000238
135725  -16.909  -66.221  -13.619 0.6000000238
18063  -17.136  -66.835  -12.897 0.5000000000
131410  -20.344  -67.281  -12.228 0.6000000238
17060  -20.768  -67.820  -12.006 0.5000000000
19088  -18.293  -65.847  -13.025 0.5000000000
21178  -17.213  -64.780  -15.978 0.6000000238
123549  -16.946  -65.192  -15.023 0.6000000238
21194  -17.544  -64.633  -16.902 0.6000000238
116276  -33.187  -74.130  -26.123 0.3000000119
12164  -33.200  -73.609  -27.679 0.3000000119
11286  -32.001  -74.282  -25.284 0.3000000119
124023  -32.082  -73.557  -27.248 0.3000000119
122842  -34.768  -74.092  -27.640 0.3000000119
11302  -35.529  -74.540  -27.776 0.3000000119
9566  -22.841  -76.267  -23.713 0.4000000060
14034  -20.201  -71.195  -24.441 0.5000000000
16138  -18.510  -68.602  -25.395 0.5000000000
13915  -21.493  -71.817  -16.593 0.5000000000
8690  -23.921  -77.556  -22.410 0.4000000060
9551  -22.867  -76.323  -22.690 0.5000000000
11243  -21.776  -75.013  -21.796 0.5000000000
12092  -20.031  -73.944  -21.493 0.5000000000
13038  -18.153  -72.745  -22.760 0.5000000000
11301  -34.833  -74.428  -26.823 0.3000000119
115990  -32.562  -74.074  -25.906 0.3000000119
11300  -33.855  -73.957  -26.928 0.3000000119
11299  -32.799  -73.819  -26.624 0.3000000119
11298  -31.974  -73.837  -26.169 0.3000000119
6968  -22.638  -79.301  -22.449 0.5000000000
6970  -23.974  -79.006  -22.948 0.5000000000
7809  -22.275  -78.187  -20.747 0.5000000000
7815  -22.700  -78.530  -21.378 0.5000000000
8655  -21.606  -77.204  -19.858 0.4000000060
8703  -24.719  -77.861  -23.369 0.4000000060
8730  -27.143  -77.790  -24.929 0.6000000238
8736  -28.996  -77.441  -25.739 0.5000000000
8737  -29.663  -77.551  -25.989 0.5000000000
9536  -23.167  -77.256  -21.444 0.5000000000
9552  -23.434  -76.970  -22.085 0.5000000000
9579  -22.905  -76.346  -24.624 0.5000000000
9595  -23.083  -76.469  -25.466 0.6000000238
9596  -24.953  -76.930  -25.569 0.5000000000
9599  -27.741  -77.474  -25.393 0.6000000238
10398  -21.974  -75.923  -20.583 0.5000000000
10403  -21.636  -75.319  -20.908 0.5000000000
10489  -24.560  -75.235  -30.231 0.6000000238
10497  -33.021  -74.721  -29.917 0.4000000060
10498  -33.640  -74.555  -29.809 0.4000000060
10499  -34.277  -74.433  -29.627 0.4000000060
11242  -21.242  -74.629  -21.272 0.5000000000
11249  -21.482  -74.248  -22.068 0.5000000000
11288  -33.909  -74.499  -25.902 0.3000000119
11297  -31.338  -73.685  -26.519 0.3000000119
11306  -22.868  -75.432  -28.152 0.6000000238
11307  -34.212  -73.805  -28.164 0.3000000119
11323  -32.025  -74.185  -30.377 0.4000000060
11326  -23.864  -73.955  -30.882 0.6000000238
11330  -27.892  -74.493  -31.370 0.4000000060
11332  -29.727  -74.184  -31.077 0.4000000060
11333  -30.538  -74.046  -30.822 0.3000000119
11334  -31.258  -73.997  -30.554 0.4000000060
12156  -24.782  -72.906  -28.542 0.4000000060
12174  -29.571  -73.457  -29.172 0.3000000119
12179  -23.192  -73.642  -30.689 0.5000000000
12937  -22.916  -71.821  -14.720 0.6000000238
12948  -21.893  -72.057  -15.521 0.6000000238
12957  -21.465  -71.991  -15.967 0.5000000000
12958  -22.198  -72.167  -16.128 0.6000000238
12960  -23.979  -72.287  -16.007 0.6000000238
12968  -23.589  -72.173  -17.189 0.6000000238
13039  -19.238  -72.956  -22.777 0.5000000000
13079  -24.779  -72.030  -27.460 0.4000000060
13089  -21.934  -72.684  -29.712 0.5000000000
13090  -24.429  -72.374  -29.267 0.4000000060
13091  -22.582  -72.644  -30.522 0.5000000000
13092  -23.083  -72.405  -30.670 0.5000000000
13871  -21.797  -71.194  -13.640 0.6000000238
13902  -23.562  -71.637  -14.843 0.6999999881
13916  -22.151  -71.958  -16.879 0.6000000238
13930  -23.477  -71.892  -17.883 0.5000000000
13947  -23.834  -71.749  -18.412 0.5000000000
13968  -25.287  -71.307  -19.277 0.5000000000
14033  -19.239  -71.049  -24.200 0.5000000000
14044  -21.548  -71.549  -25.907 0.6999999881
14054  -24.520  -71.944  -28.411 0.4000000060
14928  -21.141  -69.985  -12.321 0.5000000000
14929  -21.778  -70.030  -12.716 0.6000000238
14942  -22.303  -70.186  -13.253 0.6999999881
14954  -24.148  -70.438  -15.002 0.6999999881
14966  -24.705  -70.449  -15.495 0.6000000238
15019  -23.128  -70.971  -19.910 0.5000000000
15031  -23.564  -70.692  -20.695 0.6000000238
15043  -23.958  -70.342  -21.378 0.6000000238
15067  -17.208  -70.233  -23.812 0.5000000000
15105  -20.528  -70.138  -26.780 0.6999999881
15115  -25.391  -71.071  -28.076 0.4000000060
16052  -25.617  -69.596  -16.342 0.6000000238
16053  -26.092  -68.996  -16.849 0.6000000238
16066  -26.207  -68.950  -17.651 0.6000000238
16077  -26.164  -69.194  -18.485 0.6000000238
16084  -25.934  -70.184  -19.633 0.6999999881
16085  -26.178  -69.268  -19.944 0.6000000238
16102  -24.328  -69.853  -21.918 0.6000000238
16104  -25.911  -69.542  -21.210 0.6000000238
16111  -24.745  -69.394  -22.366 0.5000000000
16112  -25.240  -69.404  -22.209 0.6000000238
16182  -22.770  -69.999  -28.679 0.5000000000
16198  -24.541  -69.863  -29.662 0.5000000000
16206  -32.456  -69.555  -29.748 0.4000000060
17073  -21.741  -68.304  -13.022 0.6999999881
17075  -22.729  -69.393  -14.280 0.6999999881
17091  -24.321  -68.907  -15.280 0.6000000238
17144  -26.340  -68.593  -20.517 0.6000000238
17151  -20.959  -68.905  -22.069 0.6000000238
17165  -26.086  -68.624  -22.255 0.6000000238
17171  -16.876  -67.905  -23.415 0.5000000000
17179  -17.845  -68.113  -25.040 0.5000000000
17181  -18.503  -67.999  -25.317 0.6000000238
17182  -19.249  -68.270  -25.605 0.6000000238
17199  -24.577  -68.505  -27.924 0.5000000000
17217  -31.783  -69.180  -30.212 0.4000000060
18040  -19.176  -67.721  -11.795 0.5000000000
18050  -19.680  -66.684  -12.427 0.6999999881
18065  -21.476  -67.934  -13.717 0.6999999881
18076  -22.360  -68.464  -15.270 0.6999999881
18111  -27.359  -67.283  -16.619 0.5000000000
18137  -26.671  -67.590  -18.662 0.6000000238
18148  -26.476  -67.978  -21.089 0.6000000238
18151  -18.477  -67.793  -22.988 0.5000000000
18152  -25.816  -68.230  -22.849 0.5000000000
18161  -18.681  -67.419  -23.793 0.6000000238
18170  -18.861  -67.384  -24.559 0.6000000238
18192  -22.257  -67.420  -26.247 0.6000000238
18196  -25.922  -67.159  -26.905 0.6000000238
18226  -30.861  -68.441  -29.989 0.4000000060
19076  -20.400  -66.800  -12.861 0.6000000238
19087  -17.608  -66.176  -13.085 0.5000000000
19090  -25.896  -66.326  -13.807 0.5000000000
19092  -27.818  -66.139  -13.527 0.5000000000
19125  -22.536  -67.274  -16.082 0.5000000000
19137  -21.582  -66.956  -16.897 0.6000000238
19155  -27.936  -66.606  -17.178 0.6000000238
19182  -27.262  -65.909  -19.476 0.5000000000
19217  -23.961  -65.926  -23.913 0.6000000238
19221  -31.681  -66.193  -23.094 0.5000000000
19253  -23.530  -66.231  -26.001 0.6000000238
19258  -28.378  -66.347  -26.889 0.5000000000
19264  -29.031  -66.810  -27.571 0.5000000000
19267  -31.419  -66.008  -28.186 0.4000000060
20077  -18.935  -65.681  -13.132 0.6999999881
20093  -18.461  -65.387  -13.621 0.5000000000
20110  -17.144  -65.520  -14.162 0.6000000238
20111  -17.854  -65.032  -14.319 0.6000000238
20114  -20.120  -65.919  -14.922 0.6999999881
20131  -19.695  -65.247  -15.289 0.6999999881
20146  -20.401  -65.676  -16.579 0.6000000238
20160  -22.035  -66.125  -17.925 0.6000000238
20228  -29.693  -64.508  -22.395 0.5000000000
20239  -26.047  -64.900  -23.905 0.6000000238
20250  -22.681  -65.272  -24.987 0.6000000238
20284  -29.440  -64.674  -26.752 0.4000000060
21163  -19.053  -64.822  -14.976 0.6000000238
21165  -25.040  -64.666  -14.317 0.5000000000
21179  -17.800  -64.664  -15.260 0.6000000238
21180  -18.575  -64.537  -15.563 0.6000000238
21209  -18.829  -64.289  -17.712 0.5000000000
21212  -23.812  -64.379  -17.761 0.6999999881
21228  -22.049  -64.918  -19.556 0.6000000238
21244  -19.384  -64.635  -20.143 0.5000000000
21246  -21.822  -64.337  -20.328 0.6000000238
21248  -23.041  -64.035  -19.609 0.6999999881
21257  -17.868  -64.786  -21.358 0.5000000000
21260  -21.493  -63.879  -21.083 0.6000000238
21292  -26.017  -63.813  -24.870 0.6000000238
21302  -26.255  -63.737  -25.101 0.6000000238
21303  -27.263  -63.619  -25.359 0.6000000238
21307  -31.674  -63.476  -26.046 0.4000000060
21322  -32.289  -63.642  -26.944 0.4000000060
22169  -26.652  -62.462  -15.609 0.5000000000
22189  -25.658  -62.537  -16.516 0.6000000238
22223  -17.029  -63.758  -21.111 0.5000000000
22231  -17.448  -64.457  -21.492 0.5000000000
22235  -22.446  -63.191  -20.561 0.6000000238
22236  -28.465  -63.253  -20.770 0.5000000000
22242  -19.590  -63.548  -21.828 0.4000000060
22243  -21.048  -63.362  -21.584 0.6000000238
22244  -28.165  -62.739  -21.513 0.5000000000
22256  -27.860  -62.527  -22.421 0.5000000000
22257  -28.609  -62.632  -22.271 0.4000000060
22268  -28.364  -62.376  -23.174 0.6000000238
22276  -29.383  -62.626  -25.007 0.6000000238
22289  -29.839  -62.930  -25.708 0.5000000000
22301  -30.535  -63.146  -26.210 0.5000000000
22303  -31.662  -63.429  -26.537 0.4000000060
23117  -21.942  -61.867  -15.032 0.5000000000
23142  -21.631  -62.040  -16.417 0.6000000238
23145  -25.055  -62.236  -16.839 0.6000000238
23160  -24.101  -62.619  -17.880 0.6000000238
23193  -19.522  -62.861  -21.658 0.4000000060
23195  -22.003  -62.624  -20.784 0.6000000238
24037  -23.916  -61.140  -11.734 0.4000000060
24047  -21.147  -61.236  -13.253 0.5000000000
24048  -22.731  -61.427  -12.396 0.4000000060
24072  -21.607  -61.541  -13.635 0.5000000000
24109  -20.126  -60.889  -16.186 0.4000000060
24154  -21.377  -61.779  -19.189 0.6999999881
24164  -20.613  -61.428  -20.262 0.5000000000
24170  -19.128  -62.515  -21.308 0.5000000000
24173  -21.303  -62.009  -20.670 0.6000000238
24975  -22.097  -60.571  -11.372 0.4000000060
24976  -22.636  -60.781  -11.332 0.4000000060
24977  -23.221  -60.845  -11.273 0.4000000060
24999  -19.824  -60.070  -14.012 0.3000000119
25000  -20.459  -60.867  -13.580 0.5000000000
25026  -20.232  -60.050  -17.174 0.4000000060
25048  -19.777  -60.132  -19.029 0.3000000119
25056  -20.102  -60.854  -19.672 0.5000000000
25877  -21.369  -59.639  -11.075 0.3000000119
25893  -19.923  -59.098  -13.004 0.3000000119
25920  -19.670  -59.312  -14.585 0.4000000060
25960  -19.710  -58.702  -18.120 0.3000000119
26770  -23.558  -58.904  -10.241 0.3000000119
26815  -17.141  -57.540  -15.231 0.3000000119
27766  -19.223  -56.614  -16.964 0.3000000119
28722  -19.266  -56.145  -16.664 0.3000000119
29613  -15.588  -56.170  -12.722 0.3000000119
29618  -15.960  -55.683  -13.184 0.4000000060
29619  -16.862  -54.998  -13.712 0.4000000060
29631  -19.808  -54.848  -16.164 0.3000000119
30533  -16.205  -54.656  -12.082 0.3000000119
30544  -19.873  -54.642  -12.198 0.3000000119
31375  -16.443  -53.017  -11.181 0.3000000119
31399  -20.226  -52.811  -15.397 0.3000000119
32247  -16.324  -52.382  -11.268 0.3000000119
32276  -18.833  -51.846  -14.475 0.4000000060
32277  -19.846  -51.781  -15.298 0.3000000119
33156  -15.462  -50.415  -9.086 0.3000000119
34158  -15.651  -49.708  -8.535 0.3000000119
117099  -22.950  -59.034  -10.127 0.3000000119
118371  -24.800  -61.617  -15.500 0.5000000000
118609  -19.717  -56.558  -16.761 0.3000000119
119071  -25.156  -60.444  -11.702 0.4000000060
119205  -16.328  -51.775  -10.419 0.3000000119
119647  -20.029  -56.403  -16.006 0.3000000119
120707  -20.979  -61.430  -13.823 0.5000000000
121410  -26.351  -68.804  -29.426 0.5000000000
122641  -29.030  -62.470  -24.028 0.6000000238
123256  -22.814  -77.124  -20.991 0.5000000000
123551  -22.789  -66.514  -23.852 0.6999999881
123603  -20.753  -61.515  -17.568 0.5000000000
123918  -16.351  -52.874  -9.253 0.3000000119
124155  -22.332  -62.350  -19.319 0.6000000238
124740  -17.796  -57.501  -16.103 0.4000000060
125039  -26.267  -68.736  -19.150 0.6000000238
125110  -25.534  -70.784  -19.967 0.6000000238
125391  -26.569  -67.275  -21.749 0.6000000238
126115  -17.888  -54.857  -14.864 0.4000000060
126828  -30.829  -63.946  -27.137 0.5000000000
127669  -23.039  -62.802  -19.306 0.6999999881
127900  -17.439  -53.789  -13.755 0.4000000060
128798  -19.681  -58.245  -14.864 0.3000000119
129018  -25.364  -59.006  -11.172 0.3000000119
129039  -25.155  -63.980  -25.001 0.6000000238
129708  -23.614  -72.307  -16.499 0.6000000238
131227  -26.621  -66.608  -13.974 0.5000000000
132682  -21.615  -60.236  -11.358 0.4000000060
132952  -20.416  -59.332  -12.276 0.3000000119
133987  -27.756  -63.932  -20.150 0.5000000000
134062  -27.301  -70.027  -30.332 0.5000000000
134931  -26.937  -65.077  -26.029 0.6000000238
135041  -20.330  -67.232  -24.229 0.6999999881
135070  -21.307  -71.556  -26.835 0.6999999881
135697  -22.823  -65.281  -25.143 0.6000000238
135789  -27.487  -74.033  -31.215 0.4000000060
136014  -20.241  -59.119  -17.237 0.4000000060
136310  -23.348  -65.519  -16.361 0.6000000238
136546  -21.686  -72.615  -26.919 0.6999999881
136736  -19.647  -67.242  -12.004 0.5000000000
137609  -21.048  -67.456  -15.439 0.6000000238
137996  -22.197  -67.135  -16.753 0.6000000238
138967  -25.174  -62.609  -16.938 0.6000000238
139325  -22.639  -63.711  -20.178 0.6000000238
139337  -22.111  -79.304  -22.357 0.5000000000
139546  -22.381  -60.444  -11.062 0.4000000060
139616  -20.260  -63.611  -21.769 0.5000000000
139886  -25.246  -71.503  -18.629 0.6000000238
140014  -22.197  -73.689  -23.663 0.5000000000
140021  -26.321  -68.634  -17.191 0.6000000238
140110  -25.822  -68.767  -29.193 0.5000000000
