#!ascii label  , from subject sub-v1s4x0050700_ses-1 vox2ras=TkReg
1063
79623  19.576  -4.619  -11.155 0.2500000000
79622  20.276  -4.521  -11.843 0.2500000000
78740  20.139  -5.455  -11.509 0.7500000000
82458  19.272  -1.512  -11.358 0.2500000000
81462  19.085  -2.212  -10.972 0.1250000000
82466  19.768  -1.481  -11.966 0.3750000000
80520  19.399  -2.748  -11.249 0.2500000000
80511  19.166  -3.863  -10.868 0.2500000000
123963  19.790  -3.839  -11.500 0.3750000000
126085  20.736  -5.141  -12.200 0.8750000000
78752  21.489  -5.349  -12.766 0.8750000000
81474  20.140  -2.191  -12.156 0.3750000000
80519  19.904  -2.983  -11.751 0.3750000000
80535  20.485  -2.938  -12.423 0.8750000000
80518  20.382  -3.699  -12.124 0.7500000000
80552  22.041  -3.654  -13.700 1.0000000000
80533  21.385  -3.672  -13.129 1.0000000000
125425  20.850  -3.533  -12.646 0.8750000000
78769  22.340  -5.231  -13.429 1.0000000000
79640  20.991  -4.350  -12.573 0.8750000000
83294  19.435  -0.783  -11.763 0.2500000000
82465  20.314  -1.495  -12.574 0.7500000000
82470  20.901  -1.548  -13.227 0.8750000000
81488  21.271  -2.294  -13.375 0.8750000000
81473  20.685  -2.239  -12.790 0.7500000000
80564  23.374  -3.257  -14.344 1.0000000000
81487  22.233  -2.881  -14.042 1.0000000000
135322  21.814  -2.371  -13.841 1.0000000000
79671  24.559  -3.951  -13.917 1.0000000000
79673  23.120  -3.934  -14.190 1.0000000000
79657  23.221  -4.566  -13.981 1.0000000000
79658  22.576  -4.332  -13.821 1.0000000000
83286  19.025  -0.975  -11.170 0.1250000000
83301  20.494  -0.762  -13.050 0.6250000000
83311  21.732  -0.762  -14.255 1.0000000000
83300  21.118  -0.867  -13.661 0.8750000000
82469  21.620  -1.603  -13.885 1.0000000000
80562  25.164  -3.215  -13.833 1.0000000000
81499  24.565  -2.513  -14.119 1.0000000000
130438  22.900  -2.666  -14.421 1.0000000000
117968  23.046  -1.964  -14.576 1.0000000000
80563  24.135  -3.187  -14.246 1.0000000000
135802  27.174  -3.740  -15.172 1.0000000000
79670  25.628  -3.923  -13.658 1.0000000000
86770  19.535  3.565  -12.394 0.2500000000
128224  19.430  -0.046  -12.007 0.2500000000
84151  19.638  0.639  -12.399 0.3750000000
83302  19.950  -0.130  -12.637 0.5000000000
84171  21.458  0.710  -14.328 1.0000000000
84159  20.775  0.657  -13.728 0.6250000000
129765  21.929  0.007  -14.536 1.0000000000
83309  23.167  -0.777  -14.578 1.0000000000
83310  22.446  -0.676  -14.533 1.0000000000
81497  26.679  -2.889  -14.182 1.0000000000
131834  24.660  -1.463  -14.054 1.0000000000
125283  27.071  -2.593  -14.855 1.0000000000
80560  26.916  -3.349  -14.841 1.0000000000
82491  27.191  -2.441  -16.100 1.0000000000
81507  27.004  -3.061  -16.696 1.0000000000
86790  20.982  3.806  -13.605 0.5000000000
85904  19.784  2.894  -12.599 0.3750000000
133093  20.296  2.871  -13.115 0.3750000000
85917  20.019  2.048  -12.816 0.5000000000
131392  20.615  2.142  -13.559 0.5000000000
85072  22.382  1.489  -14.559 0.8750000000
84170  22.136  0.765  -14.617 1.0000000000
85922  23.424  2.083  -14.151 1.0000000000
129706  24.403  -0.612  -14.164 1.0000000000
129742  23.349  0.656  -14.453 1.0000000000
83306  27.038  -1.606  -13.465 1.0000000000
83307  25.331  -1.214  -13.564 1.0000000000
83320  27.703  -1.431  -15.363 1.0000000000
82476  27.311  -1.944  -14.560 1.0000000000
81513  27.192  -2.550  -16.995 0.8750000000
87655  21.012  4.717  -13.437 0.5000000000
85916  20.870  2.963  -13.630 0.5000000000
86789  22.196  3.696  -14.038 0.6250000000
137491  22.737  3.435  -14.031 0.6250000000
86788  23.105  2.868  -14.141 1.0000000000
85924  22.001  2.288  -14.460 0.7500000000
85063  24.369  1.211  -13.726 1.0000000000
84155  27.379  -0.301  -12.798 1.0000000000
84156  26.442  -0.338  -12.729 1.0000000000
84157  25.500  0.057  -13.073 1.0000000000
83297  27.812  -0.370  -13.730 1.0000000000
83305  27.533  -1.079  -14.165 1.0000000000
83299  26.127  -1.000  -13.020 1.0000000000
83304  28.096  -0.408  -14.801 0.8750000000
83329  28.343  -1.167  -16.863 0.8750000000
87654  21.700  4.643  -13.593 0.5000000000
86780  22.570  3.998  -13.713 0.8750000000
85902  25.144  2.057  -12.249 1.0000000000
85913  24.948  1.982  -13.036 1.0000000000
84148  27.766  0.172  -12.210 1.0000000000
85051  26.206  0.852  -11.964 1.0000000000
85062  25.040  1.121  -13.161 1.0000000000
84139  28.188  0.690  -11.509 1.0000000000
84164  28.802  0.270  -15.236 1.0000000000
84165  28.536  0.201  -14.092 1.0000000000
84147  28.889  0.332  -12.141 1.0000000000
127519  29.521  0.621  -14.178 1.0000000000
88559  21.584  5.259  -13.308 0.5000000000
87653  22.270  4.766  -13.446 0.8750000000
86769  23.567  3.841  -12.985 1.0000000000
86739  25.482  3.343  -10.664 1.0000000000
85892  24.895  2.621  -11.865 1.0000000000
134633  24.036  3.318  -12.598 1.0000000000
140328  28.512  2.500  -10.476 1.0000000000
136895  28.150  1.994  -10.630 1.0000000000
85037  29.604  1.619  -11.181 1.0000000000
128906  28.977  2.181  -10.656 1.0000000000
85038  28.621  1.383  -10.970 1.0000000000
84145  30.122  0.723  -13.377 1.0000000000
85050  29.045  0.849  -11.449 1.0000000000
85069  30.603  1.034  -14.107 0.8750000000
90199  23.799  7.419  -9.458 1.0000000000
90201  22.685  8.032  -10.217 0.3750000000
129153  24.344  6.911  -9.184 0.8750000000
87591  25.019  4.788  -9.830 1.0000000000
86753  28.993  2.997  -10.309 1.0000000000
86737  27.263  3.435  -10.041 1.0000000000
129130  25.002  8.975  -8.446 0.8750000000
90184  25.333  7.661  -8.496 1.0000000000
89366  25.114  6.892  -8.725 1.0000000000
89382  24.701  6.153  -9.262 1.0000000000
87590  25.975  4.682  -9.450 1.0000000000
86736  28.380  3.606  -9.914 1.0000000000
87604  27.786  4.234  -9.550 1.0000000000
86735  29.203  3.827  -10.084 1.0000000000
91924  25.333  9.695  -8.331 0.7500000000
89365  26.080  7.185  -8.457 1.0000000000
89380  26.919  6.835  -8.541 1.0000000000
126554  28.964  6.086  -10.062 1.0000000000
88493  27.478  5.609  -9.145 1.0000000000
88513  28.126  5.116  -9.413 1.0000000000
91038  26.516  8.532  -8.335 1.0000000000
90198  27.010  7.778  -8.390 1.0000000000
138682  27.531  6.622  -8.806 1.0000000000
96802  26.128  16.858  -8.766 0.1250000000
120851  25.809  17.717  -8.681 0.1250000000
138214  26.616  15.696  -9.562 0.2500000000
139884  26.132  16.987  -10.220 0.1250000000
96806  26.295  16.398  -10.623 0.3750000000
97518  25.508  17.931  -11.069 0.2500000000
96815  25.985  16.289  -11.458 0.5000000000
96816  25.294  16.844  -11.909 0.2500000000
98270  25.542  18.487  -10.381 0.2500000000
124333  25.199  17.484  -11.640 0.2500000000
98278  25.224  18.555  -11.127 0.2500000000
98279  24.655  18.849  -11.636 0.2500000000
97526  24.398  17.374  -12.364 0.2500000000
97527  23.322  17.647  -12.920 0.2500000000
98284  24.075  18.269  -12.363 0.2500000000
96825  23.481  16.891  -13.053 0.3750000000
79605  18.853  -4.558  -10.371 0.1250000000
118537  19.439  -3.301  -11.221 0.2500000000
79655  25.024  -4.803  -13.549 1.0000000000
86779  23.242  3.480  -13.645 0.8750000000
85889  27.231  2.001  -10.713 1.0000000000
77830  18.793  -6.010  -9.532 0.1250000000
77843  20.367  -6.443  -11.444 0.6250000000
76976  21.143  -6.933  -11.967 0.7500000000
82459  18.762  -1.542  -10.682 0.1250000000
122687  21.809  -6.975  -12.532 1.0000000000
124698  18.569  -3.728  -10.256 0.1250000000
77864  22.637  -6.081  -13.333 1.0000000000
137836  24.377  -5.284  -13.634 1.0000000000
79654  26.105  -4.710  -13.504 1.0000000000
84152  19.055  0.709  -11.690 0.3750000000
85905  19.312  2.868  -12.114 0.2500000000
85053  19.439  1.510  -12.234 0.2500000000
80576  27.698  -3.385  -17.100 0.8750000000
83328  29.127  -0.666  -17.175 0.8750000000
82496  27.808  -2.006  -17.337 0.8750000000
123447  29.312  0.509  -15.887 0.8750000000
91067  21.848  8.469  -10.513 0.1250000000
90215  22.345  7.616  -10.700 0.1250000000
88560  20.832  5.606  -12.991 0.3750000000
88539  22.598  5.429  -12.491 0.6250000000
139989  30.668  1.434  -12.492 1.0000000000
84163  29.798  0.855  -15.151 0.8750000000
90200  23.270  8.067  -9.724 0.5000000000
91055  23.943  8.142  -9.140 0.8750000000
90214  23.162  7.320  -10.211 0.3750000000
89400  23.360  6.413  -10.481 0.8750000000
86752  29.779  3.609  -10.597 1.0000000000
87619  30.123  4.317  -11.195 1.0000000000
87602  29.615  4.472  -10.396 1.0000000000
91039  25.596  8.397  -8.365 1.0000000000
88512  28.845  5.435  -9.681 1.0000000000
91923  26.177  9.791  -8.265 0.8750000000
91936  27.792  9.640  -8.929 1.0000000000
91053  27.877  8.200  -8.868 1.0000000000
89378  28.565  6.810  -9.828 1.0000000000
97497  25.630  17.329  -8.109 0.1250000000
133029  26.227  15.482  -7.949 0.1250000000
95486  27.157  14.381  -9.800 0.6250000000
96152  26.560  15.592  -10.990 0.6250000000
95491  26.065  15.472  -11.953 0.5000000000
133529  26.076  17.323  -9.470 0.2500000000
96155  25.196  15.672  -12.607 0.5000000000
98271  25.123  19.281  -10.710 0.2500000000
96824  24.560  16.426  -12.643 0.5000000000
120806  23.621  16.209  -13.285 0.5000000000
98987  24.148  20.131  -12.003 0.1250000000
132841  23.161  19.201  -12.987 0.2500000000
98292  22.240  18.274  -13.823 0.2500000000
96161  22.873  16.604  -13.652 0.3750000000
98994  23.484  20.123  -12.756 0.1250000000
78725  18.865  -5.280  -10.116 0.1250000000
78741  19.392  -5.389  -10.725 0.3750000000
131892  19.766  -6.087  -10.977 0.5000000000
80512  18.951  -3.024  -10.667 0.1250000000
78753  20.905  -5.942  -12.101 0.7500000000
77853  21.601  -6.295  -12.589 1.0000000000
77865  22.037  -5.935  -13.070 1.0000000000
80553  21.604  -2.992  -13.547 1.0000000000
79659  21.795  -4.457  -13.278 1.0000000000
78768  23.158  -5.399  -13.694 1.0000000000
79656  23.960  -4.815  -13.889 1.0000000000
135058  20.809  -0.436  -13.532 0.8750000000
82481  22.811  -1.360  -14.559 1.0000000000
80561  26.191  -3.306  -13.786 1.0000000000
82479  24.118  -1.801  -14.375 1.0000000000
82480  23.430  -1.524  -14.546 1.0000000000
79669  26.696  -3.971  -14.066 1.0000000000
85065  19.956  1.228  -12.731 0.3750000000
85064  20.419  1.352  -13.329 0.5000000000
84169  22.760  0.095  -14.586 1.0000000000
84168  23.606  -0.207  -14.460 1.0000000000
81496  26.955  -3.007  -15.719 1.0000000000
139190  26.337  -2.529  -13.610 1.0000000000
82478  25.775  -2.050  -13.543 1.0000000000
129017  26.290  -1.722  -13.257 1.0000000000
82490  27.556  -1.770  -16.640 1.0000000000
85074  21.002  1.426  -14.001 0.6250000000
85925  21.617  3.181  -14.098 0.6250000000
85071  23.083  1.438  -14.465 1.0000000000
85921  24.013  1.901  -13.736 1.0000000000
84166  24.955  -0.263  -13.646 1.0000000000
84167  24.155  0.408  -14.120 1.0000000000
84158  24.766  0.559  -13.603 1.0000000000
83319  28.223  -0.751  -15.870 0.8750000000
130494  28.386  -2.995  -17.380 0.8750000000
85915  23.689  2.637  -13.723 1.0000000000
130561  24.568  1.768  -13.410 1.0000000000
117452  28.274  -0.035  -13.004 1.0000000000
83298  27.169  -0.948  -13.102 1.0000000000
84150  25.852  0.491  -12.598 1.0000000000
84149  26.778  0.211  -12.331 1.0000000000
83318  28.857  -0.217  -16.275 0.8750000000
85890  26.292  2.140  -11.060 1.0000000000
85903  24.576  2.662  -12.693 1.0000000000
132071  26.687  1.372  -11.306 1.0000000000
85052  25.436  1.351  -12.511 1.0000000000
84140  27.175  0.681  -11.674 1.0000000000
85039  27.658  1.298  -11.047 1.0000000000
140830  29.544  0.516  -12.379 1.0000000000
84154  29.344  0.351  -13.087 1.0000000000
88540  22.133  5.507  -13.062 0.6250000000
87637  23.202  4.659  -12.534 0.7500000000
86756  23.803  3.924  -12.142 1.0000000000
86754  25.151  3.005  -11.263 1.0000000000
87620  24.159  4.080  -11.352 1.0000000000
85881  25.860  2.796  -10.824 1.0000000000
87606  25.501  3.996  -10.159 1.0000000000
86738  26.219  3.363  -10.276 1.0000000000
85880  26.775  2.735  -10.501 1.0000000000
125777  29.787  2.672  -10.784 1.0000000000
85879  27.893  2.755  -10.351 1.0000000000
89383  23.829  6.657  -9.722 1.0000000000
87607  24.571  4.387  -10.576 1.0000000000
87605  26.618  4.031  -9.698 1.0000000000
88496  24.264  5.141  -10.312 1.0000000000
140170  24.653  5.446  -9.709 1.0000000000
130841  25.949  9.129  -8.300 0.8750000000
89381  25.958  6.223  -8.727 1.0000000000
88494  26.468  5.440  -9.074 1.0000000000
87589  27.070  4.827  -9.337 1.0000000000
88495  25.428  5.417  -9.292 1.0000000000
87603  28.902  4.563  -9.706 1.0000000000
123039  27.027  6.100  -8.758 1.0000000000
90197  27.704  7.294  -8.785 1.0000000000
91054  27.271  8.579  -8.496 1.0000000000
96138  25.919  16.438  -8.087 0.1250000000
96147  26.452  15.885  -8.735 0.1250000000
98258  25.737  18.254  -9.384 0.2500000000
96807  25.835  17.114  -11.052 0.2500000000
96150  26.536  15.869  -10.206 0.5000000000
122744  25.501  16.175  -12.146 0.5000000000
98286  22.601  18.711  -13.403 0.2500000000
96826  22.730  17.210  -13.485 0.2500000000
77829  19.240  -6.239  -10.252 0.2500000000
138515  18.629  -6.409  -9.174 0.1250000000
76965  19.815  -6.852  -10.783 0.6250000000
77852  22.218  -6.598  -12.941 1.0000000000
90231  21.938  7.196  -11.322 0.5000000000
87621  23.618  4.538  -11.709 0.8750000000
133853  22.539  5.858  -11.834 0.7500000000
87608  23.823  4.788  -11.000 0.8750000000
89401  22.672  6.861  -10.919 0.7500000000
89412  22.915  6.082  -11.191 0.8750000000
88514  23.552  5.577  -10.742 1.0000000000
88497  24.010  5.876  -10.010 1.0000000000
91937  27.040  9.416  -8.397 1.0000000000
91948  28.095  9.724  -9.800 1.0000000000
91052  28.317  8.273  -9.806 1.0000000000
95480  26.717  14.680  -8.377 0.3750000000
94806  27.217  14.012  -10.563 0.7500000000
95487  26.914  14.701  -10.733 0.7500000000
126746  26.794  15.227  -10.085 0.5000000000
95490  26.601  14.876  -11.452 0.7500000000
96835  22.198  17.121  -14.225 0.2500000000
118234  22.499  16.294  -14.208 0.3750000000
73387  21.090  -10.984  -10.895 0.7500000000
125479  22.588  -11.689  -11.621 0.7500000000
73377  20.381  -10.958  -10.430 0.7500000000
74262  20.733  -10.179  -10.811 0.7500000000
74260  22.386  -10.824  -11.807 0.7500000000
74261  21.532  -10.274  -11.399 0.7500000000
74269  23.564  -10.399  -12.408 0.7500000000
75142  22.277  -9.929  -11.965 0.7500000000
76023  20.503  -8.223  -11.067 0.7500000000
124758  20.439  -7.367  -11.248 0.6250000000
75143  21.622  -9.300  -11.675 0.7500000000
76034  21.678  -8.458  -11.941 0.8750000000
76964  21.093  -7.885  -11.632 0.8750000000
75153  23.744  -9.546  -12.650 0.7500000000
75154  22.967  -9.707  -12.388 0.7500000000
76044  23.048  -8.759  -12.640 0.7500000000
76045  22.317  -8.211  -12.458 0.8750000000
122784  22.393  -7.394  -12.757 0.8750000000
76053  24.580  -8.481  -13.058 0.7500000000
76054  23.994  -8.013  -13.045 0.7500000000
76987  23.585  -7.285  -13.195 0.8750000000
76988  22.836  -6.888  -13.191 0.8750000000
76985  25.501  -7.376  -13.350 0.7500000000
121147  24.970  -6.744  -13.317 0.8750000000
78766  24.826  -5.836  -13.432 0.8750000000
78764  27.282  -5.912  -13.887 0.8750000000
78765  26.450  -5.632  -13.500 0.8750000000
78779  27.721  -5.322  -14.411 0.8750000000
79668  27.424  -4.384  -14.720 0.8750000000
80558  30.475  -3.606  -14.454 0.3750000000
79665  29.629  -4.183  -15.008 0.6250000000
79677  28.798  -4.262  -15.737 0.7500000000
79679  27.446  -3.960  -15.719 0.7500000000
80567  30.183  -3.582  -15.550 0.5000000000
80574  29.806  -3.374  -16.573 0.7500000000
80575  28.779  -3.475  -16.891 0.7500000000
81504  32.091  -2.012  -15.159 0.1250000000
81505  31.386  -2.568  -15.665 0.3750000000
81509  31.061  -2.517  -16.813 0.6250000000
81511  29.249  -2.930  -17.408 0.6250000000
81515  29.640  -2.279  -17.903 0.6250000000
82474  33.890  -1.559  -14.514 0.1250000000
82475  32.925  -1.652  -14.780 0.1250000000
137596  32.107  -1.610  -16.805 0.1250000000
83326  32.882  -0.667  -17.498 0.1250000000
119817  30.396  -1.068  -18.337 0.6250000000
83327  30.284  -0.401  -18.138 0.6250000000
84175  29.501  0.185  -16.664 0.7500000000
83325  33.585  -0.775  -16.493 0.1250000000
84184  33.634  0.303  -18.347 0.1250000000
83336  31.909  -0.047  -18.714 0.1250000000
84186  30.788  0.340  -18.213 0.5000000000
84179  30.200  0.509  -17.230 0.6250000000
84174  30.026  0.875  -16.094 0.7500000000
124543  34.424  -0.547  -16.449 0.1250000000
85088  31.469  1.090  -18.136 0.5000000000
85084  31.430  1.589  -16.858 0.5000000000
85085  30.757  1.263  -16.439 0.6250000000
85079  30.896  1.319  -15.258 0.7500000000
92728  25.735  10.367  -8.176 0.6250000000
122261  26.195  11.063  -8.024 0.5000000000
92727  26.709  10.360  -8.257 0.7500000000
85078  31.757  1.809  -15.201 0.6250000000
85911  31.488  2.391  -13.617 0.6250000000
85901  30.792  2.145  -12.207 0.8750000000
85928  32.175  2.426  -15.454 0.5000000000
85920  31.856  2.407  -14.596 0.6250000000
86787  31.679  3.342  -14.166 0.6250000000
131961  31.137  2.725  -12.759 0.7500000000
85888  30.358  2.375  -11.469 0.8750000000
88524  29.749  5.199  -11.093 0.8750000000
89398  29.276  6.060  -10.991 0.8750000000
86778  30.951  3.543  -12.649 0.7500000000
87636  30.153  5.035  -11.957 0.8750000000
88538  29.679  5.939  -12.010 0.8750000000
89411  29.100  6.864  -11.834 0.8750000000
86793  32.352  3.246  -15.812 0.3750000000
86794  32.084  3.226  -14.988 0.5000000000
87662  31.648  4.147  -14.770 0.5000000000
126524  30.894  4.272  -13.049 0.6250000000
87671  32.558  4.309  -17.257 0.2500000000
125530  32.010  4.050  -15.478 0.3750000000
130478  31.229  4.429  -13.960 0.5000000000
138028  27.162  11.988  -8.338 0.6250000000
93449  27.571  11.864  -8.962 0.7500000000
93440  27.146  11.197  -8.364 0.7500000000
92740  27.415  10.334  -8.648 0.8750000000
90213  28.531  7.560  -10.315 0.8750000000
88557  30.449  4.975  -12.800 0.6250000000
88537  30.057  5.563  -12.644 0.7500000000
126652  31.557  4.747  -15.353 0.3750000000
87663  31.137  5.096  -14.882 0.5000000000
89433  29.659  6.436  -13.456 0.7500000000
134999  32.133  4.759  -16.595 0.2500000000
94111  26.771  12.542  -8.054 0.6250000000
134180  27.612  11.009  -8.966 0.8750000000
92739  27.840  10.410  -9.363 0.8750000000
91947  28.295  9.031  -10.295 0.8750000000
92752  27.976  10.474  -10.319 0.7500000000
91066  28.485  8.330  -10.809 0.8750000000
90248  28.831  7.717  -12.265 0.7500000000
129098  30.156  5.732  -13.521 0.5000000000
133371  30.582  6.072  -16.052 0.2500000000
88585  30.419  5.998  -15.239 0.5000000000
88574  30.648  5.417  -14.263 0.5000000000
88588  31.581  5.321  -16.587 0.2500000000
125089  26.990  13.254  -8.319 0.5000000000
94799  27.306  13.264  -8.827 0.5000000000
94805  27.415  13.520  -10.010 0.6250000000
94122  27.542  12.731  -10.297 0.7500000000
93466  27.600  11.756  -11.490 0.7500000000
94131  27.498  12.555  -11.198 0.7500000000
118550  27.697  11.074  -11.694 0.7500000000
92769  27.735  10.563  -12.324 0.7500000000
92762  27.908  10.476  -11.327 0.7500000000
94138  27.385  12.307  -12.076 0.7500000000
118525  27.940  9.795  -12.822 0.7500000000
91978  28.187  9.080  -13.366 0.7500000000
130730  27.815  9.775  -13.613 0.7500000000
122664  28.847  7.602  -14.982 0.5000000000
91104  28.497  8.221  -14.530 0.3750000000
91094  28.543  8.293  -13.662 0.6250000000
89452  29.600  6.577  -16.581 0.2500000000
89441  29.219  7.030  -15.389 0.3750000000
90281  28.642  7.424  -15.915 0.3750000000
94811  27.376  13.353  -10.876 0.7500000000
94139  26.922  12.832  -12.600 0.7500000000
94147  27.081  11.993  -12.896 0.7500000000
93493  27.206  11.000  -14.028 0.7500000000
92784  27.505  10.162  -14.313 0.6250000000
91114  27.682  8.520  -15.971 0.3750000000
91995  27.436  9.304  -15.560 0.3750000000
88595  29.555  6.478  -17.468 0.1250000000
89466  27.912  6.643  -18.212 0.1250000000
90292  27.931  7.749  -16.520 0.2500000000
94812  26.954  14.055  -11.414 0.6250000000
94822  26.685  13.684  -12.322 0.7500000000
94148  26.620  12.524  -13.413 0.6250000000
93484  26.885  11.743  -13.742 0.7500000000
92794  27.233  10.045  -15.230 0.3750000000
92785  26.979  10.758  -14.858 0.3750000000
117878  27.565  10.483  -13.323 0.7500000000
91124  26.464  8.355  -17.278 0.2500000000
92004  26.969  8.869  -16.399 0.3750000000
91987  27.890  9.377  -14.195 0.6250000000
89475  26.783  6.568  -19.333 0.1250000000
90303  26.545  6.605  -19.274 0.1250000000
89473  27.589  6.390  -18.985 0.1250000000
95493  26.388  14.538  -12.129 0.6250000000
94823  26.038  14.136  -12.856 0.6250000000
94149  26.042  13.026  -13.888 0.3750000000
94834  26.368  13.345  -13.119 0.3750000000
93495  26.079  11.981  -15.012 0.3750000000
92805  25.245  10.424  -16.944 0.2500000000
92795  26.569  10.456  -15.664 0.3750000000
93494  26.660  11.487  -14.536 0.3750000000
91134  25.342  7.635  -18.983 0.1250000000
92005  26.277  9.198  -16.876 0.3750000000
91996  26.798  9.694  -16.036 0.3750000000
91148  26.855  7.202  -19.644 0.1250000000
91132  26.601  7.569  -17.761 0.1250000000
95505  24.356  14.894  -13.729 0.3750000000
95494  25.622  14.916  -12.655 0.3750000000
94835  25.642  13.785  -13.584 0.3750000000
94845  25.306  13.470  -14.334 0.3750000000
93506  24.965  12.003  -16.158 0.3750000000
94167  25.360  12.394  -15.416 0.3750000000
94157  25.698  12.712  -14.652 0.3750000000
117375  24.868  10.953  -16.940 0.3750000000
92796  25.872  10.850  -16.093 0.3750000000
93505  25.660  11.623  -15.730 0.3750000000
92827  24.951  9.526  -20.444 0.1250000000
92017  24.888  8.648  -18.523 0.1250000000
92816  24.629  9.690  -17.989 0.2500000000
92027  25.595  8.315  -19.863 0.1250000000
94847  23.572  14.190  -15.149 0.2500000000
94169  23.740  13.092  -16.291 0.2500000000
94856  24.100  13.462  -15.505 0.3750000000
94846  24.483  13.841  -14.741 0.3750000000
93515  23.952  12.112  -17.369 0.1250000000
94168  24.567  12.732  -15.822 0.3750000000
94158  24.992  13.164  -15.118 0.3750000000
93524  24.059  11.199  -17.954 0.1250000000
93514  24.494  11.477  -16.944 0.2500000000
93534  24.666  11.095  -20.605 0.1250000000
92806  24.521  10.637  -17.538 0.1250000000
96164  22.679  15.627  -14.438 0.3750000000
95517  23.946  14.573  -14.398 0.3750000000
94857  23.153  13.797  -15.956 0.2500000000
94185  23.479  12.879  -17.512 0.1250000000
94873  23.065  13.651  -17.403 0.1250000000
94190  23.543  13.001  -18.159 0.1250000000
129631  23.428  13.709  -17.935 0.1250000000
93535  25.018  11.182  -20.906 0.1250000000
138217  23.912  12.725  -19.739 0.1250000000
95558  22.706  14.829  -16.942 0.1250000000
95571  24.133  13.880  -19.432 0.1250000000
95557  23.442  14.147  -17.715 0.1250000000
94892  25.439  13.396  -21.787 0.1250000000
94202  25.777  12.777  -21.852 0.1250000000
77862  24.184  -6.588  -13.381 0.8750000000
78778  28.177  -5.508  -14.446 0.6250000000
85077  31.988  1.941  -16.054 0.6250000000
87635  30.565  4.097  -12.116 0.8750000000
94118  27.498  12.840  -9.366 0.6250000000
138832  27.634  12.135  -9.784 0.8750000000
93459  27.653  11.941  -10.583 0.7500000000
91969  28.099  9.814  -11.839 0.7500000000
91968  28.318  9.113  -12.329 0.7500000000
91075  28.576  8.395  -11.807 0.7500000000
89440  29.718  6.550  -14.806 0.5000000000
127360  29.258  7.128  -14.657 0.5000000000
90263  29.285  7.082  -13.363 0.7500000000
133372  29.691  6.573  -15.720 0.5000000000
125200  24.424  9.479  -19.865 0.1250000000
94177  23.622  12.772  -16.924 0.2500000000
94881  23.838  13.314  -18.948 0.1250000000
124003  24.667  13.428  -20.910 0.1250000000
82494  31.421  -1.856  -17.375 0.5000000000
82499  30.062  -1.639  -18.199 0.6250000000
82495  28.798  -1.572  -17.630 0.7500000000
85083  32.073  1.943  -17.200 0.3750000000
85927  32.369  2.535  -16.368 0.3750000000
86800  32.927  3.546  -17.824 0.2500000000
89422  29.458  6.611  -12.721 0.7500000000
93531  23.955  10.981  -18.827 0.1250000000
134692  33.140  4.318  -18.369 0.1250000000
72460  21.575  -12.753  -10.740 0.7500000000
125644  20.837  -12.599  -10.418 0.7500000000
72462  19.916  -11.563  -9.918 0.7500000000
74251  19.648  -10.759  -9.879 0.7500000000
72459  22.297  -12.812  -11.017 0.7500000000
73386  21.799  -11.318  -11.331 0.7500000000
72471  23.310  -12.074  -11.602 0.7500000000
76024  20.095  -8.683  -10.521 0.6250000000
75144  20.964  -9.453  -11.178 0.7500000000
73394  24.040  -11.001  -12.280 0.6250000000
75152  24.576  -9.335  -12.818 0.7500000000
75162  25.119  -8.890  -13.013 0.6250000000
119802  26.208  -7.211  -13.438 0.6250000000
77870  27.905  -6.062  -14.138 0.5000000000
78762  29.242  -5.653  -13.855 0.3750000000
78777  28.681  -5.304  -14.524 0.5000000000
80532  30.810  -3.564  -13.410 0.1250000000
81493  32.429  -2.091  -14.162 0.1250000000
81492  33.306  -1.908  -13.887 0.1250000000
82473  34.819  -1.760  -14.561 0.1250000000
83316  34.934  -0.935  -15.853 0.1250000000
134940  34.798  -0.128  -17.098 0.1250000000
84183  34.694  0.338  -17.868 0.1250000000
84189  34.632  0.920  -18.840 0.1250000000
84190  33.339  0.758  -18.908 0.1250000000
125282  32.992  1.870  -19.109 0.1250000000
85930  32.593  2.652  -17.427 0.2500000000
86797  32.532  3.379  -16.732 0.2500000000
116847  32.346  5.833  -18.632 0.1250000000
88592  32.214  5.170  -17.376 0.2500000000
88598  30.578  6.300  -18.350 0.1250000000
89464  29.599  6.453  -18.332 0.1250000000
90310  28.766  6.876  -19.332 0.1250000000
95479  27.074  13.876  -8.645 0.3750000000
91147  27.917  7.092  -19.502 0.1250000000
92022  27.451  9.088  -18.772 0.1250000000
91140  27.695  8.139  -19.255 0.1250000000
94189  25.851  12.256  -19.257 0.1250000000
98962  25.392  19.133  -9.685 0.1250000000
96172  21.786  15.581  -15.455 0.2500000000
95535  21.761  15.464  -16.027 0.1250000000
96857  22.090  16.274  -16.297 0.1250000000
95570  24.229  14.350  -18.401 0.1250000000
96201  23.898  14.635  -17.535 0.1250000000
95579  24.477  14.147  -20.253 0.1250000000
94201  26.170  12.973  -22.074 0.1250000000
95583  25.108  14.320  -21.301 0.1250000000
80570  27.319  -3.542  -16.593 0.7500000000
85060  31.161  1.538  -13.578 0.7500000000
91041  24.143  8.866  -8.826 0.3750000000
89399  28.793  6.819  -10.758 0.8750000000
131358  25.642  -5.434  -13.388 0.8750000000
76975  21.725  -7.645  -12.250 0.8750000000
77863  23.353  -6.332  -13.430 0.8750000000
80569  28.189  -3.890  -16.459 0.7500000000
83335  29.700  -1.179  -18.057 0.6250000000
86751  30.327  3.363  -11.287 0.8750000000
91935  28.076  8.975  -9.331 0.8750000000
95495  24.791  15.228  -13.144 0.3750000000
96160  23.085  15.988  -13.864 0.3750000000
96845  22.038  16.535  -14.593 0.1250000000
96165  22.064  15.886  -14.793 0.2500000000
122702  20.554  -11.798  -10.388 0.7500000000
73376  21.254  -11.865  -10.800 0.7500000000
72473  22.027  -12.164  -11.204 0.7500000000
72472  22.660  -12.342  -11.376 0.7500000000
73395  23.246  -11.208  -12.090 0.7500000000
74250  20.050  -10.096  -10.284 0.7500000000
75131  20.383  -9.421  -10.649 0.7500000000
75155  22.309  -9.054  -12.195 0.7500000000
134936  20.601  -8.890  -10.978 0.7500000000
76954  19.788  -7.782  -10.497 0.6250000000
76035  21.055  -8.700  -11.421 0.7500000000
76043  23.881  -8.701  -12.863 0.7500000000
135451  22.818  -7.974  -12.773 0.8750000000
140673  22.980  -7.518  -13.025 0.8750000000
76986  24.578  -7.551  -13.232 0.7500000000
76052  25.299  -8.227  -13.222 0.7500000000
77860  26.758  -6.646  -13.597 0.7500000000
77861  25.771  -6.391  -13.375 0.8750000000
77859  27.489  -6.500  -13.739 0.6250000000
79667  28.003  -4.792  -15.050 0.7500000000
79652  30.151  -4.252  -13.879 0.2500000000
79653  29.421  -4.901  -14.326 0.5000000000
79666  28.757  -4.662  -15.124 0.6250000000
80568  29.299  -3.852  -16.030 0.7500000000
81495  30.933  -3.090  -15.065 0.5000000000
81494  31.643  -2.512  -14.560 0.2500000000
80557  31.161  -2.985  -13.958 0.1250000000
82488  32.513  -1.609  -15.837 0.2500000000
81514  30.555  -2.132  -17.796 0.6250000000
82487  33.454  -1.251  -15.556 0.1250000000
128109  34.465  -1.268  -15.168 0.1250000000
82493  32.757  -1.187  -16.659 0.1250000000
82497  31.970  -1.155  -17.745 0.5000000000
83333  32.283  -0.464  -18.339 0.1250000000
135268  33.018  -0.246  -18.190 0.1250000000
83334  31.027  -0.474  -18.508 0.5000000000
83332  33.853  -0.209  -17.356 0.1250000000
125977  32.709  0.130  -18.636 0.1250000000
84191  32.602  0.622  -18.807 0.1250000000
85089  30.856  0.998  -17.443 0.6250000000
85087  32.412  1.682  -18.426 0.1250000000
132053  31.446  1.639  -15.868 0.6250000000
85068  31.400  1.647  -14.354 0.6250000000
86777  31.311  3.464  -13.329 0.6250000000
88558  29.781  6.050  -12.891 0.7500000000
90247  29.122  7.218  -12.668 0.7500000000
134704  30.673  4.981  -13.523 0.5000000000
90230  28.701  7.612  -11.314 0.7500000000
87669  31.152  5.491  -15.785 0.3750000000
91959  28.349  9.087  -11.323 0.7500000000
90273  28.965  7.557  -14.054 0.6250000000
91085  28.576  8.404  -12.762 0.7500000000
88575  30.149  6.010  -14.398 0.5000000000
88594  30.335  6.206  -17.478 0.1250000000
88589  30.891  5.925  -16.632 0.2500000000
88593  31.352  5.827  -17.570 0.1250000000
94821  27.215  13.145  -11.761 0.7500000000
140138  27.498  10.917  -12.804 0.7500000000
91095  28.212  8.774  -14.131 0.6250000000
91105  28.036  8.900  -14.965 0.3750000000
89453  29.076  6.913  -16.303 0.1250000000
90291  28.346  7.172  -17.043 0.3750000000
94156  26.361  12.248  -14.227 0.3750000000
91123  27.172  8.052  -16.957 0.3750000000
90298  27.283  7.116  -17.800 0.1250000000
89474  26.972  6.401  -19.200 0.1250000000
92804  26.060  10.038  -16.481 0.3750000000
93504  26.338  11.210  -15.321 0.3750000000
92016  25.675  8.470  -17.813 0.2500000000
90313  25.636  7.464  -19.613 0.1250000000
92026  26.650  8.193  -19.459 0.1250000000
89482  27.462  6.566  -19.266 0.1250000000
90302  26.295  6.960  -18.725 0.1250000000
95504  25.230  14.532  -13.335 0.3750000000
92006  25.472  9.441  -17.386 0.2500000000
91141  25.229  7.742  -19.782 0.1250000000
91142  24.895  8.300  -20.114 0.1250000000
94836  24.846  14.197  -14.023 0.3750000000
94176  24.236  12.361  -16.573 0.3750000000
93513  25.215  11.249  -16.456 0.3750000000
92028  24.929  8.634  -20.241 0.1250000000
92025  24.613  8.719  -19.928 0.1250000000
127631  24.827  10.153  -20.500 0.1250000000
93533  24.844  10.684  -20.609 0.1250000000
92018  24.409  9.068  -19.169 0.1250000000
92817  24.125  10.153  -18.765 0.1250000000
92023  26.468  9.144  -19.223 0.1250000000
92826  25.496  9.261  -19.876 0.1250000000
95533  22.644  14.576  -15.569 0.2500000000
95518  23.057  14.936  -14.771 0.2500000000
94864  23.007  13.503  -16.815 0.2500000000
93525  23.822  11.976  -18.316 0.1250000000
94196  24.142  11.797  -20.116 0.1250000000
92824  24.169  10.427  -19.671 0.1250000000
119626  25.082  12.575  -21.372 0.1250000000
94858  22.481  14.326  -16.365 0.1250000000
94865  22.588  14.146  -16.925 0.1250000000
94874  22.782  14.204  -17.212 0.1250000000
125862  23.833  12.365  -19.067 0.1250000000
94195  25.322  11.698  -21.031 0.1250000000
93532  23.955  11.369  -19.359 0.1250000000
119432  22.486  15.563  -16.591 0.1250000000
95547  22.248  14.811  -16.552 0.1250000000
72461  20.186  -12.364  -9.951 0.7500000000
76051  26.176  -7.990  -13.290 0.6250000000
77858  28.127  -6.596  -13.548 0.5000000000
85092  34.030  1.464  -19.350 0.1250000000
127364  35.194  1.594  -19.451 0.1250000000
85094  32.713  1.197  -18.992 0.1250000000
92823  25.356  10.328  -19.886 0.1250000000
93530  25.390  11.336  -20.371 0.1250000000
72449  19.558  -12.128  -9.408 0.7500000000
136668  19.106  -10.557  -9.331 0.5000000000
70763  21.683  -14.165  -10.154 0.6250000000
71600  21.929  -13.440  -10.608 0.6250000000
71598  23.296  -13.145  -10.646 0.3750000000
71613  22.984  -12.776  -11.188 0.6250000000
73375  24.723  -11.698  -11.008 0.2500000000
72470  24.060  -12.016  -11.463 0.3750000000
77850  28.927  -6.263  -13.336 0.3750000000
120984  26.526  11.805  -7.945 0.3750000000
94101  26.270  13.228  -7.820 0.2500000000
95484  26.844  15.072  -9.108 0.2500000000
71601  21.075  -13.524  -10.283 0.6250000000
74259  24.748  -10.752  -12.110 0.5000000000
75151  25.338  -9.454  -12.680 0.5000000000
76042  25.785  -8.766  -12.994 0.3750000000
71589  23.614  -13.524  -9.923 0.5000000000
70761  23.015  -13.622  -10.295 0.6250000000
76983  27.415  -7.174  -13.377 0.5000000000
117029  20.906  -15.041  -9.625 0.6250000000
74240  18.646  -10.692  -8.625 0.3750000000
127681  19.153  -11.922  -8.943 0.3750000000
70764  20.948  -14.428  -9.902 0.6250000000
124667  19.766  -12.949  -9.521 0.6250000000
69819  22.797  -14.701  -9.241 0.3750000000
70753  22.266  -14.558  -9.762 0.5000000000
70754  21.532  -14.870  -9.693 0.6250000000
130268  18.659  -9.984  -8.964 0.2500000000
71588  24.367  -13.282  -9.461 0.3750000000
72457  24.362  -12.350  -10.684 0.2500000000
74258  25.411  -10.439  -11.756 0.2500000000
75150  26.166  -9.197  -12.456 0.3750000000
76033  26.916  -8.865  -12.109 0.2500000000
76972  27.655  -7.647  -12.811 0.2500000000
77851  28.554  -6.801  -12.824 0.2500000000
131371  19.137  2.162  -11.867 0.1250000000
88561  20.302  5.073  -12.883 0.2500000000
78761  29.909  -5.022  -13.365 0.2500000000
89413  22.240  6.478  -11.597 0.3750000000
88541  21.407  5.930  -12.833 0.2500000000
91056  23.379  8.794  -9.364 0.2500000000
94800  26.581  13.958  -8.041 0.2500000000
85054  18.953  1.512  -11.685 0.2500000000
132653  19.313  -7.084  -10.158 0.2500000000
88526  21.924  6.087  -12.388 0.3750000000
122551  24.414  -10.208  -12.540 0.5000000000
71599  22.656  -13.291  -10.709 0.6250000000
72458  23.656  -12.587  -11.057 0.5000000000
138875  23.815  -11.570  -11.919 0.5000000000
120082  29.626  -5.782  -12.903 0.2500000000
122434  19.381  -9.993  -9.688 0.3750000000
75132  19.721  -9.318  -10.105 0.3750000000
131421  20.413  -13.088  -10.013 0.6250000000
130152  18.969  -9.236  -9.364 0.3750000000
76041  26.565  -8.536  -12.800 0.2500000000
70762  22.429  -13.881  -10.243 0.5000000000
71597  23.998  -12.946  -10.294 0.2500000000
72456  25.042  -12.028  -10.168 0.2500000000
73385  24.399  -11.381  -11.774 0.3750000000
74268  25.103  -10.146  -12.418 0.3750000000
70752  23.074  -14.125  -9.676 0.5000000000
70751  23.984  -13.992  -9.089 0.3750000000
73366  19.219  -11.327  -9.252 0.3750000000
71590  20.185  -13.865  -9.695 0.6250000000
76040  27.290  -8.259  -12.513 0.2500000000
85041  18.538  1.203  -11.219 0.1250000000
69809  19.119  -15.086  -8.749 0.5000000000
69820  22.191  -15.339  -9.109 0.2500000000
69808  21.491  -15.980  -8.844 0.3750000000
69821  21.224  -15.489  -9.360 0.5000000000
69823  19.797  -15.244  -9.219 0.5000000000
123242  19.224  -15.858  -8.691 0.3750000000
129991  18.903  -14.212  -8.594 0.5000000000
70756  19.561  -14.478  -9.191 0.5000000000
71578  19.315  -13.582  -9.054 0.3750000000
68910  17.780  -16.206  -6.654 0.1250000000
69810  18.467  -15.537  -8.135 0.3750000000
72437  19.100  -12.576  -8.756 0.2500000000
67995  18.040  -17.797  -7.117 0.1250000000
68927  18.181  -16.480  -7.620 0.2500000000
68942  18.845  -16.456  -8.287 0.3750000000
120709  21.591  -16.518  -8.319 0.2500000000
68940  20.366  -16.493  -8.681 0.3750000000
68954  19.939  -15.930  -9.069 0.5000000000
68911  17.675  -16.808  -6.055 0.1250000000
68941  19.618  -16.519  -8.581 0.3750000000
70713  17.777  -14.587  -6.863 0.1250000000
71568  18.349  -13.204  -7.480 0.1250000000
70755  20.312  -14.771  -9.529 0.5000000000
69822  20.486  -15.441  -9.357 0.5000000000
73356  18.705  -11.607  -8.315 0.2500000000
68937  22.957  -15.662  -8.336 0.2500000000
68953  20.735  -15.992  -9.078 0.3750000000
68939  21.012  -16.409  -8.670 0.3750000000
70739  18.543  -14.701  -8.232 0.2500000000
134338  18.395  -13.993  -7.891 0.1250000000
71579  18.692  -13.340  -8.252 0.1250000000
69800  17.903  -15.458  -7.275 0.2500000000
69791  17.734  -15.364  -6.300 0.1250000000
67996  17.750  -17.681  -6.372 0.1250000000
68016  17.865  -17.090  -6.950 0.1250000000
68028  18.672  -17.057  -7.946 0.3750000000
68025  20.913  -16.956  -8.204 0.2500000000
70727  18.138  -14.673  -7.622 0.1250000000
126535  18.035  -13.876  -7.208 0.1250000000
68014  18.914  -17.648  -7.763 0.2500000000
68013  19.635  -17.680  -7.813 0.2500000000
76014  19.335  -8.510  -9.867 0.2500000000
68015  18.357  -17.393  -7.497 0.1250000000
68026  20.033  -17.097  -8.270 0.2500000000
68027  19.282  -17.108  -8.164 0.2500000000
76015  18.337  -8.381  -8.911 0.1250000000
92729  24.736  10.320  -8.331 0.1250000000
91925  24.423  9.605  -8.590 0.1250000000
118421  25.148  11.008  -8.066 0.1250000000
92730  24.010  11.042  -8.309 0.1250000000
93442  24.621  11.618  -7.920 0.1250000000
93441  25.556  11.720  -7.805 0.1250000000
94104  23.459  12.903  -7.851 0.1250000000
94103  24.711  12.454  -7.712 0.1250000000
126138  25.771  13.981  -7.601 0.1250000000
130570  23.806  10.245  -8.676 0.1250000000
94788  25.292  13.246  -7.585 0.1250000000
130553  23.961  14.128  -7.339 0.1250000000
91926  23.564  9.539  -9.024 0.1250000000
88542  20.127  5.985  -12.647 0.1250000000
75124  18.191  -9.264  -8.495 0.1250000000
90249  20.763  7.040  -12.157 0.1250000000
91938  22.724  9.492  -9.505 0.1250000000
92741  22.952  10.234  -9.110 0.1250000000
134890  23.220  10.779  -8.707 0.1250000000
94113  22.607  12.399  -8.293 0.1250000000
94790  23.214  13.796  -7.552 0.1250000000
95469  24.181  14.811  -7.258 0.1250000000
95468  25.219  14.737  -7.466 0.1250000000
91057  22.625  8.688  -9.872 0.1250000000
77818  18.786  -6.805  -9.472 0.1250000000
94102  25.891  12.467  -7.725 0.1250000000
74241  18.194  -10.001  -8.135 0.1250000000
89423  21.225  6.479  -12.433 0.1250000000
76943  18.983  -7.668  -9.638 0.1250000000
130260  17.865  -8.022  -8.337 0.1250000000
76005  17.758  -8.638  -8.092 0.1250000000
93443  22.975  11.488  -8.526 0.1250000000
94789  24.249  13.412  -7.535 0.1250000000
129547  24.807  14.035  -7.425 0.1250000000
94114  21.671  12.564  -8.299 0.1250000000
96141  23.247  15.657  -6.848 0.1250000000
117380  23.394  -14.491  -8.997 0.1250000000
71577  24.806  -13.622  -8.734 0.1250000000
72448  24.698  -12.646  -9.816 0.1250000000
73374  25.489  -11.323  -10.403 0.1250000000
74249  25.738  -10.648  -10.908 0.1250000000
74257  26.078  -10.067  -11.269 0.1250000000
75140  26.490  -9.457  -11.640 0.1250000000
76022  27.913  -8.520  -10.766 0.1250000000
76032  27.581  -8.433  -11.705 0.1250000000
76961  29.212  -7.006  -11.509 0.1250000000
76971  28.234  -7.326  -12.478 0.1250000000
77840  30.355  -6.153  -11.115 0.1250000000
129627  29.722  -6.443  -11.537 0.1250000000
78751  30.279  -5.143  -12.340 0.1250000000
68926  21.652  -16.970  -7.879 0.1250000000
68925  22.276  -16.669  -7.856 0.1250000000
70738  24.580  -14.218  -8.471 0.1250000000
69806  23.976  -14.735  -8.472 0.1250000000
71587  25.078  -12.949  -9.022 0.1250000000
72446  26.053  -11.859  -8.912 0.1250000000
116934  26.759  -10.239  -9.896 0.1250000000
74247  26.800  -9.704  -10.634 0.1250000000
75123  27.999  -9.553  -9.448 0.1250000000
76952  29.517  -7.355  -10.750 0.1250000000
78750  30.983  -4.548  -11.751 0.1250000000
78738  30.705  -5.385  -11.365 0.1250000000
79639  30.620  -4.235  -12.740 0.1250000000
69807  23.142  -15.024  -8.699 0.1250000000
77841  29.245  -6.453  -12.318 0.1250000000
73365  25.583  -11.740  -9.641 0.1250000000
76963  27.926  -7.877  -12.141 0.1250000000
68938  22.243  -16.072  -8.371 0.1250000000
68924  22.965  -16.293  -7.849 0.1250000000
68012  21.341  -17.464  -7.571 0.1250000000
136550  23.607  -15.351  -8.249 0.1250000000
72447  25.369  -12.310  -9.350 0.1250000000
74248  26.304  -10.289  -10.554 0.1250000000
73364  26.089  -11.289  -9.541 0.1250000000
75139  27.208  -9.018  -11.176 0.1250000000
76031  28.218  -7.967  -11.315 0.1250000000
75130  27.603  -9.192  -10.254 0.1250000000
126937  29.186  -7.796  -10.501 0.1250000000
76962  28.531  -7.456  -11.778 0.1250000000
77827  30.696  -6.637  -10.508 0.1250000000
67994  21.891  -17.847  -6.890 0.1250000000
68010  22.953  -16.917  -7.359 0.1250000000
71576  25.544  -13.332  -8.403 0.1250000000
78737  31.537  -4.890  -10.981 0.1250000000
73373  26.165  -10.752  -10.090 0.1250000000
73384  25.089  -11.064  -11.381 0.2500000000
74270  22.888  -10.450  -12.208 0.7500000000
75141  25.763  -9.812  -12.073 0.3750000000
76021  28.624  -8.114  -10.562 0.1250000000
76953  28.841  -7.566  -11.027 0.1250000000
76973  26.997  -7.909  -13.124 0.2500000000
76974  23.373  -8.035  -12.918 0.8750000000
76982  28.005  -7.133  -13.029 0.2500000000
76984  26.727  -7.433  -13.408 0.5000000000
77828  29.918  -6.779  -10.937 0.1250000000
77842  28.749  -7.000  -12.191 0.1250000000
78739  29.964  -5.877  -11.898 0.1250000000
78763  28.527  -5.970  -14.067 0.5000000000
78767  23.931  -5.709  -13.612 1.0000000000
78780  27.027  -4.938  -13.873 0.8750000000
79672  23.712  -3.951  -14.188 1.0000000000
79678  27.950  -4.274  -15.884 0.7500000000
80534  21.024  -2.958  -13.001 0.8750000000
80551  22.698  -3.474  -14.162 1.0000000000
80559  27.111  -3.399  -16.040 0.7500000000
80577  27.110  -3.114  -17.067 0.8750000000
81461  19.591  -2.169  -11.577 0.3750000000
81486  31.948  -2.551  -13.567 0.1250000000
81498  25.712  -2.661  -13.707 1.0000000000
81500  23.633  -2.369  -14.455 1.0000000000
81506  30.657  -3.081  -16.186 0.6250000000
81510  30.212  -2.814  -17.217 0.6250000000
81512  27.660  -2.711  -17.289 0.8750000000
81516  28.657  -2.314  -17.650 0.6250000000
82477  26.833  -2.301  -13.743 1.0000000000
82482  22.190  -1.294  -14.368 1.0000000000
82489  31.789  -2.048  -16.263 0.2500000000
82498  30.938  -1.308  -18.262 0.6250000000
82500  29.380  -1.844  -18.011 0.6250000000
83293  19.911  -0.842  -12.370 0.6250000000
83308  23.861  -1.052  -14.450 1.0000000000
83312  21.175  -0.101  -13.979 0.8750000000
83317  34.164  -0.904  -15.808 0.1250000000
83324  35.300  -0.510  -16.741 0.1250000000
84146  30.129  0.797  -12.550 1.0000000000
84160  20.219  0.613  -13.008 0.3750000000
84185  31.435  0.244  -18.579 0.1250000000
84192  32.083  0.702  -18.704 0.1250000000
85040  25.803  1.609  -11.700 1.0000000000
85049  29.663  0.806  -11.849 1.0000000000
85061  30.715  1.137  -13.137 0.7500000000
85070  23.729  1.292  -14.140 1.0000000000
85073  21.675  1.480  -14.441 0.8750000000
85891  25.488  2.353  -11.489 1.0000000000
85912  31.094  1.849  -12.913 0.8750000000
85914  24.333  2.361  -13.329 1.0000000000
85923  22.761  2.219  -14.410 1.0000000000
86740  24.842  3.649  -10.938 1.0000000000
86755  24.435  3.273  -11.811 1.0000000000
86767  30.739  3.061  -12.047 0.8750000000
86768  23.927  3.058  -13.203 0.8750000000
86771  19.074  3.444  -11.890 0.1250000000
86781  20.497  3.515  -13.301 0.5000000000
86782  20.053  3.606  -12.854 0.3750000000
87638  22.640  4.999  -13.059 0.6250000000
87652  22.935  4.331  -13.288 1.0000000000
87656  20.410  4.227  -13.164 0.5000000000
87664  22.078  4.264  -13.764 0.5000000000
87665  21.596  4.068  -13.772 0.5000000000
87667  32.304  4.076  -16.240 0.3750000000
87668  31.795  4.778  -15.962 0.2500000000
88492  28.373  6.027  -9.403 1.0000000000
88511  29.363  5.304  -10.163 1.0000000000
88525  23.167  5.283  -11.638 0.8750000000
88586  30.103  6.336  -16.044 0.2500000000
88590  30.176  6.279  -16.693 0.2500000000
89379  28.116  6.767  -9.183 1.0000000000
89414  21.506  6.786  -11.926 0.3750000000
89462  28.904  6.747  -17.346 0.1250000000
89465  28.671  6.558  -18.355 0.1250000000
89467  27.007  6.417  -18.893 0.1250000000
89470  31.011  6.670  -19.233 0.1250000000
89471  29.918  6.650  -19.017 0.1250000000
89472  28.690  6.556  -19.039 0.1250000000
90183  26.133  7.898  -8.311 1.0000000000
90185  24.496  7.519  -8.887 1.0000000000
90196  28.252  7.500  -9.426 1.0000000000
90216  21.621  7.839  -11.062 0.1250000000
90264  28.885  7.718  -13.142 0.7500000000
90272  29.465  6.850  -14.073 0.5000000000
90304  25.874  7.166  -19.408 0.1250000000
90311  26.971  6.754  -19.526 0.1250000000
90312  26.328  6.934  -19.510 0.1250000000
91040  24.716  8.237  -8.630 0.8750000000
91113  28.329  8.106  -15.456 0.3750000000
91133  26.034  7.748  -18.143 0.1250000000
91149  25.904  7.540  -19.665 0.1250000000
91150  25.160  7.905  -19.982 0.1250000000
91960  28.150  9.773  -10.822 0.7500000000
92024  24.760  8.220  -19.573 0.1250000000
92029  24.879  8.997  -20.321 0.1250000000
92822  26.213  10.029  -19.008 0.1250000000
92825  24.333  10.919  -20.113 0.1250000000
93474  27.484  11.412  -12.367 0.7500000000
93483  27.278  11.249  -13.195 0.7500000000
94110  27.304  12.616  -8.629 0.6250000000
94197  25.952  12.557  -21.644 0.1250000000
94198  25.399  12.102  -21.263 0.1250000000
94199  24.784  11.773  -20.958 0.1250000000
94200  24.366  12.603  -20.530 0.1250000000
94803  27.324  13.714  -9.250 0.5000000000
94886  24.090  13.411  -19.970 0.1250000000
94888  26.405  13.111  -21.981 0.1250000000
95506  23.441  15.281  -14.078 0.3750000000
95519  22.245  15.273  -15.152 0.2500000000
95534  21.932  14.964  -15.906 0.2500000000
96156  24.400  15.802  -13.021 0.5000000000
96159  23.897  15.575  -13.512 0.3750000000
96173  21.652  15.878  -15.620 0.2500000000
96186  22.016  15.503  -16.395 0.1250000000
96834  22.445  16.879  -13.971 0.2500000000
97506  25.872  17.692  -10.289 0.2500000000
97519  24.830  18.067  -11.699 0.2500000000
97538  22.362  17.478  -13.818 0.2500000000
97549  21.873  17.094  -14.714 0.1250000000
98285  23.196  18.454  -12.919 0.2500000000
98293  22.048  18.375  -14.238 0.2500000000
98986  24.575  19.685  -11.447 0.1250000000
98993  23.937  19.240  -12.340 0.2500000000
117359  31.571  -0.694  -18.435 0.1250000000
118563  27.658  9.590  -14.854 0.6250000000
119024  24.916  -2.090  -13.934 1.0000000000
121829  23.952  13.934  -18.611 0.1250000000
126469  33.117  1.109  -19.105 0.1250000000
128223  20.529  -0.036  -13.366 0.8750000000
128817  22.612  17.895  -13.402 0.2500000000
129916  22.427  2.993  -14.299 0.6250000000
130352  18.593  1.982  -11.411 0.1250000000
130952  21.273  2.242  -14.116 0.5000000000
131388  19.520  2.303  -12.331 0.2500000000
133204  22.375  -2.023  -14.294 1.0000000000
133265  30.307  1.437  -11.861 1.0000000000
134162  27.670  8.966  -8.748 1.0000000000
134605  29.828  6.313  -14.062 0.5000000000
134931  26.367  16.431  -9.642 0.1250000000
134984  29.722  -0.283  -17.476 0.7500000000
135563  27.778  11.166  -10.880 0.7500000000
135810  20.815  -11.391  -10.634 0.7500000000
135888  27.777  11.282  -9.803 0.7500000000
136227  27.728  6.212  -9.029 1.0000000000
136310  22.725  0.876  -14.589 1.0000000000
136381  19.658  -0.449  -12.205 0.2500000000
138228  26.603  15.270  -8.484 0.3750000000
138675  19.517  -15.541  -8.968 0.5000000000
139462  24.886  -9.848  -12.656 0.5000000000
140510  22.815  -4.901  -13.763 1.0000000000
141004  27.115  14.352  -9.000 0.3750000000
