#!ascii label  , from subject sub-v1s4x0050698_ses-1 vox2ras=TkReg
977
52571  -33.728  -29.528  56.025 0.0000000000
45692  -20.541  -36.528  60.574 0.0000000000
47622  -28.461  -34.252  56.042 0.0000000000
77846  -39.865  -3.734  44.100 0.0000000000
80891  -45.022  -0.955  37.977 0.0000000000
46500  -13.690  -35.495  64.443 0.0000000000
75840  -35.960  -6.819  46.722 0.0000000000
54514  -36.535  -27.593  54.338 0.0000000000
51606  -29.442  -30.207  58.129 0.0000000000
47569  -17.005  -33.694  62.051 0.0000000000
44826  -16.706  -37.206  64.580 0.0000000000
54524  -28.984  -27.356  53.926 0.0000000000
55718  -32.256  -27.393  52.392 0.0000000000
44901  -24.469  -37.379  58.349 0.0000000000
54473  -25.719  -27.355  58.448 0.0000000000
64447  -39.095  -18.230  43.717 0.0000000000
70150  -39.492  -12.820  43.812 0.0000000000
73936  -39.155  -8.695  43.454 0.0000000000
40025  -9.621  -42.262  65.198 0.0000000000
38065  -6.230  -44.749  66.795 0.0000000000
57954  -32.291  -24.430  50.437 0.0000000000
60987  -33.990  -21.961  49.733 0.0000000000
60026  -36.764  -21.924  45.987 0.0000000000
152815  -13.313  -40.877  63.833 0.0000000000
44850  -20.607  -37.303  62.361 0.0000000000
43930  -22.388  -38.164  61.472 0.0000000000
52568  -30.720  -29.602  56.729 0.0000000000
49596  -19.556  -32.921  60.025 0.0000000000
47572  -18.925  -34.786  60.898 0.0000000000
45680  -18.663  -35.938  62.751 0.0000000000
131562  -29.127  -25.633  56.813 0.0000000000
55660  -27.184  -26.054  56.025 0.0000000000
67296  -37.368  -15.449  44.249 0.0000000000
67306  -39.086  -15.536  43.481 0.0000000000
70138  -36.786  -12.950  44.567 0.0000000000
74856  -36.627  -7.768  44.001 0.0000000000
75896  -38.856  -6.639  42.097 0.0000000000
73950  -41.536  -8.368  42.468 0.0000000000
76885  -40.907  -5.802  41.106 0.0000000000
152146  -42.409  -5.860  40.233 0.0000000000
57930  -32.482  -25.064  53.405 0.0000000000
144857  -32.631  -26.170  51.408 0.0000000000
58882  -30.980  -24.008  52.073 0.0000000000
152729  -31.314  -20.383  49.712 0.0000000000
62131  -32.855  -20.191  47.665 0.0000000000
60008  -34.886  -22.448  47.234 0.0000000000
63293  -34.440  -19.958  46.421 0.0000000000
63294  -36.026  -19.718  45.482 0.0000000000
128856  -26.566  -36.615  57.040 0.0000000000
42931  -12.451  -39.024  64.836 0.0000000000
43878  -13.562  -37.904  63.867 0.0000000000
35159  -5.670  -47.208  67.759 0.0000000000
35148  -3.258  -47.554  68.386 0.0000000000
72073  -35.419  -10.489  47.146 0.0000000000
56873  -37.583  -25.635  53.673 0.0000000000
49610  -28.819  -31.986  57.294 0.0000000000
47536  -15.054  -33.805  63.219 0.0000000000
45666  -15.052  -36.317  62.841 0.0000000000
46521  -16.542  -35.458  62.510 0.0000000000
81906  -47.510  -0.765  37.216 0.0000000000
52593  -31.155  -29.587  54.140 0.0000000000
52604  -32.971  -29.288  53.527 0.0000000000
54526  -30.519  -27.726  53.201 0.0000000000
47593  -20.837  -34.386  58.939 0.0000000000
44887  -22.708  -37.466  59.312 0.0000000000
45724  -23.112  -36.068  57.873 0.0000000000
46594  -24.599  -35.532  57.056 0.0000000000
48626  -26.026  -33.431  56.360 0.0000000000
52524  -25.112  -29.874  59.179 0.0000000000
50641  -26.571  -31.203  56.344 0.0000000000
52565  -26.904  -29.272  56.768 0.0000000000
52579  -28.780  -29.076  54.974 0.0000000000
62159  -40.247  -20.299  45.538 0.0000000000
72098  -36.569  -10.313  44.763 0.0000000000
72101  -39.051  -10.413  44.538 0.0000000000
76911  -44.285  -5.237  38.865 0.0000000000
39037  -7.941  -43.376  65.825 0.0000000000
37097  -7.423  -46.060  67.347 0.0000000000
54528  -34.588  -28.058  52.751 0.0000000000
55720  -35.314  -26.460  51.964 0.0000000000
57948  -35.413  -24.521  51.676 0.0000000000
59910  -30.233  -22.281  51.070 0.0000000000
58903  -33.435  -22.602  50.613 0.0000000000
59898  -35.626  -22.675  52.026 0.0000000000
59931  -36.352  -22.589  50.472 0.0000000000
59965  -38.356  -22.699  48.797 0.0000000000
61019  -39.721  -21.778  47.234 0.0000000000
62167  -38.360  -20.143  44.497 0.0000000000
140530  -37.372  -17.850  44.456 0.0000000000
150935  -24.927  -38.290  61.008 0.0000000000
41937  -10.375  -40.349  66.001 0.0000000000
40048  -11.683  -41.874  64.646 0.0000000000
42965  -14.922  -39.184  63.807 0.0000000000
35146  -1.643  -47.863  68.061 0.0000000000
45688  -20.165  -36.650  61.645 0.0000000000
127342  -21.290  -37.637  61.964 0.0000000000
44872  -21.498  -37.336  60.622 0.0000000000
131832  -32.376  -29.586  56.440 0.0000000000
46563  -19.811  -34.758  59.702 0.0000000000
47584  -18.925  -33.321  60.403 0.0000000000
46549  -19.438  -35.173  60.476 0.0000000000
46536  -19.100  -35.422  61.343 0.0000000000
68215  -36.320  -14.677  45.943 0.0000000000
68226  -37.087  -14.397  44.420 0.0000000000
69130  -35.819  -13.381  46.084 0.0000000000
77844  -38.569  -4.465  44.820 0.0000000000
76863  -37.527  -5.811  43.703 0.0000000000
76865  -38.911  -5.057  42.940 0.0000000000
75905  -39.616  -6.632  41.649 0.0000000000
76877  -40.023  -5.075  42.026 0.0000000000
77867  -41.169  -4.345  41.923 0.0000000000
57929  -31.801  -24.552  52.711 0.0000000000
64388  -32.147  -18.583  48.403 0.0000000000
63285  -33.760  -19.613  46.823 0.0000000000
64402  -33.934  -18.735  47.082 0.0000000000
64414  -35.289  -19.022  46.605 0.0000000000
45740  -27.951  -35.829  56.588 0.0000000000
151622  -28.204  -36.447  57.936 0.0000000000
46596  -28.643  -35.424  56.994 0.0000000000
44823  -13.055  -37.705  64.999 0.0000000000
45659  -13.505  -36.527  64.393 0.0000000000
78867  -45.498  -3.371  37.452 0.0000000000
35149  -4.234  -47.442  68.064 0.0000000000
53483  -37.040  -27.964  56.025 0.0000000000
55692  -36.911  -26.875  53.894 0.0000000000
50623  -28.801  -30.946  57.893 0.0000000000
50609  -29.472  -31.169  58.563 0.0000000000
49576  -17.654  -32.317  62.032 0.0000000000
129885  -16.407  -32.837  62.679 0.0000000000
48567  -15.309  -33.018  63.539 0.0000000000
127012  -15.655  -34.206  62.611 0.0000000000
131690  -15.480  -34.996  62.654 0.0000000000
147665  -16.685  -34.854  62.271 0.0000000000
45671  -19.508  -36.774  63.447 0.0000000000
45670  -18.677  -36.388  63.634 0.0000000000
52591  -29.890  -29.073  53.825 0.0000000000
52601  -30.650  -29.174  53.561 0.0000000000
54525  -29.603  -27.690  53.550 0.0000000000
47594  -21.624  -34.364  58.885 0.0000000000
46579  -21.862  -35.682  58.518 0.0000000000
133919  -23.065  -34.963  58.439 0.0000000000
47612  -24.808  -34.740  57.524 0.0000000000
135150  -25.588  -34.200  57.318 0.0000000000
47613  -25.827  -34.129  56.640 0.0000000000
48622  -25.806  -33.300  56.983 0.0000000000
55606  -26.115  -27.024  59.938 0.0000000000
53451  -25.386  -28.186  58.741 0.0000000000
51615  -25.605  -30.515  57.053 0.0000000000
149972  -25.720  -29.381  57.184 0.0000000000
51617  -26.871  -30.228  56.701 0.0000000000
53469  -26.347  -27.976  56.659 0.0000000000
55686  -27.891  -27.005  54.732 0.0000000000
54503  -27.291  -27.311  55.335 0.0000000000
53487  -28.469  -28.401  54.514 0.0000000000
130201  -29.715  -29.347  54.647 0.0000000000
63318  -39.855  -19.194  44.503 0.0000000000
139598  -41.187  -19.163  45.309 0.0000000000
129145  -40.539  -17.807  44.312 0.0000000000
133807  -39.800  -14.191  43.608 0.0000000000
67308  -40.770  -14.982  43.858 0.0000000000
73894  -35.527  -8.827  47.642 0.0000000000
72090  -35.483  -10.261  45.823 0.0000000000
131615  -35.326  -8.447  46.131 0.0000000000
73935  -38.354  -8.568  43.430 0.0000000000
73025  -37.669  -9.476  44.373 0.0000000000
132500  -39.499  -9.235  44.695 0.0000000000
72102  -40.375  -10.158  44.824 0.0000000000
151593  -43.224  -4.946  39.434 0.0000000000
77894  -43.159  -3.975  39.528 0.0000000000
78858  -43.723  -3.671  38.772 0.0000000000
40962  -9.278  -41.293  65.870 0.0000000000
40003  -8.332  -42.316  65.847 0.0000000000
40024  -8.886  -42.763  65.503 0.0000000000
38039  -8.661  -44.920  67.430 0.0000000000
36122  -7.290  -46.583  68.909 0.0000000000
53511  -32.313  -28.337  52.462 0.0000000000
128616  -33.392  -28.854  52.995 0.0000000000
151195  -32.801  -28.117  52.212 0.0000000000
56902  -33.220  -25.621  50.619 0.0000000000
55734  -33.960  -26.540  51.043 0.0000000000
149822  -34.214  -25.930  50.836 0.0000000000
56892  -35.258  -25.605  51.522 0.0000000000
57956  -34.183  -24.478  50.758 0.0000000000
62095  -30.145  -20.536  51.415 0.0000000000
60985  -32.513  -21.323  49.734 0.0000000000
148765  -32.314  -21.674  50.121 0.0000000000
60973  -33.597  -21.924  50.263 0.0000000000
58891  -34.183  -22.364  50.976 0.0000000000
59930  -34.984  -22.265  50.826 0.0000000000
137357  -35.622  -22.369  51.121 0.0000000000
59946  -35.551  -22.538  50.138 0.0000000000
60010  -36.274  -22.358  46.628 0.0000000000
59964  -36.430  -22.832  48.205 0.0000000000
60011  -37.202  -22.342  46.723 0.0000000000
59982  -38.442  -22.327  47.381 0.0000000000
61038  -38.442  -21.662  46.106 0.0000000000
61050  -38.975  -21.195  45.686 0.0000000000
61048  -37.124  -21.246  45.326 0.0000000000
64422  -36.482  -18.893  45.549 0.0000000000
128194  -36.983  -18.731  44.656 0.0000000000
64423  -37.057  -18.116  45.138 0.0000000000
44888  -23.404  -37.563  59.002 0.0000000000
43943  -23.495  -38.069  60.306 0.0000000000
43956  -24.941  -37.823  59.915 0.0000000000
42962  -12.825  -40.105  63.746 0.0000000000
41952  -12.060  -40.553  64.197 0.0000000000
40986  -12.928  -41.321  64.158 0.0000000000
45667  -15.931  -36.893  63.019 0.0000000000
139922  -14.755  -37.910  63.239 0.0000000000
43897  -15.539  -38.508  64.006 0.0000000000
45672  -20.138  -37.153  63.130 0.0000000000
44851  -21.294  -37.914  62.695 0.0000000000
43898  -22.009  -38.490  62.888 0.0000000000
42975  -23.845  -39.055  62.767 0.0000000000
52551  -29.766  -29.722  57.389 0.0000000000
51587  -30.092  -30.412  58.781 0.0000000000
49578  -18.827  -32.020  61.158 0.0000000000
48590  -18.235  -33.243  61.112 0.0000000000
47570  -17.703  -34.000  61.568 0.0000000000
47556  -17.709  -34.801  61.947 0.0000000000
46524  -18.712  -35.581  62.024 0.0000000000
45682  -19.816  -36.722  62.596 0.0000000000
56845  -28.670  -25.925  55.442 0.0000000000
55688  -29.603  -26.638  54.404 0.0000000000
56793  -26.849  -25.949  59.420 0.0000000000
55649  -26.179  -26.747  57.225 0.0000000000
56831  -27.735  -25.563  56.441 0.0000000000
66366  -38.074  -16.826  43.647 0.0000000000
66367  -38.992  -16.624  43.448 0.0000000000
67305  -38.276  -15.937  43.570 0.0000000000
69160  -38.205  -14.048  43.766 0.0000000000
70149  -38.417  -12.941  43.933 0.0000000000
75864  -35.914  -7.222  45.110 0.0000000000
75866  -36.893  -6.251  44.125 0.0000000000
74873  -37.692  -7.086  42.771 0.0000000000
73948  -38.749  -8.217  42.685 0.0000000000
151878  -40.568  -8.467  42.712 0.0000000000
73960  -40.249  -8.141  41.905 0.0000000000
74889  -40.766  -7.562  41.349 0.0000000000
74900  -42.109  -7.254  40.725 0.0000000000
76891  -41.664  -5.842  40.647 0.0000000000
149115  -42.002  -4.218  41.384 0.0000000000
39040  -10.522  -42.864  65.635 0.0000000000
137878  -9.742  -42.971  65.427 0.0000000000
39015  -10.382  -43.538  67.162 0.0000000000
56871  -32.455  -25.864  53.041 0.0000000000
55732  -32.697  -26.920  51.812 0.0000000000
57937  -32.153  -25.386  52.332 0.0000000000
57936  -31.589  -24.694  51.623 0.0000000000
57945  -31.696  -24.659  50.903 0.0000000000
63259  -30.598  -19.352  50.515 0.0000000000
63268  -31.284  -19.144  49.442 0.0000000000
62120  -31.958  -19.831  48.748 0.0000000000
150805  -33.152  -21.358  48.645 0.0000000000
59962  -34.405  -22.344  48.843 0.0000000000
133993  -33.423  -21.397  47.800 0.0000000000
61035  -34.640  -21.848  46.653 0.0000000000
62154  -35.723  -21.170  45.738 0.0000000000
136677  -36.378  -20.816  45.295 0.0000000000
128448  -35.199  -19.804  46.115 0.0000000000
44912  -26.170  -37.095  57.763 0.0000000000
44890  -25.486  -37.598  59.309 0.0000000000
44903  -26.843  -37.227  58.581 0.0000000000
43877  -13.079  -38.361  64.412 0.0000000000
42963  -13.629  -39.562  63.583 0.0000000000
151591  -5.784  -46.151  67.123 0.0000000000
38064  -5.399  -44.980  67.268 0.0000000000
36133  -5.330  -46.681  67.415 0.0000000000
35157  -4.124  -47.136  67.753 0.0000000000
35156  -2.635  -47.156  67.815 0.0000000000
57932  -37.599  -24.736  53.513 0.0000000000
48628  -28.573  -33.333  56.120 0.0000000000
47614  -29.291  -34.489  57.397 0.0000000000
48554  -14.504  -33.372  64.736 0.0000000000
47534  -14.054  -34.763  64.078 0.0000000000
45665  -14.310  -36.299  63.337 0.0000000000
46519  -15.140  -35.470  62.805 0.0000000000
45677  -15.616  -36.467  62.827 0.0000000000
45668  -16.740  -36.492  63.303 0.0000000000
46510  -17.981  -35.913  63.129 0.0000000000
45669  -17.472  -36.233  63.487 0.0000000000
44827  -17.376  -36.877  64.972 0.0000000000
80897  -46.579  -0.931  37.367 0.0000000000
52582  -32.304  -29.597  55.446 0.0000000000
52583  -33.180  -29.553  55.294 0.0000000000
132952  -31.836  -29.535  53.859 0.0000000000
52612  -31.810  -28.848  52.879 0.0000000000
54527  -31.438  -27.744  52.763 0.0000000000
55689  -30.760  -26.786  54.143 0.0000000000
55690  -31.816  -26.696  53.904 0.0000000000
55708  -32.298  -26.294  53.552 0.0000000000
56859  -32.753  -25.505  54.172 0.0000000000
46564  -20.530  -35.176  59.126 0.0000000000
45693  -21.192  -36.840  60.051 0.0000000000
45711  -21.791  -36.303  58.721 0.0000000000
45712  -22.466  -36.387  58.372 0.0000000000
44909  -23.677  -36.560  57.715 0.0000000000
47605  -23.964  -34.894  58.018 0.0000000000
46593  -23.817  -35.819  57.524 0.0000000000
45726  -24.897  -36.618  57.169 0.0000000000
45738  -26.022  -36.190  56.464 0.0000000000
46609  -26.390  -35.404  56.037 0.0000000000
47633  -27.210  -34.487  55.611 0.0000000000
137699  -25.296  -31.130  58.965 0.0000000000
49619  -25.659  -32.170  56.975 0.0000000000
49638  -26.652  -32.459  55.745 0.0000000000
49639  -27.305  -32.562  55.593 0.0000000000
50642  -27.185  -31.132  56.365 0.0000000000
130297  -27.543  -30.403  56.903 0.0000000000
150219  -28.231  -29.802  57.148 0.0000000000
53478  -26.785  -27.622  55.998 0.0000000000
53471  -27.612  -28.872  56.271 0.0000000000
52567  -29.061  -29.521  56.687 0.0000000000
132217  -29.942  -29.549  56.300 0.0000000000
128592  -30.732  -29.593  55.723 0.0000000000
48609  -20.495  -33.743  59.322 0.0000000000
66357  -40.635  -16.356  44.021 0.0000000000
144287  -35.746  -11.830  45.457 0.0000000000
139799  -36.744  -12.066  44.560 0.0000000000
128972  -38.140  -12.069  44.146 0.0000000000
73919  -36.876  -9.006  44.352 0.0000000000
72099  -37.444  -10.511  44.519 0.0000000000
70141  -39.892  -11.985  43.985 0.0000000000
71152  -40.192  -11.125  44.304 0.0000000000
77906  -45.332  -4.562  38.073 0.0000000000
78859  -44.268  -3.326  38.259 0.0000000000
151402  -44.144  -1.325  38.849 0.0000000000
39981  -7.262  -42.337  66.919 0.0000000000
39026  -7.412  -43.764  66.139 0.0000000000
38078  -8.606  -43.931  65.870 0.0000000000
38066  -7.673  -44.507  66.213 0.0000000000
37102  -6.599  -45.255  66.678 0.0000000000
36135  -6.795  -46.598  67.476 0.0000000000
128039  -34.029  -29.284  54.457 0.0000000000
53488  -34.476  -28.921  54.083 0.0000000000
54513  -35.767  -28.019  54.000 0.0000000000
54557  -33.640  -27.146  51.516 0.0000000000
54543  -34.942  -27.359  52.313 0.0000000000
54530  -36.157  -27.296  53.540 0.0000000000
55710  -36.524  -26.471  53.148 0.0000000000
57939  -36.560  -24.768  52.617 0.0000000000
138893  -36.514  -23.741  52.704 0.0000000000
59897  -30.228  -22.784  51.757 0.0000000000
58901  -31.159  -23.245  50.532 0.0000000000
60971  -30.612  -21.528  50.526 0.0000000000
59926  -31.795  -22.339  50.283 0.0000000000
130498  -33.030  -23.618  50.367 0.0000000000
58904  -33.970  -23.274  50.905 0.0000000000
135705  -35.428  -23.255  52.027 0.0000000000
59963  -35.409  -22.725  48.850 0.0000000000
140236  -37.685  -22.812  49.445 0.0000000000
62144  -40.389  -20.818  46.324 0.0000000000
62158  -39.367  -20.548  45.234 0.0000000000
64435  -38.618  -18.979  43.977 0.0000000000
62166  -36.969  -19.892  44.592 0.0000000000
138485  -37.912  -19.129  44.079 0.0000000000
64446  -38.235  -18.374  43.795 0.0000000000
144018  -37.545  -16.936  44.169 0.0000000000
66340  -36.879  -15.861  45.632 0.0000000000
44862  -22.199  -37.764  60.696 0.0000000000
43931  -23.702  -38.436  61.103 0.0000000000
43946  -26.086  -37.981  60.892 0.0000000000
40971  -10.395  -41.291  64.969 0.0000000000
42930  -11.778  -39.511  65.220 0.0000000000
41951  -11.090  -40.940  64.635 0.0000000000
40047  -10.910  -41.937  64.710 0.0000000000
40027  -11.219  -42.389  65.172 0.0000000000
44838  -14.586  -37.180  63.129 0.0000000000
143731  -14.222  -38.712  63.439 0.0000000000
41954  -14.574  -39.909  64.021 0.0000000000
35140  -2.011  -47.914  69.581 0.0000000000
35147  -2.110  -47.634  68.520 0.0000000000
35155  -1.878  -47.185  67.495 0.0000000000
44860  -20.955  -37.201  61.294 0.0000000000
152916  -21.048  -36.986  60.636 0.0000000000
129442  -33.164  -29.581  56.648 0.0000000000
46550  -20.096  -35.646  60.008 0.0000000000
45687  -19.753  -35.951  60.998 0.0000000000
127460  -36.219  -14.013  46.480 0.0000000000
144062  -36.135  -14.006  45.721 0.0000000000
77845  -39.213  -4.087  44.445 0.0000000000
77857  -38.679  -4.690  43.829 0.0000000000
77858  -39.383  -4.361  43.493 0.0000000000
77865  -39.673  -4.720  42.659 0.0000000000
77859  -40.096  -4.038  43.223 0.0000000000
77866  -40.510  -4.351  42.415 0.0000000000
65392  -33.295  -18.393  47.632 0.0000000000
46611  -28.269  -35.103  56.252 0.0000000000
132913  -13.419  -36.046  64.994 0.0000000000
80896  -45.114  -1.623  37.671 0.0000000000
79850  -46.112  -2.962  37.082 0.0000000000
137386  -46.225  -2.196  37.079 0.0000000000
54504  -36.833  -27.800  55.175 0.0000000000
54515  -37.288  -27.154  54.653 0.0000000000
51605  -28.897  -30.350  57.871 0.0000000000
50608  -29.242  -30.634  58.227 0.0000000000
48579  -16.986  -32.972  62.226 0.0000000000
48578  -16.331  -33.538  62.426 0.0000000000
47554  -16.442  -34.253  62.269 0.0000000000
53495  -28.929  -28.078  53.864 0.0000000000
53496  -29.522  -28.476  53.673 0.0000000000
55705  -29.346  -27.068  53.920 0.0000000000
47595  -22.476  -34.534  58.946 0.0000000000
48612  -26.274  -33.672  58.859 0.0000000000
48617  -25.910  -33.639  57.979 0.0000000000
49609  -25.828  -32.843  57.628 0.0000000000
55621  -26.008  -26.842  59.155 0.0000000000
54463  -25.727  -27.561  59.356 0.0000000000
53460  -25.509  -28.121  57.936 0.0000000000
150526  -25.522  -28.962  57.563 0.0000000000
141031  -26.157  -28.955  56.941 0.0000000000
54482  -25.849  -27.438  57.615 0.0000000000
55687  -28.713  -26.825  54.374 0.0000000000
54512  -28.423  -27.530  54.290 0.0000000000
52590  -29.161  -28.848  54.168 0.0000000000
132205  -39.284  -18.898  44.098 0.0000000000
64436  -39.897  -18.423  44.168 0.0000000000
69161  -39.168  -13.671  43.647 0.0000000000
68236  -40.642  -14.209  43.780 0.0000000000
70151  -40.422  -12.749  43.846 0.0000000000
74819  -35.773  -7.406  47.225 0.0000000000
132558  -35.415  -8.214  47.008 0.0000000000
74828  -35.526  -7.595  46.397 0.0000000000
133532  -38.899  -9.030  44.198 0.0000000000
73028  -40.096  -9.265  45.076 0.0000000000
78842  -43.187  -2.845  40.216 0.0000000000
40970  -9.718  -41.638  65.240 0.0000000000
40969  -8.999  -41.968  65.501 0.0000000000
131343  -31.991  -27.883  52.432 0.0000000000
54540  -32.645  -27.708  52.145 0.0000000000
56901  -32.675  -25.159  50.523 0.0000000000
56903  -33.932  -25.372  50.627 0.0000000000
56891  -34.684  -25.180  51.036 0.0000000000
57955  -33.340  -24.600  50.440 0.0000000000
60986  -33.239  -21.619  49.524 0.0000000000
145285  -33.011  -21.719  50.121 0.0000000000
59929  -34.280  -22.221  50.517 0.0000000000
59945  -34.701  -22.341  49.928 0.0000000000
61036  -35.977  -21.863  46.062 0.0000000000
60012  -38.082  -22.144  46.668 0.0000000000
61037  -37.606  -21.809  45.978 0.0000000000
61049  -38.071  -21.269  45.389 0.0000000000
145573  -24.019  -37.583  58.833 0.0000000000
44889  -24.663  -37.616  59.111 0.0000000000
41959  -13.374  -40.310  63.667 0.0000000000
41003  -12.764  -40.761  63.829 0.0000000000
40987  -13.628  -41.108  64.377 0.0000000000
44840  -16.361  -37.109  63.709 0.0000000000
44839  -15.487  -37.734  63.362 0.0000000000
44825  -16.096  -37.730  64.039 0.0000000000
39025  -6.534  -43.824  66.707 0.0000000000
38053  -5.736  -44.180  67.292 0.0000000000
53482  -36.403  -28.421  55.688 0.0000000000
132184  -20.684  -37.648  63.282 0.0000000000
43913  -21.887  -38.075  62.103 0.0000000000
43914  -22.565  -38.553  62.233 0.0000000000
43899  -22.878  -39.006  63.059 0.0000000000
142592  -23.218  -38.808  62.314 0.0000000000
52552  -30.602  -29.755  57.622 0.0000000000
49588  -20.063  -32.319  60.358 0.0000000000
49587  -19.205  -32.439  60.557 0.0000000000
47571  -18.520  -34.071  60.908 0.0000000000
46535  -18.383  -34.883  61.564 0.0000000000
45681  -19.340  -36.082  62.056 0.0000000000
56833  -29.295  -25.782  56.068 0.0000000000
56806  -26.826  -25.786  58.592 0.0000000000
56809  -29.422  -25.811  57.848 0.0000000000
56832  -28.525  -25.604  56.202 0.0000000000
66365  -37.647  -16.117  43.906 0.0000000000
67304  -37.790  -15.454  43.815 0.0000000000
69150  -36.876  -13.794  44.537 0.0000000000
69159  -37.465  -14.063  44.141 0.0000000000
141448  -37.532  -13.387  44.165 0.0000000000
76844  -36.760  -5.932  45.021 0.0000000000
76845  -37.396  -5.499  44.632 0.0000000000
75881  -37.819  -6.242  42.922 0.0000000000
75895  -38.221  -6.636  42.490 0.0000000000
74874  -38.426  -7.395  42.418 0.0000000000
74875  -39.324  -7.668  42.001 0.0000000000
76884  -40.115  -5.784  41.566 0.0000000000
75906  -40.409  -6.653  41.265 0.0000000000
75907  -41.301  -6.797  40.855 0.0000000000
75912  -41.997  -6.508  40.533 0.0000000000
77874  -41.552  -4.816  41.226 0.0000000000
56879  -32.389  -26.163  52.029 0.0000000000
58872  -31.243  -23.748  53.090 0.0000000000
58890  -31.012  -23.949  51.134 0.0000000000
63276  -32.202  -19.348  48.229 0.0000000000
63275  -31.756  -19.192  48.809 0.0000000000
62121  -32.425  -20.196  48.315 0.0000000000
60998  -32.689  -20.991  48.971 0.0000000000
60999  -32.911  -20.815  48.045 0.0000000000
62141  -34.010  -20.428  46.620 0.0000000000
62142  -34.790  -20.809  46.164 0.0000000000
143603  -35.272  -21.610  46.181 0.0000000000
63302  -35.756  -20.439  45.618 0.0000000000
44913  -26.950  -36.864  57.742 0.0000000000
45714  -28.414  -36.665  58.669 0.0000000000
44904  -27.614  -36.795  58.222 0.0000000000
44824  -13.371  -37.426  64.374 0.0000000000
43895  -13.566  -38.673  63.677 0.0000000000
36134  -6.137  -46.706  67.362 0.0000000000
142331  -3.537  -47.250  67.888 0.0000000000
36131  -3.356  -46.566  67.567 0.0000000000
55693  -37.683  -26.310  54.192 0.0000000000
55694  -38.344  -26.000  54.621 0.0000000000
56860  -38.138  -25.262  54.113 0.0000000000
49622  -28.374  -32.408  56.343 0.0000000000
49623  -28.987  -33.013  56.869 0.0000000000
48555  -15.077  -32.849  64.317 0.0000000000
48566  -14.672  -33.505  63.919 0.0000000000
47516  -14.195  -34.029  64.372 0.0000000000
47535  -14.473  -34.258  63.666 0.0000000000
151797  -14.380  -34.927  63.523 0.0000000000
47553  -14.907  -34.721  63.045 0.0000000000
46520  -15.722  -35.689  62.664 0.0000000000
45678  -16.285  -36.178  62.808 0.0000000000
46523  -18.110  -35.436  62.327 0.0000000000
46522  -17.337  -35.280  62.368 0.0000000000
147739  -18.482  -36.655  64.543 0.0000000000
45660  -17.977  -36.353  63.975 0.0000000000
44841  -17.218  -36.648  64.137 0.0000000000
52581  -31.389  -29.638  55.100 0.0000000000
127511  -31.965  -29.633  54.534 0.0000000000
53498  -31.035  -28.702  53.007 0.0000000000
53509  -30.884  -28.142  52.867 0.0000000000
53510  -31.521  -28.284  52.649 0.0000000000
55672  -30.470  -26.420  55.069 0.0000000000
55691  -32.494  -26.179  54.733 0.0000000000
55707  -31.979  -27.069  52.968 0.0000000000
46565  -21.219  -35.833  58.852 0.0000000000
46580  -22.637  -35.516  58.234 0.0000000000
45713  -23.121  -36.741  58.109 0.0000000000
47611  -24.067  -35.245  57.556 0.0000000000
45725  -24.321  -36.267  57.277 0.0000000000
45736  -24.844  -36.054  56.851 0.0000000000
45737  -25.297  -36.236  56.730 0.0000000000
46608  -25.416  -35.595  56.529 0.0000000000
140374  -26.143  -34.008  56.051 0.0000000000
47620  -25.858  -34.782  56.212 0.0000000000
150393  -26.831  -34.976  55.768 0.0000000000
48635  -26.661  -33.837  55.633 0.0000000000
52513  -25.475  -29.300  59.964 0.0000000000
51565  -25.297  -30.605  59.434 0.0000000000
50607  -25.291  -31.229  58.226 0.0000000000
50622  -25.458  -31.261  57.322 0.0000000000
50640  -25.925  -31.399  56.594 0.0000000000
150938  -26.443  -31.853  56.035 0.0000000000
50656  -26.977  -31.835  55.822 0.0000000000
49621  -27.632  -31.999  55.973 0.0000000000
51618  -27.646  -29.670  56.867 0.0000000000
141208  -28.268  -30.218  57.361 0.0000000000
55659  -26.627  -26.350  56.541 0.0000000000
54493  -26.414  -27.166  56.475 0.0000000000
54502  -26.850  -26.794  55.849 0.0000000000
53480  -28.026  -28.588  55.334 0.0000000000
53479  -27.317  -28.106  55.623 0.0000000000
133684  -28.460  -29.135  55.995 0.0000000000
52566  -28.267  -29.501  56.775 0.0000000000
148056  -29.304  -29.389  55.671 0.0000000000
52580  -30.578  -29.558  54.824 0.0000000000
48610  -21.226  -33.770  59.242 0.0000000000
49598  -20.888  -33.262  59.585 0.0000000000
152634  -20.250  -34.376  59.293 0.0000000000
146622  -40.771  -20.345  46.014 0.0000000000
64424  -41.601  -18.459  45.270 0.0000000000
67307  -39.849  -16.007  43.593 0.0000000000
66368  -39.829  -16.894  43.696 0.0000000000
72074  -35.683  -11.026  47.556 0.0000000000
71132  -35.480  -12.007  46.268 0.0000000000
71125  -35.442  -11.321  46.865 0.0000000000
72097  -35.914  -10.210  45.176 0.0000000000
71140  -35.802  -11.015  45.353 0.0000000000
71148  -36.205  -10.879  44.931 0.0000000000
71149  -37.474  -11.603  44.372 0.0000000000
128895  -36.729  -11.183  44.623 0.0000000000
74844  -36.233  -7.519  44.466 0.0000000000
152043  -35.795  -7.895  44.920 0.0000000000
73918  -36.263  -8.364  44.497 0.0000000000
72100  -38.335  -10.107  44.528 0.0000000000
71150  -38.382  -11.160  44.351 0.0000000000
71151  -39.349  -11.238  44.287 0.0000000000
72103  -41.288  -10.257  44.793 0.0000000000
75926  -43.539  -6.331  39.812 0.0000000000
77905  -44.645  -4.712  38.430 0.0000000000
79840  -43.816  -2.801  38.759 0.0000000000
79841  -44.288  -2.451  38.231 0.0000000000
40023  -8.216  -42.920  65.726 0.0000000000
40960  -7.930  -41.959  66.554 0.0000000000
40002  -7.665  -42.794  66.098 0.0000000000
40001  -7.036  -43.074  66.548 0.0000000000
39027  -9.914  -43.532  66.147 0.0000000000
39039  -9.129  -43.534  65.727 0.0000000000
38068  -9.062  -44.162  66.313 0.0000000000
37098  -8.047  -45.352  66.926 0.0000000000
37104  -7.993  -44.919  66.426 0.0000000000
37103  -7.298  -45.290  66.599 0.0000000000
36140  -6.554  -46.000  66.949 0.0000000000
36125  -6.666  -47.084  68.620 0.0000000000
52594  -33.315  -29.450  54.422 0.0000000000
53513  -33.776  -28.322  52.477 0.0000000000
53499  -34.195  -28.667  53.242 0.0000000000
53500  -34.990  -28.397  53.605 0.0000000000
54556  -33.100  -27.226  51.699 0.0000000000
55733  -33.166  -26.465  51.130 0.0000000000
55719  -34.437  -26.964  51.598 0.0000000000
55709  -35.721  -26.953  52.775 0.0000000000
55721  -36.021  -26.263  52.513 0.0000000000
56880  -35.918  -25.370  52.142 0.0000000000
57938  -36.006  -24.027  52.295 0.0000000000
137350  -30.014  -22.005  51.816 0.0000000000
58900  -30.547  -23.095  51.059 0.0000000000
62110  -30.859  -19.812  49.907 0.0000000000
62104  -30.748  -20.626  50.216 0.0000000000
60972  -31.593  -21.074  50.006 0.0000000000
59927  -32.990  -22.120  50.403 0.0000000000
58902  -32.277  -23.197  50.316 0.0000000000
59912  -35.283  -22.474  51.478 0.0000000000
58892  -34.836  -22.757  51.536 0.0000000000
58883  -36.146  -22.939  52.562 0.0000000000
151184  -36.076  -22.555  52.290 0.0000000000
151324  -36.080  -22.380  51.275 0.0000000000
59979  -34.842  -22.623  47.964 0.0000000000
59981  -37.236  -22.660  47.652 0.0000000000
128578  -37.306  -22.828  48.709 0.0000000000
59983  -39.146  -22.176  47.658 0.0000000000
144867  -40.232  -21.382  46.918 0.0000000000
61039  -39.578  -21.394  46.413 0.0000000000
62157  -38.578  -20.697  44.998 0.0000000000
62168  -39.003  -20.229  44.702 0.0000000000
63317  -39.010  -19.600  44.330 0.0000000000
63316  -38.271  -19.558  44.214 0.0000000000
63303  -36.476  -20.159  45.013 0.0000000000
62155  -37.006  -20.448  44.815 0.0000000000
129379  -37.268  -19.309  44.395 0.0000000000
64434  -37.559  -18.525  44.131 0.0000000000
145937  -37.807  -17.693  43.845 0.0000000000
146368  -37.012  -16.204  45.073 0.0000000000
44886  -21.952  -37.315  59.805 0.0000000000
43953  -22.748  -37.788  60.089 0.0000000000
43944  -24.405  -38.189  60.571 0.0000000000
43932  -24.590  -38.516  61.447 0.0000000000
126999  -23.831  -38.727  61.922 0.0000000000
148755  -26.452  -37.512  59.434 0.0000000000
44873  -25.831  -37.778  60.104 0.0000000000
44874  -26.697  -37.674  60.348 0.0000000000
46582  -29.612  -35.123  58.062 0.0000000000
41943  -9.967  -40.954  65.536 0.0000000000
41944  -10.674  -40.619  65.166 0.0000000000
43861  -12.234  -38.832  65.860 0.0000000000
140543  -11.423  -41.338  64.512 0.0000000000
147602  -10.793  -41.503  64.731 0.0000000000
43896  -14.817  -38.603  63.488 0.0000000000
42964  -14.316  -39.351  63.561 0.0000000000
34233  -1.521  -48.406  68.360 0.0000000000
35139  -1.683  -48.094  68.939 0.0000000000
44861  -21.701  -37.711  61.353 0.0000000000
52553  -31.578  -29.675  57.233 0.0000000000
48608  -19.696  -33.772  59.676 0.0000000000
131086  -19.175  -34.326  60.264 0.0000000000
67295  -36.888  -15.444  44.875 0.0000000000
135036  -37.076  -14.897  44.502 0.0000000000
68225  -36.549  -14.487  45.037 0.0000000000
69149  -36.252  -13.389  45.196 0.0000000000
76846  -38.029  -5.080  44.232 0.0000000000
76864  -38.226  -5.430  43.336 0.0000000000
76875  -38.514  -5.898  42.583 0.0000000000
76876  -39.341  -5.637  42.145 0.0000000000
77873  -40.687  -5.005  41.666 0.0000000000
58873  -32.119  -24.206  53.826 0.0000000000
63284  -32.683  -19.556  47.701 0.0000000000
152044  -33.139  -19.776  47.283 0.0000000000
64401  -33.192  -19.087  47.302 0.0000000000
64413  -34.563  -19.233  46.627 0.0000000000
131771  -34.807  -18.640  47.140 0.0000000000
45739  -27.027  -36.086  56.396 0.0000000000
132351  -27.559  -36.435  57.275 0.0000000000
45728  -28.436  -36.044  57.398 0.0000000000
128373  -28.877  -36.223  58.169 0.0000000000
78868  -46.260  -3.739  37.239 0.0000000000
35150  -5.109  -47.521  68.239 0.0000000000
131617  -4.256  -47.721  68.906 0.0000000000
35141  -2.925  -47.783  69.296 0.0000000000
55675  -38.024  -26.690  54.994 0.0000000000
50624  -29.247  -31.741  58.084 0.0000000000
50597  -29.877  -31.495  59.079 0.0000000000
49570  -17.089  -32.306  62.614 0.0000000000
49569  -16.605  -32.299  63.030 0.0000000000
49562  -16.565  -31.993  63.625 0.0000000000
49568  -15.995  -32.583  63.236 0.0000000000
48577  -15.720  -33.305  62.863 0.0000000000
128932  -16.057  -34.893  62.426 0.0000000000
134196  -19.182  -36.331  62.936 0.0000000000
45661  -19.225  -36.840  64.347 0.0000000000
52592  -30.380  -29.402  54.138 0.0000000000
53497  -30.251  -28.444  53.298 0.0000000000
46578  -21.285  -35.053  58.679 0.0000000000
47604  -22.126  -34.916  58.560 0.0000000000
47597  -25.713  -34.192  58.441 0.0000000000
46595  -25.264  -34.831  56.743 0.0000000000
54455  -25.947  -27.749  60.216 0.0000000000
53444  -25.542  -28.379  59.623 0.0000000000
138027  -25.138  -29.033  58.989 0.0000000000
51604  -25.216  -30.473  57.760 0.0000000000
52537  -25.104  -29.634  58.237 0.0000000000
139172  -25.450  -29.784  57.402 0.0000000000
51616  -26.104  -30.468  56.707 0.0000000000
151370  -26.346  -29.735  56.808 0.0000000000
55669  -27.525  -26.518  55.363 0.0000000000
53486  -27.805  -27.831  54.846 0.0000000000
63305  -40.484  -19.536  45.082 0.0000000000
64437  -40.713  -18.642  44.738 0.0000000000
65416  -41.284  -17.778  44.774 0.0000000000
68235  -39.978  -15.010  43.589 0.0000000000
152349  -40.498  -15.569  43.800 0.0000000000
72999  -35.438  -9.682  47.392 0.0000000000
72082  -35.377  -10.644  46.484 0.0000000000
73902  -35.295  -9.084  46.775 0.0000000000
73014  -35.361  -9.324  45.968 0.0000000000
73023  -35.659  -9.547  45.427 0.0000000000
73934  -37.602  -8.368  43.568 0.0000000000
151500  -37.418  -8.783  44.065 0.0000000000
73920  -38.063  -8.942  44.009 0.0000000000
73026  -38.411  -9.426  44.370 0.0000000000
73027  -38.975  -9.630  44.581 0.0000000000
130208  -39.703  -10.549  44.557 0.0000000000
126441  -39.613  -9.833  44.805 0.0000000000
73029  -40.845  -9.417  45.214 0.0000000000
77883  -42.593  -4.813  40.033 0.0000000000
76899  -43.058  -5.653  39.748 0.0000000000
77895  -43.795  -4.636  38.859 0.0000000000
133098  -43.444  -3.108  39.316 0.0000000000
40961  -8.603  -41.622  66.214 0.0000000000
37088  -7.716  -46.148  68.332 0.0000000000
52613  -32.604  -28.920  52.862 0.0000000000
53512  -33.014  -28.445  52.422 0.0000000000
56890  -32.598  -25.716  50.886 0.0000000000
55745  -33.704  -26.046  50.764 0.0000000000
55735  -34.668  -26.184  51.238 0.0000000000
60961  -30.067  -21.458  51.190 0.0000000000
59928  -33.775  -22.157  50.603 0.0000000000
59911  -34.719  -22.379  51.103 0.0000000000
59913  -36.009  -22.374  51.881 0.0000000000
60009  -35.431  -22.253  46.635 0.0000000000
59980  -35.673  -22.680  47.496 0.0000000000
145612  -36.575  -22.619  47.294 0.0000000000
132417  -37.979  -22.634  47.962 0.0000000000
132043  -38.633  -22.467  48.044 0.0000000000
61018  -38.932  -21.911  46.793 0.0000000000
151259  -38.989  -21.561  46.237 0.0000000000
62156  -37.762  -20.653  44.812 0.0000000000
64433  -36.653  -19.506  44.819 0.0000000000
65407  -37.207  -17.048  44.873 0.0000000000
43954  -23.260  -37.761  59.661 0.0000000000
43955  -24.014  -37.840  59.616 0.0000000000
150341  -12.439  -39.966  63.963 0.0000000000
42947  -12.124  -39.772  64.407 0.0000000000
40985  -12.195  -41.285  64.239 0.0000000000
40049  -12.440  -41.778  64.719 0.0000000000
44849  -15.225  -37.144  62.944 0.0000000000
53489  -36.109  -28.257  54.865 0.0000000000
152928  -20.052  -37.315  64.002 0.0000000000
149701  -20.712  -37.842  63.983 0.0000000000
44842  -21.348  -38.245  63.612 0.0000000000
126332  -22.169  -38.852  63.750 0.0000000000
50566  -18.398  -31.811  61.851 0.0000000000
49586  -18.630  -32.656  60.871 0.0000000000
49577  -18.202  -32.469  61.416 0.0000000000
48589  -17.573  -33.102  61.685 0.0000000000
47555  -17.111  -34.458  62.044 0.0000000000
126693  -28.873  -26.309  54.845 0.0000000000
55671  -29.473  -26.122  55.261 0.0000000000
55661  -30.190  -26.116  56.004 0.0000000000
134476  -26.465  -26.436  59.684 0.0000000000
55622  -26.373  -26.249  58.905 0.0000000000
55648  -25.955  -26.836  57.944 0.0000000000
55636  -26.301  -26.167  58.008 0.0000000000
56819  -26.889  -25.659  57.702 0.0000000000
146566  -26.996  -25.697  56.816 0.0000000000
56820  -27.645  -25.424  57.377 0.0000000000
56844  -27.911  -25.886  55.639 0.0000000000
55670  -28.215  -26.354  54.996 0.0000000000
65423  -38.569  -17.556  43.582 0.0000000000
65424  -39.270  -17.426  43.583 0.0000000000
68232  -37.599  -14.743  44.005 0.0000000000
68233  -38.322  -15.040  43.637 0.0000000000
68234  -39.082  -14.574  43.536 0.0000000000
75856  -35.789  -6.995  45.883 0.0000000000
75857  -36.269  -6.452  45.465 0.0000000000
75865  -36.376  -6.720  44.620 0.0000000000
75879  -36.647  -7.089  43.879 0.0000000000
75880  -37.204  -6.670  43.359 0.0000000000
74857  -37.189  -7.592  43.420 0.0000000000
74858  -37.924  -7.908  42.923 0.0000000000
133951  -39.865  -8.591  43.458 0.0000000000
73949  -39.632  -8.382  42.619 0.0000000000
74888  -40.031  -7.397  41.538 0.0000000000
73961  -41.150  -8.229  41.858 0.0000000000
75913  -42.578  -6.714  40.362 0.0000000000
77882  -42.084  -5.164  40.577 0.0000000000
77875  -42.213  -4.409  40.882 0.0000000000
40026  -10.359  -42.417  65.081 0.0000000000
142422  -32.290  -26.678  52.523 0.0000000000
56878  -32.172  -25.429  51.337 0.0000000000
57946  -32.181  -25.152  50.751 0.0000000000
63267  -30.903  -19.088  49.990 0.0000000000
62111  -31.503  -19.861  49.278 0.0000000000
62112  -31.999  -20.527  49.261 0.0000000000
61000  -33.681  -21.828  48.751 0.0000000000
61017  -34.147  -22.106  47.671 0.0000000000
62132  -33.351  -20.525  47.213 0.0000000000
61016  -33.925  -21.263  46.861 0.0000000000
61047  -36.404  -21.440  45.646 0.0000000000
130225  -35.868  -19.143  46.273 0.0000000000
133979  -36.596  -18.605  46.803 0.0000000000
44911  -25.201  -37.196  57.826 0.0000000000
146069  -25.127  -37.461  58.620 0.0000000000
44902  -25.882  -37.396  58.565 0.0000000000
150984  -27.083  -37.355  59.260 0.0000000000
44891  -27.716  -37.127  59.164 0.0000000000
43894  -12.846  -39.376  63.962 0.0000000000
126382  -17.018  -37.308  65.374 0.0000000000
36139  -5.946  -45.503  66.959 0.0000000000
37096  -5.047  -45.840  67.362 0.0000000000
35158  -4.859  -47.228  67.727 0.0000000000
36132  -4.431  -46.586  67.534 0.0000000000
37095  -3.882  -45.811  67.555 0.0000000000
37094  -2.935  -45.636  67.421 0.0000000000
132845  -36.354  -10.037  48.576 0.0000000000
73885  -36.042  -8.541  48.457 0.0000000000
74811  -35.786  -7.955  47.828 0.0000000000
74820  -36.174  -7.228  47.905 0.0000000000
57917  -37.997  -24.068  53.974 0.0000000000
46597  -28.845  -34.737  56.759 0.0000000000
48629  -29.003  -33.933  56.708 0.0000000000
51586  -29.614  -30.655  58.575 0.0000000000
46508  -14.080  -35.496  63.719 0.0000000000
46509  -14.622  -35.537  63.158 0.0000000000
45679  -17.088  -35.892  62.871 0.0000000000
152775  -45.446  -1.152  37.681 0.0000000000
52570  -32.955  -29.555  55.970 0.0000000000
149488  -32.671  -29.583  54.740 0.0000000000
52603  -32.183  -29.295  53.376 0.0000000000
52602  -31.419  -29.254  53.402 0.0000000000
55706  -30.085  -27.175  53.689 0.0000000000
55673  -31.586  -26.534  54.902 0.0000000000
135296  -31.084  -27.256  53.335 0.0000000000
57916  -32.909  -24.991  55.023 0.0000000000
45701  -20.776  -36.140  59.549 0.0000000000
45702  -21.486  -36.573  59.267 0.0000000000
45703  -22.162  -36.942  58.946 0.0000000000
44899  -22.875  -37.155  58.586 0.0000000000
44900  -23.661  -37.222  58.264 0.0000000000
134213  -23.695  -34.784  58.795 0.0000000000
46581  -23.425  -35.365  57.908 0.0000000000
44910  -24.336  -37.000  57.683 0.0000000000
45727  -25.673  -36.727  57.114 0.0000000000
46610  -27.368  -35.289  55.945 0.0000000000
47634  -27.911  -34.157  55.588 0.0000000000
130147  -25.757  -31.996  58.835 0.0000000000
131877  -25.584  -32.047  57.849 0.0000000000
49620  -26.075  -32.508  56.286 0.0000000000
48627  -26.352  -33.213  55.879 0.0000000000
142752  -26.823  -33.087  55.544 0.0000000000
48636  -27.468  -33.520  55.466 0.0000000000
48637  -28.177  -33.605  55.672 0.0000000000
49640  -28.032  -32.840  55.656 0.0000000000
50643  -28.033  -31.204  56.892 0.0000000000
52550  -28.802  -29.870  57.443 0.0000000000
54483  -26.104  -27.499  57.018 0.0000000000
53470  -26.851  -28.416  56.402 0.0000000000
150488  -30.077  -29.524  55.409 0.0000000000
52569  -31.534  -29.590  56.101 0.0000000000
49597  -20.224  -33.054  59.706 0.0000000000
63295  -41.917  -19.195  45.865 0.0000000000
65414  -39.841  -17.681  43.867 0.0000000000
65415  -40.382  -17.173  44.054 0.0000000000
139889  -41.031  -17.077  44.393 0.0000000000
70122  -35.669  -12.705  46.467 0.0000000000
70131  -35.762  -12.639  45.653 0.0000000000
70132  -36.181  -12.421  44.995 0.0000000000
134298  -35.436  -11.203  45.982 0.0000000000
70139  -37.502  -12.517  44.266 0.0000000000
74836  -35.550  -7.786  45.566 0.0000000000
147977  -35.628  -8.666  45.285 0.0000000000
73024  -36.183  -9.384  44.814 0.0000000000
137131  -36.957  -9.714  44.541 0.0000000000
70140  -38.947  -12.053  44.045 0.0000000000
70142  -40.920  -11.842  44.046 0.0000000000
134189  -40.928  -10.893  44.397 0.0000000000
134639  -44.242  -4.062  38.407 0.0000000000
77914  -44.878  -3.890  37.916 0.0000000000
78866  -44.774  -2.957  37.725 0.0000000000
79848  -44.752  -2.210  37.768 0.0000000000
80890  -44.479  -1.580  38.227 0.0000000000
80883  -44.218  -0.899  39.352 0.0000000000
39038  -8.444  -43.405  65.719 0.0000000000
38054  -8.542  -44.735  66.684 0.0000000000
38067  -8.322  -44.399  66.152 0.0000000000
38077  -8.047  -43.921  65.871 0.0000000000
131689  -6.946  -44.622  66.394 0.0000000000
135923  -6.458  -47.078  67.861 0.0000000000
36126  -7.136  -46.734  68.016 0.0000000000
35151  -5.951  -47.420  68.378 0.0000000000
52584  -33.966  -29.435  55.167 0.0000000000
52605  -33.760  -29.155  53.761 0.0000000000
54541  -33.273  -27.836  52.009 0.0000000000
54542  -34.113  -27.683  52.005 0.0000000000
54529  -35.381  -27.700  53.150 0.0000000000
55711  -37.191  -26.201  53.580 0.0000000000
56881  -36.473  -25.720  52.670 0.0000000000
56872  -37.034  -25.437  53.152 0.0000000000
57931  -36.995  -24.230  53.085 0.0000000000
58881  -30.559  -23.263  52.492 0.0000000000
151558  -30.120  -21.725  52.383 0.0000000000
59884  -30.297  -22.324  52.701 0.0000000000
58889  -30.575  -23.456  51.656 0.0000000000
57953  -31.535  -24.001  50.582 0.0000000000
128221  -30.318  -20.875  50.746 0.0000000000
132017  -31.404  -21.755  50.243 0.0000000000
59925  -30.793  -22.430  50.537 0.0000000000
57947  -34.787  -23.783  51.346 0.0000000000
58874  -36.846  -23.192  53.025 0.0000000000
59947  -36.349  -22.800  49.335 0.0000000000
62143  -39.713  -20.855  45.828 0.0000000000
63304  -39.675  -19.931  44.847 0.0000000000
63315  -37.607  -19.893  44.412 0.0000000000
66356  -37.282  -16.160  44.513 0.0000000000
67287  -36.590  -15.171  45.536 0.0000000000
43942  -22.916  -38.186  60.865 0.0000000000
129976  -23.076  -38.534  61.635 0.0000000000
43945  -25.271  -38.057  60.656 0.0000000000
43933  -25.453  -38.318  61.363 0.0000000000
151561  -25.189  -38.579  61.914 0.0000000000
151129  -29.122  -35.098  57.367 0.0000000000
45729  -29.078  -35.649  57.720 0.0000000000
42929  -11.069  -39.949  65.610 0.0000000000
41945  -11.411  -40.228  64.757 0.0000000000
40046  -10.268  -41.865  64.898 0.0000000000
134157  -11.977  -42.209  65.091 0.0000000000
145438  -13.792  -36.169  63.874 0.0000000000
44837  -13.807  -37.073  63.683 0.0000000000
127382  -14.089  -37.951  63.409 0.0000000000
41960  -13.970  -39.981  63.545 0.0000000000
41953  -13.892  -40.539  63.856 0.0000000000
43879  -16.332  -37.941  64.962 0.0000000000
43863  -15.813  -38.684  64.957 0.0000000000
41946  -14.333  -40.633  64.715 0.0000000000
36130  -2.418  -46.381  67.328 0.0000000000
34237  -1.463  -48.402  67.487 0.0000000000
141934  -1.420  -48.125  66.657 0.0000000000
35154  -1.497  -47.632  67.185 0.0000000000
36129  -1.934  -46.349  66.957 0.0000000000
46621  -26.492  -34.610  55.819 0.0000000000
47621  -27.893  -34.701  55.779 0.0000000000
51585  -25.117  -30.497  58.637 0.0000000000
52564  -25.843  -29.805  56.969 0.0000000000
53461  -25.875  -28.148  57.262 0.0000000000
55607  -26.526  -26.608  60.364 0.0000000000
55635  -26.046  -26.668  58.494 0.0000000000
62145  -41.256  -20.419  46.499 0.0000000000
64387  -31.673  -18.436  49.050 0.0000000000
71141  -36.180  -11.588  44.921 0.0000000000
72064  -35.722  -10.259  47.883 0.0000000000
73007  -35.332  -9.920  46.586 0.0000000000
73933  -36.939  -8.302  43.935 0.0000000000
74812  -36.414  -7.613  48.621 0.0000000000
75830  -36.637  -6.607  48.320 0.0000000000
75841  -36.297  -6.679  47.479 0.0000000000
76901  -44.547  -5.788  39.197 0.0000000000
79849  -45.444  -2.406  37.400 0.0000000000
136565  -37.800  -22.436  47.255 0.0000000000
137525  -45.915  -1.482  37.372 0.0000000000
138772  -25.256  -28.778  58.266 0.0000000000
145266  -32.496  -29.528  54.046 0.0000000000
146439  -26.529  -26.004  57.229 0.0000000000
151441  -35.670  -11.552  47.344 0.0000000000
