#!ascii label  , from subject sub-v1s4x0050698_ses-1 vox2ras=TkReg
916
18145  32.013  -67.601  -16.708 0.3000000119
28292  27.869  -57.143  -12.366 0.6000000238
31502  28.458  -54.624  -16.140 0.6999999881
30456  28.409  -55.133  -16.916 0.6999999881
18128  31.415  -67.630  -15.918 0.4000000060
23221  30.274  -62.330  -13.435 0.4000000060
137345  31.365  -65.989  -17.166 0.5000000000
151805  31.731  -66.269  -18.024 0.5000000000
29359  28.543  -56.679  -12.331 0.6999999881
30412  27.791  -55.853  -13.486 0.6999999881
29360  27.935  -56.320  -12.787 0.5000000000
30426  28.025  -55.037  -14.601 0.6000000238
30442  28.101  -55.049  -15.440 0.6000000238
31510  28.876  -54.525  -17.422 0.6999999881
19172  30.918  -66.083  -16.137 0.5000000000
23241  30.558  -62.588  -14.136 0.4000000060
19171  31.449  -66.834  -16.433 0.6000000238
135173  29.583  -60.708  -12.167 0.4000000060
26251  30.178  -59.181  -12.652 0.5000000000
21216  31.062  -64.553  -16.911 0.6000000238
26252  29.573  -59.648  -12.149 0.6000000238
27242  29.438  -58.699  -12.089 0.6000000238
20202  31.216  -65.150  -17.524 0.6000000238
28291  29.239  -57.163  -12.181 0.6000000238
30411  28.122  -55.134  -13.703 0.6000000238
31489  28.387  -54.441  -14.034 0.6000000238
32568  28.995  -53.128  -14.989 0.6999999881
32569  28.711  -53.848  -15.509 0.6999999881
32575  29.035  -53.210  -15.943 0.6999999881
32576  28.912  -53.869  -16.551 0.6999999881
32584  29.288  -53.658  -17.750 0.6999999881
33539  29.252  -52.605  -16.456 0.6999999881
137059  29.376  -51.996  -17.161 0.6999999881
33547  29.387  -52.837  -17.514 0.6999999881
148481  29.442  -51.289  -17.226 0.6999999881
20184  30.578  -65.375  -15.728 0.5000000000
22213  30.487  -63.783  -14.924 0.5000000000
147156  30.349  -63.619  -14.287 0.5000000000
25291  30.330  -60.799  -13.068 0.4000000060
21217  30.726  -64.627  -16.094 0.5000000000
138232  30.208  -60.030  -12.757 0.5000000000
27241  30.169  -58.302  -12.605 0.6000000238
135862  31.271  -63.750  -17.088 0.6000000238
23263  31.530  -62.845  -16.685 0.5000000000
29358  29.294  -56.259  -12.370 0.6999999881
30400  28.394  -55.411  -12.953 0.6000000238
145564  28.597  -55.986  -12.563 0.6999999881
32553  28.872  -53.842  -13.555 0.6000000238
31480  28.647  -54.596  -13.236 0.6000000238
32562  29.099  -53.093  -14.017 0.6000000238
32563  28.692  -53.789  -14.482 0.6000000238
33523  29.280  -52.291  -14.577 0.6000000238
33530  29.224  -52.448  -15.528 0.6999999881
133025  29.713  -53.101  -18.812 0.6999999881
140548  29.350  -50.713  -15.588 0.6000000238
34590  29.712  -51.704  -18.433 0.6999999881
139169  29.702  -52.416  -18.541 0.6999999881
34585  29.339  -51.352  -16.270 0.6999999881
24280  30.525  -61.492  -13.593 0.4000000060
22231  30.697  -63.933  -15.701 0.5000000000
151587  30.573  -63.103  -14.558 0.4000000060
150792  30.646  -60.252  -13.408 0.5000000000
136578  30.733  -58.809  -13.246 0.6000000238
22221  30.833  -63.165  -15.325 0.4000000060
28290  30.125  -57.337  -12.524 0.6000000238
22220  31.111  -63.376  -16.150 0.4000000060
24306  31.288  -61.831  -15.069 0.4000000060
23253  31.328  -62.458  -15.690 0.4000000060
24305  31.652  -61.587  -15.544 0.4000000060
153027  29.713  -56.774  -12.368 0.6999999881
30399  29.025  -55.407  -12.547 0.6000000238
31471  29.255  -54.020  -12.867 0.6000000238
33515  29.474  -52.282  -13.656 0.6000000238
32552  29.393  -53.155  -13.237 0.6000000238
34573  29.497  -51.324  -14.149 0.6000000238
34596  30.288  -52.299  -19.945 0.6999999881
35607  29.379  -50.691  -16.598 0.6000000238
35615  29.634  -50.785  -18.030 0.6000000238
24292  31.014  -61.477  -14.407 0.4000000060
25322  31.376  -60.610  -14.506 0.4000000060
148048  31.448  -61.264  -14.949 0.4000000060
29357  30.219  -56.407  -12.536 0.8000000119
25346  32.146  -61.168  -16.018 0.5000000000
30398  29.830  -55.534  -12.462 0.6999999881
31470  29.515  -54.733  -12.571 0.6000000238
33506  29.797  -52.411  -12.973 0.5000000000
32544  29.817  -53.211  -12.713 0.6000000238
34608  30.383  -52.101  -21.267 0.6999999881
35597  29.447  -50.047  -14.998 0.6000000238
129325  29.435  -50.771  -14.809 0.6000000238
35627  30.325  -51.540  -19.935 0.8000000119
35642  30.728  -51.169  -21.447 0.8000000119
131228  29.328  -49.973  -15.922 0.6000000238
26271  31.220  -59.340  -13.842 0.5000000000
26295  31.916  -60.015  -14.886 0.5000000000
27285  32.809  -58.735  -15.512 0.6999999881
30397  30.741  -55.692  -12.678 0.6999999881
136730  30.343  -54.817  -12.516 0.6999999881
33505  30.248  -52.604  -12.621 0.6000000238
144048  30.015  -53.985  -12.499 0.6000000238
34564  29.816  -51.567  -13.288 0.6000000238
35649  30.827  -50.936  -22.130 0.6000000238
35590  29.673  -50.351  -14.252 0.6000000238
136192  30.249  -50.543  -19.541 0.6999999881
35641  31.060  -50.600  -22.168 0.6999999881
36525  29.440  -49.269  -16.528 0.6999999881
132116  29.419  -50.084  -16.919 0.6999999881
26283  31.810  -59.108  -14.473 0.5000000000
27259  31.364  -58.514  -13.798 0.6000000238
27260  30.830  -57.937  -13.147 0.6000000238
28337  32.890  -57.968  -15.236 0.6999999881
27272  32.396  -58.499  -14.886 0.6000000238
29371  30.961  -56.987  -13.087 0.6999999881
27284  33.318  -58.312  -15.760 0.6999999881
26304  32.835  -59.440  -15.899 0.6999999881
147185  30.829  -56.346  -12.835 0.6999999881
155392  31.083  -54.964  -12.667 0.6999999881
32543  30.532  -53.233  -12.470 0.5000000000
31469  31.013  -54.094  -12.491 0.6000000238
36557  29.152  -50.036  -21.285 0.5000000000
34563  30.306  -51.052  -13.051 0.6000000238
34553  30.431  -51.784  -12.727 0.6000000238
36564  30.612  -50.564  -22.259 0.6000000238
145379  29.991  -49.809  -22.209 0.5000000000
36497  30.161  -49.944  -13.832 0.6000000238
35581  29.913  -50.722  -13.565 0.6000000238
36555  31.265  -49.749  -21.721 0.6000000238
145728  30.906  -49.990  -22.511 0.5000000000
141987  30.421  -48.450  -22.224 0.5000000000
37427  29.944  -48.933  -14.728 0.6999999881
36515  29.528  -49.151  -15.321 0.6999999881
37465  29.675  -48.541  -17.320 0.6999999881
36546  30.174  -49.343  -18.995 0.6999999881
37481  30.978  -48.749  -20.743 0.5000000000
37453  29.650  -48.382  -16.069 0.6999999881
37474  30.612  -47.919  -19.732 0.6000000238
28306  31.509  -57.664  -13.730 0.6000000238
28320  32.471  -57.662  -14.656 0.6999999881
28321  32.043  -57.434  -14.177 0.6000000238
28336  33.477  -57.577  -15.523 0.6999999881
29370  31.335  -56.274  -13.165 0.6999999881
31479  31.798  -54.715  -12.933 0.6999999881
30410  31.578  -55.531  -13.081 0.6999999881
32542  31.422  -53.170  -12.473 0.6000000238
34552  31.354  -51.668  -12.589 0.5000000000
38549  29.406  -48.154  -21.381 0.4000000060
36503  30.359  -49.272  -14.286 0.6000000238
35580  30.565  -50.438  -13.319 0.6000000238
37489  31.634  -48.856  -22.110 0.5000000000
36562  31.146  -49.738  -22.375 0.5000000000
38547  31.907  -48.016  -22.295 0.4000000060
38488  30.130  -47.935  -15.840 0.6000000238
38518  30.034  -47.657  -17.423 0.6999999881
38528  30.327  -47.549  -18.509 0.6000000238
38527  30.683  -47.150  -19.462 0.5000000000
28319  33.031  -57.188  -14.966 0.6000000238
29381  32.487  -56.802  -14.318 0.6999999881
29369  32.071  -56.138  -13.644 0.6999999881
29392  34.457  -56.557  -15.515 0.6999999881
29393  33.697  -56.835  -15.267 0.6999999881
30409  32.359  -55.327  -13.495 0.6000000238
34561  32.260  -51.653  -12.790 0.6000000238
32541  32.218  -53.059  -12.654 0.5000000000
36496  30.809  -49.727  -13.741 0.6000000238
35579  31.280  -50.360  -13.264 0.6000000238
38555  31.858  -47.931  -22.345 0.4000000060
38556  31.366  -48.133  -22.449 0.5000000000
38548  29.990  -47.567  -21.715 0.4000000060
37439  30.586  -48.091  -15.470 0.6000000238
39673  31.845  -47.346  -22.457 0.4000000060
144505  30.449  -47.312  -16.865 0.6000000238
145097  30.738  -46.621  -18.561 0.5000000000
29380  33.266  -56.414  -14.682 0.6999999881
30425  32.831  -55.913  -14.088 0.6000000238
30441  34.022  -56.096  -14.951 0.6999999881
30408  33.160  -55.066  -13.861 0.6000000238
31478  32.632  -54.440  -13.325 0.5000000000
148269  32.488  -51.057  -13.190 0.6000000238
33514  32.709  -52.445  -12.866 0.6000000238
34562  31.742  -50.983  -12.916 0.6000000238
36495  31.606  -49.778  -13.880 0.5000000000
37425  31.018  -48.360  -15.076 0.6000000238
38487  30.657  -47.545  -16.280 0.6000000238
38517  30.574  -46.959  -17.548 0.5000000000
30423  34.411  -55.275  -14.654 0.6999999881
31488  33.931  -54.733  -14.213 0.6999999881
32550  33.808  -53.308  -13.672 0.6000000238
33513  33.489  -52.587  -13.416 0.5000000000
34560  32.926  -50.786  -13.824 0.6000000238
134003  33.154  -51.629  -13.376 0.6000000238
36501  32.000  -49.363  -14.826 0.6000000238
36514  31.622  -48.600  -15.375 0.6000000238
39618  30.941  -46.914  -17.047 0.5000000000
148248  32.584  -62.023  -18.661 0.5000000000
25359  32.799  -61.092  -17.423 0.5000000000
24340  33.428  -61.088  -19.237 0.5000000000
25372  33.406  -60.615  -18.005 0.5000000000
25344  33.527  -59.851  -17.176 0.6999999881
26314  34.472  -59.396  -18.079 0.6999999881
26325  33.961  -59.910  -18.054 0.5000000000
27295  33.624  -58.689  -16.325 0.6999999881
27309  33.861  -59.123  -16.892 0.6999999881
28356  33.880  -57.987  -16.112 0.6999999881
18144  32.423  -68.339  -17.168 0.3000000119
30427  27.707  -55.634  -14.292 0.6000000238
148956  30.180  -52.778  -19.780 0.6999999881
25331  32.396  -60.234  -15.739 0.6000000238
36535  29.639  -49.728  -17.835 0.6999999881
37482  30.674  -49.382  -20.323 0.6999999881
140768  30.000  -48.281  -18.230 0.6999999881
37491  30.231  -49.164  -22.271 0.5000000000
37483  29.155  -48.939  -21.243 0.5000000000
31468  32.019  -53.829  -12.764 0.5000000000
30424  33.588  -55.601  -14.426 0.6999999881
32551  32.944  -53.419  -13.138 0.5000000000
36502  31.113  -48.999  -14.424 0.6000000238
37438  31.293  -47.860  -15.920 0.6000000238
31477  33.478  -54.152  -13.684 0.6000000238
35578  32.440  -50.142  -14.342 0.6000000238
32561  34.264  -53.838  -14.080 0.5000000000
27317  35.592  -58.732  -18.559 0.6000000238
28400  38.461  -57.804  -21.794 0.6000000238
29445  39.118  -57.174  -22.177 0.4000000060
28383  36.954  -58.141  -19.518 0.5000000000
27318  34.961  -58.861  -17.949 0.6000000238
27230  27.923  -58.905  -11.649 0.5000000000
149958  39.465  -57.363  -22.468 0.4000000060
27243  28.871  -57.945  -11.894 0.5000000000
28293  27.339  -57.685  -12.569 0.5000000000
27325  37.046  -58.425  -20.624 0.5000000000
30502  40.359  -56.305  -22.891 0.4000000060
156034  27.901  -58.055  -11.908 0.5000000000
28307  27.054  -57.175  -13.815 0.5000000000
28390  38.245  -57.341  -20.537 0.6000000238
137391  27.398  -57.026  -12.952 0.5000000000
27316  36.264  -58.468  -19.062 0.5000000000
28368  34.858  -58.401  -17.136 0.6000000238
30501  40.981  -55.757  -23.222 0.4000000060
141458  41.756  -55.936  -22.916 0.4000000060
29435  38.822  -56.826  -21.135 0.4000000060
28339  26.755  -57.886  -15.561 0.5000000000
28382  37.618  -57.747  -19.995 0.5000000000
28322  26.986  -57.087  -14.852 0.5000000000
28358  27.028  -57.638  -16.510 0.5000000000
27306  36.177  -58.185  -18.044 0.6000000238
129682  35.974  -57.718  -17.229 0.6000000238
27294  34.224  -58.494  -16.689 0.6000000238
30443  27.690  -55.656  -15.196 0.5000000000
28357  27.426  -56.861  -16.647 0.5000000000
28369  27.412  -57.463  -17.404 0.4000000060
28365  37.438  -57.268  -17.911 0.5000000000
141835  37.574  -57.531  -18.884 0.5000000000
28366  36.706  -57.541  -17.578 0.6000000238
28354  35.568  -57.173  -16.508 0.6000000238
28367  35.336  -57.908  -16.947 0.6000000238
29406  35.389  -56.327  -15.802 0.6000000238
29407  34.807  -56.984  -16.054 0.6000000238
29434  39.434  -56.239  -21.766 0.4000000060
30496  40.410  -55.505  -22.772 0.4000000060
154182  28.000  -56.151  -17.328 0.5000000000
29417  27.835  -56.669  -17.527 0.5000000000
28377  27.897  -57.327  -18.399 0.4000000060
30457  27.971  -55.493  -16.229 0.6000000238
28381  38.225  -57.115  -19.334 0.6000000238
155680  37.151  -56.970  -17.233 0.6000000238
29405  37.052  -56.408  -16.727 0.6000000238
28353  36.259  -56.422  -16.302 0.6000000238
154797  42.059  -54.836  -23.381 0.4000000060
29416  28.388  -56.071  -17.988 0.5000000000
28384  28.550  -57.093  -19.373 0.4000000060
27328  28.496  -58.104  -20.911 0.4000000060
29427  39.252  -55.961  -20.398 0.6000000238
30472  38.701  -55.581  -18.445 0.6000000238
29428  38.728  -56.575  -19.860 0.6000000238
28375  38.097  -56.874  -18.341 0.5000000000
29404  37.431  -55.776  -16.747 0.6000000238
30464  38.314  -55.349  -17.677 0.5000000000
30439  35.683  -55.479  -15.403 0.6000000238
30499  42.312  -55.132  -23.114 0.4000000060
30474  29.116  -55.592  -18.963 0.6000000238
30480  29.592  -55.884  -20.232 0.5000000000
29437  29.186  -56.896  -21.166 0.5000000000
28402  28.768  -57.372  -21.232 0.5000000000
30485  39.623  -55.287  -20.961 0.4000000060
31539  40.053  -54.811  -21.652 0.4000000060
30477  39.330  -55.025  -19.840 0.5000000000
31515  38.585  -54.814  -18.240 0.5000000000
31508  37.887  -54.598  -17.261 0.5000000000
30454  36.852  -55.607  -16.204 0.6000000238
30438  36.366  -55.154  -15.641 0.6000000238
30440  34.864  -55.790  -15.180 0.6000000238
32613  41.591  -53.622  -22.967 0.4000000060
131313  41.079  -55.022  -23.235 0.4000000060
32612  42.335  -53.658  -23.313 0.4000000060
32591  29.735  -53.741  -19.220 0.6000000238
32609  40.836  -53.748  -22.249 0.4000000060
31538  40.632  -54.555  -22.476 0.4000000060
30479  30.107  -55.285  -20.971 0.6000000238
29436  29.373  -56.207  -21.176 0.5000000000
29446  28.861  -56.957  -21.366 0.4000000060
31529  39.560  -54.300  -20.603 0.4000000060
31520  38.945  -54.843  -18.913 0.5000000000
31500  37.358  -53.973  -16.867 0.5000000000
31501  36.910  -54.486  -16.016 0.6000000238
149184  35.963  -54.842  -15.275 0.6000000238
31486  35.449  -53.998  -14.717 0.6000000238
33579  41.648  -52.830  -22.690 0.4000000060
139558  30.176  -53.902  -20.392 0.6000000238
31521  30.268  -54.456  -20.882 0.6000000238
30486  29.914  -55.368  -21.119 0.5000000000
151282  27.356  -55.270  -20.953 0.5000000000
32610  40.321  -53.125  -21.481 0.4000000060
138989  39.004  -53.981  -19.565 0.5000000000
32588  38.394  -53.987  -18.618 0.5000000000
32567  36.415  -53.785  -15.648 0.5000000000
139735  42.145  -53.084  -23.227 0.4000000060
32596  30.346  -53.780  -21.037 0.6000000238
33568  29.907  -53.355  -21.362 0.5000000000
31532  28.890  -54.777  -21.332 0.5000000000
32582  37.642  -53.653  -17.893 0.4000000060
32574  36.735  -53.427  -16.447 0.4000000060
32559  35.790  -53.248  -15.243 0.4000000060
32560  34.999  -53.323  -14.498 0.6000000238
33512  34.079  -52.726  -13.847 0.4000000060
33584  42.087  -52.206  -22.845 0.4000000060
137174  41.037  -52.949  -22.109 0.4000000060
142058  30.425  -52.840  -20.949 0.6000000238
33581  40.385  -52.157  -21.465 0.4000000060
34614  30.537  -51.316  -21.769 0.5000000000
154817  30.119  -52.827  -21.442 0.5000000000
32597  28.620  -53.467  -20.918 0.5000000000
32607  27.893  -54.142  -20.715 0.4000000060
139990  29.197  -52.942  -21.148 0.4000000060
32595  37.330  -52.584  -19.893 0.5000000000
33551  36.589  -52.461  -19.384 0.5000000000
32590  36.553  -52.834  -18.677 0.6000000238
33527  36.219  -53.072  -16.006 0.4000000060
33521  34.541  -52.555  -14.359 0.4000000060
33536  35.924  -52.657  -17.125 0.5000000000
34609  30.122  -51.986  -21.510 0.5000000000
129303  29.717  -52.589  -21.407 0.6000000238
154816  29.177  -51.553  -21.136 0.4000000060
34578  34.485  -51.692  -15.830 0.5000000000
33522  33.929  -52.058  -13.974 0.5000000000
150338  35.239  -52.219  -18.097 0.5000000000
33545  35.801  -52.498  -18.365 0.5000000000
33528  35.602  -52.498  -16.098 0.5000000000
155540  34.981  -51.995  -16.225 0.5000000000
34618  40.796  -51.215  -21.654 0.4000000060
34572  33.601  -51.300  -14.339 0.4000000060
34571  34.321  -51.815  -14.801 0.5000000000
33529  34.502  -51.647  -16.828 0.5000000000
33546  34.976  -51.938  -18.123 0.5000000000
35643  28.616  -50.723  -20.523 0.4000000060
36513  32.496  -49.145  -16.132 0.4000000060
35589  32.751  -49.932  -15.553 0.4000000060
35588  33.188  -50.582  -14.867 0.5000000000
34584  34.062  -51.296  -16.542 0.5000000000
34579  33.765  -51.159  -15.625 0.5000000000
144599  34.209  -51.173  -17.176 0.5000000000
35606  33.716  -50.732  -16.848 0.4000000060
30466  28.669  -55.311  -17.799 0.6000000238
29383  27.363  -56.342  -14.218 0.6000000238
31509  29.378  -54.233  -18.487 0.6000000238
27229  28.582  -58.709  -11.741 0.5000000000
35650  30.074  -51.202  -21.860 0.5000000000
31487  34.743  -54.361  -14.462 0.6000000238
32549  34.400  -53.149  -14.053 0.4000000060
28338  27.131  -57.004  -15.783 0.5000000000
29394  27.330  -56.365  -15.125 0.5000000000
29408  27.486  -56.225  -15.969 0.5000000000
29424  28.261  -56.698  -18.417 0.4000000060
28385  28.153  -58.000  -19.672 0.4000000060
30478  39.043  -55.759  -19.291 0.6000000238
29423  28.849  -56.343  -19.164 0.6000000238
146465  28.871  -57.419  -20.531 0.4000000060
31528  40.197  -53.969  -21.506 0.4000000060
31516  29.775  -54.364  -19.626 0.6000000238
30473  29.797  -55.085  -19.992 0.6000000238
29429  29.600  -56.165  -21.000 0.5000000000
27346  28.370  -57.626  -21.344 0.5000000000
27347  27.891  -58.468  -21.376 0.5000000000
30488  28.319  -55.433  -21.272 0.5000000000
141013  30.177  -53.999  -21.192 0.5000000000
32606  29.474  -54.099  -21.319 0.5000000000
32583  36.740  -53.111  -17.538 0.5000000000
155314  27.829  -54.840  -20.988 0.5000000000
32594  38.357  -53.078  -20.104 0.5000000000
131525  30.236  -52.717  -21.403 0.6000000238
33520  35.079  -52.370  -15.210 0.3000000119
35595  33.273  -50.478  -16.009 0.4000000060
8668  28.146  -77.858  -17.949 0.3000000119
132523  28.216  -78.141  -19.517 0.3000000119
8682  28.400  -77.793  -18.699 0.3000000119
8696  29.742  -78.408  -20.454 0.3000000119
7866  28.873  -78.462  -20.415 0.3000000119
8681  30.004  -77.521  -18.963 0.3000000119
8718  30.335  -77.936  -21.590 0.3000000119
8695  30.572  -78.103  -20.182 0.3000000119
10379  31.088  -75.835  -16.186 0.3000000119
9558  30.887  -77.355  -18.532 0.3000000119
9557  31.763  -77.535  -18.972 0.3000000119
8679  31.356  -77.758  -19.873 0.3000000119
9530  31.611  -76.473  -17.124 0.3000000119
10377  33.149  -76.191  -16.488 0.3000000119
9529  32.667  -76.512  -17.054 0.3000000119
152869  32.191  -77.190  -18.449 0.4000000060
9556  32.600  -76.984  -18.908 0.4000000060
9569  32.732  -76.429  -20.003 0.4000000060
10422  32.643  -75.628  -20.804 0.3000000119
12195  34.751  -74.188  -16.644 0.3000000119
10384  33.984  -75.418  -17.356 0.4000000060
11259  34.003  -75.128  -18.319 0.4000000060
9555  33.173  -76.140  -19.373 0.4000000060
12181  34.863  -74.234  -15.646 0.3000000119
10406  33.488  -75.325  -19.969 0.4000000060
13095  36.063  -72.594  -15.332 0.4000000060
12180  35.378  -73.414  -15.782 0.4000000060
11290  33.515  -74.588  -20.406 0.4000000060
139683  33.948  -74.067  -20.362 0.3000000119
12194  35.244  -73.198  -17.066 0.4000000060
11258  34.367  -74.674  -17.596 0.3000000119
12212  34.810  -73.789  -17.923 0.4000000060
14062  36.431  -71.876  -15.767 0.4000000060
12225  34.854  -73.426  -19.141 0.5000000000
11272  34.449  -74.272  -18.817 0.4000000060
19188  31.478  -65.644  -18.251 0.5000000000
14043  36.858  -71.389  -15.352 0.4000000060
11289  34.370  -73.777  -19.953 0.4000000060
152510  32.461  -68.245  -18.159 0.3000000119
18174  32.235  -67.691  -19.241 0.4000000060
13139  33.220  -72.024  -20.037 0.3000000119
25275  28.981  -60.003  -11.632 0.4000000060
25276  28.240  -60.207  -11.309 0.4000000060
24319  32.336  -61.536  -16.864 0.4000000060
23269  32.507  -61.856  -17.784 0.4000000060
23270  32.029  -62.354  -17.252 0.4000000060
14081  36.052  -71.671  -16.805 0.4000000060
12211  35.230  -72.987  -18.275 0.5000000000
22245  31.650  -63.153  -17.687 0.4000000060
139103  31.459  -63.854  -18.009 0.4000000060
14061  36.748  -71.219  -16.058 0.4000000060
19187  31.966  -66.878  -18.531 0.4000000060
19204  31.753  -66.153  -20.064 0.5000000000
12234  34.067  -73.404  -20.406 0.5000000000
18186  32.254  -67.514  -20.293 0.4000000060
17116  32.470  -68.664  -19.266 0.4000000060
129661  34.260  -72.070  -20.558 0.3000000119
17132  32.446  -68.218  -20.402 0.4000000060
27244  27.319  -58.824  -11.903 0.4000000060
25345  32.602  -60.744  -16.587 0.4000000060
14080  36.295  -71.041  -16.964 0.4000000060
13124  35.556  -72.370  -17.488 0.4000000060
22261  31.681  -63.518  -18.762 0.4000000060
21249  31.437  -64.377  -18.836 0.5000000000
155058  35.938  -71.318  -17.396 0.4000000060
13138  35.431  -72.276  -18.607 0.4000000060
21262  31.509  -64.808  -19.762 0.5000000000
16042  36.390  -69.982  -16.748 0.4000000060
133493  35.793  -71.087  -18.024 0.4000000060
15080  35.469  -70.947  -19.195 0.5000000000
16067  35.338  -70.231  -19.293 0.5000000000
23284  32.048  -63.136  -19.720 0.4000000060
20249  31.818  -64.634  -20.440 0.5000000000
17073  36.331  -68.249  -15.818 0.4000000060
15096  34.899  -70.693  -20.172 0.5000000000
20240  32.021  -66.068  -20.506 0.4000000060
140059  34.169  -70.756  -20.533 0.4000000060
16092  32.954  -69.032  -20.953 0.4000000060
16081  32.693  -69.095  -20.512 0.4000000060
18196  32.626  -67.809  -20.745 0.4000000060
23277  32.429  -62.417  -19.320 0.4000000060
24353  33.444  -61.459  -20.380 0.3000000119
16055  35.651  -69.863  -18.061 0.4000000060
17102  35.244  -68.956  -18.054 0.4000000060
22300  32.011  -63.977  -20.582 0.4000000060
27338  27.997  -58.707  -21.216 0.4000000060
153992  36.148  -66.806  -15.792 0.4000000060
150432  35.681  -68.472  -16.455 0.4000000060
16068  34.991  -69.327  -19.220 0.5000000000
16079  34.249  -69.315  -20.350 0.5000000000
22299  32.459  -63.834  -20.776 0.5000000000
20248  32.024  -65.129  -20.672 0.4000000060
19155  35.520  -66.760  -16.309 0.4000000060
16091  33.377  -69.155  -20.796 0.4000000060
20247  32.462  -65.838  -20.607 0.4000000060
18195  32.856  -67.697  -20.921 0.4000000060
19202  33.163  -66.287  -20.482 0.4000000060
141931  33.949  -60.409  -18.990 0.4000000060
23283  32.575  -62.519  -20.269 0.3000000119
18160  35.053  -68.174  -17.266 0.4000000060
18161  34.663  -67.551  -17.792 0.4000000060
23294  33.077  -62.572  -21.072 0.3000000119
19185  35.012  -66.332  -17.179 0.4000000060
19186  34.608  -66.792  -17.861 0.4000000060
18173  34.421  -67.375  -18.705 0.4000000060
17115  34.219  -67.963  -19.764 0.5000000000
20201  36.148  -65.401  -16.709 0.4000000060
20217  35.467  -65.436  -17.505 0.4000000060
18184  33.993  -67.187  -19.823 0.4000000060
19201  33.774  -66.553  -19.975 0.4000000060
21261  33.194  -64.618  -20.617 0.4000000060
148272  34.394  -59.857  -18.781 0.4000000060
12257  29.309  -72.700  -23.140 0.3000000119
10367  32.805  -75.825  -15.673 0.3000000119
10365  34.151  -75.349  -15.830 0.3000000119
130295  35.702  -73.213  -14.883 0.4000000060
143349  37.412  -70.260  -15.306 0.4000000060
133362  37.227  -69.852  -15.660 0.4000000060
17072  37.637  -68.946  -15.274 0.4000000060
19154  37.096  -66.988  -15.381 0.4000000060
25393  33.958  -61.175  -20.965 0.3000000119
20200  36.827  -65.524  -16.112 0.4000000060
25384  33.913  -60.807  -20.117 0.4000000060
24360  34.210  -61.509  -21.310 0.4000000060
22297  33.483  -62.853  -21.199 0.4000000060
21215  36.016  -64.760  -17.253 0.4000000060
20218  34.800  -65.953  -18.122 0.4000000060
20229  34.520  -65.588  -19.054 0.4000000060
20238  34.070  -65.302  -19.745 0.4000000060
137535  33.947  -64.162  -20.355 0.3000000119
22298  33.160  -63.746  -20.931 0.4000000060
21234  35.808  -64.049  -17.744 0.4000000060
20230  31.497  -65.445  -19.359 0.4000000060
26324  35.015  -59.423  -19.017 0.4000000060
8708  28.115  -78.341  -21.230 0.3000000119
130328  29.201  -77.938  -19.477 0.3000000119
8706  29.694  -78.468  -21.209 0.3000000119
13182  29.677  -72.746  -24.279 0.3000000119
142977  29.859  -73.376  -23.811 0.3000000119
8680  30.870  -77.806  -19.418 0.3000000119
10378  32.229  -76.115  -16.366 0.3000000119
9542  31.701  -77.101  -18.114 0.4000000060
152420  31.726  -77.332  -20.443 0.4000000060
9528  33.200  -76.386  -17.332 0.3000000119
10376  33.710  -75.808  -16.714 0.3000000119
9540  33.184  -76.446  -18.291 0.4000000060
10393  33.601  -75.642  -18.877 0.4000000060
11232  35.198  -74.007  -14.775 0.3000000119
14023  36.987  -71.203  -14.828 0.4000000060
14096  35.502  -71.611  -18.920 0.4000000060
131914  34.859  -72.022  -20.209 0.5000000000
15098  33.473  -70.233  -20.497 0.3000000119
14114  35.185  -71.492  -19.885 0.5000000000
18126  37.377  -67.964  -15.343 0.4000000060
145468  33.401  -67.855  -20.711 0.4000000060
21260  33.821  -64.838  -20.109 0.4000000060
27345  37.328  -59.376  -21.670 0.4000000060
27335  36.629  -59.208  -21.251 0.4000000060
27344  38.376  -59.036  -21.969 0.4000000060
138406  38.632  -58.439  -22.068 0.3000000119
27334  37.290  -58.780  -21.387 0.5000000000
27326  36.346  -58.719  -20.194 0.4000000060
27327  35.697  -59.061  -19.696 0.4000000060
25320  41.918  -60.613  -14.961 0.3000000119
25328  41.939  -60.495  -15.295 0.3000000119
28374  42.593  -57.830  -18.586 0.3000000119
28388  41.647  -57.592  -20.698 0.3000000119
29433  41.975  -57.013  -21.254 0.3000000119
29450  40.882  -56.500  -22.966 0.3000000119
26302  42.178  -59.882  -15.931 0.3000000119
27304  42.795  -58.194  -17.301 0.3000000119
28373  43.023  -57.677  -17.913 0.3000000119
26281  41.503  -60.392  -14.553 0.3000000119
27282  41.204  -58.909  -15.293 0.3000000119
29432  42.594  -56.569  -20.664 0.3000000119
29442  42.336  -56.350  -21.752 0.3000000119
27293  42.783  -58.135  -16.999 0.3000000119
134786  43.376  -56.235  -18.203 0.3000000119
29426  43.078  -56.482  -19.683 0.3000000119
28352  41.459  -57.393  -16.436 0.3000000119
28351  42.438  -57.507  -16.941 0.3000000119
30462  43.242  -55.658  -18.064 0.3000000119
29413  42.379  -56.612  -17.322 0.3000000119
31505  42.665  -54.757  -17.921 0.3000000119
28333  41.403  -58.205  -15.895 0.3000000119
29420  43.650  -55.784  -19.378 0.3000000119
30483  43.606  -55.059  -21.181 0.3000000119
31540  43.486  -54.032  -22.710 0.3000000119
30451  41.481  -55.631  -17.114 0.3000000119
30471  43.619  -55.672  -18.569 0.3000000119
32603  44.300  -53.797  -20.806 0.3000000119
145552  41.845  -54.959  -17.477 0.3000000119
144143  43.200  -54.118  -18.376 0.3000000119
31513  43.962  -54.332  -18.899 0.3000000119
32587  43.538  -53.509  -18.826 0.3000000119
33583  42.831  -52.759  -23.418 0.3000000119
31537  43.928  -54.304  -21.586 0.3000000119
155711  43.707  -53.503  -22.909 0.3000000119
34621  42.788  -51.866  -23.346 0.3000000119
34617  41.592  -51.514  -22.235 0.3000000119
34622  42.279  -51.154  -22.699 0.3000000119
35659  41.895  -50.142  -22.190 0.3000000119
35653  40.793  -50.061  -21.614 0.3000000119
27343  39.179  -58.694  -22.121 0.3000000119
28401  37.927  -58.738  -21.825 0.4000000060
29443  41.498  -56.786  -22.339 0.3000000119
30494  43.152  -54.778  -22.409 0.3000000119
26348  37.442  -59.797  -21.722 0.5000000000
27281  42.155  -59.355  -15.865 0.3000000119
29421  43.393  -56.358  -18.698 0.3000000119
28380  42.111  -57.700  -19.543 0.3000000119
28397  41.262  -57.460  -21.801 0.3000000119
28398  40.550  -57.790  -22.161 0.3000000119
28350  42.909  -57.466  -17.493 0.3000000119
28332  42.365  -58.369  -16.556 0.3000000119
30484  43.194  -55.877  -20.660 0.3000000119
29412  43.090  -56.513  -17.829 0.3000000119
32580  42.345  -53.761  -17.984 0.3000000119
148100  42.824  -53.403  -18.382 0.3000000119
30476  43.978  -55.148  -19.937 0.3000000119
31498  41.138  -54.602  -17.048 0.3000000119
147026  44.151  -53.649  -19.720 0.3000000119
22279  34.131  -63.228  -20.863 0.3000000119
152828  34.747  -62.965  -20.204 0.4000000060
23268  35.713  -62.045  -18.363 0.4000000060
24339  35.599  -62.030  -19.502 0.4000000060
23300  34.519  -61.764  -21.373 0.3000000119
25371  36.794  -61.099  -19.587 0.4000000060
24337  36.909  -61.018  -18.377 0.3000000119
23291  34.985  -62.079  -21.203 0.4000000060
24351  36.096  -61.551  -20.146 0.4000000060
25380  38.255  -60.416  -19.721 0.3000000119
145474  35.558  -60.961  -21.535 0.3000000119
143010  35.857  -61.385  -21.271 0.4000000060
25381  37.469  -60.753  -20.313 0.4000000060
25400  35.922  -60.394  -21.515 0.3000000119
25390  36.432  -60.658  -21.472 0.4000000060
26338  38.449  -59.958  -21.270 0.4000000060
25391  35.176  -60.641  -21.457 0.3000000119
26340  35.461  -60.001  -21.198 0.3000000119
135190  35.219  -59.704  -20.334 0.3000000119
26341  34.827  -60.305  -20.960 0.3000000119
25389  37.268  -60.615  -21.253 0.4000000060
23281  35.143  -62.463  -20.330 0.4000000060
12168  35.554  -73.410  -14.246 0.3000000119
21248  34.578  -64.704  -19.459 0.3000000119
12145  34.056  -73.289  -12.046 0.3000000119
13057  34.623  -73.720  -12.681 0.3000000119
155750  35.707  -72.973  -13.977 0.3000000119
13084  36.008  -72.586  -14.516 0.3000000119
22278  34.775  -63.632  -19.687 0.3000000119
21247  35.328  -64.156  -18.678 0.3000000119
142520  33.329  -70.634  -12.888 0.3000000119
14001  34.622  -71.449  -13.550 0.3000000119
14983  33.886  -70.839  -13.361 0.3000000119
15002  36.696  -70.848  -14.290 0.3000000119
15001  37.428  -70.350  -14.641 0.3000000119
152484  35.262  -63.444  -18.928 0.3000000119
14963  32.634  -69.920  -11.775 0.3000000119
16005  33.640  -70.006  -13.336 0.3000000119
14969  33.018  -69.993  -12.793 0.3000000119
14000  35.670  -71.210  -13.927 0.3000000119
14982  34.631  -70.565  -13.641 0.3000000119
16018  37.053  -70.046  -13.967 0.3000000119
15989  33.030  -69.353  -12.861 0.3000000119
17043  34.747  -68.753  -13.592 0.3000000119
16003  35.823  -69.412  -13.798 0.3000000119
16004  34.638  -69.666  -13.649 0.3000000119
17071  38.238  -68.998  -14.372 0.3000000119
132834  38.229  -67.693  -14.883 0.3000000119
21198  37.627  -65.328  -15.802 0.3000000119
17028  32.655  -68.930  -12.234 0.3000000119
17057  38.265  -68.929  -13.967 0.3000000119
17041  37.166  -68.478  -13.664 0.3000000119
18125  38.279  -68.357  -14.641 0.3000000119
153341  35.629  -62.582  -18.056 0.3000000119
18093  33.894  -68.150  -13.213 0.3000000119
18070  33.325  -67.656  -12.515 0.3000000119
18092  34.940  -67.850  -13.466 0.3000000119
17042  35.929  -68.539  -13.688 0.3000000119
18108  38.442  -68.486  -14.082 0.3000000119
20183  37.499  -66.127  -15.524 0.3000000119
21214  36.764  -64.925  -16.523 0.3000000119
22243  35.976  -63.127  -17.321 0.3000000119
24328  36.319  -61.546  -17.815 0.3000000119
19121  36.533  -66.793  -13.468 0.3000000119
18089  38.484  -67.900  -13.923 0.3000000119
19153  38.491  -66.937  -14.804 0.3000000119
21213  37.428  -64.457  -16.002 0.3000000119
150471  35.574  -72.196  -13.884 0.3000000119
13058  34.185  -72.705  -12.776 0.3000000119
151833  34.649  -72.350  -13.363 0.3000000119
7891  29.248  -78.501  -21.448 0.3000000119
8683  27.710  -78.101  -18.617 0.3000000119
8694  31.030  -77.776  -20.788 0.3000000119
8697  28.058  -78.359  -20.422 0.3000000119
8719  29.434  -78.266  -21.861 0.3000000119
9541  32.554  -76.862  -17.879 0.4000000060
10375  34.261  -75.132  -16.656 0.3000000119
10385  33.615  -75.894  -17.751 0.4000000060
10407  33.112  -75.713  -20.275 0.4000000060
10421  33.171  -75.147  -20.579 0.4000000060
11242  34.583  -74.738  -15.184 0.3000000119
11247  34.517  -74.793  -15.971 0.3000000119
11273  33.973  -74.686  -19.658 0.4000000060
12157  35.358  -73.537  -13.745 0.3000000119
12256  29.594  -73.915  -22.710 0.3000000119
13069  35.334  -72.909  -13.673 0.3000000119
13070  34.847  -73.237  -13.261 0.3000000119
13083  36.583  -71.912  -14.991 0.4000000060
13107  35.805  -72.503  -16.340 0.4000000060
13153  35.224  -72.184  -19.618 0.5000000000
13154  34.689  -72.818  -20.125 0.5000000000
14002  33.760  -71.621  -13.008 0.3000000119
14024  36.358  -71.701  -14.435 0.3000000119
14115  34.575  -71.411  -20.407 0.5000000000
14116  33.771  -71.270  -20.498 0.3000000119
14962  32.909  -70.619  -11.601 0.3000000119
14981  35.775  -70.313  -13.893 0.3000000119
15018  37.169  -70.843  -15.370 0.4000000060
15038  36.841  -70.567  -16.170 0.4000000060
15059  36.065  -70.563  -17.375 0.4000000060
15097  34.046  -69.972  -20.559 0.4000000060
15116  33.263  -69.498  -20.702 0.4000000060
15975  32.558  -69.326  -11.865 0.3000000119
15990  32.704  -69.643  -12.312 0.3000000119
16002  37.103  -69.230  -13.763 0.3000000119
16017  37.890  -69.470  -14.088 0.3000000119
16028  37.803  -69.641  -14.850 0.4000000060
16078  34.801  -69.942  -20.072 0.5000000000
16080  33.018  -69.503  -20.725 0.4000000060
16093  32.796  -68.533  -20.896 0.4000000060
17027  33.097  -68.517  -12.736 0.3000000119
17040  38.169  -68.532  -13.825 0.3000000119
17044  33.733  -69.056  -13.355 0.3000000119
17058  37.909  -68.999  -13.791 0.3000000119
17089  36.401  -69.164  -16.050 0.4000000060
17103  34.672  -68.286  -18.575 0.4000000060
17104  32.633  -68.981  -17.923 0.3000000119
17130  33.697  -68.609  -20.640 0.4000000060
17131  32.981  -68.440  -21.034 0.4000000060
18091  36.154  -67.693  -13.567 0.3000000119
18127  36.183  -67.383  -15.770 0.4000000060
18142  35.473  -67.681  -16.372 0.4000000060
18143  34.854  -67.188  -17.010 0.4000000060
18162  31.879  -66.844  -17.355 0.5000000000
18185  33.222  -67.080  -20.594 0.4000000060
19120  38.085  -67.180  -13.674 0.3000000119
19138  38.609  -67.665  -14.211 0.3000000119
19157  30.453  -66.158  -15.369 0.5000000000
19170  36.296  -66.163  -15.991 0.4000000060
19194  34.358  -66.480  -18.994 0.4000000060
19195  31.905  -66.895  -19.769 0.4000000060
19196  31.665  -66.197  -19.058 0.4000000060
19203  32.222  -66.920  -20.368 0.4000000060
19209  32.550  -66.888  -20.634 0.4000000060
20203  30.932  -65.287  -16.600 0.6000000238
20219  31.321  -65.008  -18.493 0.5000000000
20228  35.118  -65.098  -18.484 0.4000000060
20239  33.319  -65.407  -20.394 0.4000000060
20241  31.737  -65.387  -20.292 0.5000000000
21188  30.210  -64.270  -14.393 0.5000000000
21199  30.396  -64.629  -15.201 0.5000000000
21233  36.384  -64.152  -16.857 0.4000000060
21235  31.301  -64.462  -17.788 0.4000000060
21275  32.461  -64.434  -20.744 0.4000000060
21276  32.103  -64.393  -20.675 0.5000000000
22198  30.316  -63.099  -13.870 0.4000000060
22230  30.935  -64.042  -16.405 0.5000000000
22244  35.498  -63.307  -18.264 0.3000000119
22280  32.415  -63.304  -20.662 0.4000000060
22281  31.672  -64.004  -19.875 0.4000000060
23254  30.906  -62.375  -14.764 0.4000000060
23267  35.991  -62.184  -17.470 0.3000000119
23276  35.290  -62.780  -19.104 0.3000000119
23278  32.133  -62.641  -18.425 0.5000000000
23282  34.642  -62.635  -20.945 0.4000000060
23292  34.242  -62.432  -21.277 0.3000000119
23293  33.793  -62.143  -21.318 0.4000000060
24329  31.863  -62.002  -16.313 0.5000000000
24338  36.150  -61.520  -18.875 0.4000000060
24341  32.883  -61.823  -19.587 0.4000000060
24352  35.530  -61.900  -20.734 0.4000000060
24354  33.058  -62.034  -20.645 0.3000000119
24361  33.555  -61.833  -21.120 0.3000000119
24369  35.175  -61.473  -21.422 0.3000000119
25308  31.070  -60.079  -13.882 0.5000000000
25309  30.828  -60.774  -13.841 0.5000000000
25332  31.823  -60.815  -15.264 0.4000000060
25370  37.590  -60.668  -19.035 0.3000000119
25373  32.953  -61.418  -18.404 0.5000000000
25382  36.714  -61.122  -20.850 0.4000000060
25383  34.535  -60.170  -19.880 0.4000000060
25388  38.038  -60.434  -20.844 0.4000000060
25392  34.527  -60.896  -21.303 0.3000000119
25398  37.714  -60.154  -21.536 0.4000000060
25399  37.081  -60.229  -21.645 0.5000000000
25401  34.859  -61.209  -21.486 0.3000000119
26233  29.020  -59.293  -11.754 0.5000000000
26234  28.394  -59.448  -11.548 0.4000000060
26272  30.693  -59.616  -13.329 0.5000000000
26292  41.992  -60.192  -15.415 0.3000000119
26293  41.794  -59.939  -15.130 0.3000000119
26294  32.378  -59.353  -15.214 0.6000000238
26315  34.042  -59.429  -17.487 0.6999999881
26339  36.089  -59.811  -21.425 0.3000000119
26347  38.058  -59.621  -21.761 0.4000000060
26349  36.708  -60.008  -21.688 0.4000000060
27273  31.939  -58.150  -14.300 0.5000000000
27296  33.188  -58.911  -15.987 0.6999999881
27307  35.485  -58.327  -17.612 0.6000000238
27308  34.398  -58.934  -17.361 0.6000000238
27336  35.858  -59.382  -20.778 0.4000000060
27337  28.408  -57.926  -21.197 0.5000000000
28335  34.154  -57.282  -15.812 0.6999999881
28355  34.674  -57.743  -16.472 0.6000000238
28376  36.857  -57.885  -18.477 0.5000000000
28379  42.933  -57.148  -18.850 0.3000000119
28387  42.397  -57.090  -20.091 0.3000000119
28389  40.924  -58.028  -21.318 0.3000000119
28391  37.718  -58.138  -21.149 0.5000000000
28392  28.922  -57.472  -21.014 0.5000000000
28399  39.175  -57.887  -22.382 0.3000000119
28405  40.755  -57.196  -22.553 0.3000000119
29372  27.482  -56.513  -13.397 0.6999999881
29382  31.752  -56.898  -13.726 0.6000000238
29402  41.508  -56.591  -16.810 0.3000000119
29414  38.421  -56.160  -18.052 0.6000000238
29415  37.783  -56.331  -17.401 0.6000000238
29422  38.617  -56.389  -18.815 0.6000000238
29430  29.258  -56.689  -20.337 0.4000000060
29444  39.725  -56.830  -22.607 0.4000000060
29447  27.966  -56.901  -21.444 0.5000000000
30422  35.333  -54.881  -14.890 0.6000000238
30452  40.741  -55.821  -16.515 0.3000000119
30453  37.477  -54.983  -16.593 0.5000000000
30455  36.144  -55.821  -15.824 0.6000000238
30463  42.511  -55.715  -17.617 0.3000000119
30465  37.825  -55.422  -17.081 0.6000000238
30467  28.163  -55.713  -17.147 0.5000000000
30470  44.079  -55.100  -19.009 0.3000000119
30487  29.377  -55.451  -21.317 0.5000000000
30495  42.757  -55.564  -22.110 0.3000000119
30497  28.720  -56.231  -21.387 0.5000000000
30498  27.461  -56.064  -21.225 0.5000000000
30500  41.641  -55.208  -23.333 0.4000000060
31472  28.916  -54.800  -12.792 0.6000000238
31493  36.347  -54.488  -15.516 0.5000000000
31494  35.961  -54.200  -15.126 0.6000000238
31495  28.347  -54.444  -15.021 0.6000000238
31507  38.245  -54.430  -17.868 0.5000000000
31514  43.592  -54.954  -18.424 0.3000000119
31517  29.267  -54.852  -18.683 0.6000000238
31527  44.204  -54.441  -20.422 0.3000000119
31530  30.161  -54.718  -21.130 0.5000000000
31531  29.919  -54.721  -21.314 0.5000000000
31541  42.531  -54.345  -23.251 0.4000000060
31542  41.786  -54.507  -23.331 0.4000000060
31543  41.210  -54.345  -22.976 0.4000000060
32589  37.404  -53.150  -19.039 0.5000000000
32611  43.084  -53.519  -23.341 0.3000000119
33503  31.832  -52.399  -12.535 0.5000000000
33504  30.942  -52.457  -12.451 0.5000000000
33537  34.983  -52.114  -17.292 0.5000000000
33553  35.426  -52.074  -18.604 0.5000000000
33554  30.272  -53.319  -20.398 0.6000000238
33567  30.247  -53.185  -21.262 0.6000000238
33580  41.299  -52.163  -22.091 0.4000000060
33582  43.906  -52.827  -23.146 0.3000000119
35571  30.927  -50.972  -12.820 0.6000000238
36504  29.786  -49.567  -14.492 0.6000000238
36556  30.819  -50.286  -20.886 0.6000000238
36563  31.021  -50.543  -22.384 0.6000000238
37426  30.480  -48.647  -14.805 0.6000000238
37440  29.985  -48.415  -15.278 0.6000000238
37475  30.396  -48.549  -19.324 0.6999999881
37490  31.160  -49.151  -22.506 0.5000000000
37496  31.577  -48.609  -22.260 0.4000000060
38504  29.980  -47.746  -16.530 0.6000000238
129566  30.664  -62.047  -14.064 0.4000000060
130053  38.151  -53.340  -19.439 0.5000000000
130078  29.172  -53.255  -16.786 0.6999999881
130245  35.680  -69.158  -17.089 0.4000000060
131281  29.565  -57.878  -12.223 0.6000000238
131617  35.660  -70.559  -18.409 0.4000000060
132322  34.331  -60.658  -20.769 0.4000000060
132994  35.680  -71.691  -17.869 0.4000000060
133108  31.474  -59.834  -14.328 0.5000000000
134856  27.769  -56.171  -16.793 0.5000000000
135693  29.339  -51.536  -15.255 0.6000000238
135897  32.251  -67.585  -17.756 0.3000000119
135961  32.126  -77.248  -19.765 0.4000000060
137824  39.876  -56.092  -22.579 0.4000000060
137954  33.327  -59.349  -16.455 0.6999999881
138398  32.115  -50.473  -13.469 0.6000000238
138596  31.185  -46.488  -17.863 0.5000000000
138661  41.475  -50.812  -22.027 0.3000000119
138872  32.949  -60.017  -16.482 0.6999999881
139219  27.204  -58.312  -12.338 0.4000000060
139348  29.315  -51.967  -16.094 0.6999999881
140183  40.732  -55.058  -16.646 0.3000000119
142149  35.622  -65.978  -16.713 0.4000000060
143117  43.227  -56.931  -18.060 0.3000000119
144078  32.867  -63.233  -21.036 0.5000000000
145012  30.284  -78.280  -20.825 0.3000000119
145712  39.849  -55.566  -21.993 0.4000000060
146158  32.561  -65.087  -20.680 0.4000000060
146249  42.538  -58.878  -16.692 0.3000000119
147169  34.163  -67.263  -12.937 0.3000000119
148591  30.157  -78.060  -19.761 0.3000000119
148663  36.513  -57.076  -16.861 0.6000000238
148869  27.510  -55.982  -14.703 0.5000000000
149075  33.065  -60.469  -17.098 0.5000000000
150177  32.838  -70.333  -12.286 0.3000000119
150523  28.479  -57.376  -12.077 0.6999999881
152193  33.914  -65.929  -19.776 0.4000000060
152544  35.570  -64.698  -17.948 0.4000000060
152771  31.401  -64.924  -19.155 0.5000000000
152963  31.997  -63.632  -20.316 0.4000000060
153243  35.394  -61.683  -21.241 0.4000000060
154058  44.185  -54.529  -19.507 0.3000000119
154600  35.167  -72.763  -19.230 0.5000000000
155300  34.432  -68.675  -19.763 0.5000000000
155859  37.819  -59.350  -21.818 0.5000000000
156055  29.297  -56.968  -21.000 0.5000000000
