#!ascii label  , from subject sub-v1s4x0050698_ses-1 vox2ras=TkReg
1739
37327  24.069  -48.596  -4.882 0.8999999762
36405  24.256  -49.284  -5.211 0.8000000119
36404  24.947  -49.356  -5.659 0.8000000119
137838  24.930  -51.131  -6.495 0.6999999881
35497  25.460  -50.703  -6.923 0.8000000119
37328  22.651  -49.123  -4.971 0.8999999762
37326  24.752  -48.585  -5.285 1.0000000000
37341  25.706  -48.370  -6.072 1.0000000000
36418  25.592  -49.193  -6.283 0.8999999762
131334  25.756  -49.876  -6.867 0.8000000119
36441  25.658  -49.787  -8.402 0.8000000119
36428  25.948  -49.485  -7.596 0.8999999762
35529  25.556  -50.740  -8.483 0.8000000119
36452  25.310  -49.994  -9.227 0.6999999881
35550  25.262  -50.746  -10.256 0.6999999881
38368  22.137  -47.660  -4.834 0.8000000119
151907  22.741  -47.857  -4.660 0.8999999762
137313  22.655  -47.328  -4.615 0.8999999762
39479  22.141  -46.935  -4.779 0.8999999762
39498  20.387  -46.231  -6.406 0.8999999762
38379  24.866  -47.766  -5.084 0.8999999762
149525  25.735  -47.791  -5.849 1.0000000000
37359  26.139  -48.644  -7.535 0.8999999762
145568  26.217  -47.839  -7.801 1.0000000000
150028  25.894  -48.259  -8.280 0.8999999762
142971  25.759  -48.947  -8.336 0.8999999762
143296  25.272  -49.155  -9.091 0.8000000119
36466  24.884  -49.982  -10.562 0.6999999881
40626  24.591  -46.285  -4.589 0.8999999762
39478  22.998  -46.654  -4.473 0.8999999762
40629  22.170  -46.093  -4.801 0.8999999762
147454  21.006  -46.087  -5.755 0.8999999762
38365  24.678  -47.063  -4.772 0.8999999762
130120  25.189  -47.114  -5.070 0.8999999762
39497  26.407  -46.917  -6.430 1.0000000000
37372  25.405  -48.330  -8.944 0.8000000119
139672  24.442  -49.116  -10.839 0.8000000119
36477  24.699  -49.873  -11.449 0.8000000119
37410  24.263  -49.038  -11.778 0.8000000119
40646  22.114  -45.165  -4.922 0.8999999762
40658  20.226  -45.233  -6.619 0.8999999762
40659  19.707  -45.064  -7.070 0.8999999762
41781  24.461  -45.458  -4.446 0.8999999762
41799  20.683  -44.505  -6.313 0.8999999762
41812  19.516  -43.577  -7.204 0.8000000119
41820  18.753  -44.450  -7.801 0.8000000119
39490  25.220  -46.504  -4.891 0.8999999762
42997  19.657  -42.434  -7.028 0.6999999881
137625  18.719  -43.594  -7.700 0.6999999881
43006  17.727  -42.481  -7.948 0.6999999881
40644  25.804  -46.029  -5.165 0.8999999762
43007  16.715  -41.609  -7.857 0.6999999881
43008  15.547  -42.021  -8.215 0.6999999881
148506  26.821  -45.270  -6.118 1.0000000000
42999  15.881  -41.947  -7.386 0.6000000238
130429  26.710  -45.999  -6.441 1.0000000000
40662  26.891  -45.779  -7.429 1.0000000000
38399  26.440  -47.399  -7.171 1.0000000000
39518  26.068  -46.707  -8.618 1.0000000000
38411  25.782  -47.518  -8.654 0.8999999762
39517  26.564  -46.262  -8.154 1.0000000000
140797  25.489  -46.755  -9.228 0.8999999762
38424  24.996  -47.633  -9.546 0.8000000119
37373  24.853  -48.519  -9.641 0.8000000119
37384  24.441  -48.588  -10.306 0.8000000119
37385  23.981  -48.032  -10.671 0.8000000119
37398  23.982  -48.465  -11.239 0.8000000119
37411  23.638  -48.406  -12.020 0.8000000119
37399  23.372  -47.789  -11.483 0.8000000119
132063  23.094  -47.924  -12.254 0.8000000119
40628  22.924  -45.679  -4.512 0.8999999762
40648  20.832  -45.366  -6.008 0.8999999762
147061  22.812  -44.909  -4.612 0.8999999762
41797  22.230  -44.216  -5.001 0.8999999762
41798  21.431  -44.631  -5.593 0.8999999762
41811  20.325  -43.609  -6.675 0.8999999762
40645  25.231  -45.714  -4.712 0.8999999762
43005  18.709  -42.536  -7.525 0.6999999881
132264  25.948  -45.095  -4.926 0.8999999762
44107  17.601  -41.563  -7.523 0.6000000238
44108  16.577  -41.221  -7.310 0.6000000238
41809  27.076  -44.616  -6.307 1.0000000000
40660  16.542  -44.336  -6.973 0.5000000000
40657  27.070  -45.227  -6.825 1.0000000000
40649  17.704  -44.642  -6.119 0.5000000000
40668  27.133  -45.110  -7.576 1.0000000000
40669  26.795  -45.362  -8.329 1.0000000000
40679  26.438  -45.127  -9.046 1.0000000000
40670  26.136  -45.926  -8.997 1.0000000000
40680  25.290  -45.956  -9.658 0.8999999762
151331  24.455  -48.046  -10.051 0.8000000119
40696  25.056  -45.086  -10.180 0.8999999762
40681  24.507  -46.010  -10.235 0.8000000119
38436  24.259  -47.443  -10.229 0.8000000119
39542  24.000  -46.753  -10.425 0.8000000119
40697  24.170  -45.312  -10.631 0.8999999762
39556  23.102  -46.201  -11.246 0.8000000119
38461  22.675  -47.414  -12.156 0.8000000119
39557  22.394  -46.245  -11.731 0.8000000119
132732  22.190  -46.794  -12.202 0.8000000119
41810  21.191  -43.656  -6.049 0.8999999762
41782  24.191  -44.602  -4.322 0.8999999762
42962  24.780  -44.023  -4.322 0.8999999762
42996  20.668  -42.718  -6.524 0.6999999881
42980  26.328  -44.207  -5.040 0.8999999762
45179  17.528  -40.844  -6.934 0.6999999881
44097  16.585  -41.089  -6.879 0.6000000238
42998  16.484  -41.844  -6.684 0.6000000238
45158  17.205  -40.835  -6.373 0.6999999881
44085  16.968  -41.352  -6.379 0.6000000238
41801  17.487  -43.341  -6.063 0.5000000000
41819  27.358  -44.460  -7.216 1.0000000000
42984  18.468  -43.613  -5.358 0.5000000000
136222  18.526  -45.366  -5.188 0.5000000000
41827  26.826  -44.586  -8.770 1.0000000000
151080  26.788  -43.929  -9.154 1.0000000000
41838  26.337  -44.505  -9.371 1.0000000000
153128  27.098  -43.542  -8.975 1.0000000000
43027  26.231  -43.763  -9.698 0.8999999762
41839  25.705  -44.390  -9.897 0.8999999762
43038  25.545  -43.597  -10.219 0.8999999762
41854  24.435  -44.441  -10.664 0.8999999762
155816  23.336  -44.184  -11.254 0.8999999762
41867  23.055  -44.803  -11.332 0.8999999762
43039  24.645  -43.474  -10.705 0.8999999762
43040  23.873  -43.875  -11.052 0.8999999762
41868  22.279  -44.821  -11.602 0.8999999762
139001  23.199  -43.506  -11.344 0.8999999762
41783  23.229  -44.313  -4.496 0.8999999762
152421  21.669  -43.966  -5.509 0.8999999762
42983  21.436  -42.630  -6.036 0.8999999762
42982  21.915  -43.352  -5.474 0.8999999762
44083  21.467  -41.572  -5.997 1.0000000000
44095  20.139  -41.695  -6.668 0.8000000119
44067  24.529  -43.140  -4.243 0.8999999762
44096  19.278  -41.292  -6.882 0.6999999881
41795  26.904  -44.032  -5.709 0.8999999762
42961  25.624  -44.228  -4.597 0.8999999762
46219  18.631  -40.009  -6.055 0.6999999881
44084  17.570  -41.324  -5.780 0.6999999881
145078  18.515  -42.542  -5.241 0.5000000000
42995  27.368  -43.830  -6.497 1.0000000000
41785  18.979  -44.720  -4.654 0.5000000000
40630  18.695  -45.790  -4.186 0.5000000000
43004  27.614  -43.615  -7.364 1.0000000000
153461  27.580  -43.520  -8.081 1.0000000000
44113  27.702  -42.206  -8.555 1.0000000000
43025  27.421  -43.095  -8.693 1.0000000000
43026  26.801  -43.148  -9.399 1.0000000000
44124  27.180  -42.358  -9.203 1.0000000000
45194  27.402  -41.712  -9.026 1.0000000000
44126  26.094  -42.953  -10.028 0.8999999762
142845  25.312  -42.745  -10.491 0.8999999762
44135  24.454  -42.447  -10.949 0.8999999762
41924  22.293  -44.876  -14.332 0.6999999881
43093  21.403  -44.063  -13.869 0.8000000119
43094  20.643  -44.155  -13.643 0.8000000119
43078  20.032  -43.612  -13.303 0.8000000119
129322  25.293  -43.549  -4.358 0.8999999762
44068  23.651  -42.720  -4.478 1.0000000000
44069  22.966  -42.317  -4.979 1.0000000000
137217  22.620  -41.479  -5.289 1.0000000000
150611  19.986  -40.286  -6.097 0.6999999881
146878  26.680  -43.446  -5.134 0.8999999762
44081  26.408  -42.848  -4.636 0.8999999762
46210  18.449  -40.060  -5.671 0.6999999881
42966  19.219  -43.721  -4.581 0.6000000238
131424  27.751  -42.952  -6.690 1.0000000000
131704  27.264  -43.264  -5.797 0.8999999762
136935  27.049  -42.726  -5.167 0.8999999762
40610  18.508  -45.541  -3.463 0.4000000060
131226  27.865  -42.835  -7.808 1.0000000000
46241  27.244  -41.082  -9.191 1.0000000000
45207  26.343  -41.485  -9.959 1.0000000000
139131  26.722  -41.026  -9.622 1.0000000000
151155  19.839  -42.969  -11.846 0.8999999762
41922  23.986  -44.279  -13.867 0.6000000238
43092  22.414  -44.039  -13.934 0.6000000238
43076  21.967  -43.260  -13.717 0.8000000119
43077  20.817  -43.275  -13.581 0.8000000119
41927  20.167  -44.215  -13.258 0.8999999762
41870  20.170  -43.963  -12.392 0.8999999762
129775  26.125  -42.260  -4.282 0.8999999762
44066  25.441  -42.757  -4.215 0.8999999762
45156  20.833  -40.386  -5.832 0.8000000119
151110  19.799  -39.795  -5.609 0.6999999881
45144  18.683  -40.406  -5.193 0.6999999881
143039  19.410  -42.771  -4.443 0.6000000238
41752  18.925  -44.444  -2.819 0.4000000060
44093  28.037  -42.146  -6.480 1.0000000000
135068  27.578  -42.495  -5.821 0.8999999762
145406  28.116  -42.337  -7.207 1.0000000000
44105  28.150  -41.928  -7.856 1.0000000000
45184  27.813  -41.261  -8.508 1.0000000000
46233  27.480  -40.548  -8.829 1.0000000000
46242  26.888  -40.341  -9.369 1.0000000000
47156  26.334  -39.869  -9.670 1.0000000000
44138  21.115  -42.446  -11.570 0.8999999762
45213  20.565  -41.615  -11.416 0.8999999762
43044  20.116  -42.432  -11.622 0.8999999762
44148  19.026  -42.505  -12.232 0.8999999762
43054  19.490  -43.047  -12.177 0.8999999762
43089  24.968  -43.041  -13.923 0.6000000238
43090  24.170  -43.270  -13.872 0.6000000238
43091  23.370  -43.672  -13.846 0.6000000238
44167  22.567  -42.531  -13.677 0.8000000119
44169  20.402  -42.377  -13.433 0.8000000119
146037  19.471  -43.124  -13.093 0.8999999762
45140  24.366  -42.078  -4.129 0.8999999762
45141  23.407  -41.785  -4.663 0.8999999762
45142  22.381  -40.415  -5.088 0.6999999881
147528  23.766  -41.083  -4.309 0.8999999762
155581  23.086  -41.000  -4.851 0.8999999762
138474  19.662  -39.685  -5.068 0.6000000238
44065  26.789  -42.160  -4.643 1.0000000000
44064  27.248  -41.389  -4.650 1.0000000000
45138  26.334  -41.533  -4.128 1.0000000000
45124  20.043  -40.226  -4.369 0.6000000238
44070  19.540  -41.632  -4.464 0.6000000238
44050  19.930  -42.863  -3.533 0.5000000000
45166  27.867  -41.801  -5.795 1.0000000000
145338  27.382  -42.018  -5.189 1.0000000000
45154  28.126  -41.159  -5.751 1.0000000000
45165  28.255  -41.463  -6.389 1.0000000000
45177  28.436  -41.084  -6.941 1.0000000000
45178  28.287  -41.097  -7.652 1.0000000000
46227  28.003  -40.253  -8.158 1.0000000000
137826  27.346  -39.840  -8.806 1.0000000000
47149  26.766  -39.512  -9.228 1.0000000000
46254  25.613  -39.760  -10.127 1.0000000000
47167  24.787  -39.280  -10.382 1.0000000000
46256  23.819  -40.181  -11.074 1.0000000000
47169  23.478  -39.508  -10.894 1.0000000000
46257  22.986  -40.088  -11.204 0.8999999762
45211  23.401  -40.984  -11.333 0.8999999762
140721  21.619  -41.859  -11.501 0.8999999762
45214  19.340  -41.843  -11.563 0.8999999762
45231  18.641  -41.882  -12.234 0.8999999762
145998  25.851  -41.709  -14.428 0.6000000238
44186  25.408  -42.314  -14.184 0.6000000238
44187  24.500  -42.308  -14.194 0.6000000238
44188  23.645  -42.712  -13.875 0.6000000238
44168  21.556  -42.425  -13.573 0.8000000119
45244  19.887  -41.595  -13.220 0.8000000119
46190  24.659  -41.129  -3.871 0.8999999762
46191  23.026  -40.212  -4.485 0.6999999881
46208  20.459  -39.592  -5.149 0.6000000238
142353  20.531  -39.687  -4.606 0.6000000238
46188  26.803  -40.893  -4.057 0.8999999762
45111  20.592  -41.347  -3.251 0.6000000238
44049  20.186  -41.635  -3.753 0.5000000000
147778  27.699  -41.454  -5.283 1.0000000000
46217  28.418  -40.782  -6.362 1.0000000000
46206  27.871  -40.869  -5.134 0.8999999762
46226  28.452  -40.332  -7.117 1.0000000000
47144  28.242  -39.444  -7.536 1.0000000000
47145  27.650  -39.298  -8.279 1.0000000000
48090  27.173  -38.546  -8.446 1.0000000000
137843  26.617  -38.768  -9.004 1.0000000000
48095  26.129  -39.168  -9.538 1.0000000000
48096  25.386  -38.818  -9.830 1.0000000000
48112  24.033  -38.966  -10.555 1.0000000000
47170  22.700  -39.325  -10.943 1.0000000000
130863  21.207  -39.777  -10.933 0.8999999762
46259  20.574  -40.585  -11.129 0.8999999762
46260  19.387  -41.065  -11.262 0.8999999762
46261  18.321  -40.395  -11.249 0.8999999762
45262  25.064  -41.554  -14.644 0.6000000238
135459  23.266  -41.980  -13.844 0.6000000238
45265  23.121  -41.024  -13.877 0.6999999881
46295  21.193  -40.496  -13.202 0.6999999881
153391  20.591  -41.057  -13.255 0.6999999881
46297  19.158  -41.096  -12.798 0.8000000119
46284  18.145  -40.843  -11.910 0.8999999762
45261  26.645  -41.517  -14.317 0.6000000238
132219  20.572  -39.938  -12.848 0.6999999881
47213  19.481  -40.264  -12.735 0.8000000119
47199  18.747  -39.832  -12.380 0.8999999762
46192  21.900  -39.671  -4.715 0.6999999881
46172  21.285  -39.524  -4.032 0.6000000238
46169  26.128  -40.498  -3.573 0.8999999762
46170  24.985  -40.428  -3.518 0.8000000119
47101  24.393  -39.707  -3.313 0.6999999881
46187  27.541  -40.560  -4.495 0.8999999762
47118  27.152  -40.224  -3.838 0.8000000119
46205  28.326  -40.450  -5.713 1.0000000000
47117  27.908  -39.800  -4.316 0.8000000119
47130  28.584  -39.568  -5.724 0.8999999762
46186  28.186  -40.117  -5.020 0.8000000119
47138  28.544  -39.490  -6.666 1.0000000000
48085  28.416  -38.698  -7.038 1.0000000000
48086  27.817  -38.575  -7.788 1.0000000000
48091  25.902  -38.325  -9.237 1.0000000000
49019  25.099  -37.947  -9.482 1.0000000000
131857  24.587  -38.456  -10.084 1.0000000000
48113  23.249  -38.796  -10.663 1.0000000000
48115  21.823  -38.972  -10.797 0.8999999762
47157  20.737  -39.009  -10.597 0.8999999762
47172  18.803  -39.710  -10.617 0.8999999762
45264  23.763  -41.268  -14.319 0.6000000238
149929  21.888  -40.088  -13.325 0.6999999881
47183  18.098  -40.167  -11.431 0.8999999762
46311  25.765  -40.887  -14.962 0.6000000238
47198  19.821  -39.425  -12.623 0.6999999881
151450  23.130  -39.567  -4.069 0.6999999881
47120  21.817  -39.360  -4.203 0.6000000238
47100  25.416  -39.850  -3.185 0.8000000119
47102  23.499  -39.438  -3.539 0.6999999881
145040  22.855  -39.235  -3.843 0.6999999881
47098  27.534  -39.490  -3.611 0.6999999881
47099  26.534  -39.774  -3.273 0.8000000119
47116  28.509  -39.293  -4.823 0.6999999881
133797  28.901  -38.007  -5.754 0.8000000119
49006  28.546  -38.011  -6.567 0.8000000119
49000  28.187  -37.361  -6.827 0.8000000119
49007  28.017  -37.880  -7.288 0.8999999762
49011  27.203  -37.601  -7.970 0.8999999762
49012  26.459  -37.912  -8.639 1.0000000000
49013  25.574  -37.341  -8.835 1.0000000000
48097  23.777  -38.212  -10.273 1.0000000000
48098  22.950  -38.068  -10.376 1.0000000000
49014  24.707  -37.104  -9.103 1.0000000000
49020  24.263  -37.660  -9.699 1.0000000000
48114  22.563  -38.657  -10.673 1.0000000000
48099  22.085  -38.065  -10.411 1.0000000000
48100  21.164  -38.191  -10.355 0.8999999762
144818  20.194  -38.329  -10.208 0.8999999762
47158  19.603  -39.020  -10.410 0.8999999762
47159  18.435  -38.913  -10.244 0.8999999762
46312  24.705  -40.623  -15.196 0.6000000238
136953  24.127  -40.751  -14.793 0.6000000238
47211  22.462  -39.677  -13.537 0.6999999881
136883  17.774  -39.604  -10.924 0.8999999762
48141  18.186  -39.575  -11.759 0.8999999762
47212  20.889  -39.106  -12.718 0.6999999881
48139  20.143  -38.582  -12.495 0.6999999881
48140  18.976  -38.991  -12.276 0.8999999762
49061  18.249  -38.689  -11.571 0.8999999762
47080  25.843  -39.216  -2.718 0.6999999881
151772  24.877  -39.341  -2.897 0.6000000238
47083  23.129  -39.131  -3.193 0.6000000238
47104  22.003  -39.405  -3.512 0.6000000238
47081  24.921  -38.767  -2.541 0.6000000238
48047  27.896  -38.756  -3.261 0.6999999881
48062  28.746  -38.474  -4.500 0.6999999881
48991  29.077  -37.890  -4.928 0.6999999881
144410  28.623  -37.282  -6.214 0.8000000119
131305  27.591  -37.043  -7.275 0.8000000119
50043  27.313  -36.305  -7.143 0.8000000119
50047  26.190  -36.886  -8.231 0.8000000119
50056  23.854  -36.902  -9.217 1.0000000000
49021  23.397  -37.475  -9.819 1.0000000000
49022  22.476  -37.348  -9.886 1.0000000000
135280  22.968  -36.727  -9.303 1.0000000000
49023  21.423  -37.274  -9.863 1.0000000000
50051  20.357  -36.662  -9.465 1.0000000000
132799  20.460  -37.591  -9.882 1.0000000000
48101  19.119  -38.370  -9.978 0.8999999762
46313  23.661  -40.482  -14.497 0.6000000238
48103  17.743  -38.504  -10.195 0.8999999762
46321  24.650  -39.673  -15.557 0.6000000238
146128  24.105  -40.103  -15.124 0.6000000238
46314  23.089  -40.136  -13.991 0.6999999881
145284  17.509  -38.031  -10.165 0.8999999762
48159  22.241  -38.946  -13.236 0.6999999881
49059  20.511  -37.763  -12.364 0.6999999881
150921  18.326  -37.905  -11.421 0.8999999762
48036  23.611  -38.643  -2.451 0.5000000000
48033  26.531  -38.709  -2.456 0.6000000238
48034  25.016  -38.177  -2.089 0.5000000000
48032  27.389  -38.446  -2.546 0.6999999881
48046  28.535  -38.265  -3.687 0.6999999881
48981  28.974  -37.724  -4.134 0.6999999881
50028  29.087  -36.404  -5.142 0.6999999881
50037  28.000  -36.551  -6.665 0.8000000119
143152  27.419  -35.809  -6.775 0.8000000119
147421  26.830  -36.553  -7.609 0.8000000119
51216  26.707  -35.644  -7.166 0.8000000119
50044  26.049  -35.953  -7.693 0.8000000119
51222  24.725  -35.853  -8.148 0.8999999762
50048  24.280  -36.373  -8.632 1.0000000000
51218  25.265  -35.422  -7.683 0.8000000119
50050  22.581  -36.003  -8.882 1.0000000000
144620  21.978  -36.535  -9.411 1.0000000000
49024  19.662  -37.298  -9.580 0.8999999762
48102  18.136  -38.300  -9.856 0.8999999762
49026  17.617  -37.746  -9.870 0.8999999762
49016  17.890  -36.945  -9.592 0.8999999762
155100  17.424  -37.584  -9.968 0.8999999762
47226  24.233  -39.417  -15.060 0.6000000238
47227  23.196  -39.505  -13.995 0.6000000238
48160  21.650  -38.816  -12.886 0.6999999881
49044  19.937  -37.308  -12.003 0.8000000119
49046  18.005  -37.331  -10.812 0.8999999762
48172  24.457  -38.873  -14.897 0.6000000238
48137  22.057  -38.186  -12.963 0.6999999881
50079  18.783  -36.504  -11.039 0.8000000119
50080  17.746  -36.493  -10.292 0.8999999762
51261  18.455  -35.633  -10.573 0.8999999762
133447  25.733  -38.510  -2.260 0.5000000000
48019  24.553  -37.952  -1.727 0.5000000000
48953  27.661  -37.689  -2.119 0.6999999881
48955  25.667  -38.020  -1.845 0.5000000000
48967  28.223  -38.030  -2.865 0.6999999881
48965  29.141  -37.105  -3.772 0.6999999881
48966  28.770  -37.517  -3.339 0.6999999881
50017  29.315  -36.468  -3.822 0.6999999881
149045  29.296  -36.259  -4.464 0.6999999881
142331  28.694  -35.796  -5.573 0.6999999881
50036  28.649  -36.471  -5.921 0.6999999881
51207  27.120  -35.064  -6.559 0.8000000119
51217  25.921  -35.114  -7.306 0.8000000119
138614  23.688  -34.992  -8.088 0.8999999762
50049  23.446  -36.172  -8.727 1.0000000000
51232  21.836  -35.872  -9.090 1.0000000000
154593  21.260  -36.625  -9.506 1.0000000000
52436  25.241  -34.445  -7.434 0.8000000119
51219  24.403  -34.969  -7.777 0.8000000119
51225  22.137  -35.267  -8.902 0.8999999762
51226  21.178  -35.450  -9.182 1.0000000000
51227  20.298  -35.725  -9.271 1.0000000000
151274  19.372  -35.270  -9.248 1.0000000000
50052  19.284  -35.954  -9.278 1.0000000000
50053  18.216  -36.101  -9.466 1.0000000000
51233  17.844  -35.591  -9.818 0.8999999762
146262  22.636  -38.542  -13.296 0.6999999881
52452  18.135  -34.625  -9.686 0.8999999762
48173  23.649  -39.112  -14.254 0.6000000238
145266  23.199  -38.567  -13.567 0.6000000238
51244  17.732  -35.642  -9.902 0.8999999762
49080  22.764  -38.001  -13.115 0.6999999881
49058  21.473  -37.524  -12.604 0.6999999881
50097  20.833  -36.881  -12.170 0.6999999881
51260  19.765  -35.681  -11.335 0.6999999881
52476  19.166  -34.799  -10.823 0.8000000119
51277  20.594  -36.146  -11.803 0.6999999881
52477  18.105  -34.764  -10.093 0.8000000119
142063  17.906  -33.764  -9.886 0.8999999762
144676  26.574  -38.086  -1.969 0.6000000238
49974  26.841  -37.196  -1.531 0.5000000000
48952  28.481  -37.227  -2.497 0.6999999881
49992  27.943  -36.826  -1.776 0.5000000000
51185  29.408  -35.703  -4.019 0.6999999881
51173  29.360  -35.860  -3.243 0.6999999881
132420  29.437  -35.030  -3.463 0.6999999881
143903  29.010  -34.747  -4.945 0.6999999881
52412  28.711  -34.149  -5.245 0.6999999881
51197  28.459  -34.989  -5.533 0.6999999881
52413  28.022  -34.205  -5.833 0.6999999881
51198  27.734  -34.842  -6.071 0.6999999881
52425  27.305  -34.303  -6.310 0.8000000119
51208  26.437  -34.899  -6.942 0.8000000119
146043  26.897  -33.818  -6.537 0.8000000119
52435  26.018  -34.367  -7.072 0.8000000119
52437  24.520  -34.030  -7.730 0.8000000119
144802  26.256  -33.028  -7.092 0.8000000119
53671  25.071  -33.552  -7.630 0.8000000119
52440  23.866  -34.288  -8.070 0.8000000119
147518  22.773  -34.292  -8.750 0.8999999762
150059  21.237  -34.720  -9.162 0.8999999762
132576  20.171  -34.982  -9.205 1.0000000000
54846  24.825  -32.892  -8.084 0.8000000119
53677  24.154  -33.415  -8.255 0.8000000119
52444  19.068  -34.428  -9.149 1.0000000000
49079  23.493  -38.048  -13.183 0.6000000238
52445  18.253  -34.743  -9.584 1.0000000000
50096  21.762  -36.715  -12.532 0.6999999881
150481  21.322  -36.064  -12.175 0.6999999881
52464  17.832  -34.708  -9.886 0.8999999762
53695  17.832  -33.225  -9.463 1.0000000000
51259  20.846  -35.415  -11.824 0.6999999881
52475  20.269  -34.676  -11.485 0.8000000119
52376  29.437  -34.212  -2.857 0.6999999881
139778  29.320  -34.904  -4.293 0.6999999881
52400  29.199  -34.133  -4.587 0.6999999881
53647  28.425  -33.420  -5.618 0.6999999881
53658  27.576  -33.488  -6.216 0.6999999881
54815  28.147  -32.690  -6.044 0.6999999881
53659  26.845  -33.219  -6.654 0.8000000119
53669  26.344  -33.745  -6.851 0.8000000119
54840  25.581  -32.779  -7.595 0.8000000119
54839  26.290  -32.198  -7.343 0.8000000119
54845  25.233  -32.213  -8.092 0.8000000119
53679  22.438  -33.785  -9.172 0.8999999762
140760  22.133  -34.470  -9.022 0.8999999762
54847  23.673  -32.861  -8.983 0.8000000119
53693  21.983  -33.131  -9.651 0.8999999762
52443  20.205  -34.242  -9.227 0.8999999762
49056  23.039  -37.334  -12.831 0.6000000238
54860  21.575  -32.516  -9.894 0.8999999762
54848  20.070  -32.880  -9.453 0.8999999762
49055  23.948  -37.438  -12.693 0.6000000238
53683  18.237  -33.508  -9.336 0.8999999762
51276  21.603  -35.267  -12.245 0.6999999881
54862  17.619  -32.663  -9.518 0.8999999762
138308  19.530  -33.914  -11.152 0.8000000119
147224  18.489  -33.212  -10.610 0.8999999762
53721  17.631  -32.875  -10.094 0.8000000119
52399  29.454  -34.216  -3.793 0.6999999881
53634  29.416  -33.352  -4.155 0.6999999881
54814  28.929  -32.567  -5.356 0.6999999881
140564  27.399  -32.764  -6.457 0.6999999881
54827  26.870  -32.482  -6.843 0.6999999881
148403  24.284  -32.642  -8.600 0.8000000119
53692  22.872  -33.044  -9.414 0.8000000119
54858  23.261  -32.273  -9.655 0.8000000119
55921  22.886  -31.747  -10.046 0.8000000119
53682  19.297  -33.639  -9.274 0.8999999762
50095  22.544  -36.614  -12.610 0.6000000238
54859  22.379  -32.309  -9.989 0.8000000119
55922  21.520  -31.754  -10.110 0.8999999762
55908  19.768  -32.028  -9.540 0.8999999762
54849  18.645  -32.745  -9.298 0.8999999762
50094  23.405  -36.593  -12.484 0.6000000238
131591  22.055  -35.908  -12.453 0.6999999881
54850  17.819  -32.047  -9.328 0.8999999762
52474  21.190  -34.572  -11.991 0.6999999881
54870  17.490  -32.290  -9.650 0.8000000119
53720  19.791  -33.028  -11.427 0.6999999881
54884  17.817  -32.487  -10.303 0.8000000119
54803  29.303  -32.750  -4.679 0.6999999881
135766  29.103  -31.764  -5.292 0.6999999881
54825  28.612  -31.880  -5.872 0.6999999881
135649  24.698  -32.086  -8.532 0.8000000119
55906  24.553  -31.407  -8.874 0.8000000119
55919  24.067  -31.047  -9.400 0.8000000119
134068  22.268  -31.364  -10.188 0.8000000119
54861  20.803  -32.253  -9.787 0.8999999762
56896  19.635  -30.463  -9.561 0.8999999762
51275  22.830  -35.796  -12.446 0.6000000238
55909  18.601  -31.709  -9.349 0.8999999762
52489  22.454  -34.185  -12.438 0.6999999881
52490  21.662  -33.875  -12.246 0.6999999881
56897  18.492  -30.771  -9.362 0.8999999762
141889  20.895  -31.670  -12.060 0.6999999881
54883  18.820  -32.199  -11.113 0.8000000119
56917  17.526  -30.429  -9.774 0.8000000119
55942  19.695  -31.465  -11.616 0.6999999881
55943  18.409  -31.181  -11.072 0.8000000119
137483  17.690  -31.690  -10.315 0.8000000119
56928  19.220  -30.571  -11.434 0.8000000119
55867  29.290  -31.241  -4.890 0.6999999881
52488  23.042  -34.928  -12.389 0.6000000238
144033  21.545  -30.012  -9.948 0.8000000119
57942  19.796  -29.517  -9.555 0.8999999762
53730  22.938  -33.463  -12.525 0.6000000238
57930  18.460  -29.777  -9.484 0.8999999762
54896  21.257  -32.396  -12.152 0.8000000119
57944  17.762  -29.918  -9.678 0.8999999762
57967  18.012  -29.761  -10.442 0.8000000119
57966  18.708  -29.603  -11.030 0.8000000119
144539  18.760  -28.636  -10.852 0.8000000119
53731  22.250  -33.275  -12.450 0.6999999881
57941  20.942  -29.378  -9.689 0.8000000119
148777  22.553  -32.088  -12.588 0.5000000000
54895  22.068  -32.562  -12.455 0.6000000238
145000  21.862  -31.882  -12.436 0.6000000238
55956  21.574  -31.087  -12.392 0.6999999881
57943  18.064  -29.134  -9.870 0.8000000119
56945  21.177  -30.096  -12.211 0.6000000238
57982  20.388  -29.260  -11.799 0.6999999881
59033  19.623  -28.364  -11.475 0.8000000119
57952  17.714  -29.718  -9.924 0.8000000119
132199  21.315  -29.179  -12.220 0.6000000238
59012  20.100  -28.689  -9.587 0.8000000119
134132  19.357  -28.124  -9.794 0.8000000119
59013  18.604  -28.553  -9.887 0.8999999762
56943  23.208  -30.616  -12.925 0.6000000238
60108  19.532  -27.357  -11.377 0.8000000119
59021  18.713  -28.376  -10.314 0.8000000119
60083  19.169  -27.332  -10.729 0.8000000119
59047  20.651  -28.656  -11.904 0.6000000238
59011  20.406  -27.974  -9.718 0.8000000119
61204  19.454  -26.912  -10.535 0.8000000119
56944  22.306  -30.500  -12.645 0.6000000238
57981  22.133  -29.662  -12.578 0.6000000238
60094  19.211  -26.859  -10.988 0.8000000119
59045  22.102  -28.843  -12.565 0.6000000238
61227  19.592  -26.489  -11.344 0.6999999881
142205  19.347  -26.484  -10.928 0.8000000119
60105  22.254  -27.033  -12.782 0.6000000238
61226  20.341  -26.087  -12.058 0.6000000238
59057  22.872  -28.574  -12.960 0.6000000238
60121  22.937  -27.703  -13.072 0.6000000238
62320  21.708  -26.186  -10.495 0.8000000119
61189  20.132  -26.603  -10.375 0.8000000119
56957  23.699  -29.950  -13.266 0.6000000238
62321  20.776  -26.153  -10.489 0.8000000119
57988  24.155  -29.275  -13.593 0.5000000000
61214  19.542  -25.711  -11.034 0.8000000119
61203  19.630  -26.081  -10.769 0.8000000119
57989  23.403  -29.269  -13.263 0.6000000238
62363  19.912  -25.031  -11.980 0.6000000238
59055  24.659  -28.590  -13.891 0.5000000000
59056  23.740  -28.394  -13.544 0.6000000238
60120  23.609  -27.342  -13.509 0.6000000238
61225  21.569  -26.261  -12.650 0.6000000238
61240  24.201  -26.806  -13.845 0.6000000238
61241  23.315  -26.359  -13.425 0.6000000238
141467  22.667  -25.746  -13.233 0.6000000238
129355  22.314  -25.025  -13.267 0.6000000238
62340  20.784  -25.394  -10.690 0.8000000119
62322  20.071  -25.834  -10.643 0.8000000119
62339  22.156  -25.571  -10.731 0.8000000119
63323  21.532  -24.735  -11.072 0.6999999881
142046  20.429  -24.417  -10.833 0.6999999881
60119  24.452  -27.758  -13.950 0.6000000238
144041  20.610  -24.589  -12.401 0.6000000238
64337  20.475  -23.536  -12.243 0.6000000238
63341  19.983  -24.218  -11.614 0.6999999881
61254  25.041  -27.101  -14.394 0.5000000000
63360  21.758  -24.168  -13.190 0.6000000238
136186  24.646  -26.340  -14.175 0.5000000000
63358  23.852  -24.986  -13.807 0.6000000238
63373  23.704  -24.125  -13.967 0.6000000238
62387  25.691  -25.763  -14.802 0.5000000000
64292  22.215  -23.927  -11.517 0.6999999881
64294  20.539  -23.538  -11.668 0.6000000238
64324  20.686  -23.056  -12.103 0.6000000238
64295  20.148  -23.865  -11.653 0.6000000238
65289  21.188  -22.338  -12.517 0.6000000238
65280  21.172  -22.423  -12.205 0.6000000238
131174  25.294  -24.758  -14.637 0.5000000000
63372  24.513  -23.994  -14.341 0.6000000238
64347  23.657  -23.245  -14.211 0.6000000238
64334  22.982  -23.612  -13.826 0.6000000238
64336  21.118  -23.220  -12.714 0.6000000238
140597  21.503  -21.581  -12.631 0.6000000238
151092  25.264  -23.909  -14.666 0.6000000238
64346  24.715  -23.278  -14.545 0.6000000238
63370  26.276  -25.137  -15.194 0.5000000000
63371  25.987  -24.249  -15.089 0.5000000000
64355  27.143  -23.838  -15.591 0.4000000060
151060  26.718  -22.963  -15.495 0.5000000000
65270  21.586  -22.846  -11.837 0.6000000238
134251  21.484  -22.088  -12.036 0.6000000238
65297  24.144  -22.534  -14.482 0.6000000238
65299  22.186  -21.942  -13.638 0.6000000238
145679  21.654  -21.430  -12.498 0.6000000238
139768  23.692  -21.719  -14.446 0.6000000238
64345  25.717  -23.297  -14.943 0.5000000000
65309  25.664  -22.303  -15.046 0.6000000238
66292  26.560  -21.831  -15.506 0.5000000000
65307  28.039  -22.320  -16.082 0.4000000060
139350  27.624  -21.805  -16.004 0.4000000060
66281  22.750  -21.427  -14.130 0.6000000238
147149  21.553  -21.090  -13.082 0.5000000000
66252  21.820  -21.259  -12.399 0.5000000000
66251  22.129  -21.439  -12.301 0.5000000000
65298  23.148  -22.297  -14.181 0.6000000238
138859  22.594  -20.567  -14.070 0.5000000000
66293  25.314  -21.292  -15.001 0.6000000238
139093  26.092  -20.974  -15.385 0.5000000000
144811  26.985  -21.038  -15.733 0.4000000060
66280  23.310  -21.017  -14.400 0.6000000238
67368  23.491  -20.243  -14.452 0.5000000000
67382  25.455  -20.537  -15.107 0.4000000060
146245  24.179  -21.105  -14.625 0.6000000238
67383  25.104  -19.775  -14.950 0.6000000238
68566  23.186  -19.276  -14.304 0.4000000060
138855  27.425  -20.244  -15.948 0.4000000060
68580  26.715  -19.360  -15.665 0.4000000060
68567  22.776  -18.944  -13.884 0.4000000060
68565  24.092  -19.566  -14.625 0.4000000060
67393  28.167  -19.841  -16.265 0.4000000060
68581  25.650  -19.098  -15.285 0.4000000060
154360  24.062  -19.657  -12.830 0.4000000060
69555  22.929  -18.917  -13.431 0.4000000060
69583  23.434  -18.165  -14.270 0.4000000060
69579  27.226  -18.732  -15.858 0.4000000060
69580  26.254  -18.441  -15.557 0.4000000060
69581  25.121  -18.060  -15.153 0.4000000060
68551  23.600  -19.122  -13.039 0.4000000060
70429  23.545  -17.461  -13.747 0.4000000060
69560  23.229  -18.196  -13.745 0.4000000060
133774  26.886  -17.966  -15.781 0.3000000119
70456  24.574  -16.990  -14.820 0.4000000060
70446  23.222  -17.457  -14.047 0.4000000060
140599  23.779  -16.692  -13.793 0.4000000060
70436  23.403  -17.378  -14.101 0.4000000060
41926  20.573  -44.787  -13.618 0.8000000119
41884  20.190  -44.384  -12.802 0.8999999762
40718  20.654  -44.644  -12.409 0.8999999762
40734  20.464  -45.107  -12.896 0.8999999762
40717  21.066  -45.508  -12.462 0.8999999762
44133  25.879  -42.103  -10.260 0.8999999762
45208  25.686  -41.263  -10.399 1.0000000000
46253  26.189  -40.601  -9.997 1.0000000000
43052  22.707  -44.101  -11.446 0.8999999762
45210  24.279  -41.514  -11.109 0.8999999762
45209  24.935  -41.010  -10.789 1.0000000000
43053  21.867  -44.039  -11.652 0.8999999762
136178  23.799  -42.999  -11.176 0.8999999762
44136  22.946  -42.659  -11.445 0.8999999762
43042  21.510  -43.224  -11.637 0.8999999762
134687  22.393  -40.684  -11.332 0.8999999762
67352  21.679  -20.348  -12.900 0.4000000060
67369  22.011  -20.113  -13.443 0.4000000060
68535  22.366  -19.743  -12.771 0.4000000060
67330  23.951  -20.485  -12.691 0.4000000060
38366  24.108  -47.788  -4.699 0.8999999762
37349  26.287  -48.062  -7.117 1.0000000000
36465  25.108  -50.151  -9.889 0.8000000119
39492  20.947  -46.842  -5.704 0.8999999762
40643  26.230  -46.448  -5.732 1.0000000000
36453  24.805  -49.361  -9.910 0.8000000119
147777  25.095  -44.870  -4.488 0.8999999762
130404  25.852  -45.170  -9.537 0.8999999762
39530  24.724  -46.770  -9.859 0.8000000119
38437  23.585  -47.309  -10.834 0.8000000119
141350  22.915  -46.963  -11.475 0.8000000119
43013  27.226  -43.917  -8.533 1.0000000000
40698  23.432  -45.451  -11.081 0.8999999762
39558  21.669  -46.184  -12.291 0.8000000119
43041  22.404  -43.315  -11.522 0.8999999762
42964  22.828  -43.273  -4.825 0.8999999762
44082  22.217  -42.326  -5.517 1.0000000000
44071  18.522  -41.379  -5.199 0.6000000238
41767  19.169  -44.622  -3.260 0.4000000060
42965  19.637  -43.656  -3.862 0.4000000060
44125  26.542  -42.287  -9.743 1.0000000000
44134  25.109  -41.849  -10.685 0.8999999762
41925  20.990  -44.897  -14.143 0.6999999881
44170  19.483  -42.454  -13.166 0.8000000119
45139  25.410  -41.822  -3.976 0.8999999762
43043  20.577  -43.102  -11.736 0.8999999762
41923  23.059  -44.523  -14.125 0.6000000238
43064  19.400  -43.203  -12.637 0.8999999762
153372  22.445  -39.936  -4.684 0.6999999881
42929  19.576  -43.951  -3.153 0.4000000060
44137  22.062  -42.511  -11.548 0.8999999762
45224  18.627  -41.812  -11.883 0.8999999762
45232  18.221  -41.334  -11.927 0.8999999762
147800  23.134  -42.612  -13.757 0.6999999881
45242  22.354  -41.673  -13.613 0.6999999881
46171  23.889  -40.220  -3.832 0.8000000119
154924  26.221  -41.008  -3.864 0.8999999762
141074  23.577  -42.042  -11.328 0.8999999762
132710  22.138  -39.871  -11.127 0.8999999762
46258  21.615  -40.400  -11.213 0.8999999762
142481  22.533  -41.682  -11.463 0.8999999762
153769  18.661  -41.293  -11.574 0.8999999762
46155  21.491  -40.197  -2.841 0.5000000000
141516  28.495  -40.126  -6.326 1.0000000000
140658  19.349  -40.372  -10.906 0.8999999762
48071  28.822  -38.674  -5.314 0.8000000119
48079  28.723  -38.754  -6.185 0.8999999762
151339  21.605  -39.584  -13.049 0.6999999881
48125  17.747  -39.269  -11.060 0.8999999762
49060  19.289  -38.046  -12.041 0.8000000119
47084  22.571  -39.260  -2.921 0.6000000238
48048  26.999  -39.132  -2.915 0.8000000119
47082  24.041  -39.033  -2.910 0.6000000238
47097  28.280  -39.035  -4.032 0.6999999881
142933  29.025  -37.216  -5.405 0.6999999881
135621  25.058  -36.584  -8.568 1.0000000000
140927  17.703  -38.264  -10.720 0.8999999762
48035  24.314  -38.435  -2.316 0.6000000238
148121  29.216  -37.046  -4.503 0.6999999881
139295  25.472  -36.220  -8.136 0.8999999762
48020  23.934  -38.189  -1.862 0.5000000000
51186  29.110  -35.546  -4.885 0.6999999881
51206  28.036  -35.630  -6.202 0.8000000119
50058  17.716  -36.306  -9.740 0.8999999762
147483  25.938  -37.172  -1.263 0.5000000000
50003  29.087  -36.675  -3.040 0.6999999881
52441  23.244  -34.609  -8.399 0.8999999762
53670  25.724  -33.658  -7.258 0.8000000119
53705  17.708  -33.029  -9.571 0.8999999762
49991  28.688  -36.376  -2.209 0.6999999881
53678  23.291  -33.749  -8.680 0.8999999762
53680  21.383  -33.859  -9.338 0.8999999762
53733  20.750  -32.888  -11.864 0.8000000119
53646  29.082  -33.400  -4.987 0.6999999881
55905  25.188  -31.399  -8.375 0.8000000119
56910  17.537  -30.844  -9.626 0.8999999762
54813  29.356  -32.030  -4.751 0.6999999881
56909  20.716  -30.236  -9.796 0.8999999762
54802  29.485  -32.410  -4.087 0.6000000238
55957  20.452  -30.829  -11.914 0.6999999881
59000  18.940  -28.867  -9.598 0.8999999762
60107  20.337  -27.093  -11.898 0.6999999881
59046  21.300  -28.389  -12.234 0.6000000238
60106  21.276  -27.030  -12.445 0.6000000238
131236  19.612  -25.628  -11.253 0.8000000119
62362  20.949  -25.370  -12.496 0.6000000238
62341  19.768  -25.153  -10.937 0.6999999881
62372  24.001  -25.899  -13.810 0.6000000238
64348  22.605  -22.853  -13.793 0.6000000238
144075  24.428  -24.672  -14.179 0.6000000238
146905  21.472  -21.663  -13.040 0.6000000238
68534  23.234  -19.634  -12.746 0.4000000060
69561  22.838  -18.934  -13.623 0.4000000060
68550  24.512  -19.115  -13.122 0.4000000060
131468  25.904  -17.365  -15.484 0.4000000060
41869  21.407  -44.794  -11.929 0.8999999762
29309  22.223  -56.233  -7.826 0.4000000060
30351  20.551  -55.593  -7.963 0.4000000060
31426  20.171  -54.826  -8.229 0.4000000060
30339  22.616  -55.532  -7.589 0.4000000060
31413  20.738  -54.873  -7.535 0.4000000060
32502  19.949  -53.975  -8.693 0.4000000060
31425  23.789  -54.957  -8.041 0.3000000119
31412  21.449  -54.902  -7.169 0.4000000060
31424  24.287  -54.691  -8.570 0.4000000060
133946  24.654  -54.360  -9.142 0.4000000060
134385  25.101  -53.578  -10.267 0.4000000060
131444  25.175  -53.215  -11.174 0.4000000060
33459  20.553  -53.422  -7.447 0.5000000000
33460  20.072  -53.153  -8.281 0.4000000060
31398  22.689  -54.170  -6.832 0.4000000060
31399  21.805  -54.223  -6.806 0.4000000060
31409  24.063  -54.331  -7.774 0.5000000000
32500  24.694  -53.819  -8.433 0.4000000060
32513  25.281  -52.977  -9.735 0.4000000060
150771  25.293  -52.887  -10.457 0.5000000000
33485  25.324  -52.292  -10.961 0.5000000000
34541  25.269  -51.527  -11.504 0.6000000238
131182  25.190  -52.465  -12.653 0.5000000000
130279  25.091  -51.803  -13.316 0.6000000238
34565  24.838  -50.925  -13.764 0.4000000060
33448  20.399  -52.654  -7.504 0.5000000000
33449  19.935  -52.222  -8.208 0.5000000000
34521  19.332  -52.145  -9.669 0.5000000000
34533  19.095  -52.023  -10.627 0.5000000000
32469  22.211  -53.503  -6.538 0.6000000238
32470  21.485  -53.543  -6.732 0.6000000238
32467  23.929  -53.136  -6.837 0.5000000000
33427  23.468  -52.653  -6.385 0.6000000238
32485  24.350  -53.510  -7.499 0.5000000000
33458  24.923  -52.932  -7.966 0.5000000000
32499  25.175  -53.027  -8.859 0.4000000060
33484  25.386  -52.240  -10.166 0.6000000238
34532  25.343  -51.491  -10.642 0.6000000238
35551  25.118  -50.703  -11.088 0.6000000238
35561  24.977  -50.702  -12.112 0.6000000238
36489  24.529  -49.724  -12.408 0.6000000238
36498  24.247  -49.571  -13.351 0.6000000238
143686  25.015  -51.090  -12.931 0.6000000238
35572  24.745  -50.357  -13.070 0.6000000238
35582  24.504  -50.167  -13.800 0.6000000238
35583  23.923  -49.636  -14.207 0.6000000238
142377  20.244  -51.931  -7.555 0.5000000000
34522  18.987  -51.543  -9.613 0.5000000000
34534  18.598  -51.262  -10.402 0.5000000000
138201  22.634  -52.775  -6.253 0.6000000238
33428  21.622  -52.729  -6.408 0.6000000238
33447  24.579  -52.684  -7.186 0.6000000238
33417  23.067  -52.121  -5.938 0.6000000238
33446  25.126  -52.087  -7.581 0.5000000000
34478  24.307  -51.629  -6.245 0.6000000238
33457  25.314  -52.268  -8.454 0.6000000238
34520  25.448  -51.532  -8.949 0.6000000238
138437  23.350  -48.876  -13.728 0.6999999881
34501  19.729  -51.360  -7.974 0.6000000238
150192  19.056  -50.914  -8.802 0.5000000000
35552  18.142  -50.577  -10.204 0.5000000000
34480  22.267  -52.089  -5.924 0.6000000238
34481  21.458  -51.774  -6.171 0.6000000238
34500  20.303  -51.373  -7.166 0.6000000238
35541  17.779  -49.904  -9.891 0.5000000000
35553  17.497  -50.011  -10.963 0.5000000000
34462  22.096  -51.330  -5.670 0.6000000238
144367  25.506  -51.082  -7.625 0.6000000238
129790  23.225  -48.306  -12.876 0.6999999881
35514  20.441  -50.652  -6.703 0.6000000238
35530  19.422  -50.505  -7.945 0.6000000238
35531  18.796  -49.950  -8.478 0.6000000238
35499  21.292  -50.854  -5.992 0.6000000238
35516  19.301  -49.843  -7.810 0.6000000238
36430  18.974  -49.221  -7.962 0.6000000238
36454  18.098  -49.573  -9.125 0.6000000238
142633  17.328  -49.400  -10.397 0.6000000238
35500  20.867  -50.096  -6.095 0.6000000238
36479  16.358  -48.901  -12.136 0.5000000000
35481  22.833  -50.928  -5.417 0.6000000238
37374  16.312  -47.612  -10.814 0.6000000238
37417  22.460  -48.120  -13.695 0.6999999881
35501  20.331  -49.939  -6.590 0.6000000238
37352  18.748  -48.353  -8.064 0.6000000238
36419  20.596  -49.416  -6.186 0.6000000238
36420  20.023  -49.374  -6.781 0.6000000238
37351  19.215  -48.645  -7.587 0.6000000238
36443  17.823  -48.744  -9.075 0.6000000238
37386  16.911  -48.601  -10.378 0.6000000238
35482  22.095  -50.522  -5.454 0.6000000238
38425  17.134  -47.000  -9.452 0.6000000238
135510  22.920  -50.008  -5.153 0.6000000238
35498  25.132  -50.188  -6.171 0.6000000238
132640  22.026  -47.189  -12.872 0.6999999881
134777  21.304  -46.987  -13.588 0.6999999881
36406  22.012  -49.723  -5.292 0.6000000238
143874  19.215  -47.743  -7.577 0.6999999881
38412  18.604  -47.451  -8.214 0.6999999881
129215  23.492  -49.219  -4.963 0.6000000238
152596  21.080  -46.153  -12.830 0.6999999881
37342  20.290  -47.946  -6.376 0.6999999881
136374  21.768  -48.927  -5.253 0.6999999881
37330  20.896  -48.653  -5.749 0.6999999881
38400  19.550  -46.956  -7.315 0.6999999881
142480  18.998  -46.801  -7.828 0.6999999881
38413  17.927  -47.231  -8.765 0.6000000238
39519  18.372  -46.570  -8.392 0.6999999881
134998  18.006  -45.627  -8.572 0.6000000238
39520  17.563  -46.302  -8.980 0.5000000000
40748  20.566  -45.323  -13.467 0.8000000119
38381  20.919  -47.690  -5.685 0.6999999881
38388  20.518  -47.171  -6.173 0.6999999881
39507  19.362  -46.202  -7.461 0.6999999881
39508  18.762  -45.933  -7.986 0.6999999881
39532  15.523  -45.501  -10.340 0.5000000000
40663  19.194  -45.295  -7.556 0.6999999881
137866  17.417  -44.468  -8.762 0.6000000238
41840  16.295  -43.966  -9.387 0.6000000238
56906  23.352  -30.634  -9.843 0.6999999881
55882  26.966  -31.679  -7.082 0.6999999881
55898  25.738  -31.839  -7.811 0.6999999881
56895  24.718  -30.573  -8.901 0.6999999881
54826  27.706  -31.962  -6.498 0.6000000238
55896  27.037  -30.983  -7.288 0.6000000238
56905  24.004  -30.143  -9.471 0.6999999881
56907  22.404  -30.405  -10.088 0.6999999881
57940  22.064  -29.331  -9.864 0.6999999881
55880  28.406  -31.128  -6.243 0.6000000238
56886  25.792  -31.122  -8.026 0.6999999881
144755  25.129  -29.783  -8.728 0.6999999881
56854  28.859  -30.362  -5.900 0.6000000238
57939  23.161  -29.620  -9.818 0.6999999881
153295  22.733  -28.980  -9.766 0.6999999881
151507  21.371  -27.956  -9.819 0.6999999881
55881  27.610  -31.081  -6.819 0.6000000238
56872  27.439  -30.368  -7.153 0.6000000238
144528  26.479  -29.804  -7.899 0.6000000238
57927  25.835  -29.795  -8.326 0.6999999881
145576  24.542  -29.767  -9.143 0.6999999881
59010  23.337  -28.622  -9.651 0.6999999881
60071  22.993  -27.810  -9.823 0.6999999881
150052  22.178  -26.787  -10.297 0.6999999881
56871  28.203  -30.351  -6.581 0.6000000238
57908  27.916  -29.620  -6.971 0.6000000238
154116  26.820  -29.210  -7.809 0.5000000000
57920  26.254  -29.129  -8.231 0.6000000238
60062  25.221  -27.880  -9.017 0.5000000000
60070  23.773  -27.848  -9.621 0.6999999881
61201  23.584  -26.459  -10.208 0.6999999881
61202  22.704  -26.322  -10.419 0.6999999881
69578  29.827  -18.485  -16.134 0.3000000119
68588  29.366  -19.138  -16.290 0.3000000119
68579  27.526  -19.457  -15.989 0.3000000119
148425  20.957  -56.116  -7.876 0.4000000060
30352  19.958  -55.618  -8.786 0.3000000119
139071  19.629  -55.179  -9.807 0.4000000060
29317  23.324  -56.508  -8.662 0.3000000119
31440  19.652  -54.307  -10.174 0.4000000060
140655  24.372  -55.215  -9.472 0.4000000060
149921  19.735  -53.894  -9.601 0.4000000060
30384  24.598  -54.987  -10.495 0.4000000060
31455  24.877  -54.206  -10.948 0.4000000060
143740  24.975  -53.813  -11.689 0.4000000060
33495  25.281  -52.387  -11.808 0.5000000000
33516  25.023  -52.313  -13.842 0.4000000060
33486  19.379  -52.628  -11.326 0.4000000060
35591  24.352  -50.447  -14.485 0.5000000000
34543  18.402  -51.453  -12.419 0.5000000000
36505  23.059  -49.215  -14.584 0.6000000238
35562  18.106  -50.841  -11.356 0.5000000000
35563  17.497  -50.336  -11.964 0.5000000000
35573  17.132  -50.450  -12.854 0.5000000000
36478  16.957  -49.688  -12.113 0.5000000000
37413  15.949  -48.795  -12.438 0.4000000060
38469  21.820  -47.532  -13.614 0.6999999881
38426  16.191  -46.662  -10.394 0.5000000000
39573  20.914  -46.382  -13.495 0.6999999881
138741  15.301  -46.139  -10.735 0.5000000000
39584  20.662  -46.022  -13.890 0.8000000119
40767  20.714  -45.521  -14.070 0.6999999881
39545  14.815  -45.396  -10.278 0.5000000000
41841  15.242  -43.610  -9.608 0.6000000238
49990  29.146  -35.939  -2.618 0.6000000238
51159  29.298  -35.194  -2.648 0.6000000238
55868  28.971  -31.129  -5.556 0.6000000238
58976  28.383  -28.832  -6.651 0.5000000000
58989  27.550  -28.854  -7.412 0.5000000000
60060  26.610  -27.634  -8.329 0.5000000000
60061  25.765  -27.742  -8.751 0.5000000000
61186  24.735  -26.828  -9.541 0.5000000000
144437  24.648  -25.467  -10.432 0.5000000000
63340  23.374  -24.473  -11.390 0.5000000000
71339  30.842  -16.619  -16.186 0.3000000119
70454  30.141  -17.769  -16.302 0.3000000119
70462  28.856  -17.820  -16.485 0.3000000119
137099  24.406  -50.025  -5.544 0.6000000238
35479  24.400  -50.846  -5.863 0.6000000238
34477  25.232  -51.441  -7.135 0.6000000238
137226  19.777  -45.752  -7.026 0.8000000119
36490  23.967  -48.925  -12.709 0.6999999881
37412  22.572  -47.738  -12.895 0.6999999881
38462  21.501  -46.650  -12.853 0.6999999881
55897  26.378  -31.268  -7.583 0.6999999881
138326  21.230  -28.612  -9.705 0.6999999881
63322  22.795  -24.978  -11.101 0.6000000238
69589  28.768  -18.678  -16.441 0.3000000119
39574  20.664  -45.790  -13.189 0.8000000119
40780  21.136  -46.152  -14.838 0.6999999881
56894  25.473  -30.533  -8.388 0.6999999881
30340  21.874  -55.587  -7.428 0.4000000060
31410  23.205  -54.791  -7.412 0.4000000060
30350  23.910  -55.414  -8.585 0.3000000119
32486  23.584  -53.927  -7.101 0.5000000000
33471  19.502  -52.720  -10.229 0.5000000000
32545  25.047  -53.204  -12.920 0.3000000119
130575  24.840  -51.644  -14.259 0.4000000060
34542  19.048  -52.065  -11.881 0.5000000000
40671  17.035  -45.214  -9.215 0.6000000238
57938  24.017  -29.282  -9.440 0.6999999881
132468  22.276  -28.401  -9.815 0.6999999881
56885  26.125  -30.507  -7.971 0.6999999881
57919  27.145  -29.718  -7.485 0.6000000238
57929  24.741  -29.107  -9.069 0.6999999881
58990  26.778  -28.532  -8.010 0.5000000000
58998  25.489  -28.280  -8.776 0.6000000238
59009  24.255  -28.485  -9.385 0.6999999881
153722  23.445  -27.455  -9.821 0.6999999881
61187  23.010  -27.082  -10.110 0.6999999881
58997  26.057  -28.388  -8.469 0.5000000000
60069  24.600  -27.683  -9.362 0.5000000000
61200  24.260  -26.475  -9.944 0.5000000000
63321  23.948  -25.145  -10.889 0.5000000000
62338  23.265  -25.745  -10.621 0.6999999881
61178  26.015  -27.000  -8.822 0.5000000000
63320  24.861  -24.893  -10.850 0.5000000000
39583  20.925  -46.736  -14.357 0.6000000238
39600  20.870  -46.213  -14.494 0.6000000238
39598  22.607  -46.185  -15.105 0.5000000000
39611  21.485  -46.600  -15.297 0.6000000238
40765  21.549  -45.361  -14.520 0.6000000238
154320  24.287  -46.016  -14.337 0.5000000000
130693  23.579  -45.724  -14.501 0.5000000000
153725  22.139  -45.349  -14.597 0.6000000238
41822  15.080  -42.668  -8.501 0.5000000000
143451  21.705  -44.653  -14.183 0.6000000238
40747  25.454  -45.284  -13.620 0.5000000000
129496  23.533  -45.026  -14.175 0.5000000000
41903  25.926  -44.524  -13.453 0.5000000000
41814  15.619  -42.809  -7.648 0.4000000060
136213  17.605  -45.715  -6.291 0.4000000060
40763  24.389  -45.275  -13.959 0.5000000000
41902  26.781  -44.581  -13.415 0.5000000000
41904  24.944  -44.477  -13.670 0.5000000000
136214  18.204  -45.810  -5.629 0.4000000060
44166  25.914  -43.005  -13.766 0.5000000000
43075  25.455  -43.754  -13.618 0.5000000000
39493  18.421  -46.296  -4.911 0.4000000060
46156  20.895  -41.025  -2.678 0.4000000060
44028  20.336  -42.313  -3.013 0.4000000060
44029  19.759  -43.063  -2.697 0.4000000060
42930  19.109  -43.765  -2.578 0.3000000119
48939  24.705  -37.387  -1.095 0.4000000060
148541  23.642  -38.033  -1.268 0.4000000060
47085  21.975  -39.672  -2.406 0.4000000060
152212  21.003  -40.724  -2.088 0.4000000060
48917  24.176  -37.185  -0.742 0.4000000060
47067  21.684  -39.581  -1.491 0.4000000060
46157  20.380  -41.278  -1.807 0.4000000060
48022  21.274  -39.148  -0.787 0.4000000060
46143  20.543  -40.537  -1.344 0.4000000060
45092  19.900  -41.949  -1.883 0.4000000060
44014  19.448  -42.498  -2.044 0.4000000060
135117  23.333  -38.425  -1.719 0.4000000060
48021  22.592  -38.692  -1.280 0.4000000060
47066  22.364  -39.216  -1.955 0.4000000060
49975  25.373  -36.792  -0.861 0.4000000060
48918  23.508  -37.416  -0.649 0.4000000060
48920  22.161  -38.087  -0.556 0.4000000060
149085  22.002  -39.128  -1.179 0.4000000060
48000  21.745  -38.618  -0.691 0.4000000060
47052  20.207  -39.022  -0.476 0.4000000060
46144  19.641  -40.765  -1.099 0.4000000060
132885  20.143  -38.183  -0.289 0.4000000060
46128  18.895  -40.103  -0.820 0.4000000060
151147  19.537  -41.405  -1.395 0.4000000060
49955  24.587  -36.644  -0.577 0.4000000060
49956  23.846  -36.585  -0.340 0.4000000060
48919  22.538  -37.374  -0.294 0.4000000060
49973  27.260  -36.251  -1.277 0.4000000060
141831  26.290  -36.504  -0.995 0.4000000060
51142  25.718  -35.869  -0.557 0.4000000060
146072  23.422  -35.829  -0.119 0.4000000060
49958  21.862  -36.320  0.066 0.4000000060
130072  21.562  -37.381  -0.104 0.4000000060
48921  20.623  -37.600  -0.163 0.4000000060
48002  19.376  -38.311  -0.354 0.4000000060
51160  28.880  -35.508  -2.010 0.5000000000
51140  27.502  -35.321  -1.116 0.5000000000
51141  26.585  -35.601  -0.748 0.4000000060
52358  25.850  -34.990  -0.526 0.4000000060
51122  25.086  -35.325  -0.440 0.4000000060
51123  24.312  -35.768  -0.286 0.4000000060
52378  28.352  -34.977  -1.479 0.5000000000
52357  26.709  -34.660  -0.810 0.4000000060
52343  24.383  -34.716  -0.541 0.4000000060
150897  23.721  -35.188  -0.391 0.4000000060
52356  27.561  -34.390  -1.249 0.4000000060
53581  26.747  -33.754  -1.193 0.4000000060
53568  25.792  -34.034  -0.863 0.4000000060
52342  25.197  -34.606  -0.599 0.4000000060
53570  23.988  -33.874  -1.035 0.4000000060
54746  26.823  -32.927  -1.532 0.4000000060
54747  26.050  -32.361  -1.722 0.4000000060
54748  25.065  -32.651  -1.663 0.4000000060
55802  24.593  -32.068  -2.065 0.4000000060
53597  29.396  -33.390  -2.896 0.5000000000
54764  28.480  -32.749  -2.216 0.5000000000
54766  26.943  -32.161  -1.910 0.4000000060
55801  25.334  -31.883  -2.090 0.4000000060
54767  23.937  -31.801  -2.275 0.3000000119
53580  27.587  -33.547  -1.497 0.5000000000
138175  25.948  -33.154  -1.339 0.4000000060
142232  25.195  -33.389  -1.256 0.4000000060
53583  23.610  -33.222  -1.507 0.4000000060
53582  24.435  -33.256  -1.400 0.4000000060
136112  28.688  -31.994  -2.599 0.5000000000
138508  27.833  -32.054  -2.211 0.5000000000
55800  26.199  -31.651  -2.215 0.4000000060
55818  24.686  -31.464  -2.395 0.3000000119
56832  29.118  -31.048  -3.658 0.5000000000
55815  28.046  -31.340  -2.670 0.5000000000
55816  27.107  -31.462  -2.404 0.4000000060
56808  26.356  -30.901  -2.636 0.4000000060
129502  25.562  -30.387  -2.840 0.4000000060
56809  24.764  -30.733  -2.695 0.3000000119
131697  24.065  -31.026  -2.556 0.3000000119
55819  23.371  -31.237  -2.469 0.3000000119
56844  29.231  -30.609  -4.432 0.4000000060
56853  29.174  -30.460  -5.179 0.5000000000
56834  27.539  -30.114  -3.254 0.3000000119
56835  26.539  -30.060  -3.094 0.4000000060
57842  24.716  -29.928  -3.061 0.3000000119
146410  24.146  -30.395  -2.796 0.3000000119
56810  23.540  -30.496  -2.700 0.3000000119
56811  22.832  -30.643  -2.590 0.3000000119
56833  28.338  -30.641  -3.260 0.3000000119
57863  28.942  -29.801  -4.310 0.4000000060
57884  29.168  -29.936  -4.870 0.4000000060
57907  28.656  -29.582  -6.266 0.4000000060
132165  26.368  -29.222  -3.411 0.3000000119
57866  25.603  -29.610  -3.216 0.3000000119
57867  24.248  -29.220  -3.297 0.3000000119
57843  23.838  -29.864  -2.999 0.3000000119
132274  22.397  -30.002  -2.669 0.3000000119
147834  21.738  -30.027  -2.607 0.3000000119
57868  23.447  -29.218  -3.167 0.3000000119
57844  23.112  -29.897  -2.845 0.3000000119
57870  21.890  -28.847  -2.942 0.3000000119
141761  28.879  -30.333  -3.839 0.3000000119
139327  28.918  -28.857  -5.320 0.3000000119
58975  28.833  -28.831  -5.928 0.4000000060
58988  28.235  -28.063  -7.021 0.4000000060
60050  27.468  -27.924  -7.687 0.4000000060
61177  26.846  -26.683  -8.472 0.4000000060
60068  25.298  -27.274  -9.141 0.4000000060
57846  21.267  -29.412  -2.737 0.3000000119
58939  27.804  -28.934  -3.803 0.3000000119
57865  27.260  -29.483  -3.448 0.3000000119
57864  28.277  -29.736  -3.700 0.3000000119
58938  28.509  -29.078  -4.257 0.3000000119
58954  28.665  -28.523  -4.761 0.3000000119
140567  28.609  -28.097  -6.259 0.3000000119
60048  28.484  -27.341  -6.575 0.4000000060
61164  28.465  -26.608  -6.937 0.3000000119
60049  28.136  -27.287  -7.284 0.4000000060
61165  28.090  -26.651  -7.516 0.4000000060
61184  26.277  -26.212  -9.036 0.4000000060
62318  25.756  -25.774  -9.628 0.4000000060
61185  25.485  -26.510  -9.334 0.4000000060
62336  25.320  -25.329  -10.242 0.4000000060
143174  28.338  -25.997  -7.444 0.3000000119
62304  27.155  -25.852  -8.660 0.4000000060
62317  26.561  -25.471  -9.342 0.4000000060
62335  26.089  -25.094  -10.029 0.4000000060
63337  26.037  -24.060  -11.241 0.4000000060
63338  25.164  -24.219  -11.398 0.4000000060
64314  24.500  -23.561  -12.107 0.4000000060
64315  23.442  -23.776  -11.815 0.5000000000
62303  28.076  -25.395  -8.136 0.3000000119
62316  27.389  -25.073  -8.969 0.3000000119
63308  26.843  -24.767  -9.709 0.4000000060
64291  26.863  -23.818  -10.948 0.4000000060
63319  26.441  -24.443  -10.470 0.4000000060
64312  26.441  -23.383  -11.744 0.3000000119
64313  25.560  -23.568  -11.982 0.4000000060
65268  24.333  -22.569  -12.514 0.3000000119
65269  23.431  -22.988  -12.310 0.3000000119
137270  22.599  -23.199  -11.945 0.4000000060
66249  24.161  -21.557  -12.651 0.3000000119
66250  23.240  -21.987  -12.419 0.3000000119
62289  28.502  -25.223  -7.347 0.3000000119
63294  28.168  -24.570  -8.603 0.3000000119
63307  27.637  -24.419  -9.404 0.3000000119
64275  27.857  -23.902  -9.801 0.3000000119
64290  27.704  -23.481  -10.496 0.3000000119
64311  27.262  -23.103  -11.382 0.3000000119
65266  26.827  -22.609  -12.153 0.3000000119
65279  26.303  -21.964  -12.683 0.3000000119
145245  25.149  -22.981  -12.450 0.3000000119
67329  24.855  -21.115  -12.841 0.3000000119
66266  25.734  -21.156  -12.921 0.3000000119
63293  28.592  -23.875  -8.191 0.3000000119
63306  28.290  -23.915  -9.095 0.3000000119
65252  28.019  -22.782  -10.983 0.3000000119
65265  27.623  -22.336  -11.720 0.3000000119
66247  27.195  -21.791  -12.398 0.3000000119
66265  26.698  -21.116  -12.828 0.3000000119
67350  25.016  -20.202  -12.972 0.3000000119
139973  26.160  -20.324  -13.047 0.3000000119
69552  25.010  -18.414  -13.270 0.3000000119
155165  28.747  -33.896  -1.858 0.5000000000
53598  29.011  -33.557  -2.289 0.5000000000
150061  21.189  -47.293  -14.243 0.6000000238
38480  21.055  -47.412  -14.902 0.5000000000
39612  21.001  -46.954  -15.078 0.5000000000
139660  22.056  -46.806  -15.715 0.5000000000
40762  26.052  -46.024  -13.716 0.5000000000
39597  24.679  -46.579  -14.602 0.5000000000
39610  23.055  -46.782  -15.620 0.5000000000
41821  17.803  -43.596  -8.316 0.6000000238
41828  16.455  -43.108  -8.905 0.6000000238
43015  15.355  -42.309  -8.645 0.6000000238
43009  14.945  -42.551  -8.827 0.5000000000
40665  14.680  -44.443  -8.663 0.5000000000
147635  15.380  -44.017  -7.935 0.5000000000
39509  15.540  -45.499  -7.947 0.5000000000
138368  17.175  -46.962  -6.728 0.4000000060
39499  17.638  -46.710  -6.219 0.4000000060
38369  18.079  -47.127  -4.842 0.4000000060
38349  17.766  -47.088  -4.290 0.4000000060
152027  18.070  -44.783  -2.669 0.3000000119
42931  18.302  -43.522  -2.246 0.3000000119
44031  18.086  -42.916  -1.951 0.4000000060
147390  18.090  -40.199  -0.959 0.4000000060
45093  19.024  -41.864  -1.491 0.4000000060
47053  19.029  -39.148  -0.554 0.4000000060
145718  22.665  -35.818  -0.065 0.4000000060
48922  19.689  -37.594  -0.225 0.4000000060
48923  18.761  -37.569  -0.399 0.4000000060
149144  20.916  -36.024  -0.052 0.4000000060
144980  22.890  -34.323  -0.855 0.4000000060
51127  20.450  -35.465  -0.462 0.4000000060
54749  24.048  -32.534  -1.839 0.4000000060
152472  23.594  -32.215  -2.077 0.4000000060
52359  23.217  -33.830  -1.176 0.4000000060
54768  23.215  -31.937  -2.240 0.3000000119
56812  21.945  -30.829  -2.526 0.3000000119
40746  26.476  -45.275  -13.502 0.5000000000
40593  18.069  -45.524  -3.100 0.4000000060
47054  18.164  -39.471  -0.768 0.4000000060
48003  18.621  -38.348  -0.476 0.4000000060
51125  22.083  -35.270  -0.340 0.4000000060
51126  21.263  -35.383  -0.329 0.4000000060
39459  18.131  -46.088  -3.596 0.4000000060
40764  22.724  -45.363  -14.528 0.5000000000
48938  25.281  -37.611  -1.494 0.4000000060
53615  29.473  -33.619  -3.416 0.5000000000
54784  29.456  -32.904  -3.418 0.5000000000
63339  24.247  -24.371  -11.423 0.4000000060
131312  25.660  -24.685  -10.708 0.4000000060
39599  21.876  -45.827  -14.870 0.6000000238
151290  23.755  -46.397  -14.887 0.5000000000
131296  25.055  -46.016  -13.963 0.5000000000
47069  19.860  -39.965  -0.741 0.4000000060
46145  18.647  -40.965  -1.135 0.4000000060
51161  28.185  -35.910  -1.568 0.5000000000
132389  20.203  -36.214  -0.194 0.4000000060
140647  28.323  -34.121  -1.592 0.5000000000
53569  24.819  -33.933  -0.936 0.4000000060
54763  29.152  -32.740  -2.753 0.5000000000
54765  27.675  -32.779  -1.803 0.5000000000
55840  28.761  -31.372  -3.041 0.5000000000
55814  29.314  -31.967  -3.335 0.5000000000
56807  27.319  -30.715  -2.827 0.4000000060
57877  28.992  -29.274  -4.834 0.3000000119
57885  29.020  -29.604  -5.475 0.4000000060
61176  27.704  -26.283  -8.029 0.4000000060
58955  28.081  -28.343  -4.247 0.3000000119
62302  28.442  -24.681  -7.885 0.3000000119
65251  28.596  -22.402  -10.459 0.3000000119
68549  25.627  -19.420  -13.180 0.3000000119
152153  19.290  -37.042  -0.280 0.4000000060
37401  15.470  -48.157  -11.924 0.4000000060
38450  15.409  -47.501  -11.446 0.4000000060
38451  14.935  -47.369  -11.346 0.4000000060
38440  14.482  -46.766  -10.515 0.3000000119
38439  14.997  -46.344  -10.891 0.4000000060
39533  14.480  -45.488  -9.702 0.3000000119
35592  23.424  -49.862  -15.081 0.5000000000
40684  14.741  -44.318  -9.633 0.5000000000
39522  14.299  -45.890  -9.254 0.3000000119
37428  22.140  -48.542  -14.660 0.5000000000
36507  21.537  -48.650  -15.519 0.5000000000
133902  22.367  -49.813  -15.857 0.5000000000
43028  14.906  -42.815  -9.154 0.5000000000
41829  14.519  -43.923  -9.107 0.4000000060
36516  21.541  -49.168  -16.007 0.5000000000
37445  21.277  -48.486  -15.986 0.3000000119
37429  21.245  -48.087  -15.241 0.5000000000
38495  21.216  -47.771  -15.520 0.4000000060
37460  21.438  -48.614  -16.589 0.3000000119
38510  21.241  -48.086  -16.084 0.3000000119
37459  22.154  -48.279  -17.061 0.3000000119
38509  21.660  -47.884  -16.463 0.3000000119
130776  23.469  -47.351  -16.067 0.3000000119
38508  22.760  -47.748  -16.664 0.3000000119
38493  22.313  -47.268  -16.163 0.4000000060
38494  21.383  -47.405  -15.784 0.4000000060
38391  17.085  -47.779  -6.784 0.3000000119
38478  25.261  -47.294  -15.017 0.4000000060
38492  24.529  -47.605  -15.790 0.4000000060
38382  17.659  -47.867  -5.223 0.3000000119
39460  17.621  -46.674  -3.811 0.3000000119
45094  17.977  -41.618  -1.442 0.3000000119
45095  16.937  -41.387  -1.623 0.3000000119
46146  17.466  -40.661  -1.283 0.3000000119
154252  16.918  -40.176  -1.341 0.3000000119
46129  17.320  -39.739  -1.106 0.3000000119
49962  17.981  -37.038  -0.652 0.3000000119
148302  19.425  -36.421  -0.377 0.3000000119
49961  18.718  -36.695  -0.514 0.3000000119
49976  18.142  -36.208  -0.862 0.3000000119
49978  16.583  -36.688  -1.335 0.3000000119
52360  22.483  -33.860  -1.266 0.3000000119
52346  21.534  -34.651  -0.787 0.3000000119
52347  20.786  -34.761  -0.844 0.3000000119
51143  19.976  -34.892  -0.995 0.3000000119
51144  19.131  -35.165  -1.141 0.3000000119
53584  22.822  -33.260  -1.594 0.3000000119
53585  21.963  -33.287  -1.744 0.3000000119
145415  21.118  -34.250  -1.282 0.3000000119
52362  20.436  -34.254  -1.511 0.3000000119
52363  19.479  -34.376  -1.795 0.3000000119
53586  21.050  -33.629  -1.816 0.3000000119
53587  20.138  -33.704  -2.187 0.3000000119
54750  23.188  -32.587  -1.901 0.3000000119
54751  22.480  -32.775  -1.913 0.3000000119
53601  20.623  -33.085  -2.434 0.3000000119
154776  24.011  -50.575  -15.170 0.5000000000
38479  24.136  -47.001  -15.342 0.4000000060
38370  17.598  -47.520  -4.614 0.3000000119
49977  17.393  -36.469  -1.088 0.3000000119
52361  21.740  -34.021  -1.314 0.3000000119
40672  14.321  -45.036  -8.970 0.3000000119
135777  14.780  -45.497  -8.552 0.3000000119
38401  16.253  -47.663  -7.647 0.3000000119
33496  19.356  -52.615  -12.436 0.4000000060
33508  18.608  -52.385  -13.529 0.4000000060
34566  18.118  -52.005  -13.663 0.4000000060
33498  16.964  -52.848  -12.302 0.4000000060
33499  16.372  -52.272  -12.188 0.3000000119
34567  17.657  -51.534  -13.479 0.4000000060
33510  16.826  -51.832  -13.195 0.4000000060
34557  16.534  -50.902  -13.184 0.4000000060
129813  25.093  -52.571  -13.307 0.3000000119
35584  17.150  -50.948  -13.349 0.4000000060
34546  15.099  -50.839  -12.266 0.3000000119
35564  15.341  -49.929  -12.557 0.3000000119
35575  16.114  -50.128  -13.031 0.4000000060
35566  14.066  -50.382  -11.321 0.3000000119
34547  14.396  -51.052  -11.548 0.3000000119
36468  14.010  -48.759  -10.766 0.3000000119
36492  15.871  -49.439  -12.737 0.4000000060
36480  15.375  -48.959  -12.300 0.3000000119
37402  14.791  -48.350  -11.586 0.3000000119
32537  17.348  -53.408  -12.604 0.4000000060
33517  17.683  -51.904  -13.550 0.4000000060
130808  14.251  -47.756  -10.646 0.3000000119
147506  19.530  -53.011  -10.953 0.3000000119
140401  13.091  -49.863  -10.247 0.3000000119
29308  22.914  -56.126  -8.076 0.4000000060
29310  21.524  -56.201  -7.786 0.4000000060
29318  22.575  -56.899  -8.375 0.3000000119
29319  21.794  -56.884  -8.129 0.4000000060
29320  20.510  -56.312  -8.338 0.4000000060
30338  23.327  -55.482  -7.968 0.4000000060
30341  21.173  -55.573  -7.557 0.4000000060
31411  22.256  -54.907  -7.103 0.4000000060
31427  19.778  -54.637  -9.167 0.4000000060
31439  24.792  -54.351  -9.941 0.4000000060
32468  23.114  -53.401  -6.599 0.6000000238
32471  20.937  -53.126  -6.911 0.5000000000
32487  21.009  -54.060  -7.101 0.4000000060
32501  20.388  -54.081  -7.782 0.4000000060
32514  24.993  -53.705  -9.382 0.4000000060
32515  19.753  -53.268  -9.413 0.5000000000
32528  19.629  -53.478  -10.488 0.4000000060
32535  25.135  -53.181  -12.112 0.5000000000
32536  19.596  -53.253  -11.720 0.3000000119
33426  24.179  -52.361  -6.591 0.6000000238
33429  20.779  -52.152  -6.815 0.5000000000
33470  25.386  -52.272  -9.331 0.4000000060
33487  16.501  -52.950  -11.223 0.3000000119
33497  18.883  -52.113  -12.945 0.5000000000
33509  17.573  -52.589  -13.377 0.4000000060
34460  23.560  -51.412  -5.737 0.6000000238
34461  22.754  -51.596  -5.671 0.6000000238
34479  23.734  -52.043  -6.153 0.6000000238
34482  20.819  -51.368  -6.533 0.6000000238
34499  24.774  -51.909  -6.840 0.6000000238
34509  25.464  -51.581  -8.111 0.6000000238
34510  19.431  -51.782  -8.851 0.5000000000
34531  25.414  -51.505  -9.816 0.6000000238
34544  17.770  -50.847  -12.424 0.4000000060
34554  25.205  -51.655  -12.394 0.6000000238
34555  18.227  -51.775  -13.375 0.4000000060
34556  17.686  -51.198  -13.140 0.4000000060
34558  15.776  -50.596  -12.847 0.3000000119
34568  17.194  -51.349  -13.399 0.4000000060
35480  23.663  -50.528  -5.417 0.6000000238
35483  21.483  -50.146  -5.664 0.6000000238
35513  25.717  -50.302  -7.619 0.8000000119
35515  19.813  -50.084  -7.224 0.6000000238
35539  25.384  -50.774  -9.445 0.6999999881
35540  18.399  -50.342  -9.313 0.6000000238
35565  14.659  -50.340  -11.927 0.3000000119
35574  16.671  -50.428  -13.131 0.4000000060
36403  25.294  -48.741  -5.739 1.0000000000
36407  21.241  -49.507  -5.662 0.6000000238
36429  19.492  -49.308  -7.389 0.6000000238
36442  18.410  -49.032  -8.517 0.6000000238
36455  17.529  -49.171  -9.710 0.6000000238
36467  16.883  -49.163  -11.222 0.5000000000
36469  13.226  -49.078  -10.065 0.3000000119
36481  14.551  -49.477  -11.697 0.3000000119
36482  13.708  -49.688  -10.819 0.3000000119
36491  16.373  -49.694  -12.714 0.5000000000
36506  22.279  -49.203  -15.290 0.5000000000
37309  23.271  -48.371  -4.719 0.8999999762
37310  22.352  -48.362  -4.873 0.6999999881
37329  21.563  -48.114  -5.220 0.8000000119
37340  26.115  -47.765  -6.430 1.0000000000
37343  19.732  -48.514  -7.000 0.6999999881
37350  26.068  -48.560  -6.694 1.0000000000
37360  18.188  -48.112  -8.616 0.6000000238
37361  17.571  -47.907  -9.208 0.6000000238
37387  16.358  -48.290  -11.458 0.6000000238
37388  13.446  -48.169  -9.859 0.3000000119
37400  15.892  -48.166  -11.975 0.4000000060
37418  21.524  -47.820  -14.424 0.5000000000
37469  21.390  -49.271  -16.919 0.3000000119
38367  23.310  -47.497  -4.550 0.8999999762
38377  25.971  -47.203  -5.836 1.0000000000
38378  25.465  -47.464  -5.447 0.8999999762
38380  21.523  -47.303  -5.209 0.8999999762
38389  20.052  -47.042  -6.762 0.8999999762
38390  17.631  -47.589  -6.072 0.3000000119
38410  26.394  -47.082  -7.993 1.0000000000
38427  14.238  -46.434  -9.672 0.3000000119
38438  15.548  -46.998  -11.026 0.4000000060
38449  15.873  -47.660  -11.512 0.4000000060
39477  23.954  -46.902  -4.497 0.8999999762
39480  18.169  -46.575  -4.211 0.4000000060
39489  25.652  -46.787  -5.342 1.0000000000
39491  21.528  -46.487  -5.246 0.8999999762
39494  18.107  -46.575  -5.550 0.4000000060
39500  16.672  -45.748  -7.088 0.4000000060
39506  26.651  -46.592  -7.268 1.0000000000
39531  16.581  -45.928  -9.697 0.6000000238
39543  23.427  -46.713  -10.923 0.8000000119
39544  15.053  -45.400  -10.456 0.5000000000
40609  19.040  -45.111  -3.692 0.4000000060
40627  23.795  -46.040  -4.407 0.8999999762
40647  21.478  -45.615  -5.386 0.8999999762
40664  18.411  -44.943  -8.189 0.6999999881
40673  14.456  -44.838  -9.304 0.3000000119
40682  15.866  -44.720  -9.823 0.5000000000
40683  15.065  -44.470  -10.024 0.6000000238
40685  14.657  -44.887  -9.793 0.5000000000
40699  14.905  -44.833  -10.092 0.5000000000
40715  22.697  -45.541  -11.472 0.8999999762
40716  21.903  -45.549  -11.878 0.8000000119
40766  20.971  -45.675  -14.469 0.6999999881
41768  18.666  -45.051  -3.092 0.4000000060
41784  19.423  -44.387  -3.832 0.4000000060
41796  26.606  -44.813  -5.580 0.8999999762
41800  18.368  -44.441  -5.496 0.5000000000
41813  16.486  -43.066  -6.796 0.6000000238
41823  14.739  -43.228  -8.848 0.5000000000
41826  27.222  -44.611  -8.082 1.0000000000
41842  14.834  -43.543  -9.442 0.5000000000
41853  25.108  -44.206  -10.346 0.8999999762
41855  23.733  -44.679  -11.017 0.8999999762
41856  20.842  -43.944  -11.908 0.8999999762
41857  20.022  -43.492  -12.023 0.8999999762
41871  19.751  -43.508  -12.396 0.8999999762
41885  19.812  -43.823  -12.757 0.8999999762
41905  20.292  -44.667  -13.146 0.8999999762
41906  19.953  -44.188  -13.007 0.8999999762
42963  23.845  -43.685  -4.337 0.8999999762
42981  26.025  -43.533  -4.596 0.8999999762
42985  17.479  -42.291  -5.885 0.6000000238
43014  16.527  -42.179  -8.348 0.6999999881
43074  26.557  -43.783  -13.440 0.5000000000
43079  19.719  -43.720  -13.018 0.8999999762
44015  18.490  -42.411  -1.740 0.4000000060
44030  18.954  -43.074  -2.165 0.3000000119
44092  28.318  -41.699  -7.103 1.0000000000
44094  20.912  -41.970  -6.384 1.0000000000
44098  16.030  -41.426  -7.466 0.6000000238
44106  18.538  -41.421  -7.189 0.6000000238
44109  15.917  -41.558  -7.983 0.6999999881
44139  19.273  -42.502  -11.872 0.8999999762
44157  19.156  -42.510  -12.677 0.8999999762
45112  20.443  -41.800  -2.522 0.4000000060
45143  19.474  -40.553  -4.600 0.6000000238
45155  21.859  -40.874  -5.630 0.6999999881
45157  17.860  -40.525  -5.764 0.6999999881
45167  20.527  -41.077  -6.334 0.6999999881
45168  19.463  -40.584  -6.437 0.6999999881
45169  18.443  -40.607  -6.614 0.6999999881
45170  17.794  -40.460  -6.268 0.6999999881
45180  17.039  -40.881  -6.743 0.6999999881
45195  26.910  -41.656  -9.477 1.0000000000
45212  21.585  -41.118  -11.385 0.8999999762
45215  18.286  -41.136  -11.755 0.8999999762
45243  21.167  -41.461  -13.427 0.6999999881
45245  18.989  -41.850  -12.757 0.8000000119
45246  18.453  -41.326  -12.318 0.8999999762
45263  24.346  -41.410  -14.581 0.6000000238
46142  21.328  -40.175  -1.819 0.4000000060
46173  20.912  -40.261  -3.621 0.6000000238
46189  25.616  -41.076  -3.781 0.8999999762
46193  21.140  -39.537  -4.669 0.6000000238
46194  19.036  -39.871  -5.090 0.6999999881
46207  21.422  -39.942  -5.250 0.6999999881
46209  19.008  -39.821  -5.530 0.6999999881
46218  19.304  -39.928  -5.968 0.6999999881
46255  24.733  -40.154  -10.708 1.0000000000
46274  18.141  -40.834  -11.712 0.8999999762
46294  22.215  -40.645  -13.532 0.6999999881
46296  20.141  -40.738  -13.043 0.6999999881
46298  18.567  -40.609  -12.392 0.8999999762
47068  20.878  -39.827  -0.985 0.4000000060
47103  22.491  -39.225  -3.812 0.6999999881
47119  22.472  -39.442  -4.286 0.6999999881
47148  27.128  -39.181  -8.780 1.0000000000
47168  24.180  -39.614  -10.746 1.0000000000
47171  20.076  -39.761  -10.747 0.8999999762
47173  17.942  -39.326  -10.645 0.8999999762
47200  18.164  -40.259  -11.966 0.8999999762
47236  24.703  -39.117  -15.572 0.6000000238
48001  20.874  -38.415  -0.429 0.4000000060
48037  22.979  -38.841  -2.367 0.5000000000
48116  17.690  -38.839  -10.592 0.8999999762
48138  21.172  -38.317  -12.653 0.6999999881
48158  22.889  -39.027  -13.671 0.6999999881
48940  23.027  -38.094  -0.895 0.4000000060
48941  17.153  -37.318  -0.891 0.3000000119
48954  26.024  -37.636  -1.576 0.5000000000
49015  18.958  -36.760  -9.403 1.0000000000
49025  18.653  -37.635  -9.621 0.8999999762
49035  17.473  -37.363  -10.088 0.8999999762
49045  19.025  -37.264  -11.555 0.8000000119
49057  22.271  -37.379  -12.802 0.6999999881
49954  25.026  -36.061  -0.441 0.4000000060
49957  22.986  -36.574  -0.107 0.4000000060
49959  20.847  -36.742  0.033 0.4000000060
49960  19.999  -36.938  -0.083 0.4000000060
50057  21.176  -36.130  -9.290 1.0000000000
50067  17.545  -36.449  -9.910 0.8999999762
50078  19.878  -36.621  -11.660 0.6999999881
51124  22.938  -35.060  -0.433 0.4000000060
51128  18.870  -35.928  -0.721 0.3000000119
51223  23.931  -35.613  -8.265 0.8999999762
51224  23.114  -35.361  -8.507 0.8999999762
51228  18.532  -35.308  -9.412 1.0000000000
51229  18.063  -35.460  -9.632 0.8999999762
52344  23.523  -34.480  -0.701 0.4000000060
52345  22.272  -34.490  -0.803 0.4000000060
52377  29.007  -34.491  -1.971 0.5000000000
52426  26.637  -34.372  -6.698 0.8000000119
52442  22.687  -34.823  -8.636 0.8999999762
53599  28.348  -33.421  -1.821 0.5000000000
53600  21.328  -33.002  -2.179 0.3000000119
53681  20.448  -33.546  -9.372 0.8999999762
53694  21.077  -33.045  -9.632 0.8999999762
53719  20.719  -33.702  -11.772 0.8000000119
53732  21.478  -33.098  -12.190 0.8000000119
54882  20.248  -32.276  -11.732 0.6999999881
55817  25.476  -31.186  -2.513 0.4000000060
55857  29.399  -31.537  -4.192 0.6000000238
55907  24.045  -31.984  -9.184 0.8000000119
55910  17.695  -31.257  -9.378 0.8999999762
55920  23.443  -31.487  -9.740 0.8000000119
55923  20.544  -31.262  -9.832 0.8999999762
55924  17.497  -31.772  -9.601 0.8999999762
55930  17.441  -31.280  -9.699 0.8000000119
55944  17.657  -30.819  -10.283 0.8000000119
55955  22.630  -31.363  -12.685 0.6000000238
56884  26.751  -30.444  -7.562 0.6000000238
56898  17.790  -30.487  -9.451 0.8999999762
56908  21.508  -30.823  -10.113 0.8999999762
56929  18.217  -30.338  -10.771 0.8000000119
56930  17.667  -30.161  -10.193 0.8000000119
56946  19.909  -29.935  -11.657 0.6999999881
57845  22.010  -29.490  -2.743 0.3000000119
57928  25.483  -28.980  -8.644 0.6000000238
57951  18.157  -29.122  -10.284 0.8000000119
57980  22.958  -29.932  -12.969 0.6000000238
57990  22.743  -29.288  -12.863 0.6000000238
58999  24.970  -28.402  -9.051 0.5000000000
59034  18.975  -27.716  -10.906 0.8000000119
60059  27.457  -27.089  -7.895 0.4000000060
60072  20.777  -27.347  -10.019 0.8000000119
60073  19.739  -27.384  -10.038 0.8000000119
60074  19.102  -27.762  -10.211 0.8000000119
61188  21.277  -26.763  -10.281 0.8000000119
61215  19.374  -26.212  -11.031 0.8000000119
61242  22.474  -26.329  -13.024 0.6000000238
62319  24.888  -26.021  -9.874 0.5000000000
62337  24.136  -25.915  -10.360 0.5000000000
62352  19.767  -24.883  -11.222 0.8000000119
62373  23.184  -25.403  -13.510 0.6000000238
62374  21.933  -25.592  -12.929 0.6000000238
62375  21.437  -24.805  -12.851 0.6000000238
62376  20.883  -24.036  -12.612 0.6000000238
62388  24.743  -25.536  -14.267 0.5000000000
63318  27.220  -24.162  -10.157 0.4000000060
63324  19.956  -24.426  -11.376 0.6999999881
63351  20.107  -24.032  -12.100 0.6000000238
63359  22.838  -24.398  -13.619 0.6000000238
63378  26.757  -24.512  -15.450 0.5000000000
64289  28.309  -22.975  -10.284 0.3000000119
64293  21.115  -23.344  -11.634 0.6000000238
64316  20.538  -23.288  -11.888 0.6000000238
64325  20.183  -23.656  -11.952 0.6000000238
64335  22.111  -23.468  -13.480 0.6000000238
64354  27.719  -23.103  -15.732 0.4000000060
64356  26.499  -23.791  -15.365 0.5000000000
65267  25.949  -22.816  -12.398 0.3000000119
65271  20.936  -22.868  -11.875 0.6000000238
65288  21.631  -22.540  -13.240 0.6000000238
65296  24.996  -22.660  -14.697 0.6000000238
65308  27.440  -22.435  -15.812 0.4000000060
66248  25.243  -22.058  -12.718 0.3000000119
66267  21.632  -20.876  -12.800 0.6000000238
66279  24.665  -21.917  -14.694 0.6000000238
67331  23.104  -21.026  -12.496 0.4000000060
67332  22.169  -20.544  -12.551 0.4000000060
67333  21.734  -20.711  -12.703 0.4000000060
67351  21.826  -20.037  -12.835 0.4000000060
67359  21.802  -19.919  -13.026 0.4000000060
67360  21.594  -20.458  -13.030 0.5000000000
67367  24.622  -20.433  -14.770 0.6000000238
68552  22.831  -19.161  -13.130 0.4000000060
68553  22.318  -19.480  -13.143 0.4000000060
68557  22.373  -19.511  -13.417 0.4000000060
68582  24.432  -18.740  -14.760 0.4000000060
68583  23.590  -18.838  -14.451 0.4000000060
68590  28.065  -19.067  -16.270 0.3000000119
69553  24.077  -18.234  -13.297 0.4000000060
69554  23.271  -18.449  -13.479 0.4000000060
69570  23.138  -18.187  -13.950 0.4000000060
69582  23.950  -17.629  -14.504 0.4000000060
69588  29.512  -18.253  -16.410 0.3000000119
69590  27.867  -18.110  -16.208 0.3000000119
70445  23.581  -16.707  -14.093 0.4000000060
70453  30.593  -17.273  -15.953 0.3000000119
129589  22.242  -22.317  -12.075 0.5000000000
130293  23.599  -45.179  -4.397 0.8999999762
130494  14.583  -45.989  -10.286 0.3000000119
130554  26.202  -20.155  -15.449 0.4000000060
130812  25.323  -48.127  -5.558 1.0000000000
130880  19.654  -52.546  -9.074 0.5000000000
131423  26.402  -45.624  -5.600 0.8999999762
132275  24.119  -37.744  -1.243 0.4000000060
133183  19.356  -44.462  -7.358 0.8999999762
133491  23.760  -46.098  -10.717 0.8999999762
133770  22.302  -35.105  -12.401 0.6999999881
134064  18.682  -51.549  -11.314 0.5000000000
134177  22.599  -19.726  -14.005 0.4000000060
134223  20.299  -48.810  -6.397 0.6000000238
134370  19.973  -44.441  -6.837 0.8999999762
134452  25.235  -26.309  -14.483 0.5000000000
135120  21.071  -24.055  -11.314 0.6000000238
135150  23.920  -41.938  -14.175 0.6000000238
135154  22.934  -26.958  -13.163 0.6000000238
135478  22.886  -43.160  -13.756 0.8000000119
136422  24.220  -40.765  -11.083 1.0000000000
136436  16.849  -47.778  -9.884 0.6000000238
137205  18.188  -29.174  -9.673 0.8999999762
137584  19.481  -31.253  -9.516 0.8999999762
137935  23.487  -55.933  -8.453 0.3000000119
138250  23.753  -49.825  -5.219 0.8000000119
138364  16.442  -46.729  -7.418 0.3000000119
138945  19.912  -50.802  -7.405 0.6000000238
139055  18.426  -52.722  -13.748 0.4000000060
139884  25.457  -40.550  -10.437 1.0000000000
140307  23.656  -39.750  -14.568 0.6000000238
140320  20.448  -27.942  -11.840 0.6000000238
141232  22.005  -27.465  -10.067 0.6999999881
141402  17.523  -37.094  -9.898 0.8999999762
141572  18.025  -33.709  -9.555 0.8999999762
142613  19.173  -52.604  -13.272 0.4000000060
143290  19.747  -47.618  -7.021 0.6999999881
144315  18.217  -38.756  -0.614 0.4000000060
144344  21.925  -21.000  -13.463 0.6000000238
144655  19.639  -35.663  -0.596 0.3000000119
144738  18.116  -33.958  -9.530 1.0000000000
144883  23.917  -27.103  -9.757 0.5000000000
145030  22.033  -27.898  -12.577 0.6000000238
147020  17.912  -47.248  -5.536 0.4000000060
147055  21.373  -38.022  -0.367 0.4000000060
147163  27.456  -44.043  -7.878 1.0000000000
147862  22.071  -41.585  -5.661 1.0000000000
148098  27.004  -28.873  -3.613 0.3000000119
148139  23.101  -18.592  -14.129 0.4000000060
148577  18.550  -34.094  -10.471 0.8000000119
148648  19.667  -37.850  -9.811 0.8999999762
148653  21.111  -27.684  -12.238 0.6000000238
148838  26.059  -49.193  -6.944 0.8999999762
148845  24.450  -48.187  -4.966 0.8999999762
149094  14.765  -43.029  -9.079 0.5000000000
149128  20.036  -42.366  -2.444 0.4000000060
149707  24.650  -43.739  -13.762 0.6000000238
149887  19.422  -29.149  -11.402 0.8000000119
149893  19.816  -46.432  -7.013 0.6999999881
150132  15.458  -42.983  -9.265 0.6000000238
150140  18.620  -50.945  -9.622 0.5000000000
150616  22.937  -20.231  -12.571 0.4000000060
150721  22.898  -31.141  -10.093 0.8000000119
151486  17.335  -48.495  -9.624 0.6000000238
151595  19.909  -42.998  -13.351 0.8000000119
152004  17.844  -32.884  -9.183 0.8999999762
152101  21.835  -34.591  -12.324 0.6999999881
152904  20.308  -23.775  -11.370 0.6000000238
153437  24.688  -51.039  -14.342 0.5000000000
154210  18.461  -44.125  -2.521 0.3000000119
155442  25.349  -51.570  -7.603 0.6000000238
155530  25.572  -36.743  -8.457 0.8999999762
155799  24.210  -48.534  -10.769 0.8000000119
156036  24.640  -33.480  -7.891 0.8000000119
