#!ascii label  , from subject sub-v1s4x0050698_ses-1 vox2ras=TkReg
274
88232  26.089  1.323  -11.865 0.0000000000
76968  24.401  -10.494  -10.634 0.0000000000
93514  25.337  8.003  -13.536 0.0000000000
104527  20.043  19.547  -22.267 0.0000000000
75115  22.785  -13.030  -9.797 0.0000000000
98018  26.575  12.481  -13.890 0.0000000000
100516  26.159  15.555  -15.590 0.0000000000
137663  24.631  -1.922  -13.366 0.0000000000
81720  25.383  -4.816  -11.909 0.0000000000
84480  26.654  -2.049  -11.527 0.0000000000
90848  27.128  4.309  -10.757 0.0000000000
88213  27.809  1.667  -10.542 0.0000000000
91702  25.100  5.211  -12.541 0.0000000000
94402  27.077  8.697  -11.985 0.0000000000
139415  23.190  18.539  -19.074 0.0000000000
143035  24.203  19.886  -17.711 0.0000000000
79798  26.555  -7.651  -10.741 0.0000000000
98925  25.830  13.452  -15.699 0.0000000000
137753  25.256  14.880  -16.668 0.0000000000
86355  24.971  -0.430  -13.045 0.0000000000
84488  25.370  -2.091  -12.514 0.0000000000
87273  26.499  0.120  -11.809 0.0000000000
153658  23.710  -11.909  -10.116 0.0000000000
92599  24.954  6.683  -12.997 0.0000000000
152125  26.323  6.510  -11.850 0.0000000000
94411  25.917  8.188  -12.845 0.0000000000
98909  27.411  14.107  -13.569 0.0000000000
97145  27.495  12.004  -12.633 0.0000000000
104522  19.249  18.479  -22.132 0.0000000000
102953  23.118  17.102  -19.746 0.0000000000
103739  22.381  18.460  -21.628 0.0000000000
106062  22.065  22.531  -22.891 0.0000000000
105297  23.923  21.956  -20.600 0.0000000000
104496  23.330  20.334  -18.939 0.0000000000
153026  24.073  21.477  -18.342 0.0000000000
155755  25.694  19.712  -16.381 0.0000000000
82568  26.527  -5.133  -11.179 0.0000000000
80787  26.085  -6.013  -11.316 0.0000000000
74121  22.301  -13.743  -9.636 0.0000000000
143426  26.190  9.778  -13.282 0.0000000000
97154  25.643  11.511  -14.809 0.0000000000
98924  26.291  13.695  -15.026 0.0000000000
100502  26.765  15.437  -14.752 0.0000000000
81738  24.055  -5.095  -13.184 0.0000000000
83506  24.941  -3.556  -12.660 0.0000000000
83494  26.177  -3.529  -11.544 0.0000000000
83493  26.970  -3.532  -11.086 0.0000000000
89137  26.577  2.662  -11.257 0.0000000000
138728  26.664  1.668  -11.408 0.0000000000
90027  27.472  3.496  -10.473 0.0000000000
88241  25.039  1.045  -12.866 0.0000000000
89158  24.527  2.657  -13.488 0.0000000000
89147  25.425  2.769  -12.043 0.0000000000
140715  26.309  4.859  -11.474 0.0000000000
92582  26.928  6.734  -11.481 0.0000000000
93493  27.796  7.905  -11.106 0.0000000000
96235  26.800  10.190  -12.614 0.0000000000
96222  28.016  10.127  -11.646 0.0000000000
101390  24.059  16.690  -18.290 0.0000000000
138109  21.463  20.531  -22.608 0.0000000000
103730  22.979  19.283  -21.138 0.0000000000
103706  23.731  18.912  -18.163 0.0000000000
102186  24.973  17.359  -17.102 0.0000000000
102175  25.430  17.306  -16.491 0.0000000000
102929  25.990  17.846  -15.802 0.0000000000
77955  24.091  -9.123  -11.439 0.0000000000
80795  24.486  -6.475  -12.280 0.0000000000
87263  27.661  0.124  -10.880 0.0000000000
85406  28.169  -1.405  -10.579 0.0000000000
99747  25.458  14.011  -16.316 0.0000000000
100534  25.009  15.547  -17.076 0.0000000000
145034  25.650  0.871  -12.337 0.0000000000
86345  25.547  -0.507  -12.514 0.0000000000
150571  26.179  0.651  -11.966 0.0000000000
72142  20.968  -15.050  -9.401 0.0000000000
73065  21.824  -14.572  -9.383 0.0000000000
76045  24.143  -11.408  -10.266 0.0000000000
93506  25.402  7.397  -12.908 0.0000000000
94412  25.633  8.616  -13.444 0.0000000000
100501  27.587  15.633  -13.918 0.0000000000
103741  20.034  18.345  -22.005 0.0000000000
102975  21.822  17.938  -22.005 0.0000000000
103740  21.757  18.918  -22.167 0.0000000000
105291  23.837  22.168  -19.615 0.0000000000
105262  25.389  21.788  -16.899 0.0000000000
82567  27.182  -4.631  -10.854 0.0000000000
81701  26.952  -5.621  -10.884 0.0000000000
76969  22.759  -10.929  -11.117 0.0000000000
96243  25.767  10.838  -14.387 0.0000000000
99746  26.055  14.217  -15.612 0.0000000000
98041  26.065  13.038  -15.151 0.0000000000
135172  26.266  14.887  -15.421 0.0000000000
99734  26.534  14.477  -14.869 0.0000000000
102981  19.258  16.118  -23.146 0.0000000000
83507  24.339  -3.543  -13.362 0.0000000000
84489  24.811  -2.810  -13.008 0.0000000000
84487  26.046  -1.859  -11.991 0.0000000000
84481  25.927  -2.684  -11.881 0.0000000000
137876  26.582  -2.873  -11.421 0.0000000000
84479  27.151  -2.577  -11.118 0.0000000000
75116  21.919  -13.099  -10.190 0.0000000000
90028  26.816  3.518  -10.946 0.0000000000
89128  27.095  2.838  -10.777 0.0000000000
87292  24.770  0.340  -13.296 0.0000000000
90881  24.806  4.270  -12.876 0.0000000000
90049  24.661  3.426  -13.176 0.0000000000
89157  24.909  2.669  -12.721 0.0000000000
90041  25.108  3.498  -12.457 0.0000000000
90033  25.653  3.551  -11.857 0.0000000000
91691  25.779  5.017  -11.876 0.0000000000
93495  26.736  7.311  -11.802 0.0000000000
93494  27.315  7.261  -11.338 0.0000000000
94394  27.183  7.975  -11.640 0.0000000000
133596  26.408  10.762  -13.517 0.0000000000
97146  26.834  11.779  -13.329 0.0000000000
97138  27.838  11.481  -12.120 0.0000000000
102960  22.986  17.850  -20.351 0.0000000000
102196  23.276  16.681  -19.275 0.0000000000
154296  23.523  16.551  -18.830 0.0000000000
102952  23.483  17.877  -18.726 0.0000000000
105302  22.417  21.871  -22.365 0.0000000000
105308  21.849  21.817  -22.799 0.0000000000
149157  22.497  20.469  -21.907 0.0000000000
104519  23.140  20.452  -21.324 0.0000000000
103716  23.513  19.673  -18.531 0.0000000000
102942  24.066  18.162  -17.904 0.0000000000
102941  24.788  18.194  -17.252 0.0000000000
103692  25.248  19.027  -16.756 0.0000000000
103691  26.328  19.953  -15.996 0.0000000000
134463  25.936  19.031  -15.923 0.0000000000
102915  26.721  18.752  -15.404 0.0000000000
102164  26.849  17.870  -15.155 0.0000000000
77956  23.141  -9.311  -11.864 0.0000000000
81721  24.771  -5.083  -12.401 0.0000000000
81722  24.286  -5.810  -12.709 0.0000000000
137726  24.802  -5.839  -12.177 0.0000000000
80780  26.312  -6.993  -11.048 0.0000000000
79811  25.521  -7.030  -11.421 0.0000000000
79799  25.835  -7.725  -11.053 0.0000000000
78875  25.456  -8.397  -10.984 0.0000000000
88222  27.329  1.036  -11.075 0.0000000000
138704  28.021  0.798  -10.539 0.0000000000
98042  25.639  12.596  -15.693 0.0000000000
98937  25.417  13.164  -16.221 0.0000000000
100526  25.593  15.744  -16.323 0.0000000000
85432  25.167  -1.212  -12.843 0.0000000000
85423  25.799  -1.243  -12.279 0.0000000000
85422  26.423  -1.243  -11.771 0.0000000000
75125  23.329  -12.371  -9.986 0.0000000000
75114  24.123  -12.252  -9.719 0.0000000000
91678  27.413  5.791  -10.850 0.0000000000
140166  27.516  5.027  -10.626 0.0000000000
91712  24.686  5.895  -13.115 0.0000000000
91701  25.677  5.856  -12.090 0.0000000000
92590  25.595  6.660  -12.450 0.0000000000
93505  26.113  7.351  -12.354 0.0000000000
95324  26.496  8.797  -12.525 0.0000000000
98898  27.007  13.293  -13.705 0.0000000000
98017  27.280  12.623  -13.188 0.0000000000
98897  27.810  13.473  -13.009 0.0000000000
103731  22.773  17.969  -21.227 0.0000000000
105301  23.738  21.938  -21.146 0.0000000000
150958  23.377  21.315  -21.357 0.0000000000
104513  23.677  21.146  -20.942 0.0000000000
105279  23.481  21.282  -18.992 0.0000000000
104495  23.952  20.747  -18.175 0.0000000000
104477  25.108  19.990  -16.946 0.0000000000
104478  24.745  20.847  -17.295 0.0000000000
145491  25.463  20.928  -16.723 0.0000000000
81708  25.926  -5.014  -11.527 0.0000000000
81709  25.347  -5.510  -11.808 0.0000000000
80779  26.843  -6.427  -10.854 0.0000000000
74122  21.308  -13.796  -9.984 0.0000000000
75126  22.426  -12.303  -10.457 0.0000000000
76053  23.210  -11.614  -10.517 0.0000000000
134968  23.588  -10.816  -10.809 0.0000000000
94420  25.265  8.603  -14.046 0.0000000000
95332  25.705  9.227  -13.741 0.0000000000
96239  25.797  10.008  -14.061 0.0000000000
97153  26.205  11.622  -14.114 0.0000000000
98026  25.985  12.344  -14.754 0.0000000000
139144  26.431  13.131  -14.452 0.0000000000
98910  26.749  13.917  -14.248 0.0000000000
99733  27.115  14.761  -14.080 0.0000000000
101342  27.382  16.454  -14.409 0.0000000000
104529  19.085  18.199  -22.124 0.0000000000
104528  19.547  19.534  -22.450 0.0000000000
82600  24.487  -4.302  -12.929 0.0000000000
82599  25.147  -4.249  -12.261 0.0000000000
139023  25.317  -2.929  -12.414 0.0000000000
83495  25.517  -3.521  -12.033 0.0000000000
82585  25.736  -4.238  -11.713 0.0000000000
82584  26.424  -4.351  -11.309 0.0000000000
83481  27.712  -3.747  -10.656 0.0000000000
142453  25.991  2.186  -11.715 0.0000000000
89136  27.192  2.050  -10.938 0.0000000000
89127  27.624  2.553  -10.461 0.0000000000
139804  27.998  3.822  -10.025 0.0000000000
90026  28.054  3.104  -9.995 0.0000000000
89126  28.259  2.266  -10.023 0.0000000000
87284  25.292  0.243  -12.694 0.0000000000
143894  24.762  1.874  -13.120 0.0000000000
143884  25.377  1.812  -12.351 0.0000000000
89138  25.982  2.938  -11.642 0.0000000000
90032  26.276  3.536  -11.432 0.0000000000
91679  26.853  5.137  -11.093 0.0000000000
91690  26.304  5.578  -11.592 0.0000000000
92581  27.392  6.552  -11.086 0.0000000000
93478  27.907  7.146  -10.833 0.0000000000
95331  26.042  9.017  -13.074 0.0000000000
150736  26.467  9.451  -12.735 0.0000000000
95323  26.951  9.399  -12.283 0.0000000000
97139  27.098  11.170  -12.663 0.0000000000
145113  27.356  9.952  -12.065 0.0000000000
95313  27.579  9.374  -11.769 0.0000000000
144577  24.712  15.988  -17.517 0.0000000000
129334  19.746  20.493  -22.393 0.0000000000
134893  20.569  20.522  -22.500 0.0000000000
104526  21.195  19.732  -22.522 0.0000000000
103724  23.134  19.167  -20.509 0.0000000000
104507  23.405  20.272  -19.850 0.0000000000
103717  23.158  19.366  -19.481 0.0000000000
102187  24.386  17.420  -17.745 0.0000000000
101382  25.160  16.466  -16.910 0.0000000000
101372  25.722  16.763  -16.097 0.0000000000
148719  26.041  16.254  -15.721 0.0000000000
141117  26.584  16.292  -15.128 0.0000000000
101360  27.047  17.124  -14.854 0.0000000000
77948  23.719  -10.008  -11.195 0.0000000000
77947  24.643  -9.620  -10.915 0.0000000000
79825  24.070  -7.181  -12.378 0.0000000000
80788  25.154  -6.336  -11.785 0.0000000000
79812  24.741  -7.141  -11.846 0.0000000000
79813  24.272  -7.863  -11.942 0.0000000000
150144  24.400  -8.452  -11.578 0.0000000000
78876  24.849  -8.782  -11.148 0.0000000000
88223  26.665  0.820  -11.586 0.0000000000
86337  26.779  -0.544  -11.569 0.0000000000
85415  27.024  -1.252  -11.319 0.0000000000
87262  28.279  0.001  -10.463 0.0000000000
85414  27.592  -1.307  -10.928 0.0000000000
143952  27.260  -1.864  -11.126 0.0000000000
84472  27.762  -2.171  -10.764 0.0000000000
86328  27.923  -0.650  -10.725 0.0000000000
86336  27.370  -0.568  -11.144 0.0000000000
86344  26.177  -0.541  -12.033 0.0000000000
87272  27.099  0.169  -11.381 0.0000000000
87283  25.899  0.141  -12.228 0.0000000000
90847  27.728  4.350  -10.347 0.0000000000
90861  26.565  4.278  -11.222 0.0000000000
90862  25.982  4.260  -11.642 0.0000000000
90872  25.415  4.300  -12.216 0.0000000000
91689  26.867  6.052  -11.320 0.0000000000
94393  27.722  8.650  -11.450 0.0000000000
94403  26.591  8.045  -12.203 0.0000000000
96234  27.535  10.664  -12.089 0.0000000000
98011  27.969  12.719  -12.547 0.0000000000
98027  25.575  11.917  -15.362 0.0000000000
100517  25.771  14.868  -16.000 0.0000000000
101371  26.330  17.015  -15.448 0.0000000000
101383  24.597  16.654  -17.616 0.0000000000
101384  24.164  15.938  -18.137 0.0000000000
102195  23.815  17.302  -18.450 0.0000000000
102930  25.393  18.133  -16.551 0.0000000000
103705  24.534  19.039  -17.447 0.0000000000
103748  19.030  17.533  -22.453 0.0000000000
104463  25.916  20.481  -16.380 0.0000000000
104514  23.439  20.241  -20.739 0.0000000000
104520  22.479  19.601  -21.675 0.0000000000
105263  24.545  21.631  -17.715 0.0000000000
135773  27.563  -2.996  -10.833 0.0000000000
137533  25.142  6.082  -12.588 0.0000000000
138357  23.069  21.972  -21.729 0.0000000000
145214  24.531  5.030  -13.335 0.0000000000
