#!ascii label  , from subject sub-v1s4x0050697_ses-1 vox2ras=TkReg
1451
73214  -40.163  5.930  33.593 0.0000000000
110872  -50.559  2.397  21.252 0.0000000000
111064  -48.436  8.941  33.596 0.0000000000
68302  -46.776  0.880  29.769 0.0000000000
66515  -47.016  -0.793  37.382 0.0000000000
107913  -41.562  6.884  23.149 0.0000000000
78389  -50.653  13.480  20.548 0.0000000000
78282  -44.253  14.157  30.153 0.0000000000
70623  -40.861  3.694  40.536 0.0000000000
69058  -41.100  1.378  31.232 0.0000000000
70748  -43.588  3.217  26.513 0.0000000000
73242  -40.202  6.659  29.125 0.0000000000
76784  -51.988  10.888  34.291 0.0000000000
76106  -49.402  10.867  27.406 0.0000000000
78314  -54.192  13.249  27.967 0.0000000000
116653  -47.629  13.074  25.352 0.0000000000
78954  -49.244  14.838  32.335 0.0000000000
69202  -46.186  2.015  19.060 0.0000000000
77530  -38.518  12.188  34.580 0.0000000000
113746  -43.921  8.657  32.708 0.0000000000
69040  -53.301  2.263  32.869 0.0000000000
66563  -47.331  -1.544  33.450 0.0000000000
68214  -40.308  -0.111  35.817 0.0000000000
104624  -41.438  5.473  38.612 0.0000000000
70808  -45.924  3.619  21.109 0.0000000000
73297  -44.500  6.712  17.107 0.0000000000
75359  -45.071  8.780  27.989 0.0000000000
103512  -45.490  10.403  22.308 0.0000000000
76934  -44.846  10.962  15.398 0.0000000000
78392  -42.774  13.592  20.328 0.0000000000
79688  -42.021  15.402  24.464 0.0000000000
69858  -38.949  2.976  32.304 0.0000000000
70711  -40.251  3.791  29.472 0.0000000000
72435  -40.553  5.232  32.012 0.0000000000
77541  -54.000  12.297  34.502 0.0000000000
77573  -53.781  12.343  30.529 0.0000000000
117870  -54.470  14.158  30.954 0.0000000000
78287  -51.070  13.654  30.076 0.0000000000
69205  -48.819  2.550  19.267 0.0000000000
102401  -38.110  13.861  37.905 0.0000000000
78235  -40.588  13.462  35.374 0.0000000000
65681  -47.324  -2.331  35.529 0.0000000000
66549  -43.203  -1.935  34.773 0.0000000000
67362  -43.941  -0.680  36.996 0.0000000000
72380  -41.576  6.746  40.365 0.0000000000
73894  -36.224  6.914  37.047 0.0000000000
74574  -35.207  8.996  36.160 0.0000000000
73892  -33.410  7.747  36.886 0.0000000000
69927  -47.484  2.181  27.222 0.0000000000
71645  -41.987  5.001  24.814 0.0000000000
118681  -44.956  3.375  23.651 0.0000000000
72508  -43.141  4.993  21.878 0.0000000000
71674  -44.220  4.846  19.991 0.0000000000
113713  -42.508  7.252  20.518 0.0000000000
75318  -45.847  9.733  33.037 0.0000000000
73935  -45.019  6.695  31.508 0.0000000000
74604  -46.869  7.657  30.904 0.0000000000
76877  -50.836  11.668  24.186 0.0000000000
76130  -47.711  10.274  24.520 0.0000000000
76899  -48.064  11.235  21.005 0.0000000000
76170  -45.151  10.982  18.527 0.0000000000
77645  -47.238  12.853  18.300 0.0000000000
77643  -43.693  13.005  18.470 0.0000000000
79058  -46.734  14.537  19.777 0.0000000000
78312  -45.509  13.441  28.156 0.0000000000
78341  -44.545  13.614  25.084 0.0000000000
79014  -43.151  14.067  26.620 0.0000000000
79679  -41.288  15.907  25.686 0.0000000000
78988  -41.566  14.707  29.350 0.0000000000
68282  -43.767  0.819  30.696 0.0000000000
69111  -44.793  1.802  28.404 0.0000000000
108048  -42.633  2.710  28.662 0.0000000000
71611  -41.323  4.493  27.233 0.0000000000
111164  -40.690  6.754  26.266 0.0000000000
76046  -50.137  10.248  34.460 0.0000000000
75345  -48.528  9.494  30.994 0.0000000000
76822  -51.024  11.622  30.584 0.0000000000
76849  -52.406  11.855  27.501 0.0000000000
78346  -52.946  13.487  24.395 0.0000000000
78366  -48.942  13.418  23.565 0.0000000000
102376  -50.360  13.723  26.873 0.0000000000
102389  -47.941  13.411  28.720 0.0000000000
116563  -46.778  13.856  30.521 0.0000000000
70013  -43.803  2.519  18.334 0.0000000000
75313  -39.023  9.743  33.560 0.0000000000
110562  -41.972  7.461  33.131 0.0000000000
76791  -41.229  11.490  33.444 0.0000000000
77546  -43.079  12.345  33.606 0.0000000000
78249  -45.715  13.199  34.424 0.0000000000
104616  -45.764  13.346  37.268 0.0000000000
77524  -48.609  12.416  35.439 0.0000000000
68271  -49.918  1.284  30.994 0.0000000000
68240  -50.813  0.368  32.881 0.0000000000
67429  -46.961  -0.185  31.625 0.0000000000
112346  -43.869  -0.713  32.474 0.0000000000
67406  -40.766  -0.335  33.085 0.0000000000
68187  -47.780  2.332  38.573 0.0000000000
69800  -44.199  3.020  40.065 0.0000000000
110099  -45.797  5.147  38.961 0.0000000000
69013  -44.986  2.095  37.766 0.0000000000
69825  -40.181  2.320  37.795 0.0000000000
73210  -38.136  6.456  34.309 0.0000000000
70790  -50.097  4.020  22.765 0.0000000000
109487  -45.838  2.544  25.839 0.0000000000
102812  -47.517  3.067  22.780 0.0000000000
104751  -48.825  3.629  19.802 0.0000000000
70830  -47.611  4.115  18.024 0.0000000000
70845  -46.032  4.722  16.782 0.0000000000
72544  -44.782  5.924  15.828 0.0000000000
73920  -42.444  6.408  31.447 0.0000000000
74638  -42.399  8.565  28.461 0.0000000000
111335  -42.777  9.128  25.859 0.0000000000
75376  -47.338  9.565  27.760 0.0000000000
75409  -45.153  9.730  24.809 0.0000000000
75427  -42.905  9.830  22.723 0.0000000000
75445  -42.967  9.151  19.664 0.0000000000
74712  -44.431  8.648  15.518 0.0000000000
107492  -42.623  7.834  16.038 0.0000000000
78363  -45.458  13.726  23.091 0.0000000000
79040  -42.397  14.543  22.550 0.0000000000
76875  -40.503  12.086  24.160 0.0000000000
78339  -40.247  13.734  25.170 0.0000000000
79010  -39.004  15.664  25.447 0.0000000000
71563  -39.860  4.315  33.506 0.0000000000
110808  -39.355  4.038  32.201 0.0000000000
71564  -40.796  4.659  33.136 0.0000000000
78262  -54.740  13.550  31.973 0.0000000000
120088  -53.850  14.843  31.477 0.0000000000
121022  -49.926  2.226  20.325 0.0000000000
66527  -47.437  -1.522  36.957 0.0000000000
65672  -46.070  -2.084  36.310 0.0000000000
66513  -45.443  -0.873  37.169 0.0000000000
118743  -35.060  6.138  37.513 0.0000000000
73893  -34.056  7.380  36.940 0.0000000000
69094  -48.573  1.597  29.398 0.0000000000
69114  -47.292  1.565  28.632 0.0000000000
72487  -41.606  5.710  24.415 0.0000000000
71655  -42.854  4.705  23.639 0.0000000000
72506  -42.103  5.830  22.856 0.0000000000
72516  -42.674  5.772  21.550 0.0000000000
73281  -41.759  7.052  22.305 0.0000000000
109767  -47.466  9.142  33.379 0.0000000000
74597  -47.337  7.691  32.544 0.0000000000
75328  -48.323  7.917  33.021 0.0000000000
76893  -51.535  12.796  21.458 0.0000000000
76892  -50.201  11.913  21.636 0.0000000000
76910  -49.827  12.331  20.057 0.0000000000
76917  -48.277  12.384  19.034 0.0000000000
77647  -49.139  13.194  18.965 0.0000000000
78407  -47.352  13.937  18.620 0.0000000000
106729  -49.376  14.094  19.695 0.0000000000
78311  -44.853  13.585  28.696 0.0000000000
104515  -44.749  13.482  27.827 0.0000000000
78310  -44.031  13.664  28.196 0.0000000000
78999  -42.456  14.264  28.085 0.0000000000
78989  -43.058  14.226  29.638 0.0000000000
68265  -42.847  0.807  31.015 0.0000000000
69075  -43.601  1.416  29.974 0.0000000000
69875  -41.957  2.097  30.072 0.0000000000
71598  -39.886  5.295  29.057 0.0000000000
70724  -40.658  4.044  28.739 0.0000000000
72455  -40.168  5.786  28.346 0.0000000000
72469  -40.690  6.141  26.587 0.0000000000
73956  -40.664  7.546  27.886 0.0000000000
76064  -51.183  10.495  34.558 0.0000000000
76080  -50.185  10.716  32.394 0.0000000000
76804  -51.460  11.383  33.092 0.0000000000
77580  -54.588  12.811  28.868 0.0000000000
76832  -53.702  12.167  28.595 0.0000000000
77592  -54.120  12.736  27.435 0.0000000000
123191  -53.360  12.844  25.486 0.0000000000
78336  -53.119  13.644  25.946 0.0000000000
78335  -51.583  13.950  25.961 0.0000000000
102380  -52.144  13.679  27.626 0.0000000000
78274  -50.345  13.813  31.008 0.0000000000
78301  -49.538  13.466  29.039 0.0000000000
119278  -48.735  13.639  30.484 0.0000000000
78284  -47.457  13.715  30.403 0.0000000000
78967  -47.660  14.437  31.711 0.0000000000
70014  -44.968  2.733  17.834 0.0000000000
76778  -38.472  11.301  34.166 0.0000000000
121902  -40.093  10.258  33.384 0.0000000000
77543  -40.102  12.187  33.906 0.0000000000
78237  -42.126  13.531  35.636 0.0000000000
78247  -41.812  13.274  34.805 0.0000000000
110136  -43.537  13.245  34.506 0.0000000000
77548  -44.665  12.626  33.766 0.0000000000
78238  -44.506  13.511  35.524 0.0000000000
78188  -45.292  13.041  39.445 0.0000000000
78229  -47.477  13.097  36.551 0.0000000000
77503  -48.198  12.767  36.994 0.0000000000
77516  -49.553  11.919  36.607 0.0000000000
77505  -49.776  11.835  37.572 0.0000000000
69061  -51.387  1.859  31.392 0.0000000000
69047  -51.591  1.463  32.122 0.0000000000
67399  -51.132  -0.111  33.754 0.0000000000
67397  -49.489  -0.549  33.158 0.0000000000
67414  -49.156  -0.125  32.450 0.0000000000
67394  -46.910  -1.037  32.757 0.0000000000
67410  -45.584  -0.602  32.204 0.0000000000
67393  -45.987  -1.124  32.756 0.0000000000
66535  -41.806  -1.270  35.246 0.0000000000
66558  -42.011  -1.259  33.787 0.0000000000
67377  -39.865  -0.252  34.492 0.0000000000
69786  -42.499  3.036  40.268 0.0000000000
73173  -43.505  6.835  39.821 0.0000000000
71541  -43.296  5.442  38.631 0.0000000000
69817  -44.507  3.788  38.278 0.0000000000
70653  -42.490  4.119  38.375 0.0000000000
69827  -42.309  2.372  37.809 0.0000000000
69814  -40.699  3.157  38.201 0.0000000000
112506  -37.405  8.001  34.481 0.0000000000
74579  -36.912  8.246  34.896 0.0000000000
70777  -51.127  4.638  23.679 0.0000000000
69924  -44.538  2.297  27.507 0.0000000000
69925  -45.818  2.133  27.118 0.0000000000
69953  -45.040  2.725  25.878 0.0000000000
101987  -44.968  3.530  22.961 0.0000000000
70773  -46.453  2.910  23.574 0.0000000000
70787  -46.637  3.199  22.479 0.0000000000
102611  -47.709  3.403  21.640 0.0000000000
119714  -48.054  3.732  20.089 0.0000000000
70820  -48.365  3.766  19.168 0.0000000000
70819  -47.073  3.820  19.867 0.0000000000
119652  -44.247  5.694  18.679 0.0000000000
71682  -45.936  5.173  17.658 0.0000000000
72531  -45.484  5.676  17.152 0.0000000000
71695  -45.391  4.867  16.408 0.0000000000
73306  -44.703  6.544  15.799 0.0000000000
74592  -42.521  8.040  32.900 0.0000000000
73218  -42.890  5.753  32.783 0.0000000000
73914  -43.635  6.715  32.536 0.0000000000
74628  -44.492  7.934  29.696 0.0000000000
74614  -43.867  7.506  30.304 0.0000000000
74651  -43.188  8.713  28.116 0.0000000000
75370  -42.320  8.790  27.031 0.0000000000
117010  -44.116  9.197  26.510 0.0000000000
102527  -48.909  10.569  29.135 0.0000000000
75363  -48.156  9.902  29.129 0.0000000000
76105  -48.537  10.428  27.770 0.0000000000
117847  -46.819  10.429  22.788 0.0000000000
76129  -46.574  9.952  24.218 0.0000000000
76137  -45.101  10.202  23.235 0.0000000000
75418  -44.319  10.020  23.835 0.0000000000
76146  -44.505  10.352  22.414 0.0000000000
75440  -43.161  9.998  21.104 0.0000000000
76162  -43.824  10.341  20.604 0.0000000000
76179  -45.502  11.220  16.727 0.0000000000
75453  -45.132  10.372  16.489 0.0000000000
75471  -44.648  9.637  15.135 0.0000000000
119054  -43.986  8.196  15.170 0.0000000000
75464  -43.747  9.560  15.178 0.0000000000
74710  -42.247  8.738  16.666 0.0000000000
76184  -43.017  10.732  16.371 0.0000000000
78404  -43.514  13.583  19.418 0.0000000000
76914  -42.298  12.046  18.867 0.0000000000
78355  -47.756  13.047  24.363 0.0000000000
116640  -47.496  13.389  22.683 0.0000000000
78354  -46.765  12.996  24.065 0.0000000000
122051  -42.748  15.035  24.414 0.0000000000
79035  -43.887  14.504  23.758 0.0000000000
79027  -42.509  15.113  23.882 0.0000000000
77618  -41.316  13.106  23.221 0.0000000000
78351  -41.210  14.364  24.057 0.0000000000
77604  -40.536  12.835  24.728 0.0000000000
113225  -40.768  14.773  24.547 0.0000000000
80301  -40.108  16.650  26.282 0.0000000000
79011  -39.727  15.583  25.207 0.0000000000
80300  -39.271  17.048  25.896 0.0000000000
79009  -38.155  15.524  25.858 0.0000000000
69056  -39.540  1.842  31.824 0.0000000000
69874  -40.190  2.731  30.525 0.0000000000
69873  -39.517  3.122  30.929 0.0000000000
71575  -39.580  4.882  30.412 0.0000000000
73228  -40.116  6.172  30.329 0.0000000000
76805  -52.628  11.967  32.465 0.0000000000
77551  -54.412  12.629  32.720 0.0000000000
77574  -54.840  12.913  30.708 0.0000000000
106001  -54.227  13.612  29.567 0.0000000000
78303  -52.604  13.677  29.349 0.0000000000
78288  -52.653  13.812  30.026 0.0000000000
78970  -51.148  14.325  31.522 0.0000000000
69203  -47.307  2.312  18.882 0.0000000000
78220  -38.228  13.672  36.476 0.0000000000
77522  -39.398  13.161  35.069 0.0000000000
78221  -39.138  13.795  36.511 0.0000000000
65689  -47.309  -2.296  34.731 0.0000000000
109029  -44.958  -2.139  34.104 0.0000000000
121802  -45.923  -2.405  35.140 0.0000000000
66537  -43.352  -1.844  35.757 0.0000000000
67361  -42.330  -0.535  36.605 0.0000000000
110369  -41.289  4.733  40.604 0.0000000000
72391  -39.229  7.196  39.405 0.0000000000
73899  -36.122  7.527  36.353 0.0000000000
74575  -36.059  8.211  35.842 0.0000000000
106209  -35.474  8.243  36.284 0.0000000000
74573  -34.472  8.945  36.486 0.0000000000
70759  -43.107  3.889  25.663 0.0000000000
102172  -43.886  3.546  25.219 0.0000000000
116874  -43.351  4.265  24.101 0.0000000000
101899  -43.596  4.293  23.325 0.0000000000
123377  -44.330  4.057  21.940 0.0000000000
104329  -45.014  4.295  19.926 0.0000000000
71669  -44.019  4.486  21.202 0.0000000000
72521  -43.072  5.937  20.470 0.0000000000
74003  -42.952  7.308  19.554 0.0000000000
75325  -44.824  8.832  32.764 0.0000000000
113075  -44.975  7.122  32.330 0.0000000000
73916  -45.777  7.131  32.249 0.0000000000
73937  -46.179  7.214  30.965 0.0000000000
74630  -46.235  8.358  29.213 0.0000000000
76858  -50.214  11.287  26.074 0.0000000000
76122  -48.678  10.571  25.896 0.0000000000
76131  -49.638  11.090  24.717 0.0000000000
76140  -48.323  10.908  22.709 0.0000000000
120002  -46.912  10.886  21.268 0.0000000000
103220  -45.214  10.761  20.607 0.0000000000
76155  -47.327  11.302  20.387 0.0000000000
115860  -46.793  12.280  18.313 0.0000000000
76925  -45.681  11.951  16.813 0.0000000000
76924  -43.887  12.053  16.997 0.0000000000
78412  -45.339  13.070  17.823 0.0000000000
103880  -45.375  13.736  18.643 0.0000000000
79057  -44.828  14.474  20.498 0.0000000000
78334  -46.425  13.106  26.685 0.0000000000
78342  -45.436  13.176  25.345 0.0000000000
118019  -45.133  13.294  26.699 0.0000000000
78331  -43.760  13.782  26.342 0.0000000000
79013  -42.529  14.824  25.911 0.0000000000
117964  -41.360  15.662  24.770 0.0000000000
79012  -41.919  15.303  26.039 0.0000000000
79004  -41.283  15.179  27.554 0.0000000000
79669  -40.613  15.791  27.537 0.0000000000
68284  -45.208  0.703  30.380 0.0000000000
69092  -46.010  1.183  29.200 0.0000000000
69091  -44.642  1.487  29.241 0.0000000000
69908  -44.103  2.194  28.197 0.0000000000
69922  -42.989  2.920  27.928 0.0000000000
70712  -41.119  3.376  29.158 0.0000000000
69906  -42.279  3.261  28.163 0.0000000000
71612  -42.143  4.035  26.890 0.0000000000
71634  -41.805  4.861  25.645 0.0000000000
72479  -41.390  5.602  25.275 0.0000000000
73265  -41.098  7.186  24.724 0.0000000000
76045  -49.431  9.904  34.088 0.0000000000
75329  -48.892  8.192  33.115 0.0000000000
76079  -49.622  9.954  32.410 0.0000000000
76813  -49.718  10.708  31.501 0.0000000000
76829  -50.134  11.339  29.627 0.0000000000
76823  -52.268  11.857  30.127 0.0000000000
76831  -52.325  11.803  29.227 0.0000000000
76847  -50.412  11.397  27.388 0.0000000000
107188  -51.379  11.731  25.655 0.0000000000
76878  -52.206  12.499  23.621 0.0000000000
78379  -51.959  13.512  21.997 0.0000000000
78377  -50.628  13.730  21.163 0.0000000000
78356  -51.377  13.994  23.652 0.0000000000
102373  -49.809  13.715  25.119 0.0000000000
102374  -48.601  13.404  25.959 0.0000000000
102386  -51.047  13.596  28.397 0.0000000000
102382  -49.376  13.520  27.744 0.0000000000
102383  -47.815  13.322  27.820 0.0000000000
102384  -47.039  13.323  28.174 0.0000000000
78298  -46.178  13.568  29.306 0.0000000000
78982  -45.531  14.269  30.924 0.0000000000
73909  -39.420  7.136  33.636 0.0000000000
110833  -41.104  6.053  33.453 0.0000000000
111531  -40.315  8.865  33.284 0.0000000000
74589  -41.471  8.732  33.069 0.0000000000
75317  -42.521  9.848  32.887 0.0000000000
77532  -40.547  12.760  34.321 0.0000000000
115314  -42.024  11.676  33.397 0.0000000000
76056  -43.676  10.744  33.046 0.0000000000
76794  -44.932  11.347  33.299 0.0000000000
76795  -45.782  11.361  33.375 0.0000000000
76797  -47.528  11.625  33.738 0.0000000000
102392  -44.137  13.514  36.914 0.0000000000
122261  -45.964  13.449  35.929 0.0000000000
78251  -47.126  13.151  35.073 0.0000000000
76780  -48.152  11.791  34.080 0.0000000000
110918  -49.861  10.672  34.726 0.0000000000
76783  -50.561  10.455  35.097 0.0000000000
76039  -52.130  10.173  35.896 0.0000000000
69079  -49.738  1.597  30.342 0.0000000000
68287  -48.213  0.620  30.823 0.0000000000
68241  -51.739  0.633  33.368 0.0000000000
68253  -51.403  0.907  32.661 0.0000000000
109678  -50.298  0.536  32.279 0.0000000000
68270  -48.680  0.495  31.299 0.0000000000
68269  -47.403  0.286  31.089 0.0000000000
120519  -45.767  0.082  31.238 0.0000000000
68249  -43.480  0.265  31.446 0.0000000000
68248  -42.553  0.252  31.732 0.0000000000
67391  -43.571  -1.287  33.136 0.0000000000
105909  -41.883  -0.797  33.125 0.0000000000
68264  -40.876  0.788  31.817 0.0000000000
69044  -39.278  1.414  32.531 0.0000000000
68997  -47.358  2.917  39.229 0.0000000000
71520  -43.408  5.560  40.424 0.0000000000
70637  -45.675  4.706  39.645 0.0000000000
69804  -47.479  3.203  38.989 0.0000000000
69003  -46.879  3.216  38.550 0.0000000000
69014  -45.994  2.437  37.937 0.0000000000
68204  -45.932  0.942  37.587 0.0000000000
68202  -43.747  0.786  37.415 0.0000000000
106660  -42.166  0.918  37.276 0.0000000000
68199  -40.288  0.981  36.975 0.0000000000
73213  -38.999  6.289  33.862 0.0000000000
73908  -38.474  7.279  33.929 0.0000000000
75310  -38.312  9.752  33.835 0.0000000000
115526  -37.798  11.033  34.410 0.0000000000
106867  -37.266  12.745  35.714 0.0000000000
70792  -51.885  4.422  23.325 0.0000000000
70802  -51.398  4.201  22.769 0.0000000000
114584  -50.571  3.635  21.604 0.0000000000
69129  -46.120  1.831  27.791 0.0000000000
69942  -47.050  2.319  26.507 0.0000000000
70761  -45.177  3.028  24.640 0.0000000000
69968  -46.824  2.700  24.445 0.0000000000
70775  -48.503  2.974  23.792 0.0000000000
70789  -49.060  3.446  22.954 0.0000000000
70799  -49.480  3.653  21.392 0.0000000000
70822  -49.884  3.279  20.423 0.0000000000
70832  -48.646  3.533  19.229 0.0000000000
70007  -48.604  3.296  18.872 0.0000000000
70017  -47.722  3.878  17.962 0.0000000000
71675  -46.325  4.611  18.367 0.0000000000
70829  -47.003  4.422  17.719 0.0000000000
70015  -46.299  3.458  17.542 0.0000000000
70844  -45.210  4.086  16.663 0.0000000000
70843  -44.162  3.906  16.743 0.0000000000
71687  -42.747  4.295  17.224 0.0000000000
72427  -41.978  5.089  33.152 0.0000000000
73221  -41.031  5.861  31.555 0.0000000000
73931  -40.911  7.074  30.324 0.0000000000
73922  -44.423  6.335  31.981 0.0000000000
74612  -41.999  7.951  29.860 0.0000000000
74624  -40.875  7.729  29.158 0.0000000000
74648  -41.205  8.232  27.625 0.0000000000
74663  -41.132  8.134  25.852 0.0000000000
74670  -41.681  8.523  24.229 0.0000000000
75344  -47.926  8.796  30.625 0.0000000000
75351  -46.893  8.795  28.955 0.0000000000
75360  -45.996  8.897  27.827 0.0000000000
102032  -47.909  10.143  26.006 0.0000000000
75387  -46.549  9.474  26.558 0.0000000000
106047  -45.114  9.199  26.716 0.0000000000
75396  -43.899  9.567  25.137 0.0000000000
75406  -42.871  9.539  24.125 0.0000000000
74675  -41.748  8.536  23.275 0.0000000000
74688  -41.922  8.213  21.598 0.0000000000
74010  -43.483  8.143  18.273 0.0000000000
110748  -43.983  10.297  19.441 0.0000000000
74706  -43.906  8.677  17.529 0.0000000000
74011  -44.133  7.771  16.942 0.0000000000
121040  -44.445  6.758  15.665 0.0000000000
73305  -43.682  6.579  15.586 0.0000000000
76177  -42.451  11.029  17.513 0.0000000000
78375  -48.022  13.695  21.911 0.0000000000
79045  -46.360  14.065  21.671 0.0000000000
79049  -44.243  14.547  21.342 0.0000000000
78362  -44.822  13.833  23.769 0.0000000000
116939  -44.323  14.499  22.489 0.0000000000
79041  -42.935  14.523  21.840 0.0000000000
107124  -41.491  12.739  21.836 0.0000000000
76888  -40.640  11.739  22.609 0.0000000000
113929  -40.104  11.374  23.760 0.0000000000
79018  -40.284  15.229  24.948 0.0000000000
123706  -39.803  14.565  25.348 0.0000000000
78965  -45.145  14.767  31.346 0.0000000000
78963  -43.201  14.995  31.031 0.0000000000
117111  -42.343  14.865  30.589 0.0000000000
79656  -41.115  15.082  29.931 0.0000000000
79655  -39.853  16.072  28.962 0.0000000000
72425  -40.282  4.784  33.511 0.0000000000
71567  -39.846  4.127  33.089 0.0000000000
66516  -47.930  -0.678  37.637 0.0000000000
108084  -48.494  -1.500  37.063 0.0000000000
66526  -46.534  -1.522  36.847 0.0000000000
66514  -46.177  -0.861  37.251 0.0000000000
69093  -47.637  1.202  29.432 0.0000000000
102561  -46.819  1.253  29.096 0.0000000000
73270  -41.435  6.456  23.971 0.0000000000
72498  -41.863  5.754  23.577 0.0000000000
112212  -41.742  6.229  23.205 0.0000000000
73275  -41.895  6.383  22.583 0.0000000000
123130  -48.223  8.326  33.328 0.0000000000
77631  -51.130  13.192  20.741 0.0000000000
76901  -50.636  12.589  20.635 0.0000000000
77638  -50.500  13.043  19.976 0.0000000000
77637  -49.840  12.862  19.500 0.0000000000
77648  -49.959  13.395  19.605 0.0000000000
78409  -49.320  13.831  19.324 0.0000000000
78397  -49.984  13.721  19.862 0.0000000000
78296  -44.581  13.834  29.479 0.0000000000
120668  -44.113  13.761  28.926 0.0000000000
78294  -43.300  13.985  28.739 0.0000000000
78295  -43.820  14.020  29.504 0.0000000000
69059  -41.862  0.917  31.284 0.0000000000
69074  -42.359  1.429  30.562 0.0000000000
69073  -41.540  1.691  30.717 0.0000000000
72454  -39.913  5.994  29.115 0.0000000000
122780  -40.128  6.318  28.680 0.0000000000
73247  -40.343  6.700  28.180 0.0000000000
76799  -51.239  10.794  33.916 0.0000000000
77588  -54.593  13.051  28.477 0.0000000000
77587  -54.326  12.717  28.150 0.0000000000
78325  -54.040  13.150  27.220 0.0000000000
103161  -53.716  13.233  26.493 0.0000000000
78324  -53.325  13.594  26.859 0.0000000000
104627  -53.494  13.522  27.537 0.0000000000
78969  -49.775  14.241  31.732 0.0000000000
78273  -49.161  13.828  31.117 0.0000000000
78272  -48.119  13.873  31.020 0.0000000000
78968  -48.636  14.339  31.760 0.0000000000
69201  -44.997  1.787  19.442 0.0000000000
70004  -45.631  2.418  18.400 0.0000000000
76779  -39.257  11.963  34.104 0.0000000000
105903  -39.111  12.599  34.633 0.0000000000
78224  -42.410  13.608  36.526 0.0000000000
102582  -43.021  13.579  35.860 0.0000000000
104777  -43.666  13.489  35.278 0.0000000000
78225  -43.890  13.561  36.114 0.0000000000
77495  -47.961  12.695  38.095 0.0000000000
77504  -48.889  12.412  37.769 0.0000000000
69048  -52.453  1.861  32.400 0.0000000000
69062  -52.155  2.211  31.666 0.0000000000
67395  -47.806  -0.891  32.806 0.0000000000
66562  -46.404  -1.685  33.445 0.0000000000
67369  -41.034  -0.800  35.376 0.0000000000
67368  -40.229  -0.447  35.112 0.0000000000
68224  -39.664  0.024  35.215 0.0000000000
119449  -39.602  0.377  35.799 0.0000000000
70624  -41.881  3.851  40.508 0.0000000000
72402  -42.245  6.399  38.782 0.0000000000
71540  -42.128  5.057  38.546 0.0000000000
69815  -41.831  3.167  38.148 0.0000000000
70652  -41.298  4.256  38.454 0.0000000000
73206  -37.089  6.803  35.431 0.0000000000
73905  -37.200  7.447  34.858 0.0000000000
73902  -36.630  7.711  35.495 0.0000000000
105278  -49.841  3.706  24.505 0.0000000000
69938  -43.986  2.778  26.897 0.0000000000
69939  -44.717  2.572  26.635 0.0000000000
70749  -44.199  3.063  26.038 0.0000000000
70798  -45.812  3.412  22.240 0.0000000000
70809  -46.845  3.493  21.285 0.0000000000
72530  -44.370  6.177  17.937 0.0000000000
72536  -45.211  6.096  16.226 0.0000000000
75324  -42.978  8.907  32.778 0.0000000000
112362  -43.022  6.964  32.850 0.0000000000
74593  -43.388  7.783  32.738 0.0000000000
74640  -44.773  8.448  28.752 0.0000000000
74639  -43.852  8.486  28.806 0.0000000000
75358  -44.167  8.750  28.051 0.0000000000
75372  -43.624  8.906  27.348 0.0000000000
75373  -44.561  8.972  27.333 0.0000000000
76099  -49.171  10.747  28.345 0.0000000000
76098  -48.524  10.358  28.509 0.0000000000
102404  -46.452  10.531  22.167 0.0000000000
102583  -46.089  10.290  22.968 0.0000000000
76152  -43.851  10.370  21.599 0.0000000000
76153  -44.861  10.517  21.563 0.0000000000
76932  -45.290  11.396  16.020 0.0000000000
76186  -45.141  10.616  15.683 0.0000000000
76193  -44.804  10.226  15.132 0.0000000000
75470  -44.328  9.565  15.007 0.0000000000
76191  -43.686  10.365  15.447 0.0000000000
75458  -42.755  9.730  16.113 0.0000000000
76185  -44.019  11.071  15.637 0.0000000000
78393  -43.513  14.056  20.184 0.0000000000
77642  -42.720  12.863  19.328 0.0000000000
114071  -42.186  13.321  20.915 0.0000000000
120763  -46.933  12.926  24.840 0.0000000000
79026  -41.833  14.990  23.740 0.0000000000
79025  -41.298  15.243  24.379 0.0000000000
69860  -39.851  2.314  31.183 0.0000000000
69859  -39.269  2.679  31.659 0.0000000000
72434  -40.030  4.593  32.420 0.0000000000
71569  -39.454  4.377  31.374 0.0000000000
108508  -39.762  5.170  31.225 0.0000000000
72439  -39.837  5.644  30.383 0.0000000000
72440  -40.176  5.848  31.025 0.0000000000
76801  -53.887  12.022  33.563 0.0000000000
77552  -54.202  12.542  33.635 0.0000000000
78276  -54.808  13.475  31.078 0.0000000000
105724  -54.728  13.306  30.182 0.0000000000
116793  -53.919  14.079  30.373 0.0000000000
78956  -52.247  14.976  31.941 0.0000000000
78971  -52.940  14.526  31.119 0.0000000000
69186  -48.811  1.341  20.488 0.0000000000
69196  -48.312  1.664  19.872 0.0000000000
69204  -48.174  2.452  19.017 0.0000000000
78208  -38.528  13.902  37.249 0.0000000000
65675  -48.150  -2.269  35.655 0.0000000000
65688  -46.624  -2.372  34.910 0.0000000000
65680  -46.433  -2.354  35.675 0.0000000000
66524  -44.682  -1.390  36.785 0.0000000000
66538  -44.236  -2.069  36.035 0.0000000000
66523  -43.645  -1.469  36.436 0.0000000000
66522  -42.782  -1.316  36.181 0.0000000000
73895  -36.877  6.589  37.577 0.0000000000
73900  -36.606  6.849  36.885 0.0000000000
109621  -35.515  7.395  36.767 0.0000000000
73898  -34.741  7.963  36.654 0.0000000000
73897  -33.887  8.275  36.731 0.0000000000
71635  -42.554  4.431  25.261 0.0000000000
71636  -43.252  4.083  24.856 0.0000000000
71646  -42.708  4.588  24.450 0.0000000000
71664  -42.981  4.812  22.791 0.0000000000
103731  -43.683  4.433  22.345 0.0000000000
71656  -44.281  3.958  22.756 0.0000000000
73286  -42.529  6.545  21.004 0.0000000000
73291  -42.949  6.607  20.001 0.0000000000
76068  -45.097  9.732  32.927 0.0000000000
113190  -45.404  7.906  32.596 0.0000000000
75326  -45.791  8.810  32.882 0.0000000000
73918  -47.166  7.412  31.925 0.0000000000
73917  -46.523  7.258  32.178 0.0000000000
74617  -46.214  7.758  30.104 0.0000000000
117939  -46.868  8.309  29.832 0.0000000000
76867  -50.476  11.441  25.188 0.0000000000
76876  -49.831  11.357  23.613 0.0000000000
76900  -49.361  11.621  21.009 0.0000000000
76891  -49.104  11.336  21.984 0.0000000000
76890  -48.418  11.152  21.806 0.0000000000
76156  -47.469  10.758  22.147 0.0000000000
76916  -47.557  12.474  18.621 0.0000000000
116548  -46.095  12.290  17.621 0.0000000000
76926  -46.452  12.666  17.985 0.0000000000
77656  -45.922  12.508  17.424 0.0000000000
78413  -46.114  13.162  17.995 0.0000000000
79063  -46.809  14.341  19.021 0.0000000000
78395  -45.733  14.358  19.483 0.0000000000
78394  -44.405  14.148  19.614 0.0000000000
107304  -45.806  14.494  20.561 0.0000000000
102385  -46.205  13.291  27.617 0.0000000000
78333  -45.672  13.125  26.216 0.0000000000
78322  -45.354  13.351  27.425 0.0000000000
78320  -43.983  13.599  27.205 0.0000000000
78332  -44.415  13.493  26.500 0.0000000000
79021  -43.284  14.303  25.717 0.0000000000
79006  -42.369  14.552  26.959 0.0000000000
78998  -41.731  14.618  28.377 0.0000000000
114879  -41.866  14.699  27.571 0.0000000000
78997  -41.039  15.071  28.478 0.0000000000
69077  -45.244  1.101  29.658 0.0000000000
69076  -44.435  1.093  30.030 0.0000000000
69890  -42.920  2.278  29.152 0.0000000000
69090  -43.481  1.912  29.324 0.0000000000
69907  -43.408  2.371  28.543 0.0000000000
69923  -43.707  2.594  27.687 0.0000000000
69887  -40.650  3.086  29.864 0.0000000000
71600  -41.020  4.252  27.980 0.0000000000
70725  -41.501  3.601  28.418 0.0000000000
102710  -41.833  3.814  27.664 0.0000000000
70735  -42.605  3.462  27.390 0.0000000000
71622  -42.381  4.241  26.079 0.0000000000
71621  -41.580  4.694  26.451 0.0000000000
72470  -41.167  5.470  26.095 0.0000000000
72478  -40.908  6.227  25.789 0.0000000000
73260  -41.151  6.357  24.959 0.0000000000
73259  -40.832  6.929  25.580 0.0000000000
76062  -49.667  9.651  33.797 0.0000000000
75321  -49.163  8.755  33.377 0.0000000000
76069  -49.783  9.606  33.335 0.0000000000
76814  -50.574  11.369  31.350 0.0000000000
76821  -50.059  11.256  30.490 0.0000000000
77566  -54.063  12.459  31.488 0.0000000000
122703  -52.691  12.080  31.552 0.0000000000
76842  -53.613  12.170  27.796 0.0000000000
76841  -52.345  11.805  28.340 0.0000000000
76840  -51.115  11.644  27.960 0.0000000000
76848  -51.354  11.703  27.246 0.0000000000
106219  -51.031  11.638  26.580 0.0000000000
117028  -52.253  11.939  26.030 0.0000000000
77605  -53.230  13.043  24.928 0.0000000000
76869  -52.762  12.678  24.461 0.0000000000
77613  -52.846  13.114  23.919 0.0000000000
77619  -52.472  13.166  22.898 0.0000000000
78357  -52.552  13.597  23.350 0.0000000000
103522  -52.018  13.885  22.724 0.0000000000
78345  -52.076  14.036  24.181 0.0000000000
102372  -51.171  14.017  25.145 0.0000000000
117007  -50.017  13.750  26.025 0.0000000000
102377  -49.079  13.519  26.880 0.0000000000
78302  -51.170  13.566  29.156 0.0000000000
78300  -48.796  13.493  29.594 0.0000000000
102388  -48.972  13.444  28.618 0.0000000000
116577  -48.479  13.400  28.102 0.0000000000
116253  -48.504  13.406  27.528 0.0000000000
104631  -46.845  13.627  29.847 0.0000000000
116332  -46.015  13.833  30.200 0.0000000000
78966  -46.384  14.164  31.027 0.0000000000
70003  -44.381  2.157  18.888 0.0000000000
111247  -43.215  2.971  17.883 0.0000000000
112230  -39.361  8.916  33.453 0.0000000000
74587  -39.851  8.003  33.428 0.0000000000
76053  -40.410  10.853  33.411 0.0000000000
75315  -40.683  9.856  33.247 0.0000000000
76054  -41.187  10.589  33.259 0.0000000000
75316  -41.683  9.836  33.044 0.0000000000
112223  -42.038  10.801  33.121 0.0000000000
78245  -40.180  13.233  34.908 0.0000000000
78246  -40.956  13.241  34.804 0.0000000000
77534  -42.431  12.879  34.057 0.0000000000
76792  -42.814  11.466  33.264 0.0000000000
76793  -43.678  11.760  33.370 0.0000000000
123123  -44.251  11.310  33.256 0.0000000000
115735  -44.425  11.983  33.453 0.0000000000
77536  -45.489  12.769  33.869 0.0000000000
113593  -45.212  12.115  33.508 0.0000000000
77549  -46.044  12.206  33.615 0.0000000000
76796  -46.699  11.413  33.511 0.0000000000
77550  -46.785  12.223  33.735 0.0000000000
78201  -45.477  13.151  38.609 0.0000000000
102397  -44.337  13.419  37.752 0.0000000000
102391  -44.940  13.451  37.109 0.0000000000
78227  -45.540  13.458  36.499 0.0000000000
77514  -48.040  12.890  36.039 0.0000000000
78241  -47.275  13.184  35.833 0.0000000000
77523  -47.817  12.845  35.186 0.0000000000
77539  -48.370  12.197  34.666 0.0000000000
76781  -48.975  11.217  34.381 0.0000000000
77540  -49.247  11.743  34.998 0.0000000000
76771  -50.164  11.361  36.171 0.0000000000
76772  -50.751  10.689  35.796 0.0000000000
76038  -51.298  10.323  35.432 0.0000000000
76033  -51.516  10.356  36.116 0.0000000000
69877  -51.655  2.947  30.246 0.0000000000
69060  -50.669  1.556  31.182 0.0000000000
69080  -50.428  1.816  30.565 0.0000000000
68288  -49.086  1.012  30.704 0.0000000000
67398  -50.327  -0.361  33.403 0.0000000000
68252  -50.867  0.920  32.216 0.0000000000
67413  -48.297  -0.274  32.189 0.0000000000
68250  -48.918  0.233  31.840 0.0000000000
67430  -47.763  -0.061  31.653 0.0000000000
112310  -48.089  0.288  31.310 0.0000000000
68268  -46.485  0.131  31.164 0.0000000000
67428  -46.094  -0.240  31.645 0.0000000000
67409  -44.680  -0.623  32.281 0.0000000000
67427  -45.131  -0.158  31.609 0.0000000000
67426  -44.125  -0.233  31.841 0.0000000000
107548  -43.185  -0.356  32.217 0.0000000000
66550  -44.159  -2.116  34.415 0.0000000000
66560  -44.434  -1.665  33.478 0.0000000000
114202  -43.620  -1.808  33.900 0.0000000000
67389  -41.162  -0.811  33.636 0.0000000000
67407  -41.414  -0.374  32.781 0.0000000000
68246  -40.872  0.121  32.482 0.0000000000
120661  -40.302  0.524  32.401 0.0000000000
68245  -39.646  0.665  32.774 0.0000000000
68188  -48.048  1.524  38.373 0.0000000000
123694  -44.927  2.471  39.825 0.0000000000
68996  -46.238  2.679  39.616 0.0000000000
69802  -46.136  3.430  39.622 0.0000000000
71517  -40.869  5.803  40.582 0.0000000000
71519  -42.315  5.041  40.560 0.0000000000
72381  -42.660  6.445  40.393 0.0000000000
72405  -44.666  5.864  39.268 0.0000000000
72383  -44.915  5.611  39.643 0.0000000000
72393  -45.459  5.392  39.148 0.0000000000
70638  -46.361  4.242  39.280 0.0000000000
70639  -46.624  4.166  39.022 0.0000000000
69820  -47.167  3.616  39.036 0.0000000000
69819  -46.626  3.972  38.810 0.0000000000
69829  -44.497  2.839  37.953 0.0000000000
69830  -45.780  3.079  38.166 0.0000000000
110895  -45.514  1.555  37.666 0.0000000000
68203  -44.523  1.150  37.537 0.0000000000
114391  -45.054  0.631  37.470 0.0000000000
69012  -43.810  1.676  37.631 0.0000000000
69826  -41.251  2.337  37.834 0.0000000000
69010  -41.761  1.619  37.523 0.0000000000
68200  -41.215  0.909  37.136 0.0000000000
69009  -40.732  1.600  37.452 0.0000000000
72421  -37.841  5.650  34.764 0.0000000000
71555  -38.047  4.086  35.048 0.0000000000
71558  -38.345  4.707  34.608 0.0000000000
72422  -38.654  5.476  34.246 0.0000000000
74582  -37.352  8.845  34.428 0.0000000000
113096  -37.955  9.099  33.991 0.0000000000
74577  -35.809  8.811  35.802 0.0000000000
117741  -36.184  9.159  35.417 0.0000000000
115549  -35.681  9.676  35.724 0.0000000000
76768  -35.911  11.394  35.779 0.0000000000
76770  -37.217  11.952  35.194 0.0000000000
77520  -36.472  12.168  35.767 0.0000000000
77512  -36.686  12.949  36.323 0.0000000000
70778  -52.336  4.713  24.037 0.0000000000
71647  -51.799  4.896  23.966 0.0000000000
70791  -50.907  4.426  23.016 0.0000000000
71665  -51.168  4.338  22.850 0.0000000000
70801  -50.863  4.087  22.395 0.0000000000
69982  -51.098  3.509  22.158 0.0000000000
70800  -50.193  3.809  21.866 0.0000000000
69112  -45.642  1.601  28.420 0.0000000000
69113  -46.452  1.528  28.492 0.0000000000
69941  -46.233  2.319  26.498 0.0000000000
70771  -44.594  3.385  24.392 0.0000000000
70760  -44.707  3.100  25.208 0.0000000000
70774  -47.546  2.819  23.697 0.0000000000
69969  -47.812  2.688  24.545 0.0000000000
70788  -48.238  3.077  23.083 0.0000000000
102950  -48.730  3.615  20.887 0.0000000000
70811  -50.032  3.547  21.096 0.0000000000
70810  -49.436  3.514  20.486 0.0000000000
70821  -49.298  3.354  19.781 0.0000000000
108301  -47.920  3.986  18.821 0.0000000000
70831  -48.038  3.797  18.604 0.0000000000
70818  -46.059  3.941  19.789 0.0000000000
112837  -45.154  4.776  18.948 0.0000000000
71689  -46.424  4.866  17.316 0.0000000000
70839  -46.588  4.412  17.271 0.0000000000
70838  -45.675  3.758  17.055 0.0000000000
71694  -44.629  4.949  16.195 0.0000000000
71693  -43.608  4.299  16.642 0.0000000000
110278  -43.733  5.018  16.243 0.0000000000
73911  -41.560  6.693  33.336 0.0000000000
73215  -41.948  5.627  33.282 0.0000000000
73223  -42.981  5.833  32.393 0.0000000000
72432  -42.468  5.362  32.863 0.0000000000
73222  -42.158  5.689  32.070 0.0000000000
73230  -41.418  6.533  31.104 0.0000000000
73923  -45.226  6.628  32.019 0.0000000000
73934  -44.223  6.741  31.229 0.0000000000
74626  -42.608  8.307  29.289 0.0000000000
74613  -42.956  7.798  30.089 0.0000000000
74625  -41.402  8.091  29.157 0.0000000000
74636  -40.969  7.967  28.514 0.0000000000
74637  -41.614  8.378  28.426 0.0000000000
75383  -42.252  8.868  26.371 0.0000000000
74649  -41.723  8.595  26.945 0.0000000000
75394  -42.157  8.961  25.505 0.0000000000
74664  -41.570  8.536  25.505 0.0000000000
114505  -41.773  8.719  24.984 0.0000000000
75337  -48.800  8.696  32.265 0.0000000000
75336  -48.264  8.387  31.650 0.0000000000
76097  -47.970  9.960  28.176 0.0000000000
75362  -47.447  9.386  28.605 0.0000000000
75361  -46.795  9.102  28.153 0.0000000000
75375  -46.648  9.311  27.371 0.0000000000
103007  -48.168  10.364  25.218 0.0000000000
75410  -45.891  9.767  24.623 0.0000000000
75399  -46.464  9.624  25.665 0.0000000000
75398  -45.583  9.579  25.379 0.0000000000
75386  -45.772  9.403  26.200 0.0000000000
75385  -44.911  9.409  25.960 0.0000000000
103764  -44.210  9.437  25.731 0.0000000000
75397  -44.693  9.589  25.267 0.0000000000
75417  -43.451  9.919  23.454 0.0000000000
75407  -43.646  9.725  24.378 0.0000000000
75416  -42.721  9.593  23.393 0.0000000000
75415  -42.231  9.162  23.755 0.0000000000
75426  -42.218  9.228  22.787 0.0000000000
74682  -41.792  8.432  22.389 0.0000000000
74683  -42.094  9.006  21.887 0.0000000000
108576  -43.307  9.836  20.235 0.0000000000
75439  -42.699  9.334  20.627 0.0000000000
118098  -43.314  8.726  18.814 0.0000000000
76164  -45.628  11.177  19.369 0.0000000000
76163  -44.601  10.664  19.980 0.0000000000
75459  -44.531  9.006  16.225 0.0000000000
75452  -44.513  9.593  17.182 0.0000000000
104016  -44.446  8.141  15.980 0.0000000000
112740  -44.411  7.140  15.695 0.0000000000
74018  -44.199  8.054  15.411 0.0000000000
74021  -43.520  7.722  15.393 0.0000000000
74017  -43.202  7.054  15.620 0.0000000000
73304  -42.813  6.417  16.138 0.0000000000
74016  -42.240  7.174  16.696 0.0000000000
77654  -44.262  12.552  17.453 0.0000000000
76930  -43.433  11.433  16.675 0.0000000000
76923  -42.800  11.776  17.781 0.0000000000
76913  -41.523  11.518  19.515 0.0000000000
76922  -41.922  11.280  18.565 0.0000000000
102612  -49.874  13.693  22.310 0.0000000000
78376  -49.242  13.792  21.588 0.0000000000
104334  -48.474  13.449  22.619 0.0000000000
78364  -46.557  13.350  23.130 0.0000000000
78374  -46.973  13.657  22.172 0.0000000000
78373  -46.079  13.768  22.469 0.0000000000
79050  -45.067  14.490  21.349 0.0000000000
79044  -45.251  14.226  22.207 0.0000000000
78353  -45.141  13.439  24.511 0.0000000000
78352  -44.370  13.948  24.357 0.0000000000
79034  -43.093  14.991  23.406 0.0000000000
79043  -43.742  14.731  22.932 0.0000000000
79042  -43.037  14.896  22.683 0.0000000000
102971  -43.724  14.669  22.104 0.0000000000
78372  -42.281  14.048  21.957 0.0000000000
77617  -40.890  12.375  23.366 0.0000000000
76882  -40.460  11.715  23.395 0.0000000000
77603  -40.117  12.587  25.285 0.0000000000
77598  -39.732  12.700  25.812 0.0000000000
79684  -41.003  16.013  25.074 0.0000000000
79019  -40.807  15.623  24.749 0.0000000000
113725  -39.246  14.576  25.721 0.0000000000
79003  -38.554  14.525  26.239 0.0000000000
79636  -42.983  15.638  31.333 0.0000000000
79649  -42.375  15.404  31.087 0.0000000000
79647  -40.752  15.650  30.310 0.0000000000
78987  -40.494  15.551  29.540 0.0000000000
70675  -38.938  3.199  32.957 0.0000000000
70676  -39.186  3.542  32.587 0.0000000000
72430  -41.360  4.724  32.986 0.0000000000
78257  -54.486  13.413  32.912 0.0000000000
78945  -54.374  14.377  32.312 0.0000000000
78957  -53.852  15.305  31.983 0.0000000000
79626  -52.877  15.841  32.364 0.0000000000
69197  -49.335  2.169  19.840 0.0000000000
78194  -37.453  13.736  38.191 0.0000000000
65674  -47.860  -2.077  36.304 0.0000000000
66525  -45.667  -1.520  36.790 0.0000000000
73889  -35.684  6.709  37.295 0.0000000000
106542  -34.806  6.972  37.074 0.0000000000
111346  -49.121  1.764  29.571 0.0000000000
104703  -47.995  1.656  28.835 0.0000000000
69131  -47.901  1.985  28.082 0.0000000000
72488  -42.231  5.165  24.006 0.0000000000
72499  -42.431  5.287  23.209 0.0000000000
72507  -42.575  5.437  22.423 0.0000000000
73276  -42.256  5.964  22.246 0.0000000000
73282  -42.161  6.487  21.854 0.0000000000
73994  -42.057  7.309  21.448 0.0000000000
75319  -46.566  9.090  33.111 0.0000000000
122493  -46.543  8.479  32.913 0.0000000000
75327  -47.366  8.210  33.030 0.0000000000
74598  -47.892  7.742  32.382 0.0000000000
105821  -51.211  11.999  23.224 0.0000000000
76884  -50.756  11.980  22.467 0.0000000000
105864  -48.931  11.679  20.280 0.0000000000
76908  -48.175  11.665  19.900 0.0000000000
76909  -49.096  12.247  19.538 0.0000000000
77646  -48.097  13.069  18.523 0.0000000000
78414  -46.867  13.294  18.287 0.0000000000
78408  -48.366  13.844  18.748 0.0000000000
78396  -48.616  14.262  19.362 0.0000000000
79052  -47.685  14.527  19.985 0.0000000000
78319  -43.190  13.913  27.654 0.0000000000
102758  -42.392  14.329  29.050 0.0000000000
111714  -43.073  1.261  30.430 0.0000000000
69089  -42.816  1.855  29.855 0.0000000000
69889  -42.298  2.452  29.371 0.0000000000
71587  -39.997  4.525  29.174 0.0000000000
71599  -40.332  4.828  28.451 0.0000000000
71610  -40.619  5.116  27.690 0.0000000000
72462  -40.870  5.323  26.892 0.0000000000
72461  -40.453  6.021  27.444 0.0000000000
73252  -40.523  6.948  27.096 0.0000000000
76063  -50.442  10.245  34.244 0.0000000000
121500  -50.128  9.853  33.826 0.0000000000
76070  -50.536  10.537  33.433 0.0000000000
114231  -51.274  11.545  32.195 0.0000000000
114902  -54.770  12.875  29.723 0.0000000000
115220  -53.766  12.245  29.476 0.0000000000
76850  -53.491  12.337  27.004 0.0000000000
76859  -53.269  12.544  26.082 0.0000000000
77599  -53.849  12.918  26.676 0.0000000000
77606  -53.510  13.091  25.790 0.0000000000
78347  -53.251  13.406  25.174 0.0000000000
103526  -52.547  13.896  25.088 0.0000000000
78323  -51.860  13.825  26.834 0.0000000000
102381  -50.704  13.670  27.669 0.0000000000
116591  -50.002  13.496  29.552 0.0000000000
78286  -49.622  13.593  30.347 0.0000000000
78299  -47.685  13.507  29.641 0.0000000000
78285  -48.144  13.586  30.245 0.0000000000
78271  -47.197  14.069  31.087 0.0000000000
76051  -38.740  10.505  33.764 0.0000000000
75314  -39.809  9.709  33.393 0.0000000000
76052  -39.553  10.537  33.532 0.0000000000
76789  -39.799  11.429  33.665 0.0000000000
76790  -40.467  11.684  33.613 0.0000000000
78236  -41.278  13.498  35.479 0.0000000000
102544  -42.782  13.378  34.901 0.0000000000
77535  -43.337  12.903  33.995 0.0000000000
77547  -43.873  12.483  33.688 0.0000000000
78255  -44.105  13.024  34.097 0.0000000000
78256  -44.907  13.146  34.252 0.0000000000
103434  -45.110  13.430  34.950 0.0000000000
78214  -46.509  13.140  37.593 0.0000000000
78228  -46.558  13.314  36.571 0.0000000000
78215  -47.299  13.020  37.295 0.0000000000
77515  -48.792  12.460  36.284 0.0000000000
69861  -51.873  2.560  30.964 0.0000000000
69046  -50.944  1.330  31.715 0.0000000000
67415  -49.958  0.042  32.661 0.0000000000
67396  -48.656  -0.702  32.957 0.0000000000
67412  -47.384  -0.488  32.178 0.0000000000
67411  -46.496  -0.577  32.183 0.0000000000
115698  -44.316  -1.086  32.797 0.0000000000
66536  -42.528  -1.555  35.484 0.0000000000
66548  -42.279  -1.542  34.636 0.0000000000
67378  -40.609  -0.720  34.515 0.0000000000
67388  -40.313  -0.383  33.706 0.0000000000
67387  -39.532  0.231  33.653 0.0000000000
68230  -39.241  0.344  34.556 0.0000000000
73181  -41.882  7.351  39.576 0.0000000000
73172  -43.052  7.011  40.108 0.0000000000
117773  -42.541  7.056  39.273 0.0000000000
72403  -43.348  6.591  38.980 0.0000000000
102046  -44.237  5.996  38.914 0.0000000000
70655  -45.320  4.793  38.651 0.0000000000
122928  -44.462  4.386  38.426 0.0000000000
118183  -43.661  4.091  38.342 0.0000000000
123464  -43.743  3.187  38.076 0.0000000000
69828  -43.314  2.448  37.822 0.0000000000
69816  -42.879  3.163  38.085 0.0000000000
72419  -37.514  5.368  35.508 0.0000000000
106667  -37.453  6.101  35.181 0.0000000000
73209  -37.541  6.626  34.775 0.0000000000
73906  -37.739  7.335  34.369 0.0000000000
74581  -36.676  9.032  34.957 0.0000000000
111260  -50.337  4.195  23.624 0.0000000000
69128  -45.335  1.948  27.712 0.0000000000
102062  -45.167  2.249  27.082 0.0000000000
69940  -45.464  2.418  26.502 0.0000000000
70786  -45.669  3.232  23.179 0.0000000000
102833  -47.210  4.241  18.534 0.0000000000
71681  -44.674  5.259  18.748 0.0000000000
71688  -45.967  5.301  16.863 0.0000000000
72537  -45.453  5.565  16.342 0.0000000000
73217  -42.613  6.222  33.129 0.0000000000
73913  -43.175  6.184  32.733 0.0000000000
73219  -43.537  6.174  32.339 0.0000000000
74616  -45.436  7.292  30.552 0.0000000000
74615  -44.642  7.160  30.648 0.0000000000
74627  -43.461  8.181  29.489 0.0000000000
116745  -43.085  8.507  28.811 0.0000000000
74650  -42.018  8.662  27.705 0.0000000000
75371  -42.765  8.795  27.456 0.0000000000
75384  -43.025  9.019  26.626 0.0000000000
76091  -48.669  10.230  29.968 0.0000000000
76104  -47.870  10.014  27.351 0.0000000000
102355  -47.225  10.197  23.921 0.0000000000
122593  -47.082  9.977  24.573 0.0000000000
76138  -46.673  10.214  23.468 0.0000000000
76128  -45.932  10.026  23.771 0.0000000000
75419  -45.152  9.940  24.144 0.0000000000
75408  -44.463  9.781  24.606 0.0000000000
76136  -44.183  10.182  23.111 0.0000000000
76145  -43.621  10.170  22.544 0.0000000000
75432  -43.060  10.008  21.944 0.0000000000
76178  -44.691  10.368  17.881 0.0000000000
75460  -45.018  9.831  15.952 0.0000000000
74713  -44.656  9.329  15.457 0.0000000000
74715  -44.294  8.899  15.150 0.0000000000
74721  -43.975  8.968  15.028 0.0000000000
74711  -43.295  8.626  15.428 0.0000000000
77653  -43.202  12.418  18.144 0.0000000000
77635  -41.870  12.260  19.808 0.0000000000
78365  -47.636  13.154  23.432 0.0000000000
79022  -43.572  14.405  24.747 0.0000000000
79028  -43.147  14.920  24.030 0.0000000000
79033  -42.478  14.917  23.243 0.0000000000
79032  -41.973  14.546  23.071 0.0000000000
78361  -41.504  14.012  23.411 0.0000000000
121369  -40.768  13.744  24.488 0.0000000000
79678  -40.584  16.275  25.542 0.0000000000
79677  -39.744  16.443  25.458 0.0000000000
79676  -38.780  16.568  25.510 0.0000000000
80299  -38.387  17.058  25.764 0.0000000000
69057  -40.329  1.537  31.477 0.0000000000
69072  -40.685  2.017  30.898 0.0000000000
70696  -39.865  3.506  30.213 0.0000000000
70682  -39.253  3.543  31.634 0.0000000000
70695  -39.446  3.987  30.716 0.0000000000
70710  -39.690  4.281  29.905 0.0000000000
71586  -39.677  4.937  29.650 0.0000000000
72448  -39.770  5.518  29.738 0.0000000000
73235  -39.960  6.127  29.753 0.0000000000
103746  -52.166  11.507  33.482 0.0000000000
76800  -53.326  11.988  33.071 0.0000000000
77556  -53.999  12.349  32.247 0.0000000000
77567  -54.738  12.863  31.624 0.0000000000
77581  -54.776  13.115  29.176 0.0000000000
78304  -54.208  13.431  28.748 0.0000000000
116302  -52.697  13.614  28.400 0.0000000000
78275  -51.875  14.010  30.714 0.0000000000
78234  -38.037  13.192  35.723 0.0000000000
102980  -38.862  13.480  35.754 0.0000000000
104615  -39.838  13.576  35.731 0.0000000000
78209  -39.429  13.872  37.365 0.0000000000
102396  -40.047  13.780  36.682 0.0000000000
78222  -40.697  13.680  36.066 0.0000000000
66553  -48.522  -1.855  34.312 0.0000000000
66552  -47.728  -2.026  34.136 0.0000000000
66551  -46.886  -2.143  34.127 0.0000000000
65687  -45.882  -2.238  34.289 0.0000000000
106557  -43.940  -2.170  35.271 0.0000000000
65671  -45.192  -2.106  36.235 0.0000000000
66521  -41.914  -1.090  35.901 0.0000000000
67360  -41.293  -0.399  36.196 0.0000000000
109362  -40.331  4.719  40.642 0.0000000000
109698  -39.981  5.900  40.502 0.0000000000
72379  -40.616  6.914  40.284 0.0000000000
72378  -39.700  7.001  40.016 0.0000000000
73169  -40.465  7.426  39.826 0.0000000000
73180  -40.880  7.519  39.416 0.0000000000
73203  -36.652  7.075  36.104 0.0000000000
121615  -34.990  8.540  36.411 0.0000000000
119990  -43.546  3.476  25.993 0.0000000000
70770  -43.842  3.826  24.356 0.0000000000
121511  -43.766  4.037  23.870 0.0000000000
70785  -44.277  3.754  23.633 0.0000000000
70797  -45.006  3.657  22.063 0.0000000000
70807  -44.978  3.916  21.059 0.0000000000
72517  -43.402  5.228  20.872 0.0000000000
72522  -43.753  5.474  19.766 0.0000000000
72529  -43.566  6.069  19.368 0.0000000000
73292  -43.557  6.700  18.789 0.0000000000
74594  -44.169  7.403  32.544 0.0000000000
74595  -44.643  7.970  32.619 0.0000000000
74596  -46.434  7.852  32.611 0.0000000000
119240  -45.933  6.858  32.026 0.0000000000
73936  -45.738  6.847  31.591 0.0000000000
74629  -45.460  8.062  29.453 0.0000000000
74641  -45.637  8.536  28.608 0.0000000000
119194  -50.018  11.188  26.801 0.0000000000
76114  -49.343  10.859  26.452 0.0000000000
76123  -49.497  10.946  25.611 0.0000000000
104558  -48.894  10.701  25.181 0.0000000000
102498  -48.671  10.712  24.359 0.0000000000
76883  -49.435  11.364  22.665 0.0000000000
108691  -48.786  10.942  23.422 0.0000000000
117243  -47.984  10.556  23.697 0.0000000000
76139  -47.399  10.474  23.127 0.0000000000
76154  -45.876  10.653  21.386 0.0000000000
76165  -46.351  11.149  20.219 0.0000000000
76906  -46.501  11.672  18.973 0.0000000000
76907  -47.311  11.749  19.288 0.0000000000
76915  -46.080  11.847  17.820 0.0000000000
76931  -44.554  11.562  16.019 0.0000000000
77662  -45.051  12.085  16.455 0.0000000000
77655  -45.328  12.461  17.133 0.0000000000
77644  -44.569  12.966  17.847 0.0000000000
78406  -46.388  13.864  18.604 0.0000000000
78405  -44.416  13.477  18.620 0.0000000000
79056  -43.911  14.402  20.650 0.0000000000
78343  -46.485  12.967  25.649 0.0000000000
104501  -44.858  13.351  25.915 0.0000000000
78321  -44.732  13.416  27.160 0.0000000000
78340  -44.051  13.759  25.705 0.0000000000
79020  -42.645  15.012  25.029 0.0000000000
79680  -41.783  15.589  25.184 0.0000000000
79005  -41.616  15.294  26.688 0.0000000000
79670  -40.955  16.031  26.419 0.0000000000
79662  -39.942  16.346  27.740 0.0000000000
68301  -45.965  0.773  30.068 0.0000000000
108938  -45.260  1.444  28.986 0.0000000000
119012  -44.045  1.550  29.483 0.0000000000
69110  -44.085  1.895  28.872 0.0000000000
70736  -43.310  3.117  27.157 0.0000000000
117281  -41.084  2.394  30.276 0.0000000000
69888  -41.499  2.730  29.602 0.0000000000
69905  -41.919  3.018  28.891 0.0000000000
70747  -42.961  3.628  26.526 0.0000000000
73982  -41.353  7.225  23.847 0.0000000000
76061  -48.734  9.630  33.792 0.0000000000
120009  -48.812  8.343  33.292 0.0000000000
75330  -49.339  8.917  32.884 0.0000000000
76078  -49.164  9.773  31.797 0.0000000000
76086  -49.185  10.491  30.744 0.0000000000
76092  -49.414  10.863  29.821 0.0000000000
106273  -49.695  11.099  29.018 0.0000000000
76839  -50.040  11.241  28.194 0.0000000000
76815  -51.850  11.836  31.067 0.0000000000
106651  -50.994  11.624  29.846 0.0000000000
76830  -50.841  11.580  28.917 0.0000000000
76868  -51.823  11.971  24.703 0.0000000000
105076  -52.796  12.411  25.295 0.0000000000
76885  -51.958  12.694  22.498 0.0000000000
77626  -52.113  13.247  22.103 0.0000000000
78378  -51.405  13.431  21.322 0.0000000000
104626  -51.389  13.765  21.930 0.0000000000
78367  -50.619  13.812  23.038 0.0000000000
78344  -50.854  13.969  24.476 0.0000000000
102370  -49.972  13.699  24.149 0.0000000000
102371  -48.726  13.364  24.789 0.0000000000
116465  -50.255  13.513  28.934 0.0000000000
102387  -49.917  13.541  28.416 0.0000000000
102378  -48.037  13.297  26.991 0.0000000000
102375  -47.357  13.125  26.333 0.0000000000
102379  -47.123  13.195  27.293 0.0000000000
78313  -46.253  13.431  28.514 0.0000000000
102390  -46.984  13.475  29.027 0.0000000000
122375  -45.629  13.519  28.819 0.0000000000
78297  -45.382  13.686  29.446 0.0000000000
78283  -45.065  13.998  30.193 0.0000000000
73910  -40.476  6.971  33.462 0.0000000000
74588  -40.942  7.822  33.266 0.0000000000
75323  -42.228  9.099  32.890 0.0000000000
77531  -39.766  12.678  34.462 0.0000000000
77544  -40.881  12.280  33.777 0.0000000000
77533  -41.390  12.821  34.201 0.0000000000
77545  -41.706  12.293  33.681 0.0000000000
76055  -42.873  10.546  32.963 0.0000000000
76066  -43.353  9.763  32.824 0.0000000000
76067  -44.226  9.734  32.860 0.0000000000
76057  -44.591  10.567  33.067 0.0000000000
76058  -45.436  10.518  33.144 0.0000000000
76059  -46.478  10.283  33.273 0.0000000000
76060  -47.686  10.333  33.566 0.0000000000
78226  -44.712  13.527  36.336 0.0000000000
78239  -45.288  13.502  35.748 0.0000000000
108492  -45.867  13.424  35.203 0.0000000000
78240  -46.557  13.342  35.552 0.0000000000
78250  -46.505  13.173  34.695 0.0000000000
77538  -47.335  12.580  34.305 0.0000000000
76798  -48.454  10.796  33.877 0.0000000000
77525  -49.383  11.933  35.756 0.0000000000
76782  -49.999  11.179  35.430 0.0000000000
76047  -50.841  10.363  34.891 0.0000000000
76048  -51.847  10.348  35.080 0.0000000000
76034  -52.271  10.224  36.904 0.0000000000
69081  -51.134  2.179  30.744 0.0000000000
69096  -50.222  2.050  30.045 0.0000000000
69095  -49.651  1.972  29.698 0.0000000000
101960  -49.107  1.507  29.995 0.0000000000
69078  -48.395  1.062  30.115 0.0000000000
68286  -47.538  0.708  30.314 0.0000000000
68272  -50.248  0.942  31.677 0.0000000000
68251  -49.655  0.398  32.044 0.0000000000
106920  -49.417  0.708  31.415 0.0000000000
68285  -46.690  0.495  30.554 0.0000000000
106910  -45.881  0.404  30.750 0.0000000000
68283  -44.589  0.640  30.685 0.0000000000
68266  -44.381  0.285  31.218 0.0000000000
66561  -45.444  -1.722  33.443 0.0000000000
66559  -42.860  -1.581  33.846 0.0000000000
67390  -42.689  -1.012  32.992 0.0000000000
120407  -43.323  -0.843  32.679 0.0000000000
67408  -42.231  -0.346  32.468 0.0000000000
68247  -41.655  0.225  32.071 0.0000000000
69045  -39.953  1.074  32.084 0.0000000000
69849  -39.019  2.228  32.363 0.0000000000
69848  -38.779  2.606  32.989 0.0000000000
70671  -39.369  3.773  33.384 0.0000000000
71560  -39.338  4.470  34.014 0.0000000000
108259  -47.533  0.272  37.788 0.0000000000
111686  -47.049  0.677  39.664 0.0000000000
68177  -47.329  1.884  39.519 0.0000000000
70625  -42.936  4.238  40.441 0.0000000000
70626  -44.059  4.781  40.309 0.0000000000
72382  -43.636  6.498  40.159 0.0000000000
117832  -44.346  5.794  40.128 0.0000000000
70636  -44.721  4.165  40.139 0.0000000000
69803  -47.024  3.679  39.075 0.0000000000
68998  -48.023  2.607  39.003 0.0000000000
69004  -47.657  2.987  38.898 0.0000000000
69818  -45.550  3.875  38.409 0.0000000000
69015  -46.805  2.209  38.055 0.0000000000
68205  -47.012  1.068  37.791 0.0000000000
67351  -46.706  -0.111  37.507 0.0000000000
120882  -45.420  0.288  37.447 0.0000000000
105830  -44.214  0.252  37.322 0.0000000000
67348  -43.248  -0.005  37.109 0.0000000000
69011  -42.736  1.648  37.578 0.0000000000
113727  -43.028  0.882  37.370 0.0000000000
68201  -42.489  0.275  37.084 0.0000000000
68215  -41.703  0.211  36.847 0.0000000000
107192  -40.757  0.321  36.568 0.0000000000
68213  -39.907  0.547  36.373 0.0000000000
70651  -40.077  4.134  38.452 0.0000000000
69813  -39.623  3.154  38.118 0.0000000000
69812  -38.866  3.263  37.890 0.0000000000
69008  -39.780  1.643  37.296 0.0000000000
68198  -39.512  1.187  36.733 0.0000000000
68212  -39.212  0.887  36.130 0.0000000000
72424  -39.539  5.312  33.850 0.0000000000
74586  -38.887  8.109  33.638 0.0000000000
113553  -38.553  8.978  33.692 0.0000000000
74583  -38.009  8.231  34.026 0.0000000000
76777  -37.843  11.717  34.659 0.0000000000
74578  -36.376  8.535  35.396 0.0000000000
76776  -37.260  11.171  34.788 0.0000000000
77529  -37.902  12.482  35.118 0.0000000000
77513  -37.413  13.376  36.366 0.0000000000
103524  -37.516  13.747  37.265 0.0000000000
78219  -36.109  13.050  36.951 0.0000000000
78207  -36.670  13.484  37.482 0.0000000000
120756  -37.054  13.668  37.813 0.0000000000
69971  -52.160  3.757  23.698 0.0000000000
71657  -51.391  4.485  23.265 0.0000000000
115471  -51.637  3.653  22.937 0.0000000000
69988  -50.670  3.097  21.334 0.0000000000
69130  -46.969  1.845  27.889 0.0000000000
69926  -46.610  2.105  27.170 0.0000000000
69954  -45.460  2.813  25.182 0.0000000000
70772  -45.414  3.096  23.992 0.0000000000
69956  -47.130  2.568  25.241 0.0000000000
70776  -49.417  3.529  23.745 0.0000000000
103231  -48.597  3.451  22.142 0.0000000000
104172  -49.535  3.718  22.194 0.0000000000
70823  -50.303  3.307  21.003 0.0000000000
69188  -50.254  2.765  20.658 0.0000000000
69997  -49.748  2.892  19.928 0.0000000000
69996  -49.183  3.076  19.344 0.0000000000
70006  -47.961  3.320  18.407 0.0000000000
70005  -47.131  3.141  17.983 0.0000000000
70016  -47.243  4.077  17.650 0.0000000000
70837  -44.421  3.239  17.373 0.0000000000
111491  -43.004  3.619  17.446 0.0000000000
72426  -41.302  5.133  33.341 0.0000000000
71565  -41.679  4.899  33.092 0.0000000000
72428  -42.402  5.328  33.053 0.0000000000
72436  -41.679  5.182  32.569 0.0000000000
73229  -40.605  6.437  30.714 0.0000000000
73236  -40.308  6.678  29.955 0.0000000000
73915  -44.356  6.527  32.155 0.0000000000
73921  -43.560  6.307  31.721 0.0000000000
118017  -43.452  7.088  30.798 0.0000000000
73933  -42.648  7.170  30.735 0.0000000000
73932  -41.713  7.213  30.536 0.0000000000
73945  -41.214  7.646  29.805 0.0000000000
73944  -40.601  7.252  29.527 0.0000000000
73950  -40.554  7.355  28.735 0.0000000000
108850  -40.792  7.735  27.118 0.0000000000
74657  -41.135  8.189  26.667 0.0000000000
73963  -40.791  7.504  26.296 0.0000000000
73967  -40.963  7.572  25.493 0.0000000000
73975  -41.329  7.760  24.282 0.0000000000
113685  -41.466  7.848  23.636 0.0000000000
74599  -48.391  7.973  32.603 0.0000000000
117393  -48.127  7.890  32.033 0.0000000000
74605  -47.680  7.974  31.409 0.0000000000
75352  -48.149  9.533  30.022 0.0000000000
74618  -47.531  9.023  29.616 0.0000000000
103169  -47.371  8.351  30.435 0.0000000000
119445  -46.311  8.719  28.535 0.0000000000
76113  -48.462  10.432  26.800 0.0000000000
76112  -47.720  9.989  26.658 0.0000000000
76121  -47.304  9.939  25.294 0.0000000000
75400  -47.202  9.755  26.184 0.0000000000
75388  -47.228  9.662  26.975 0.0000000000
75374  -45.925  9.195  26.992 0.0000000000
123044  -45.333  9.005  27.378 0.0000000000
106333  -43.492  9.318  25.808 0.0000000000
75395  -42.992  9.383  25.053 0.0000000000
75405  -42.271  9.121  24.622 0.0000000000
73989  -41.585  7.690  22.873 0.0000000000
117607  -41.739  7.720  22.090 0.0000000000
73998  -42.215  7.990  20.841 0.0000000000
74689  -42.248  8.782  21.105 0.0000000000
74004  -43.603  7.410  18.133 0.0000000000
121320  -43.426  9.677  19.583 0.0000000000
74699  -43.695  9.511  18.690 0.0000000000
112914  -44.528  7.044  16.418 0.0000000000
72549  -44.335  6.614  15.608 0.0000000000
73313  -44.097  7.216  15.414 0.0000000000
72543  -43.570  5.866  15.859 0.0000000000
76176  -41.611  10.363  18.296 0.0000000000
78388  -49.756  13.995  20.378 0.0000000000
104413  -48.657  14.106  21.040 0.0000000000
78386  -47.559  14.174  21.098 0.0000000000
79051  -46.656  14.392  20.757 0.0000000000
116507  -46.058  13.002  24.707 0.0000000000
106300  -45.771  13.331  23.883 0.0000000000
79036  -44.544  14.267  23.061 0.0000000000
79048  -43.567  14.496  21.393 0.0000000000
78385  -43.171  14.223  20.940 0.0000000000
78384  -42.530  13.876  21.270 0.0000000000
78383  -41.955  13.426  21.591 0.0000000000
78371  -41.745  13.655  22.523 0.0000000000
77625  -41.223  12.579  22.620 0.0000000000
76866  -40.203  12.079  24.905 0.0000000000
76865  -39.688  11.795  25.471 0.0000000000
79683  -40.350  16.034  25.037 0.0000000000
106052  -46.830  14.557  31.603 0.0000000000
106404  -46.014  14.664  31.472 0.0000000000
78981  -44.659  14.419  30.834 0.0000000000
79638  -44.829  15.345  31.559 0.0000000000
78964  -44.227  14.882  31.218 0.0000000000
78980  -43.813  14.533  30.682 0.0000000000
78979  -43.028  14.515  30.386 0.0000000000
104324  -42.310  14.484  29.927 0.0000000000
78978  -41.730  14.792  30.154 0.0000000000
79648  -41.564  15.324  30.656 0.0000000000
119566  -40.898  15.129  29.224 0.0000000000
79663  -40.425  15.570  28.618 0.0000000000
65673  -46.937  -2.090  36.302 0.0000000000
65679  -45.711  -2.336  35.734 0.0000000000
66547  -41.443  -1.158  34.555 0.0000000000
67349  -44.920  -0.302  37.273 0.0000000000
67350  -45.912  -0.033  37.440 0.0000000000
67392  -45.065  -1.147  32.789 0.0000000000
68239  -40.189  0.058  32.960 0.0000000000
68267  -45.161  0.340  31.003 0.0000000000
69801  -45.438  3.692  39.876 0.0000000000
70627  -45.039  5.164  40.031 0.0000000000
70654  -44.452  5.122  38.621 0.0000000000
70656  -46.178  4.663  38.949 0.0000000000
71516  -39.376  4.760  40.591 0.0000000000
71518  -41.730  5.734  40.570 0.0000000000
71526  -45.498  5.197  39.508 0.0000000000
71527  -46.030  4.885  39.093 0.0000000000
71542  -45.158  5.508  38.924 0.0000000000
72392  -44.212  6.286  39.776 0.0000000000
72404  -43.885  6.500  39.349 0.0000000000
72431  -42.018  4.963  33.057 0.0000000000
73170  -41.278  7.395  39.999 0.0000000000
73171  -42.279  7.191  40.066 0.0000000000
73179  -39.898  7.431  39.249 0.0000000000
73182  -42.808  7.165  39.735 0.0000000000
73924  -46.397  7.109  31.698 0.0000000000
73968  -41.294  8.093  25.008 0.0000000000
74658  -41.623  8.577  26.143 0.0000000000
75320  -49.099  8.970  33.662 0.0000000000
75431  -42.588  9.482  21.468 0.0000000000
75465  -44.264  10.098  15.051 0.0000000000
75466  -44.917  9.964  15.324 0.0000000000
76120  -46.588  9.783  24.920 0.0000000000
76192  -44.415  10.576  15.222 0.0000000000
76764  -51.087  10.691  36.613 0.0000000000
76788  -39.140  11.168  33.766 0.0000000000
76889  -41.056  12.070  21.989 0.0000000000
77521  -38.636  12.889  35.124 0.0000000000
77537  -46.325  12.797  34.020 0.0000000000
77593  -54.354  13.003  27.879 0.0000000000
77627  -52.272  13.474  22.553 0.0000000000
77636  -42.116  12.874  20.327 0.0000000000
77657  -47.617  13.431  18.474 0.0000000000
78248  -44.311  13.364  34.724 0.0000000000
78387  -48.669  14.331  20.179 0.0000000000
78398  -50.495  13.320  20.128 0.0000000000
78990  -43.586  14.260  30.103 0.0000000000
79064  -47.663  14.365  19.107 0.0000000000
102354  -44.505  14.521  21.929 0.0000000000
104350  -41.953  8.366  29.060 0.0000000000
105012  -45.873  13.191  37.956 0.0000000000
112030  -42.549  9.545  22.159 0.0000000000
113261  -49.018  12.357  37.021 0.0000000000
113627  -52.376  11.922  26.707 0.0000000000
115643  -42.397  12.183  33.556 0.0000000000
116328  -41.485  7.387  23.374 0.0000000000
117120  -51.699  13.303  21.570 0.0000000000
117140  -42.569  7.160  33.009 0.0000000000
117702  -43.155  -0.857  36.685 0.0000000000
119282  -44.972  -2.323  35.155 0.0000000000
119446  -44.388  10.548  20.908 0.0000000000
120072  -48.351  0.132  31.653 0.0000000000
120997  -42.563  8.693  27.925 0.0000000000
121161  -52.132  13.954  23.410 0.0000000000
121481  -46.146  9.656  25.144 0.0000000000
122911  -43.019  13.125  34.324 0.0000000000
123079  -47.948  2.701  38.941 0.0000000000
123183  -43.243  6.901  39.419 0.0000000000
123431  -45.758  13.207  26.960 0.0000000000
123640  -45.822  14.340  21.341 0.0000000000
