#!ascii label  , from subject sub-v1s4x0050697_ses-1 vox2ras=TkReg
752
56201  -17.634  -13.992  -9.017 0.5555555820
56211  -18.079  -13.798  -9.459 0.6666666865
57931  -18.223  -12.711  -9.849 0.7777777910
57945  -18.557  -12.791  -10.135 0.7777777910
58722  -18.233  -11.709  -10.037 0.8888888955
58731  -20.227  -11.503  -11.279 0.8888888955
56190  -16.541  -14.120  -7.954 0.5555555820
57095  -16.827  -13.502  -8.407 0.5555555820
57918  -17.191  -12.867  -8.932 0.6666666865
57930  -17.765  -12.620  -9.497 0.8888888955
57946  -18.900  -12.535  -10.460 0.8888888955
58723  -18.794  -11.801  -10.486 0.8888888955
59525  -19.262  -10.328  -10.943 1.0000000000
60386  -20.519  -9.822  -11.743 1.0000000000
57917  -16.780  -12.132  -8.633 0.7777777910
59504  -17.517  -11.022  -9.571 1.0000000000
108105  -17.421  -10.320  -9.587 1.0000000000
59514  -17.994  -10.934  -9.921 1.0000000000
60372  -18.451  -9.381  -10.461 1.0000000000
60384  -19.111  -9.631  -10.931 1.0000000000
61237  -17.828  -9.007  -10.027 1.0000000000
109620  -18.975  -8.741  -10.993 1.0000000000
60396  -20.338  -9.024  -11.879 1.0000000000
123444  -19.452  -8.248  -11.512 1.0000000000
61260  -20.762  -8.237  -12.375 1.0000000000
62081  -20.392  -7.456  -12.422 1.0000000000
62082  -21.141  -7.390  -12.689 0.7777777910
61225  -16.291  -8.955  -8.990 0.8888888955
106883  -17.346  -9.440  -9.629 1.0000000000
61238  -18.318  -8.396  -10.509 1.0000000000
61227  -17.311  -8.633  -9.685 1.0000000000
109818  -17.646  -8.065  -10.043 1.0000000000
62070  -18.863  -7.724  -11.169 1.0000000000
62071  -19.649  -7.540  -11.890 1.0000000000
103681  -19.857  -6.728  -12.362 1.0000000000
62902  -20.705  -6.572  -12.805 1.0000000000
62913  -21.055  -5.922  -13.040 0.7777777910
62903  -21.844  -6.269  -12.650 0.7777777910
62044  -15.822  -7.472  -8.757 0.5555555820
62873  -16.426  -6.111  -9.428 0.7777777910
62056  -16.853  -6.827  -9.630 0.8888888955
62884  -17.893  -6.551  -10.567 1.0000000000
62058  -18.105  -7.450  -10.533 1.0000000000
62883  -17.196  -6.115  -10.062 0.8888888955
62893  -18.464  -6.024  -11.200 1.0000000000
62901  -20.031  -5.944  -12.763 1.0000000000
62912  -20.569  -5.856  -12.980 0.8888888955
63689  -20.201  -5.401  -12.980 1.0000000000
63690  -20.671  -5.313  -13.144 0.8888888955
64496  -21.465  -4.554  -12.776 0.7777777910
108185  -22.121  -5.161  -12.155 0.6666666865
64497  -21.835  -4.589  -12.340 0.6666666865
63636  -14.832  -6.017  -7.723 0.4444444478
64467  -16.087  -4.867  -9.276 0.6666666865
64477  -16.953  -4.746  -10.199 0.7777777910
63665  -17.334  -5.262  -10.388 0.8888888955
63673  -17.968  -5.175  -10.958 0.8888888955
62900  -19.329  -5.919  -12.013 1.0000000000
64486  -18.111  -4.414  -11.351 1.0000000000
63679  -19.501  -4.989  -12.589 1.0000000000
65305  -19.627  -4.090  -12.939 0.8888888955
64507  -20.740  -4.556  -13.244 0.7777777910
64508  -21.152  -4.487  -13.093 0.7777777910
64487  -22.353  -4.509  -11.805 0.5555555820
65325  -21.196  -3.711  -12.970 0.7777777910
66166  -21.886  -3.096  -12.099 0.6666666865
65270  -16.157  -4.050  -9.523 0.6666666865
65284  -16.935  -4.137  -10.338 0.7777777910
65283  -16.488  -3.728  -9.967 0.7777777910
64478  -17.465  -4.557  -10.676 0.8888888955
108265  -17.544  -3.734  -10.992 1.0000000000
65294  -18.303  -3.630  -11.786 1.0000000000
65304  -18.986  -3.571  -12.562 1.0000000000
120847  -19.241  -4.235  -12.528 0.8888888955
107343  -20.289  -3.089  -13.340 0.8888888955
66183  -20.544  -2.743  -13.275 0.8888888955
65324  -20.776  -3.600  -13.240 0.7777777910
66182  -20.062  -2.263  -13.376 0.8888888955
114484  -20.970  -2.149  -12.990 0.7777777910
66165  -21.309  -2.954  -12.756 0.7777777910
65269  -14.350  -3.337  -8.070 0.6666666865
111178  -14.479  -4.383  -7.835 0.5555555820
120910  -16.945  -3.516  -10.478 0.8888888955
65293  -17.893  -2.949  -11.582 1.0000000000
108305  -19.036  -2.750  -12.859 1.0000000000
65322  -19.659  -3.098  -13.179 0.8888888955
113297  -20.535  -2.137  -13.205 0.7777777910
66986  -21.046  -1.453  -12.760 0.7777777910
114571  -21.442  -2.186  -12.516 0.6666666865
66968  -22.287  -1.596  -11.461 0.5555555820
113196  -22.034  -2.229  -11.801 0.5555555820
66127  -16.188  -3.041  -9.684 0.7777777910
66126  -15.898  -2.297  -9.538 0.6666666865
106439  -16.633  -2.946  -10.263 0.8888888955
66148  -17.606  -2.251  -11.432 1.0000000000
66163  -18.195  -2.219  -12.159 1.0000000000
66997  -19.102  -1.409  -13.080 0.8888888955
66181  -19.413  -2.140  -13.175 0.8888888955
113095  -19.810  -0.949  -13.104 0.8888888955
67849  -20.577  -0.829  -12.810 0.7777777910
67834  -21.109  -0.726  -12.551 0.7777777910
66987  -21.617  -1.350  -12.167 0.5555555820
68682  -20.131  -0.145  -12.921 0.7777777910
67835  -21.621  -0.415  -12.026 0.5555555820
108073  -22.219  -0.861  -11.461 0.5555555820
110834  -21.188  -0.065  -12.403 0.6666666865
66935  -12.702  -1.149  -7.126 0.4444444478
66138  -16.268  -2.107  -9.980 0.7777777910
66147  -16.956  -2.177  -10.716 1.0000000000
66967  -17.408  -1.481  -11.285 1.0000000000
66985  -18.518  -1.492  -12.632 0.8888888955
67833  -18.763  -0.648  -12.924 0.8888888955
114050  -19.380  -0.744  -13.127 0.8888888955
67848  -20.127  -0.864  -13.000 0.8888888955
68683  -20.662  -0.138  -12.678 0.6666666865
68640  -15.840  0.380  -9.524 0.6666666865
67788  -15.520  -0.408  -9.422 0.6666666865
67803  -16.998  -0.376  -10.763 0.7777777910
68666  -18.269  -0.299  -12.440 0.8888888955
114138  -17.809  -0.175  -11.841 0.7777777910
120349  -18.696  0.265  -12.874 0.7777777910
68667  -18.995  0.875  -13.141 0.7777777910
67846  -19.144  0.088  -13.137 0.8888888955
68681  -19.332  0.785  -13.143 0.7777777910
69496  -19.729  0.659  -13.049 0.7777777910
68668  -20.254  0.575  -12.853 0.6666666865
69495  -19.423  1.508  -13.176 0.6666666865
109956  -20.518  1.328  -12.751 0.6666666865
68669  -20.947  0.562  -12.552 0.5555555820
70289  -20.879  2.153  -12.583 0.6666666865
69479  -21.393  1.355  -12.329 0.5555555820
68670  -21.745  0.533  -11.986 0.4444444478
70290  -21.914  2.235  -12.045 0.5555555820
70240  -16.833  2.034  -9.386 0.3333333433
122127  -16.727  1.951  -9.761 0.3333333433
69457  -17.567  0.985  -11.291 0.5555555820
114969  -17.077  0.145  -10.762 0.6666666865
70268  -18.010  1.898  -12.106 0.5555555820
69458  -17.867  1.152  -11.777 0.7777777910
68649  -18.207  0.662  -12.343 0.7777777910
111303  -18.894  2.175  -13.086 0.6666666865
122397  -18.697  0.843  -12.882 0.6666666865
69476  -18.702  1.472  -12.894 0.6666666865
69494  -19.111  1.567  -13.190 0.6666666865
69477  -19.620  2.240  -13.154 0.6666666865
70288  -20.149  2.962  -12.921 0.6666666865
71096  -22.666  3.162  -11.758 0.5555555820
71095  -21.342  3.100  -12.408 0.6666666865
70249  -17.031  2.369  -10.011 0.4444444478
71058  -17.185  2.393  -9.551 0.4444444478
70260  -17.031  2.075  -10.396 0.4444444478
70261  -17.410  2.718  -10.557 0.5555555820
69475  -18.221  1.564  -12.340 0.6666666865
70286  -18.479  2.238  -12.688 0.6666666865
70308  -19.198  2.312  -13.216 0.6666666865
110995  -20.601  4.106  -12.834 0.6666666865
109649  -21.983  4.032  -12.157 0.5555555820
71074  -17.815  3.449  -10.458 0.4444444478
70269  -18.447  2.785  -12.691 0.6666666865
71093  -19.073  3.866  -12.939 0.6666666865
70287  -18.852  2.952  -12.969 0.6666666865
57944  -18.024  -12.178  -9.796 0.8888888955
57929  -17.314  -12.088  -9.200 1.0000000000
59515  -18.586  -10.398  -10.444 1.0000000000
60385  -19.779  -9.771  -11.422 1.0000000000
64452  -14.665  -5.211  -7.742 0.5555555820
67773  -13.487  -0.076  -7.470 0.5555555820
67755  -13.259  -0.276  -5.907 0.2222222239
71092  -18.782  3.540  -12.862 0.6666666865
65257  -13.693  -3.820  -7.149 0.4444444478
71059  -17.590  2.537  -9.553 0.2222222239
71065  -17.495  2.761  -9.926 0.3333333433
106284  -23.061  4.048  -11.684 0.5555555820
55278  -17.865  -15.596  -8.713 0.5555555820
55290  -18.078  -14.721  -9.233 0.5555555820
115188  -18.415  -13.629  -9.793 0.5555555820
56223  -18.958  -13.953  -10.178 0.5555555820
57131  -19.610  -12.892  -10.766 0.7777777910
57957  -20.260  -12.364  -11.059 0.8888888955
55277  -16.776  -14.766  -8.026 0.5555555820
57119  -18.502  -13.214  -9.984 0.6666666865
57120  -18.979  -13.201  -10.389 0.6666666865
58732  -21.101  -11.198  -11.393 0.7777777910
59536  -21.225  -9.739  -11.981 0.8888888955
105963  -16.247  -14.659  -7.548 0.4444444478
57904  -16.097  -12.954  -7.545 0.5555555820
57916  -16.324  -12.225  -8.008 0.2222222239
58699  -16.874  -11.384  -8.948 0.6666666865
61261  -21.493  -8.234  -12.470 0.8888888955
62083  -21.665  -7.377  -12.645 0.6666666865
62092  -21.470  -6.625  -12.829 0.7777777910
60359  -16.445  -9.751  -8.865 0.5555555820
63674  -22.195  -5.869  -12.266 0.6666666865
61215  -15.904  -8.318  -8.636 0.4444444478
64488  -23.064  -4.377  -11.207 0.5555555820
62840  -14.880  -7.126  -7.200 0.2222222239
65295  -22.615  -3.654  -11.478 0.5555555820
66149  -22.515  -2.868  -11.441 0.5555555820
65227  -13.955  -4.007  -6.848 0.3333333433
66969  -22.909  -2.215  -10.989 0.5555555820
66115  -12.765  -2.292  -6.895 0.4444444478
104206  -22.897  -1.283  -10.864 0.4444444478
66910  -13.429  -1.564  -6.264 0.3333333433
67815  -22.380  -0.003  -11.372 0.5555555820
68650  -22.755  0.856  -11.260 0.4444444478
109609  -16.529  1.488  -8.905 0.3333333433
69432  -16.331  1.480  -9.228 0.3333333433
69431  -15.654  1.061  -8.854 0.4444444478
69459  -22.321  1.479  -11.732 0.4444444478
70270  -22.931  2.278  -11.521 0.4444444478
71097  -23.706  3.543  -11.677 0.2222222239
71083  -18.236  3.738  -11.475 0.6666666865
110549  -19.381  3.221  -13.128 0.6666666865
117687  -19.379  4.130  -13.094 0.6666666865
71944  -19.702  4.724  -13.178 0.6666666865
71945  -21.411  4.911  -12.442 0.6666666865
56200  -17.096  -14.093  -8.513 0.5555555820
57096  -17.326  -13.534  -8.862 0.6666666865
57106  -17.696  -13.309  -9.275 0.6666666865
57107  -18.115  -13.181  -9.646 0.7777777910
114028  -18.495  -11.214  -10.294 1.0000000000
111484  -18.417  -12.308  -10.113 0.8888888955
58709  -17.817  -11.584  -9.710 1.0000000000
118491  -19.439  -11.448  -10.926 1.0000000000
57956  -19.487  -12.120  -10.865 0.8888888955
56189  -15.985  -14.172  -7.309 0.4444444478
57905  -16.552  -12.860  -8.228 0.6666666865
109515  -17.692  -12.004  -9.543 0.8888888955
58730  -19.036  -11.014  -10.707 1.0000000000
59526  -19.834  -10.677  -11.316 1.0000000000
59527  -20.724  -10.560  -11.598 1.0000000000
58708  -17.379  -11.466  -9.378 1.0000000000
59503  -16.958  -10.621  -9.204 0.8888888955
60360  -16.825  -9.672  -9.269 1.0000000000
60371  -17.929  -9.962  -9.987 1.0000000000
61250  -19.634  -8.963  -11.465 1.0000000000
104342  -21.017  -9.055  -12.220 0.8888888955
61259  -20.063  -8.264  -12.009 1.0000000000
61226  -16.766  -8.777  -9.361 1.0000000000
107024  -16.137  -9.092  -8.662 0.5555555820
62046  -16.934  -7.795  -9.547 0.8888888955
62057  -17.432  -7.118  -10.048 1.0000000000
108609  -18.496  -6.893  -10.989 1.0000000000
62894  -19.127  -6.793  -11.597 1.0000000000
63680  -21.448  -5.804  -12.865 0.7777777910
63681  -21.730  -5.391  -12.607 0.6666666865
62030  -15.657  -7.728  -8.408 0.5555555820
62045  -16.267  -7.137  -9.248 0.6666666865
109406  -16.206  -8.081  -9.118 0.7777777910
63653  -16.288  -5.281  -9.405 0.6666666865
63664  -16.754  -5.317  -9.858 0.8888888955
62892  -17.759  -5.804  -10.620 0.8888888955
64506  -20.158  -4.735  -13.135 0.8888888955
63691  -21.138  -5.232  -13.107 0.7777777910
65306  -21.588  -3.817  -12.535 0.6666666865
65307  -21.998  -3.944  -12.046 0.6666666865
63652  -16.018  -5.688  -9.121 0.5555555820
62872  -15.880  -6.660  -8.949 0.4444444478
64468  -16.468  -4.569  -9.734 0.6666666865
63678  -18.701  -5.127  -11.683 1.0000000000
64495  -18.816  -4.313  -12.060 1.0000000000
65323  -20.233  -3.871  -13.281 0.7777777910
66184  -20.904  -2.847  -13.130 0.7777777910
65303  -18.494  -2.871  -12.317 1.0000000000
64440  -14.114  -4.725  -7.091 0.4444444478
65292  -17.253  -2.950  -10.890 0.8888888955
66164  -18.771  -2.129  -12.787 0.8888888955
67000  -20.551  -1.495  -13.004 0.7777777910
66125  -13.537  -2.313  -7.545 0.5555555820
66998  -19.678  -1.478  -13.202 0.8888888955
67847  -19.660  -0.161  -13.078 0.8888888955
66945  -14.219  -1.312  -8.232 0.5555555820
66946  -15.957  -1.839  -9.658 0.5555555820
66959  -16.756  -1.233  -10.596 0.7777777910
66958  -16.269  -1.373  -10.063 0.7777777910
67832  -18.288  -0.988  -12.417 0.8888888955
67814  -17.862  -0.871  -11.846 0.7777777910
68628  -15.147  0.474  -8.681 0.5555555820
69447  -16.169  0.986  -9.575 0.4444444478
67802  -16.626  -0.646  -10.426 0.6666666865
68648  -17.503  0.290  -11.347 0.6666666865
67787  -14.703  -0.371  -8.581 0.7777777910
114890  -17.355  -0.639  -11.246 0.7777777910
69478  -19.877  1.400  -13.038 0.6666666865
119737  -20.120  2.005  -12.945 0.6666666865
69448  -16.574  1.457  -10.004 0.4444444478
71082  -17.692  3.122  -11.249 0.6666666865
71094  -19.764  3.856  -13.058 0.6666666865
65256  -13.203  -3.057  -7.126 0.4444444478
67774  -13.783  0.770  -7.158 0.3333333433
71084  -23.531  2.844  -11.521 0.3333333433
108931  -17.429  -14.771  -8.600 0.5555555820
55264  -16.261  -15.400  -7.383 0.4444444478
60397  -21.586  -9.081  -12.243 0.7777777910
55263  -15.684  -14.853  -6.974 0.3333333433
57085  -16.289  -13.528  -7.732 0.4444444478
62084  -22.002  -7.031  -12.598 0.6666666865
62857  -15.659  -7.200  -8.494 0.3333333433
62013  -14.989  -7.684  -7.129 0.1111111119
62841  -14.867  -6.376  -7.080 0.1111111119
65241  -13.177  -3.065  -6.908 0.3333333433
68616  -14.902  1.104  -8.022 0.3333333433
71946  -22.775  4.825  -11.725 0.4444444478
55280  -20.604  -15.646  -8.957 0.4444444478
54350  -22.065  -15.914  -6.926 0.2222222239
54360  -18.477  -16.332  -8.817 0.4444444478
54361  -18.981  -16.748  -8.798 0.4444444478
55291  -18.754  -15.186  -9.626 0.4444444478
55293  -20.140  -15.295  -9.716 0.4444444478
55294  -20.921  -14.990  -9.343 0.4444444478
56202  -21.595  -14.539  -8.726 0.2222222239
56213  -19.047  -14.725  -9.976 0.4444444478
55302  -19.644  -14.679  -10.143 0.4444444478
56214  -20.415  -14.548  -10.101 0.4444444478
57098  -22.484  -13.454  -8.366 0.1111111119
56192  -22.762  -13.879  -7.671 0.1111111119
57121  -20.770  -13.764  -10.339 0.4444444478
57097  -21.869  -13.822  -8.942 0.3333333433
56224  -19.783  -13.808  -10.578 0.4444444478
56215  -21.230  -14.232  -9.569 0.3333333433
57108  -21.524  -13.465  -9.720 0.3333333433
103807  -22.024  -12.008  -10.010 0.2222222239
58710  -22.647  -11.558  -9.494 0.1111111119
58711  -23.208  -11.023  -9.101 0.1111111119
120562  -21.487  -12.433  -10.467 0.3333333433
58733  -21.828  -10.839  -11.074 0.5555555820
59528  -21.460  -10.310  -11.623 0.6666666865
59517  -23.007  -9.662  -10.139 0.4444444478
60387  -21.859  -9.512  -12.006 0.6666666865
60374  -23.143  -8.983  -10.353 0.3333333433
61251  -22.607  -8.366  -12.051 0.5555555820
61252  -22.954  -7.944  -11.481 0.5555555820
61240  -23.263  -8.230  -10.564 0.4444444478
62073  -23.032  -7.312  -11.564 0.3333333433
61262  -22.134  -7.870  -12.445 0.5555555820
62896  -22.750  -6.213  -11.779 0.4444444478
107244  -22.803  -6.882  -11.876 0.4444444478
63675  -22.722  -5.285  -11.608 0.4444444478
71943  -19.206  4.801  -13.103 0.5555555820
120145  -20.389  5.035  -12.986 0.5555555820
72791  -22.268  5.652  -11.809 0.5555555820
117440  -20.394  -16.201  -8.594 0.4444444478
55266  -21.655  -15.516  -7.617 0.2222222239
57933  -22.450  -12.326  -9.257 0.2222222239
58725  -22.245  -11.252  -10.290 0.4444444478
116267  -22.772  -10.880  -9.752 0.3333333433
58724  -21.509  -11.764  -10.843 0.4444444478
59529  -22.092  -9.945  -11.388 0.6666666865
60373  -22.592  -9.424  -10.859 0.4444444478
62885  -23.259  -6.703  -11.184 0.3333333433
114150  -23.314  -5.846  -11.051 0.4444444478
65296  -23.393  -3.712  -10.955 0.4444444478
121673  -19.358  5.226  -13.204 0.5555555820
72788  -19.251  5.552  -13.084 0.5555555820
56212  -18.525  -14.286  -9.727 0.4444444478
53461  -18.951  -17.896  -7.953 0.4444444478
53475  -19.366  -17.231  -8.354 0.4444444478
53463  -20.171  -17.296  -7.758 0.4444444478
54349  -21.344  -16.230  -7.391 0.2222222239
54338  -22.534  -16.373  -6.349 0.1111111119
54359  -17.766  -16.508  -8.249 0.4444444478
53474  -18.535  -17.210  -8.334 0.4444444478
56191  -21.976  -14.757  -7.854 0.1111111119
55254  -22.808  -15.643  -6.543 0.1111111119
57086  -23.376  -13.556  -7.325 0.1111111119
57919  -22.806  -12.712  -8.502 0.1111111119
58687  -23.860  -11.690  -7.871 0.1111111119
58700  -23.726  -11.086  -8.422 0.1111111119
120947  -23.660  -10.513  -8.831 0.1111111119
60361  -23.549  -9.378  -9.587 0.2222222239
122177  -23.639  -6.879  -10.628 0.2222222239
62886  -23.913  -6.321  -10.437 0.2222222239
65285  -24.032  -3.367  -10.673 0.3333333433
66139  -23.336  -3.058  -10.923 0.3333333433
119008  -22.843  -0.521  -10.875 0.4444444478
69460  -23.287  1.630  -11.194 0.3333333433
71942  -19.030  4.354  -12.903 0.5555555820
71940  -19.213  5.243  -13.017 0.5555555820
72789  -19.734  5.542  -13.036 0.5555555820
72790  -20.873  5.665  -12.583 0.5555555820
55279  -18.445  -15.608  -9.195 0.4444444478
57947  -20.444  -13.108  -10.791 0.5555555820
57958  -20.824  -11.903  -11.198 0.6666666865
62895  -22.335  -6.645  -12.334 0.4444444478
57948  -20.975  -12.491  -10.943 0.3333333433
106444  -21.175  -13.051  -10.485 0.3333333433
54372  -19.852  -16.065  -9.233 0.4444444478
55281  -21.316  -15.235  -8.439 0.4444444478
54363  -20.978  -15.864  -8.106 0.3333333433
55267  -22.375  -15.212  -7.167 0.1111111119
54371  -19.093  -16.089  -9.302 0.4444444478
120182  -19.428  -16.578  -8.846 0.4444444478
55292  -19.460  -15.383  -9.714 0.4444444478
122284  -22.383  -14.313  -7.758 0.1111111119
57099  -23.114  -13.168  -7.847 0.1111111119
56193  -23.247  -14.144  -7.015 0.1111111119
57932  -21.807  -12.734  -9.835 0.3333333433
57109  -22.167  -13.083  -9.093 0.2222222239
57920  -23.165  -11.836  -8.639 0.1111111119
59516  -22.536  -10.328  -10.441 0.4444444478
59505  -23.259  -10.243  -9.536 0.3333333433
61228  -23.711  -8.588  -9.749 0.1111111119
61239  -22.771  -8.661  -11.212 0.4444444478
60398  -22.130  -8.755  -12.272 0.5555555820
60388  -22.404  -9.147  -11.818 0.5555555820
62072  -22.597  -7.463  -12.156 0.5555555820
62059  -23.393  -7.425  -10.762 0.3333333433
63666  -23.505  -5.004  -10.846 0.4444444478
54362  -19.964  -16.695  -8.509 0.4444444478
54348  -20.642  -16.539  -7.912 0.4444444478
72784  -19.430  6.066  -12.806 0.5555555820
53462  -19.517  -17.773  -7.785 0.4444444478
53464  -20.993  -16.963  -7.204 0.4444444478
54337  -21.737  -16.646  -6.723 0.2222222239
53459  -17.003  -16.689  -7.506 0.4444444478
109426  -22.630  -14.529  -7.356 0.1111111119
56178  -23.070  -14.897  -6.748 0.1111111119
57087  -23.785  -13.020  -7.365 0.1111111119
49109  -20.505  -22.376  -3.580 0.1111111119
103244  -17.846  -21.280  -6.048 0.3333333433
49956  -19.586  -21.701  -4.475 0.2222222239
49941  -20.221  -21.856  -3.970 0.2222222239
49942  -20.919  -21.674  -3.830 0.1111111119
51683  -16.317  -19.417  -5.813 0.3333333433
108797  -16.636  -20.216  -5.724 0.3333333433
50854  -17.289  -20.758  -5.945 0.3333333433
50862  -18.881  -20.258  -6.340 0.3333333433
50857  -19.399  -20.598  -5.595 0.3333333433
50844  -19.889  -20.938  -4.904 0.2222222239
50858  -20.181  -20.237  -5.282 0.2222222239
49957  -20.403  -21.272  -4.316 0.2222222239
49958  -21.174  -20.965  -4.227 0.1111111119
50845  -20.643  -20.597  -4.699 0.2222222239
53436  -15.826  -17.728  -6.175 0.2222222239
52528  -16.486  -18.639  -6.268 0.2222222239
52517  -15.623  -18.541  -5.656 0.2222222239
51684  -17.176  -19.952  -6.141 0.3333333433
50855  -18.008  -20.434  -6.400 0.3333333433
53447  -15.708  -16.906  -6.364 0.2222222239
53448  -16.446  -17.229  -6.820 0.3333333433
110149  -16.776  -18.024  -6.725 0.3333333433
53449  -17.205  -17.636  -7.211 0.3333333433
52540  -17.860  -18.225  -7.365 0.3333333433
52529  -17.364  -18.730  -6.789 0.3333333433
52530  -18.175  -19.021  -7.110 0.3333333433
52531  -18.858  -19.091  -7.157 0.3333333433
51697  -19.982  -19.238  -6.361 0.3333333433
52532  -20.179  -18.495  -6.808 0.3333333433
52518  -20.701  -18.797  -6.005 0.3333333433
51686  -20.467  -19.523  -5.648 0.1111111119
54336  -16.118  -16.295  -6.895 0.2222222239
53460  -17.793  -17.393  -7.780 0.3333333433
52541  -18.605  -18.465  -7.511 0.3333333433
52542  -19.349  -18.440  -7.433 0.3333333433
52519  -21.353  -18.482  -5.835 0.1111111119
55253  -15.528  -15.560  -6.566 0.3333333433
55265  -17.100  -15.659  -8.004 0.3333333433
52543  -19.972  -17.965  -7.381 0.3333333433
111297  -23.943  -5.547  -10.516 0.2222222239
64479  -23.967  -4.144  -10.645 0.2222222239
66970  -23.849  -1.671  -10.586 0.3333333433
50856  -18.541  -20.937  -5.939 0.3333333433
49966  -19.077  -21.283  -5.206 0.3333333433
51695  -18.478  -19.674  -6.729 0.3333333433
51696  -19.222  -19.583  -6.668 0.3333333433
51685  -19.703  -19.902  -5.959 0.3333333433
123012  -17.314  -18.154  -7.015 0.3333333433
53450  -20.621  -17.696  -6.985 0.3333333433
48309  -19.840  -23.079  -3.272 0.1111111119
48310  -20.908  -23.054  -3.245 0.1111111119
50843  -16.478  -20.910  -5.399 0.3333333433
49964  -17.260  -21.522  -5.736 0.3333333433
114831  -17.731  -21.848  -5.724 0.3333333433
49133  -17.964  -22.288  -5.373 0.3333333433
49955  -18.709  -21.945  -4.875 0.3333333433
49110  -21.488  -22.351  -3.516 0.1111111119
112792  -14.976  -17.716  -5.349 0.2222222239
50846  -22.049  -20.593  -4.368 0.1111111119
53435  -15.064  -16.955  -5.698 0.2222222239
51675  -21.733  -19.835  -4.900 0.1111111119
51687  -21.337  -19.175  -5.448 0.1111111119
54335  -15.195  -16.245  -6.102 0.2222222239
52520  -22.012  -18.537  -5.590 0.1111111119
52533  -21.001  -18.104  -6.316 0.1111111119
53451  -21.384  -17.387  -6.532 0.1111111119
55252  -15.215  -15.012  -6.186 0.1111111119
67816  -23.670  -0.747  -10.562 0.2222222239
59495  -16.481  -10.533  -8.633 0.5555555820
57084  -15.783  -13.639  -7.082 0.3333333433
120447  -16.599  -16.022  -7.474 0.4444444478
117911  -24.034  -2.960  -10.677 0.2222222239
116383  -21.693  -23.119  -3.240 0.1111111119
49108  -19.675  -22.348  -3.848 0.1111111119
49965  -18.261  -21.636  -5.628 0.3333333433
51693  -17.018  -19.278  -6.351 0.3333333433
51673  -15.897  -20.012  -5.281 0.2222222239
51694  -17.739  -19.553  -6.618 0.3333333433
114800  -21.294  -20.368  -4.628 0.1111111119
51674  -20.934  -19.935  -5.068 0.1111111119
105856  -19.504  -19.002  -6.931 0.3333333433
106717  -18.400  -17.854  -7.791 0.3333333433
49124  -19.041  -22.302  -4.289 0.2222222239
49963  -16.694  -21.717  -5.404 0.3333333433
49132  -17.239  -22.276  -5.489 0.3333333433
49123  -18.316  -22.645  -4.612 0.3333333433
51682  -15.431  -19.201  -5.183 0.2222222239
64480  -24.744  -4.260  -10.194 0.1111111119
65287  -25.251  -3.703  -10.038 0.1111111119
107816  -25.183  -3.123  -10.270 0.1111111119
65276  -25.707  -3.105  -9.925 0.1111111119
66960  -23.960  -2.502  -10.648 0.1111111119
66141  -25.469  -2.451  -10.284 0.1111111119
66961  -24.773  -2.039  -10.499 0.1111111119
119944  -25.554  -1.616  -10.391 0.1111111119
68651  -23.389  0.214  -10.658 0.2222222239
69461  -24.257  1.648  -10.925 0.1111111119
70271  -23.883  2.284  -11.267 0.1111111119
114157  -23.611  1.072  -10.796 0.1111111119
70272  -24.856  2.183  -11.453 0.1111111119
71936  -18.470  4.741  -10.292 0.4444444478
72792  -23.384  5.617  -11.710 0.3333333433
71947  -23.798  4.581  -11.838 0.1111111119
111892  -24.548  3.675  -12.199 0.1111111119
73554  -21.251  7.164  -11.859 0.4444444478
73560  -20.266  6.381  -12.444 0.4444444478
73561  -21.612  6.404  -11.914 0.4444444478
108810  -22.848  6.396  -11.614 0.4444444478
73562  -23.672  6.441  -11.875 0.2222222239
72793  -24.207  5.605  -12.209 0.2222222239
75720  -23.257  9.117  -15.677 0.1111111119
74984  -24.146  8.069  -14.655 0.1111111119
72804  -24.896  5.853  -14.132 0.1111111119
72779  -19.119  5.928  -10.852 0.4444444478
73553  -19.636  6.596  -12.267 0.3333333433
120343  -22.185  7.471  -11.717 0.4444444478
73555  -22.286  6.955  -11.648 0.4444444478
108624  -22.999  7.165  -11.755 0.4444444478
74274  -22.432  7.942  -11.930 0.3333333433
74276  -23.797  7.215  -12.317 0.1111111119
74287  -24.270  7.305  -13.163 0.1111111119
73563  -24.257  6.542  -12.545 0.2222222239
73573  -24.548  6.562  -13.663 0.1111111119
74295  -24.429  7.348  -14.208 0.1111111119
72778  -18.736  5.564  -10.166 0.2222222239
108960  -20.304  7.123  -11.845 0.3333333433
74267  -21.679  7.919  -11.651 0.3333333433
74964  -22.669  8.662  -12.342 0.2222222239
74275  -23.115  7.885  -12.434 0.2222222239
74286  -23.788  7.898  -13.018 0.2222222239
74977  -24.154  7.986  -13.741 0.1111111119
74965  -23.266  8.577  -13.017 0.1111111119
75709  -23.476  9.091  -13.635 0.1111111119
75716  -23.454  9.268  -14.554 0.1111111119
74983  -23.847  8.596  -14.132 0.1111111119
73549  -19.661  6.692  -12.153 0.3333333433
74264  -19.843  7.208  -11.579 0.3333333433
74256  -20.091  8.012  -10.804 0.3333333433
74266  -20.878  7.706  -11.559 0.3333333433
74957  -21.999  8.618  -11.742 0.2222222239
75696  -22.956  9.635  -12.871 0.1111111119
75708  -23.168  9.945  -13.934 0.1111111119
76443  -21.553  10.213  -16.694 0.1111111119
74926  -19.594  8.317  -8.735 0.1111111119
74935  -20.291  9.018  -10.009 0.1111111119
74945  -20.299  8.633  -10.368 0.2222222239
74946  -21.028  8.826  -10.650 0.2222222239
74955  -20.603  8.189  -10.988 0.3333333433
74956  -21.286  8.400  -11.319 0.3333333433
75688  -21.621  9.327  -11.239 0.2222222239
121167  -22.508  9.921  -12.279 0.1111111119
76400  -22.544  10.467  -12.504 0.1111111119
76413  -22.666  10.579  -13.373 0.1111111119
76425  -21.978  10.899  -14.892 0.1111111119
75715  -22.783  10.044  -15.056 0.1111111119
75729  -21.975  9.365  -17.100 0.1111111119
75730  -22.761  8.926  -16.658 0.1111111119
105284  -19.838  8.805  -9.049 0.1111111119
75656  -20.963  9.580  -9.333 0.1111111119
76375  -21.735  10.343  -10.220 0.1111111119
75678  -21.365  9.587  -10.417 0.1111111119
76388  -21.928  10.398  -11.094 0.1111111119
77111  -21.887  11.919  -12.398 0.1111111119
77112  -22.188  11.295  -12.924 0.1111111119
75657  -21.646  10.046  -8.918 0.1111111119
76360  -21.918  10.430  -9.533 0.1111111119
106644  -22.215  10.930  -10.748 0.1111111119
77101  -22.215  11.573  -11.473 0.1111111119
76361  -22.533  10.833  -9.631 0.1111111119
64481  -25.293  -4.434  -9.727 0.1111111119
65286  -24.669  -3.555  -10.395 0.1111111119
67817  -24.809  -1.049  -10.478 0.1111111119
113309  -24.356  -0.185  -10.491 0.1111111119
72782  -18.846  5.278  -11.106 0.4444444478
71948  -24.590  4.615  -12.522 0.1111111119
74302  -24.454  7.454  -15.321 0.1111111119
76389  -22.171  10.161  -11.761 0.1111111119
75671  -21.334  9.875  -9.676 0.1111111119
77085  -22.441  11.618  -10.690 0.1111111119
77073  -22.821  11.543  -10.109 0.1111111119
65277  -26.297  -3.130  -9.384 0.1111111119
64472  -25.757  -3.811  -9.529 0.1111111119
71085  -24.408  2.886  -11.723 0.1111111119
71939  -18.593  4.523  -11.299 0.4444444478
72783  -19.401  6.069  -12.760 0.4444444478
74928  -20.915  8.958  -7.871 0.1111111119
123538  -21.610  9.761  -8.428 0.1111111119
76347  -22.473  10.331  -8.930 0.1111111119
76376  -22.291  10.949  -10.115 0.1111111119
64473  -26.191  -3.906  -9.033 0.1111111119
102867  -24.296  -4.912  -10.358 0.1111111119
63667  -24.843  -4.899  -9.930 0.1111111119
65278  -26.852  -2.812  -8.906 0.1111111119
66134  -26.653  -2.334  -9.460 0.1111111119
66142  -26.002  -1.940  -10.213 0.1111111119
66962  -26.179  -1.329  -10.276 0.1111111119
67818  -25.270  -0.102  -10.545 0.1111111119
67804  -25.772  -0.811  -10.472 0.1111111119
68652  -24.568  0.749  -10.623 0.1111111119
69462  -25.281  1.558  -11.059 0.1111111119
70291  -25.324  2.604  -12.128 0.1111111119
122018  -24.930  3.053  -12.235 0.1111111119
71111  -25.235  4.025  -12.992 0.1111111119
71967  -25.273  5.206  -13.909 0.1111111119
73541  -19.086  6.459  -10.055 0.2222222239
74255  -19.413  7.574  -10.154 0.2222222239
74305  -24.191  7.386  -16.473 0.1111111119
73532  -19.397  7.107  -8.834 0.1111111119
74944  -20.059  8.574  -10.335 0.2222222239
74993  -23.364  8.106  -16.923 0.1111111119
74992  -22.434  8.478  -17.445 0.1111111119
74242  -19.549  7.657  -8.404 0.1111111119
74917  -19.886  8.062  -7.897 0.1111111119
75728  -21.299  10.025  -17.414 0.1111111119
75642  -22.123  9.560  -7.714 0.1111111119
75643  -22.681  9.523  -7.466 0.1111111119
77123  -21.457  12.131  -13.410 0.1111111119
77133  -20.942  12.238  -14.393 0.1111111119
76430  -21.223  11.310  -15.525 0.1111111119
120100  -20.344  11.524  -16.707 0.1111111119
75658  -22.201  9.907  -8.164 0.1111111119
77802  -22.287  12.193  -11.172 0.1111111119
77816  -21.944  12.523  -11.895 0.1111111119
66140  -24.647  -2.858  -10.518 0.1111111119
66133  -26.127  -2.456  -9.905 0.1111111119
113733  -24.572  5.931  -13.047 0.2222222239
72799  -24.817  5.263  -13.118 0.1111111119
122883  -23.353  8.635  -16.279 0.1111111119
75719  -22.357  9.681  -16.211 0.1111111119
107257  -23.737  8.661  -14.943 0.1111111119
74987  -23.853  8.256  -15.787 0.1111111119
74265  -20.279  7.626  -11.309 0.3333333433
74976  -23.730  8.422  -13.520 0.2222222239
75689  -22.318  9.403  -12.008 0.1111111119
76431  -21.878  10.521  -15.822 0.1111111119
107606  -21.076  11.026  -16.339 0.1111111119
74235  -19.892  7.483  -7.808 0.1111111119
74934  -19.567  8.374  -9.506 0.1111111119
75670  -20.752  9.277  -10.040 0.1111111119
76399  -22.308  11.070  -11.983 0.1111111119
110673  -22.562  10.569  -14.230 0.1111111119
74927  -20.136  8.668  -8.306 0.1111111119
77124  -21.875  11.363  -13.975 0.1111111119
63658  -25.256  -5.256  -9.498 0.1111111119
73582  -24.803  6.707  -14.810 0.1111111119
73591  -24.931  6.806  -15.944 0.1111111119
77803  -22.704  12.304  -10.774 0.1111111119
71956  -25.142  4.705  -13.263 0.1111111119
74247  -19.357  7.793  -9.214 0.1111111119
73521  -19.662  7.023  -8.175 0.1111111119
76424  -21.268  11.610  -14.778 0.1111111119
78565  -21.982  13.399  -11.816 0.1111111119
77829  -21.493  12.719  -12.892 0.1111111119
49122  -17.490  -22.925  -5.086 0.2222222239
60329  -16.180  -9.520  -8.477 0.2222222239
60347  -16.006  -8.908  -8.511 0.2222222239
60348  -16.235  -9.633  -8.547 0.4444444478
71075  -18.208  4.122  -10.678 0.3333333433
104835  -18.237  4.070  -10.094 0.2222222239
120518  -18.748  5.151  -9.689 0.1111111119
72774  -19.000  5.811  -9.473 0.1111111119
69415  -15.666  1.082  -8.240 0.2222222239
68608  -14.699  0.811  -7.263 0.1111111119
102079  -16.344  -10.889  -8.257 0.2222222239
70241  -17.126  2.119  -9.181 0.1111111119
70242  -17.821  1.987  -9.322 0.1111111119
71067  -18.995  3.651  -9.652 0.1111111119
71930  -19.565  4.406  -9.422 0.1111111119
71922  -19.197  5.279  -9.206 0.1111111119
58686  -16.291  -11.694  -7.956 0.2222222239
58698  -16.480  -11.442  -8.370 0.3333333433
63623  -14.477  -5.522  -7.053 0.2222222239
71066  -18.101  3.378  -9.862 0.1111111119
64427  -14.476  -4.992  -6.829 0.3333333433
71929  -18.650  4.448  -9.662 0.1111111119
69421  -18.536  1.885  -9.537 0.1111111119
70250  -18.452  2.665  -9.629 0.1111111119
60349  -23.901  -9.839  -8.902 0.1111111119
115656  -16.784  -22.907  -5.194 0.1111111119
48320  -17.849  -23.500  -4.346 0.1111111119
110545  -15.416  -22.749  -4.278 0.1111111119
49121  -16.049  -22.450  -4.785 0.1111111119
49954  -15.972  -21.546  -4.890 0.1111111119
50842  -15.549  -20.585  -4.771 0.1111111119
51672  -15.160  -19.727  -4.670 0.1111111119
57889  -15.851  -13.246  -7.118 0.1111111119
60328  -15.749  -8.789  -7.450 0.1111111119
110421  -16.286  -10.114  -8.422 0.1111111119
66080  -13.816  -2.885  -6.645 0.2222222239
66100  -13.018  -2.274  -6.589 0.2222222239
66081  -14.794  -2.016  -6.764 0.2222222239
61194  -15.411  -8.217  -7.303 0.1111111119
61214  -15.757  -8.229  -8.422 0.1111111119
48319  -17.005  -23.640  -4.948 0.1111111119
49105  -14.621  -22.063  -3.872 0.1111111119
49953  -15.112  -21.091  -4.314 0.1111111119
50841  -14.790  -20.264  -4.026 0.1111111119
52506  -14.977  -19.028  -4.573 0.1111111119
57072  -15.585  -13.910  -6.624 0.1111111119
103496  -15.857  -12.361  -6.415 0.1111111119
60304  -16.008  -9.265  -7.308 0.1111111119
66082  -15.175  -3.060  -6.879 0.2222222239
66924  -15.297  -1.051  -7.069 0.2222222239
49107  -18.866  -22.949  -3.795 0.1111111119
48306  -16.519  -23.987  -4.515 0.1111111119
66923  -14.096  -0.842  -6.303 0.2222222239
67765  -14.308  0.183  -6.375 0.1111111119
65228  -14.512  -3.740  -6.705 0.2222222239
102928  -14.542  -17.012  -5.010 0.1111111119
56177  -15.513  -14.312  -6.638 0.1111111119
52516  -14.953  -18.433  -4.937 0.1111111119
121541  -16.555  -22.206  -5.205 0.1111111119
59483  -16.019  -10.055  -7.361 0.1111111119
102216  -16.009  -10.839  -7.033 0.1111111119
48318  -16.260  -23.313  -4.703 0.1111111119
49106  -15.297  -21.888  -4.370 0.1111111119
57058  -15.439  -13.556  -5.816 0.1111111119
56168  -15.277  -14.606  -6.112 0.1111111119
101989  -16.165  -12.485  -7.563 0.1111111119
66936  -16.285  -1.171  -7.935 0.1111111119
67775  -15.428  0.114  -7.348 0.1111111119
64441  -14.743  -4.527  -6.697 0.1111111119
68617  -15.902  0.760  -7.949 0.1111111119
112274  -16.502  1.163  -8.556 0.1111111119
66922  -12.825  -1.274  -6.518 0.4444444478
66984  -17.992  -1.572  -11.970 0.8888888955
66999  -20.135  -1.518  -13.190 0.8888888955
67763  -12.807  0.043  -6.589 0.2222222239
67764  -13.634  0.578  -6.402 0.1111111119
68615  -14.335  0.532  -7.910 0.4444444478
107345  -21.393  -5.137  -12.922 0.7777777910
117669  -22.178  -14.117  -8.205 0.1111111119
118550  -15.777  1.195  -8.632 0.2222222239
