#!ascii label  , from subject sub-v1s4x0050687_ses-1 vox2ras=TkReg
1804
87515  -43.522  5.292  35.710 0.0000000000
84712  -56.374  2.203  20.833 0.0000000000
94179  -48.104  13.185  44.636 0.0000000000
154226  -50.533  -2.532  29.735 0.0000000000
83556  -49.250  1.613  37.444 0.0000000000
90218  -50.271  8.518  29.058 0.0000000000
94277  -49.912  13.417  32.826 0.0000000000
99790  -41.518  20.297  27.462 0.0000000000
137192  -42.929  1.778  43.319 0.0000000000
83611  -45.914  1.389  32.184 0.0000000000
136209  -50.303  3.075  28.545 0.0000000000
88514  -47.375  6.846  33.243 0.0000000000
98120  -48.709  18.885  42.318 0.0000000000
134098  -53.234  14.835  40.306 0.0000000000
95027  -44.920  14.815  38.051 0.0000000000
94313  -43.350  13.161  31.140 0.0000000000
98995  -45.789  19.478  30.616 0.0000000000
88625  -55.381  6.958  20.764 0.0000000000
90944  -40.020  8.740  41.354 0.0000000000
91830  -44.918  10.183  38.694 0.0000000000
136588  -54.563  -4.335  33.313 0.0000000000
80541  -49.758  -1.892  34.688 0.0000000000
82547  -45.190  0.252  36.388 0.0000000000
82517  -44.343  0.517  39.727 0.0000000000
87606  -54.528  5.366  25.498 0.0000000000
91064  -56.219  10.206  25.977 0.0000000000
92645  -49.978  11.135  36.620 0.0000000000
93464  -55.497  13.761  33.300 0.0000000000
135217  -52.852  14.851  25.526 0.0000000000
94385  -47.760  13.716  24.487 0.0000000000
97439  -44.259  17.327  23.951 0.0000000000
85560  -44.956  3.597  34.239 0.0000000000
86575  -46.242  3.925  32.457 0.0000000000
88507  -45.533  6.155  34.669 0.0000000000
98948  -49.273  19.575  37.723 0.0000000000
96619  -46.590  16.496  40.647 0.0000000000
98149  -46.550  18.368  36.326 0.0000000000
131315  -44.664  17.262  34.782 0.0000000000
86676  -55.948  4.422  20.959 0.0000000000
92628  -38.089  11.802  39.596 0.0000000000
92619  -41.113  11.802  40.542 0.0000000000
81480  -49.545  0.265  35.625 0.0000000000
81489  -47.119  -0.990  35.865 0.0000000000
145503  -46.841  0.198  37.342 0.0000000000
82466  -43.890  0.611  42.024 0.0000000000
83525  -38.537  1.316  39.066 0.0000000000
86510  -37.185  4.324  39.372 0.0000000000
85514  -35.575  3.473  40.836 0.0000000000
80624  -52.022  -0.913  27.762 0.0000000000
88565  -50.163  6.262  28.463 0.0000000000
85628  -52.167  4.017  27.277 0.0000000000
88577  -52.481  6.870  27.172 0.0000000000
89449  -55.476  7.972  25.710 0.0000000000
91043  -53.068  9.860  27.875 0.0000000000
92605  -46.887  10.876  42.006 0.0000000000
91844  -47.381  10.593  37.619 0.0000000000
92632  -50.084  11.441  40.376 0.0000000000
94251  -50.736  14.225  36.628 0.0000000000
95051  -54.860  15.141  36.761 0.0000000000
95079  -52.333  14.581  33.089 0.0000000000
145597  -54.869  15.238  30.090 0.0000000000
94328  -51.335  13.893  29.787 0.0000000000
94388  -50.348  14.075  24.612 0.0000000000
93521  -48.899  12.636  29.138 0.0000000000
96665  -41.393  16.468  29.961 0.0000000000
95147  -43.969  14.862  27.556 0.0000000000
97423  -42.303  17.785  26.361 0.0000000000
97445  -40.199  17.447  23.306 0.0000000000
99036  -40.184  19.565  24.584 0.0000000000
80591  -48.180  -0.948  30.791 0.0000000000
82628  -50.028  0.444  29.084 0.0000000000
83631  -48.165  1.505  30.148 0.0000000000
86597  -48.049  4.423  30.156 0.0000000000
89396  -48.504  7.321  30.764 0.0000000000
95800  -50.257  16.267  46.400 0.0000000000
94191  -51.951  13.601  43.291 0.0000000000
94969  -49.564  15.035  42.631 0.0000000000
140137  -48.853  14.141  39.277 0.0000000000
94258  -47.645  13.250  35.614 0.0000000000
130994  -46.227  12.448  32.218 0.0000000000
148897  -43.798  13.691  35.450 0.0000000000
96643  -42.540  16.009  33.373 0.0000000000
99005  -42.511  19.919  29.729 0.0000000000
90282  -54.785  8.850  21.904 0.0000000000
89350  -40.235  7.553  37.853 0.0000000000
149747  -43.198  8.174  36.191 0.0000000000
90159  -42.337  8.157  40.941 0.0000000000
92604  -43.970  11.321  42.364 0.0000000000
94176  -45.829  13.737  43.538 0.0000000000
97325  -43.969  17.711  43.327 0.0000000000
96569  -47.126  16.438  44.873 0.0000000000
76676  -52.194  -5.142  31.954 0.0000000000
78535  -52.458  -3.271  34.097 0.0000000000
78555  -50.001  -4.052  32.896 0.0000000000
155545  -47.097  -1.796  33.133 0.0000000000
82571  -45.260  -0.131  34.406 0.0000000000
84545  -48.832  2.229  39.633 0.0000000000
83480  -45.718  1.863  43.124 0.0000000000
156809  -46.668  1.438  40.937 0.0000000000
83542  -46.646  1.437  38.992 0.0000000000
82527  -44.426  1.024  38.490 0.0000000000
85545  -41.219  4.307  36.855 0.0000000000
83683  -55.862  1.329  23.264 0.0000000000
83657  -52.303  1.471  27.181 0.0000000000
84677  -53.943  2.722  25.427 0.0000000000
86653  -56.396  4.005  23.403 0.0000000000
87623  -57.413  5.934  22.912 0.0000000000
90278  -57.399  8.818  22.565 0.0000000000
92743  -56.488  11.727  23.358 0.0000000000
90182  -46.457  8.533  35.397 0.0000000000
90190  -48.390  8.797  34.270 0.0000000000
91874  -50.536  10.349  32.469 0.0000000000
93419  -53.738  13.182  39.781 0.0000000000
92652  -52.554  12.066  35.166 0.0000000000
148983  -51.834  11.102  30.834 0.0000000000
92690  -54.459  12.189  29.128 0.0000000000
94365  -55.623  13.461  26.791 0.0000000000
94400  -54.588  14.743  22.980 0.0000000000
150852  -46.260  12.702  28.480 0.0000000000
95951  -45.628  15.810  24.321 0.0000000000
96737  -43.304  16.120  19.273 0.0000000000
95979  -40.141  15.730  20.470 0.0000000000
96716  -37.123  16.349  21.634 0.0000000000
136837  -44.117  4.238  35.143 0.0000000000
86547  -45.174  4.520  34.276 0.0000000000
87516  -44.071  5.685  35.384 0.0000000000
98957  -48.213  19.160  36.670 0.0000000000
98158  -47.351  18.984  34.127 0.0000000000
133264  -56.380  3.537  21.153 0.0000000000
83564  -49.487  1.268  36.682 0.0000000000
82550  -48.401  0.280  36.731 0.0000000000
82539  -48.150  0.727  37.423 0.0000000000
82510  -38.059  0.971  39.645 0.0000000000
84543  -36.809  2.481  39.557 0.0000000000
78600  -51.620  -3.081  29.189 0.0000000000
148532  -51.650  -1.633  28.402 0.0000000000
89416  -50.376  7.773  28.617 0.0000000000
88567  -51.306  6.830  27.779 0.0000000000
89429  -51.706  7.621  27.707 0.0000000000
90231  -52.591  8.510  27.502 0.0000000000
138146  -51.480  9.054  28.420 0.0000000000
93370  -47.866  12.028  43.086 0.0000000000
92606  -48.650  11.225  41.356 0.0000000000
93371  -48.975  12.245  42.793 0.0000000000
130182  -50.022  13.663  34.841 0.0000000000
94270  -51.793  14.486  34.434 0.0000000000
139434  -50.729  13.787  32.911 0.0000000000
95108  -52.329  14.507  31.059 0.0000000000
94302  -50.602  13.651  31.210 0.0000000000
94339  -50.239  13.252  28.619 0.0000000000
146771  -48.918  12.776  30.766 0.0000000000
142091  -41.388  18.428  29.144 0.0000000000
96671  -41.914  16.477  28.483 0.0000000000
97416  -41.455  18.258  27.864 0.0000000000
98207  -41.359  18.761  25.475 0.0000000000
146548  -41.182  20.047  26.126 0.0000000000
82607  -46.590  0.293  31.622 0.0000000000
82617  -47.864  0.272  30.571 0.0000000000
83624  -46.986  1.080  31.067 0.0000000000
87548  -46.679  5.225  32.614 0.0000000000
85598  -47.133  3.931  31.024 0.0000000000
142802  -47.385  5.286  31.251 0.0000000000
88546  -48.227  6.009  30.253 0.0000000000
89386  -47.911  6.895  31.860 0.0000000000
96578  -49.093  17.402  44.570 0.0000000000
95815  -49.717  16.042  44.376 0.0000000000
96588  -48.150  16.637  42.991 0.0000000000
155361  -45.701  15.645  39.320 0.0000000000
148545  -46.906  14.841  40.246 0.0000000000
95029  -46.768  14.264  38.954 0.0000000000
94239  -48.234  13.603  37.127 0.0000000000
135030  -46.185  13.593  37.082 0.0000000000
94256  -45.352  13.257  35.802 0.0000000000
95048  -44.414  14.163  36.745 0.0000000000
98159  -45.233  17.946  33.113 0.0000000000
154145  -43.573  16.805  33.619 0.0000000000
98164  -43.980  17.984  32.043 0.0000000000
98170  -42.386  18.110  31.262 0.0000000000
99007  -44.147  20.045  30.089 0.0000000000
89477  -54.832  7.660  20.934 0.0000000000
151151  -40.743  7.513  40.196 0.0000000000
152735  -41.773  8.404  39.421 0.0000000000
90142  -41.463  8.224  41.422 0.0000000000
94211  -41.910  13.789  40.477 0.0000000000
92602  -42.580  11.635  41.439 0.0000000000
94198  -43.302  13.382  41.406 0.0000000000
141517  -44.642  12.874  42.530 0.0000000000
94967  -44.430  14.734  42.040 0.0000000000
98114  -42.587  19.136  44.323 0.0000000000
97308  -45.575  17.725  44.134 0.0000000000
98083  -45.986  19.409  45.108 0.0000000000
97301  -47.982  18.442  45.918 0.0000000000
98856  -46.969  20.093  45.130 0.0000000000
76718  -52.922  -5.362  30.975 0.0000000000
76661  -53.402  -5.201  32.816 0.0000000000
80543  -52.343  -1.737  34.394 0.0000000000
79569  -51.055  -2.640  34.474 0.0000000000
78540  -51.070  -4.010  33.680 0.0000000000
78532  -49.750  -3.280  33.973 0.0000000000
78537  -48.796  -3.323  32.986 0.0000000000
144374  -48.551  -2.690  33.971 0.0000000000
81476  -45.710  -0.471  35.884 0.0000000000
81487  -45.625  -0.693  35.033 0.0000000000
82560  -45.164  -0.053  35.383 0.0000000000
83479  -44.747  1.828  43.207 0.0000000000
82467  -44.805  0.745  41.985 0.0000000000
82501  -45.653  0.953  40.364 0.0000000000
83516  -46.413  1.340  40.334 0.0000000000
82518  -45.238  0.914  39.542 0.0000000000
130364  -45.851  1.261  38.997 0.0000000000
131587  -44.642  0.845  39.092 0.0000000000
86531  -39.863  5.152  37.083 0.0000000000
86525  -39.243  4.646  37.384 0.0000000000
82681  -55.622  0.582  23.486 0.0000000000
83642  -50.113  1.297  28.832 0.0000000000
82644  -51.387  0.503  28.094 0.0000000000
84652  -51.134  2.124  28.068 0.0000000000
86626  -53.217  4.280  26.423 0.0000000000
85637  -53.277  3.450  26.286 0.0000000000
86634  -54.433  4.429  25.368 0.0000000000
85654  -55.083  3.148  24.386 0.0000000000
86643  -55.793  4.477  24.178 0.0000000000
86644  -56.630  4.907  23.565 0.0000000000
88601  -56.024  6.057  24.563 0.0000000000
91063  -55.648  8.872  25.922 0.0000000000
90262  -56.740  8.579  25.098 0.0000000000
91094  -57.074  9.390  24.914 0.0000000000
91951  -57.247  10.416  23.453 0.0000000000
92720  -56.666  11.490  24.930 0.0000000000
90985  -43.791  9.773  37.885 0.0000000000
90180  -44.737  8.517  35.790 0.0000000000
91851  -45.089  10.166  37.133 0.0000000000
91845  -48.928  10.865  37.556 0.0000000000
91858  -48.010  10.125  36.036 0.0000000000
91860  -49.489  10.446  35.384 0.0000000000
139789  -49.437  9.427  33.072 0.0000000000
91865  -50.248  10.482  34.158 0.0000000000
94984  -53.410  14.476  41.469 0.0000000000
93384  -53.351  13.704  41.539 0.0000000000
94228  -54.335  14.100  40.363 0.0000000000
94271  -55.437  14.035  34.945 0.0000000000
93433  -54.948  13.487  36.245 0.0000000000
93462  -53.650  12.356  33.933 0.0000000000
137518  -52.723  11.745  33.332 0.0000000000
92677  -53.751  12.269  32.172 0.0000000000
130577  -53.102  11.720  30.360 0.0000000000
93509  -54.821  12.766  30.952 0.0000000000
151699  -53.689  14.922  28.130 0.0000000000
95139  -55.377  14.449  28.135 0.0000000000
95168  -54.660  14.821  25.874 0.0000000000
95183  -55.445  14.432  24.839 0.0000000000
95196  -54.724  15.381  23.873 0.0000000000
94410  -53.287  15.378  22.064 0.0000000000
146438  -52.768  15.702  22.878 0.0000000000
94387  -49.511  13.792  24.471 0.0000000000
95206  -50.157  14.966  22.346 0.0000000000
93489  -44.509  12.543  31.719 0.0000000000
144976  -45.903  12.422  30.790 0.0000000000
93504  -44.544  12.765  30.314 0.0000000000
96687  -44.181  16.195  25.943 0.0000000000
95939  -45.148  15.106  25.916 0.0000000000
96703  -45.297  16.519  23.896 0.0000000000
96722  -45.570  16.902  21.833 0.0000000000
97461  -43.922  17.314  21.398 0.0000000000
95988  -41.407  15.758  20.136 0.0000000000
97459  -42.213  16.790  21.460 0.0000000000
97444  -38.716  17.756  22.650 0.0000000000
97455  -37.824  17.077  20.840 0.0000000000
97454  -36.994  17.747  21.103 0.0000000000
97442  -36.348  17.468  22.328 0.0000000000
84608  -45.247  2.156  33.478 0.0000000000
84617  -45.965  2.362  32.205 0.0000000000
86574  -45.854  3.826  33.051 0.0000000000
86561  -46.166  4.609  33.071 0.0000000000
88513  -46.699  6.307  33.707 0.0000000000
97346  -47.298  17.743  40.871 0.0000000000
137680  -47.396  18.524  38.745 0.0000000000
98134  -46.615  18.125  38.234 0.0000000000
97365  -45.407  17.152  37.752 0.0000000000
96636  -44.197  15.952  36.752 0.0000000000
98152  -45.902  18.131  35.166 0.0000000000
98166  -46.695  18.867  32.530 0.0000000000
151163  -55.487  5.315  20.806 0.0000000000
91814  -38.940  10.285  40.329 0.0000000000
156000  -40.692  9.967  41.143 0.0000000000
92630  -39.776  11.996  39.935 0.0000000000
80530  -49.427  -1.125  34.939 0.0000000000
80540  -48.164  -1.809  34.653 0.0000000000
150337  -48.650  -0.641  35.538 0.0000000000
81477  -46.944  -0.418  36.653 0.0000000000
82548  -46.062  -0.149  36.798 0.0000000000
83487  -43.386  1.207  42.653 0.0000000000
148873  -42.648  0.367  41.323 0.0000000000
84552  -39.380  2.308  38.072 0.0000000000
86519  -38.054  3.797  38.043 0.0000000000
141017  -37.076  3.312  39.150 0.0000000000
86509  -36.615  3.825  39.842 0.0000000000
135954  -49.800  4.328  28.751 0.0000000000
86611  -51.028  4.079  28.016 0.0000000000
86618  -51.100  4.961  27.877 0.0000000000
87592  -52.448  5.340  27.104 0.0000000000
87598  -53.844  5.924  26.123 0.0000000000
88592  -54.744  6.366  25.592 0.0000000000
139099  -53.762  7.679  26.570 0.0000000000
90247  -53.887  8.503  26.748 0.0000000000
91062  -54.720  9.625  26.744 0.0000000000
131473  -46.061  10.180  40.073 0.0000000000
91837  -46.600  10.564  38.307 0.0000000000
134868  -47.292  10.541  40.290 0.0000000000
92631  -49.092  10.952  39.417 0.0000000000
92634  -49.768  11.211  38.920 0.0000000000
95033  -52.231  14.713  38.597 0.0000000000
95043  -54.239  15.141  38.193 0.0000000000
95050  -53.058  15.151  36.208 0.0000000000
95065  -54.648  15.285  34.922 0.0000000000
95073  -55.207  15.070  33.385 0.0000000000
95098  -55.319  15.048  31.502 0.0000000000
140009  -53.417  15.012  31.382 0.0000000000
95122  -53.555  15.011  29.895 0.0000000000
95150  -52.259  14.360  27.301 0.0000000000
95179  -51.991  14.646  25.137 0.0000000000
156033  -50.895  13.638  27.431 0.0000000000
94362  -49.596  13.001  27.018 0.0000000000
93552  -48.258  12.707  26.709 0.0000000000
95094  -42.182  14.259  31.153 0.0000000000
149957  -43.762  13.590  29.473 0.0000000000
95133  -42.861  14.911  28.751 0.0000000000
96679  -43.078  16.270  27.111 0.0000000000
97432  -43.442  17.369  25.135 0.0000000000
97447  -42.373  17.304  22.969 0.0000000000
98214  -41.587  18.159  24.778 0.0000000000
98220  -39.962  18.179  23.991 0.0000000000
99042  -38.902  18.988  23.224 0.0000000000
80593  -49.340  -1.663  30.284 0.0000000000
80604  -50.392  -1.009  29.216 0.0000000000
81559  -49.015  -0.093  29.889 0.0000000000
83640  -48.761  1.274  29.733 0.0000000000
84644  -49.272  2.571  29.236 0.0000000000
84627  -47.050  2.643  30.925 0.0000000000
137253  -47.719  2.900  30.385 0.0000000000
85614  -48.898  3.453  29.416 0.0000000000
87580  -49.154  5.542  29.197 0.0000000000
89406  -49.187  7.128  29.478 0.0000000000
152190  -49.316  7.951  29.752 0.0000000000
94165  -49.793  14.652  46.068 0.0000000000
134419  -50.867  13.745  44.478 0.0000000000
94953  -51.221  14.714  45.261 0.0000000000
94971  -52.152  14.952  43.691 0.0000000000
136606  -52.065  14.725  41.510 0.0000000000
95839  -47.501  15.436  41.473 0.0000000000
145226  -49.377  14.519  41.040 0.0000000000
95021  -50.646  14.416  39.751 0.0000000000
95040  -49.946  14.145  38.092 0.0000000000
94249  -48.784  13.532  36.385 0.0000000000
94276  -48.797  13.148  34.064 0.0000000000
93475  -48.263  12.769  32.782 0.0000000000
93448  -46.427  12.740  34.253 0.0000000000
93446  -44.779  12.624  33.623 0.0000000000
94274  -43.106  13.407  33.765 0.0000000000
155586  -43.358  15.421  35.530 0.0000000000
157031  -42.543  14.788  34.152 0.0000000000
95069  -42.178  14.644  32.999 0.0000000000
96646  -41.750  16.147  32.098 0.0000000000
141203  -41.871  18.351  30.567 0.0000000000
99761  -41.844  20.207  28.662 0.0000000000
88490  -41.999  6.800  36.358 0.0000000000
88497  -42.874  6.746  36.107 0.0000000000
90172  -42.003  8.261  36.701 0.0000000000
90979  -42.634  9.272  38.061 0.0000000000
90975  -43.882  9.336  39.892 0.0000000000
91797  -42.236  9.979  41.675 0.0000000000
90948  -43.423  9.359  41.791 0.0000000000
91817  -44.884  9.788  41.473 0.0000000000
91791  -45.168  10.797  42.641 0.0000000000
133818  -46.001  11.704  43.352 0.0000000000
94177  -46.456  13.285  44.125 0.0000000000
96605  -43.552  16.457  41.968 0.0000000000
95824  -44.776  15.529  42.449 0.0000000000
145072  -46.385  14.937  43.967 0.0000000000
94951  -47.911  14.737  45.443 0.0000000000
95805  -48.486  15.926  46.017 0.0000000000
135213  -49.250  18.466  45.938 0.0000000000
98102  -49.481  19.672  44.752 0.0000000000
77627  -52.388  -4.869  30.466 0.0000000000
78585  -51.210  -4.011  30.327 0.0000000000
149580  -53.494  -2.208  33.934 0.0000000000
79578  -53.443  -3.051  33.882 0.0000000000
77591  -52.268  -4.926  32.922 0.0000000000
147422  -51.094  -4.628  32.499 0.0000000000
78583  -49.767  -3.369  31.002 0.0000000000
78570  -49.120  -2.966  31.405 0.0000000000
156548  -47.487  -1.534  31.844 0.0000000000
80568  -46.533  -0.949  32.476 0.0000000000
80539  -47.326  -1.741  34.438 0.0000000000
80537  -46.048  -1.026  33.573 0.0000000000
82586  -45.259  0.386  33.648 0.0000000000
84607  -44.861  1.642  34.125 0.0000000000
84509  -47.589  2.248  42.661 0.0000000000
83489  -45.243  1.319  42.553 0.0000000000
83490  -46.151  1.502  42.411 0.0000000000
84520  -47.915  2.077  41.721 0.0000000000
83518  -48.078  2.036  40.102 0.0000000000
83529  -48.158  1.968  39.195 0.0000000000
83544  -48.340  1.710  38.476 0.0000000000
82530  -46.933  0.908  38.132 0.0000000000
82537  -46.142  0.535  37.621 0.0000000000
144409  -44.925  0.882  37.171 0.0000000000
136671  -42.201  5.349  36.399 0.0000000000
88488  -40.514  6.309  36.793 0.0000000000
89349  -39.622  6.996  37.984 0.0000000000
89336  -39.804  7.080  41.110 0.0000000000
90139  -38.861  7.958  41.351 0.0000000000
81624  -56.886  -0.288  22.625 0.0000000000
149398  -57.308  1.070  22.026 0.0000000000
83698  -57.200  1.716  21.721 0.0000000000
134803  -51.538  -0.733  28.209 0.0000000000
152004  -52.193  0.189  27.391 0.0000000000
136836  -52.214  3.175  27.242 0.0000000000
83665  -53.101  1.952  26.249 0.0000000000
83672  -53.934  1.337  25.141 0.0000000000
84687  -54.757  2.343  24.432 0.0000000000
85666  -56.075  3.093  23.403 0.0000000000
85675  -57.018  3.078  21.831 0.0000000000
86663  -57.116  4.059  22.009 0.0000000000
137480  -57.087  4.932  21.783 0.0000000000
88627  -57.096  6.711  21.693 0.0000000000
88594  -56.315  6.939  24.794 0.0000000000
89466  -57.510  7.276  23.272 0.0000000000
89479  -56.861  7.677  21.473 0.0000000000
91115  -56.446  9.114  21.549 0.0000000000
91103  -55.607  10.306  22.448 0.0000000000
91960  -55.151  11.428  23.346 0.0000000000
89365  -44.184  7.241  35.630 0.0000000000
89371  -45.746  6.978  34.983 0.0000000000
89377  -47.024  7.006  34.074 0.0000000000
90993  -46.548  9.752  36.175 0.0000000000
90183  -47.214  8.751  35.236 0.0000000000
89381  -48.014  7.639  33.148 0.0000000000
90199  -48.593  8.225  32.596 0.0000000000
90202  -49.179  8.635  31.275 0.0000000000
137589  -50.169  9.572  30.334 0.0000000000
93382  -51.349  12.560  41.885 0.0000000000
93417  -51.256  11.947  40.436 0.0000000000
92640  -51.320  11.805  38.216 0.0000000000
93424  -54.744  13.743  38.479 0.0000000000
93431  -52.947  12.478  36.944 0.0000000000
92651  -51.679  11.696  35.646 0.0000000000
91872  -51.144  10.824  33.023 0.0000000000
91875  -51.250  10.788  32.121 0.0000000000
91034  -50.856  9.916  29.703 0.0000000000
91902  -52.446  10.819  29.258 0.0000000000
92702  -55.265  11.577  27.500 0.0000000000
94329  -55.578  14.370  30.222 0.0000000000
93537  -55.557  13.380  28.237 0.0000000000
141915  -56.258  11.482  26.109 0.0000000000
93573  -56.424  12.350  24.600 0.0000000000
93588  -55.706  13.274  23.778 0.0000000000
95192  -51.130  14.816  23.609 0.0000000000
93506  -47.515  12.465  30.614 0.0000000000
93533  -47.166  12.496  28.739 0.0000000000
94360  -47.227  13.179  25.859 0.0000000000
94347  -44.881  13.582  28.180 0.0000000000
95164  -46.107  13.972  25.901 0.0000000000
95190  -46.584  14.617  24.352 0.0000000000
96723  -46.211  16.470  21.262 0.0000000000
96739  -45.344  16.555  19.528 0.0000000000
95234  -43.872  15.491  19.609 0.0000000000
97457  -40.334  16.776  22.048 0.0000000000
95969  -38.548  15.847  20.748 0.0000000000
100545  -42.235  21.768  26.903 0.0000000000
100556  -41.435  21.468  25.636 0.0000000000
100565  -40.440  20.867  24.393 0.0000000000
155622  -39.119  20.441  21.678 0.0000000000
99816  -38.162  20.464  21.209 0.0000000000
139771  -44.113  5.066  35.266 0.0000000000
131855  -43.734  5.982  35.611 0.0000000000
85690  -56.762  2.704  21.313 0.0000000000
83557  -49.851  1.920  36.998 0.0000000000
82540  -48.854  0.965  37.094 0.0000000000
83555  -48.579  1.377  37.787 0.0000000000
82493  -37.664  0.739  40.328 0.0000000000
79628  -50.931  -3.217  29.831 0.0000000000
79643  -51.778  -2.512  28.702 0.0000000000
79629  -51.129  -2.346  29.162 0.0000000000
89417  -51.059  7.669  28.132 0.0000000000
90223  -50.906  8.444  28.512 0.0000000000
90224  -51.531  8.314  28.039 0.0000000000
91040  -50.823  9.197  28.980 0.0000000000
93356  -47.401  12.516  43.940 0.0000000000
93357  -48.505  12.676  43.773 0.0000000000
132107  -49.711  13.440  33.897 0.0000000000
94278  -50.443  13.704  33.471 0.0000000000
94287  -50.662  13.713  32.155 0.0000000000
94286  -49.839  13.311  31.771 0.0000000000
94301  -49.730  13.175  30.782 0.0000000000
93494  -49.070  12.904  31.458 0.0000000000
98192  -41.373  18.884  28.427 0.0000000000
97410  -41.366  17.968  28.743 0.0000000000
99021  -41.448  19.679  27.855 0.0000000000
98197  -41.403  19.082  27.437 0.0000000000
99025  -41.383  19.829  27.015 0.0000000000
82599  -46.049  0.635  32.112 0.0000000000
83623  -46.399  1.176  31.631 0.0000000000
88522  -46.971  6.007  32.913 0.0000000000
87549  -47.157  5.683  32.090 0.0000000000
88533  -47.595  6.159  31.547 0.0000000000
88523  -47.468  6.451  32.372 0.0000000000
98101  -48.907  18.688  43.552 0.0000000000
97326  -48.454  17.719  43.492 0.0000000000
95872  -45.391  15.114  38.768 0.0000000000
95864  -45.952  15.150  39.485 0.0000000000
95028  -45.438  14.570  38.346 0.0000000000
151061  -46.413  14.098  38.398 0.0000000000
95039  -45.251  14.249  37.767 0.0000000000
94235  -45.032  13.876  37.120 0.0000000000
95038  -44.673  14.469  37.385 0.0000000000
98173  -45.417  18.645  31.678 0.0000000000
98165  -44.948  18.142  32.320 0.0000000000
154590  -44.585  18.420  31.729 0.0000000000
139939  -43.959  18.525  31.487 0.0000000000
98994  -44.810  19.524  30.611 0.0000000000
87642  -53.759  6.029  20.648 0.0000000000
88624  -54.327  6.867  20.735 0.0000000000
88623  -53.347  6.710  20.913 0.0000000000
89337  -40.601  7.449  41.100 0.0000000000
89338  -41.287  7.615  40.988 0.0000000000
90141  -40.648  7.945  41.453 0.0000000000
94197  -42.639  14.078  40.825 0.0000000000
139551  -42.483  13.155  40.920 0.0000000000
94978  -43.957  14.064  41.674 0.0000000000
94977  -43.248  14.436  41.235 0.0000000000
98838  -45.804  19.952  44.989 0.0000000000
155074  -46.750  19.755  45.259 0.0000000000
76679  -54.265  -5.515  32.532 0.0000000000
76678  -53.468  -5.537  32.218 0.0000000000
77583  -54.035  -4.873  33.175 0.0000000000
78533  -50.614  -3.367  34.119 0.0000000000
79568  -50.168  -2.647  34.441 0.0000000000
79577  -48.967  -3.137  33.681 0.0000000000
79567  -49.231  -2.587  34.319 0.0000000000
82559  -44.631  0.764  35.659 0.0000000000
82546  -44.625  0.957  36.502 0.0000000000
83478  -43.806  1.852  43.249 0.0000000000
133207  -44.353  0.424  41.271 0.0000000000
82500  -44.795  0.560  40.434 0.0000000000
85537  -40.317  3.567  37.326 0.0000000000
86526  -39.995  4.340  37.152 0.0000000000
85536  -39.323  3.678  37.473 0.0000000000
82668  -54.356  0.743  24.648 0.0000000000
83648  -49.902  2.046  28.834 0.0000000000
148038  -50.683  1.584  28.427 0.0000000000
84651  -50.472  2.352  28.485 0.0000000000
87605  -53.803  4.852  25.989 0.0000000000
86633  -53.763  3.964  25.840 0.0000000000
86642  -55.059  4.036  24.686 0.0000000000
86635  -55.142  4.892  24.856 0.0000000000
87612  -55.893  5.279  24.394 0.0000000000
87607  -55.292  5.733  25.004 0.0000000000
151780  -56.162  9.607  25.825 0.0000000000
141866  -56.471  9.173  25.470 0.0000000000
91082  -56.751  10.020  25.364 0.0000000000
91939  -56.924  10.752  24.865 0.0000000000
91926  -56.559  10.759  25.600 0.0000000000
90981  -44.158  9.810  38.789 0.0000000000
90991  -44.234  9.824  37.157 0.0000000000
141907  -45.171  10.348  37.949 0.0000000000
92638  -49.728  11.172  37.393 0.0000000000
91856  -49.379  10.701  36.166 0.0000000000
91864  -49.572  10.184  34.589 0.0000000000
92650  -50.113  10.944  35.798 0.0000000000
94998  -52.909  14.785  41.249 0.0000000000
94202  -53.814  14.411  41.025 0.0000000000
95023  -54.073  14.909  40.020 0.0000000000
93453  -55.481  13.901  34.102 0.0000000000
93452  -54.812  13.092  34.481 0.0000000000
93463  -54.796  12.955  33.634 0.0000000000
93477  -53.703  12.285  33.038 0.0000000000
93478  -54.803  12.864  32.778 0.0000000000
93495  -54.930  12.889  31.884 0.0000000000
132521  -53.518  14.806  27.277 0.0000000000
136170  -54.493  14.862  26.946 0.0000000000
95167  -53.812  14.961  25.993 0.0000000000
95181  -54.415  15.264  24.794 0.0000000000
95180  -53.653  15.293  24.865 0.0000000000
95195  -54.002  15.675  23.749 0.0000000000
134177  -52.948  15.417  24.195 0.0000000000
94386  -48.636  13.669  24.399 0.0000000000
94397  -49.309  14.207  23.527 0.0000000000
94396  -48.249  14.160  23.566 0.0000000000
95204  -47.552  14.617  23.281 0.0000000000
93488  -43.811  12.778  31.595 0.0000000000
135765  -44.925  12.496  31.006 0.0000000000
93503  -44.100  12.734  31.002 0.0000000000
96701  -44.109  17.118  24.777 0.0000000000
96694  -44.469  16.533  25.152 0.0000000000
96702  -44.711  16.832  24.346 0.0000000000
96709  -44.873  17.074  23.449 0.0000000000
97449  -44.188  17.409  22.874 0.0000000000
97460  -43.217  17.297  22.235 0.0000000000
98218  -38.160  18.455  22.190 0.0000000000
97443  -37.749  17.734  21.648 0.0000000000
144441  -45.431  3.169  33.440 0.0000000000
87525  -45.336  5.339  34.463 0.0000000000
87535  -45.804  4.995  33.859 0.0000000000
87536  -46.403  5.503  33.402 0.0000000000
87526  -46.053  5.811  34.125 0.0000000000
98919  -48.562  19.175  39.272 0.0000000000
98933  -47.988  18.933  38.396 0.0000000000
98144  -47.135  18.608  36.984 0.0000000000
145341  -46.640  18.265  37.543 0.0000000000
97366  -46.073  17.823  37.646 0.0000000000
98142  -45.656  17.608  36.963 0.0000000000
98148  -45.870  17.987  36.120 0.0000000000
140283  -46.397  18.358  35.700 0.0000000000
98973  -47.418  19.214  32.422 0.0000000000
153542  -46.957  18.835  33.765 0.0000000000
98981  -46.932  19.162  31.620 0.0000000000
86688  -55.164  3.734  20.768 0.0000000000
87655  -54.831  4.713  20.710 0.0000000000
91828  -38.536  11.039  39.868 0.0000000000
91829  -39.474  11.053  40.166 0.0000000000
92629  -38.965  11.861  39.703 0.0000000000
154341  -50.070  0.288  35.280 0.0000000000
81491  -49.156  -0.505  35.360 0.0000000000
81479  -48.701  -0.169  35.951 0.0000000000
82549  -47.610  0.108  37.065 0.0000000000
81478  -47.819  -0.395  36.366 0.0000000000
82512  -39.899  0.777  39.412 0.0000000000
83526  -39.341  1.156  38.964 0.0000000000
83537  -39.749  1.657  38.474 0.0000000000
83536  -38.942  1.757  38.523 0.0000000000
84551  -38.503  2.496  38.199 0.0000000000
84550  -37.895  2.291  38.605 0.0000000000
85521  -36.547  3.074  39.742 0.0000000000
85515  -36.126  3.294  40.281 0.0000000000
149066  -49.814  5.328  28.678 0.0000000000
86610  -50.468  4.664  28.338 0.0000000000
87587  -50.598  5.569  28.201 0.0000000000
88576  -51.973  7.043  27.452 0.0000000000
140703  -52.024  6.207  27.376 0.0000000000
88583  -52.941  6.233  26.794 0.0000000000
88584  -53.708  6.833  26.407 0.0000000000
89444  -53.051  7.224  26.868 0.0000000000
91049  -52.617  9.195  27.749 0.0000000000
90232  -53.157  8.093  27.054 0.0000000000
91050  -53.351  9.062  27.302 0.0000000000
91061  -54.141  9.222  26.896 0.0000000000
151906  -54.152  10.077  27.338 0.0000000000
91800  -46.376  10.457  41.504 0.0000000000
91819  -46.631  10.352  40.611 0.0000000000
91801  -47.314  10.640  41.067 0.0000000000
92623  -49.447  11.320  40.943 0.0000000000
92622  -48.665  10.957  40.639 0.0000000000
130103  -49.249  11.071  40.186 0.0000000000
152018  -49.708  11.210  39.729 0.0000000000
95041  -51.184  14.434  37.681 0.0000000000
95042  -52.894  14.941  37.838 0.0000000000
95049  -52.175  14.739  36.893 0.0000000000
95070  -52.575  14.777  33.874 0.0000000000
95064  -53.175  15.151  34.714 0.0000000000
95071  -53.868  15.298  34.101 0.0000000000
95072  -54.814  15.244  34.087 0.0000000000
151267  -54.314  15.299  33.460 0.0000000000
95081  -54.610  15.286  32.696 0.0000000000
95096  -53.463  15.036  32.126 0.0000000000
94316  -51.398  14.015  30.698 0.0000000000
95121  -52.272  14.452  30.242 0.0000000000
95136  -52.231  14.404  29.289 0.0000000000
132645  -52.154  14.319  28.310 0.0000000000
94351  -51.374  13.864  27.768 0.0000000000
94340  -51.195  13.763  28.733 0.0000000000
93535  -49.448  12.830  28.480 0.0000000000
94349  -49.928  13.093  27.807 0.0000000000
93546  -49.169  12.748  27.690 0.0000000000
93553  -48.910  12.741  27.013 0.0000000000
93545  -48.404  12.606  27.510 0.0000000000
95106  -41.815  14.881  30.739 0.0000000000
95118  -42.093  14.870  30.028 0.0000000000
95912  -42.188  15.240  29.392 0.0000000000
96678  -42.281  16.795  27.628 0.0000000000
95927  -42.652  15.986  27.913 0.0000000000
96685  -42.678  17.061  26.756 0.0000000000
96686  -43.472  16.586  26.304 0.0000000000
97424  -43.096  17.261  25.896 0.0000000000
97431  -42.632  17.744  25.458 0.0000000000
99030  -40.933  19.516  25.393 0.0000000000
98206  -40.607  18.762  24.713 0.0000000000
98213  -39.664  18.912  24.107 0.0000000000
99035  -39.504  19.462  23.840 0.0000000000
80592  -48.656  -1.483  30.727 0.0000000000
81548  -48.864  -0.856  30.288 0.0000000000
144548  -47.679  0.957  30.570 0.0000000000
82626  -48.429  0.631  30.109 0.0000000000
84643  -48.661  1.993  29.707 0.0000000000
85584  -46.326  3.243  31.941 0.0000000000
84626  -46.511  2.550  31.516 0.0000000000
85597  -46.806  3.300  31.289 0.0000000000
86596  -47.499  4.533  30.755 0.0000000000
85608  -47.620  3.787  30.495 0.0000000000
85609  -48.206  3.602  29.954 0.0000000000
86604  -48.657  4.246  29.572 0.0000000000
86605  -49.200  4.771  29.167 0.0000000000
87572  -48.523  5.191  29.729 0.0000000000
89405  -48.556  6.846  30.164 0.0000000000
88555  -48.796  6.159  29.577 0.0000000000
89397  -48.884  7.652  30.228 0.0000000000
94945  -49.611  15.418  46.413 0.0000000000
94166  -50.588  14.848  45.969 0.0000000000
94947  -50.844  15.417  45.907 0.0000000000
94958  -50.199  15.472  43.748 0.0000000000
94959  -51.408  15.274  44.342 0.0000000000
94970  -51.052  15.159  43.252 0.0000000000
94982  -51.909  14.917  42.583 0.0000000000
94981  -50.166  14.754  42.085 0.0000000000
97343  -46.980  17.195  41.046 0.0000000000
96606  -47.109  16.660  41.439 0.0000000000
95019  -48.036  14.279  39.680 0.0000000000
94995  -48.254  14.548  40.731 0.0000000000
94996  -48.919  14.322  40.124 0.0000000000
131656  -49.937  14.403  40.412 0.0000000000
95020  -49.547  14.264  39.680 0.0000000000
133462  -49.741  14.190  38.964 0.0000000000
94233  -48.937  13.986  38.373 0.0000000000
156591  -47.716  13.511  36.854 0.0000000000
94259  -48.429  13.379  35.756 0.0000000000
94267  -48.434  13.230  34.921 0.0000000000
93449  -47.648  13.049  34.788 0.0000000000
93450  -48.044  12.949  34.167 0.0000000000
93439  -46.847  13.010  35.098 0.0000000000
94255  -44.534  13.412  35.677 0.0000000000
93437  -45.068  12.973  35.033 0.0000000000
155423  -44.745  12.812  34.375 0.0000000000
94275  -43.923  12.928  34.139 0.0000000000
97371  -44.632  17.024  35.707 0.0000000000
96638  -44.087  16.366  35.966 0.0000000000
96641  -44.047  16.640  35.109 0.0000000000
96648  -43.086  16.745  33.111 0.0000000000
95880  -42.848  15.745  34.168 0.0000000000
95062  -42.406  14.603  33.673 0.0000000000
95068  -42.061  15.124  32.928 0.0000000000
95077  -41.840  15.041  32.398 0.0000000000
96647  -42.246  16.372  32.582 0.0000000000
98992  -42.870  19.433  30.419 0.0000000000
98991  -41.958  19.178  30.018 0.0000000000
99762  -42.337  20.420  29.028 0.0000000000
89471  -53.506  7.803  22.093 0.0000000000
90277  -54.452  9.222  22.680 0.0000000000
89356  -40.639  7.188  36.944 0.0000000000
89357  -41.474  7.606  36.689 0.0000000000
141971  -40.890  7.865  37.294 0.0000000000
90162  -42.263  8.360  40.103 0.0000000000
90165  -42.339  8.885  38.955 0.0000000000
90980  -43.231  9.430  38.762 0.0000000000
90974  -43.012  8.700  40.309 0.0000000000
91816  -40.885  10.759  40.840 0.0000000000
90967  -41.386  9.883  41.395 0.0000000000
92601  -41.609  10.896  41.185 0.0000000000
92603  -43.260  11.439  41.870 0.0000000000
136994  -42.836  10.650  41.794 0.0000000000
149334  -43.587  10.331  42.143 0.0000000000
90949  -44.094  9.415  41.491 0.0000000000
91798  -44.161  9.853  42.057 0.0000000000
145377  -44.782  10.230  42.194 0.0000000000
145905  -44.384  10.605  42.406 0.0000000000
94190  -45.245  13.151  43.010 0.0000000000
92593  -45.323  11.565  43.053 0.0000000000
93354  -45.866  12.929  43.660 0.0000000000
93355  -46.427  12.483  43.830 0.0000000000
97324  -43.050  18.163  43.570 0.0000000000
96604  -42.676  16.804  41.802 0.0000000000
96586  -44.263  16.617  42.507 0.0000000000
95837  -44.063  15.699  41.897 0.0000000000
96577  -46.371  16.236  44.140 0.0000000000
96576  -45.691  16.506  43.596 0.0000000000
94950  -46.961  14.760  44.611 0.0000000000
95804  -47.488  15.652  45.148 0.0000000000
142475  -47.773  17.365  45.644 0.0000000000
98840  -48.813  19.963  45.641 0.0000000000
98085  -48.587  19.426  45.886 0.0000000000
98086  -49.221  19.563  45.639 0.0000000000
98857  -49.440  20.177  44.171 0.0000000000
76728  -53.910  -5.343  29.789 0.0000000000
76699  -52.818  -5.390  31.754 0.0000000000
77637  -51.918  -4.271  29.989 0.0000000000
77626  -51.651  -4.620  30.814 0.0000000000
79570  -51.954  -2.565  34.388 0.0000000000
79571  -52.839  -2.421  34.186 0.0000000000
78542  -52.911  -3.985  33.727 0.0000000000
78541  -51.982  -4.034  33.738 0.0000000000
77579  -50.707  -4.304  33.076 0.0000000000
150630  -50.472  -4.313  32.528 0.0000000000
77589  -50.644  -4.417  31.922 0.0000000000
77588  -50.002  -4.063  32.210 0.0000000000
78571  -49.525  -3.587  31.809 0.0000000000
79575  -47.576  -2.283  33.078 0.0000000000
79602  -47.767  -2.160  32.210 0.0000000000
80569  -47.130  -1.615  32.550 0.0000000000
80552  -46.591  -1.406  33.203 0.0000000000
80528  -47.682  -1.367  35.169 0.0000000000
80527  -46.784  -1.390  35.016 0.0000000000
81499  -45.769  -0.873  34.214 0.0000000000
81512  -45.632  -0.344  33.408 0.0000000000
83599  -45.189  1.204  33.492 0.0000000000
82585  -44.943  0.735  34.217 0.0000000000
84554  -49.518  2.396  39.198 0.0000000000
84500  -46.181  2.544  43.579 0.0000000000
84501  -47.183  2.586  43.410 0.0000000000
84508  -46.693  2.001  42.945 0.0000000000
83488  -44.307  1.243  42.616 0.0000000000
83515  -46.036  1.117  41.058 0.0000000000
82468  -45.661  1.079  41.835 0.0000000000
83499  -46.459  1.404  41.628 0.0000000000
83491  -47.022  1.762  42.130 0.0000000000
83500  -47.180  1.699  41.283 0.0000000000
83501  -47.777  1.935  40.880 0.0000000000
83527  -46.763  1.517  39.738 0.0000000000
83528  -47.406  1.711  39.495 0.0000000000
83543  -47.554  1.535  38.734 0.0000000000
83554  -47.852  1.148  38.054 0.0000000000
82528  -45.229  1.071  38.584 0.0000000000
82529  -46.038  1.050  38.382 0.0000000000
82536  -45.441  0.903  37.830 0.0000000000
137742  -44.704  1.148  37.865 0.0000000000
85546  -41.859  4.090  36.780 0.0000000000
84576  -42.716  2.962  36.760 0.0000000000
86534  -42.380  4.647  36.439 0.0000000000
86533  -41.558  4.963  36.603 0.0000000000
87502  -40.926  5.639  36.643 0.0000000000
87497  -39.277  5.511  37.484 0.0000000000
88487  -39.843  5.956  37.110 0.0000000000
86518  -37.579  3.980  38.580 0.0000000000
141448  -38.109  4.532  38.192 0.0000000000
87491  -37.758  4.845  38.940 0.0000000000
89321  -38.528  7.175  41.379 0.0000000000
148188  -39.159  6.904  41.180 0.0000000000
90155  -37.943  7.977  41.260 0.0000000000
90156  -38.298  8.759  40.894 0.0000000000
81623  -55.877  -0.151  23.359 0.0000000000
82682  -56.591  0.655  22.691 0.0000000000
83684  -56.755  1.616  22.441 0.0000000000
81561  -50.058  -0.310  29.259 0.0000000000
80616  -51.054  -0.879  28.656 0.0000000000
81569  -50.576  -0.206  28.831 0.0000000000
144879  -51.874  0.823  27.613 0.0000000000
85627  -51.604  3.576  27.651 0.0000000000
85644  -53.725  3.269  25.772 0.0000000000
84668  -53.421  2.696  26.030 0.0000000000
83671  -53.635  1.986  25.607 0.0000000000
137246  -54.176  2.126  25.009 0.0000000000
83676  -54.536  1.577  24.522 0.0000000000
133489  -55.666  3.759  24.023 0.0000000000
139520  -56.894  2.523  22.297 0.0000000000
85667  -56.859  3.517  22.490 0.0000000000
152932  -56.892  3.455  21.630 0.0000000000
86654  -56.972  4.321  22.707 0.0000000000
87622  -57.056  5.698  23.469 0.0000000000
87633  -57.251  5.135  22.520 0.0000000000
151808  -57.290  5.440  21.945 0.0000000000
87645  -56.887  5.838  21.516 0.0000000000
87634  -57.376  6.007  22.194 0.0000000000
138210  -55.464  7.133  25.430 0.0000000000
88593  -55.555  6.435  25.094 0.0000000000
90271  -57.250  8.700  24.468 0.0000000000
89458  -57.407  7.951  23.983 0.0000000000
144238  -57.541  8.142  23.167 0.0000000000
89473  -57.459  7.850  22.344 0.0000000000
90284  -57.044  8.650  21.761 0.0000000000
90290  -56.436  8.438  21.326 0.0000000000
91112  -57.036  9.491  22.112 0.0000000000
91962  -56.915  11.076  22.999 0.0000000000
91970  -56.432  10.734  22.560 0.0000000000
92751  -56.426  11.336  22.902 0.0000000000
91961  -55.863  11.115  22.734 0.0000000000
92742  -56.033  11.843  23.113 0.0000000000
89364  -43.392  7.445  35.958 0.0000000000
150951  -43.998  8.175  35.888 0.0000000000
90181  -45.538  8.365  35.549 0.0000000000
89366  -45.462  7.584  35.319 0.0000000000
89367  -46.167  7.771  35.181 0.0000000000
89372  -46.604  7.332  34.679 0.0000000000
90188  -46.961  8.007  35.000 0.0000000000
91843  -46.548  10.458  37.437 0.0000000000
91853  -46.906  10.319  36.797 0.0000000000
90999  -48.268  9.684  35.372 0.0000000000
90998  -47.425  9.519  35.655 0.0000000000
91001  -47.929  9.040  35.010 0.0000000000
90189  -47.646  8.354  34.661 0.0000000000
90195  -47.961  7.997  33.996 0.0000000000
90196  -48.504  8.432  33.436 0.0000000000
91012  -49.927  9.870  32.815 0.0000000000
91011  -49.503  9.363  32.392 0.0000000000
91014  -49.568  9.280  31.608 0.0000000000
91024  -49.645  9.154  30.807 0.0000000000
91025  -50.068  9.771  31.160 0.0000000000
151925  -51.815  13.852  44.001 0.0000000000
93359  -50.936  13.222  43.406 0.0000000000
93374  -52.153  13.360  42.519 0.0000000000
93400  -53.519  13.410  40.713 0.0000000000
93399  -52.430  12.773  40.987 0.0000000000
93418  -52.487  12.501  40.078 0.0000000000
92636  -51.411  11.864  39.387 0.0000000000
93422  -52.559  12.399  39.034 0.0000000000
95044  -54.763  14.946  37.659 0.0000000000
95035  -54.628  14.792  38.561 0.0000000000
94252  -55.196  14.322  37.172 0.0000000000
93441  -53.708  12.662  35.648 0.0000000000
93432  -53.773  12.740  36.362 0.0000000000
93440  -52.655  12.273  36.014 0.0000000000
138205  -51.886  11.939  36.405 0.0000000000
92655  -51.563  11.408  34.648 0.0000000000
92659  -51.788  11.336  33.651 0.0000000000
92675  -52.057  11.273  31.715 0.0000000000
92664  -51.933  11.286  32.709 0.0000000000
91883  -51.256  10.743  31.197 0.0000000000
92682  -51.374  10.616  30.304 0.0000000000
91901  -51.694  10.445  29.485 0.0000000000
91895  -52.193  11.151  30.087 0.0000000000
92689  -53.668  11.866  29.778 0.0000000000
92696  -53.318  11.282  28.994 0.0000000000
141366  -54.076  11.436  28.501 0.0000000000
92697  -54.852  11.952  28.266 0.0000000000
95111  -55.317  15.033  30.603 0.0000000000
94317  -55.637  14.461  31.106 0.0000000000
95124  -55.270  14.983  29.660 0.0000000000
95154  -55.348  14.309  27.147 0.0000000000
94341  -55.572  14.093  28.606 0.0000000000
93547  -55.637  12.950  27.400 0.0000000000
93554  -55.946  12.497  26.396 0.0000000000
92719  -56.336  12.111  25.520 0.0000000000
93561  -56.060  12.945  25.352 0.0000000000
156223  -55.259  14.742  23.714 0.0000000000
94389  -55.603  14.184  24.039 0.0000000000
94401  -55.208  14.386  23.553 0.0000000000
93587  -54.865  13.507  23.443 0.0000000000
153506  -54.170  14.174  22.982 0.0000000000
95178  -51.146  14.385  24.839 0.0000000000
95193  -51.963  15.092  23.889 0.0000000000
95219  -49.975  15.306  21.294 0.0000000000
95220  -51.202  15.448  20.952 0.0000000000
130978  -46.933  12.462  32.148 0.0000000000
93493  -48.205  12.629  31.218 0.0000000000
93492  -47.276  12.463  31.399 0.0000000000
93518  -46.543  12.522  29.155 0.0000000000
93519  -47.235  12.459  29.361 0.0000000000
93532  -46.840  12.595  28.164 0.0000000000
93543  -47.045  12.662  27.426 0.0000000000
157442  -46.593  12.990  26.919 0.0000000000
95120  -43.474  14.180  28.907 0.0000000000
94338  -44.275  13.613  28.811 0.0000000000
95135  -44.216  14.225  28.029 0.0000000000
137077  -45.392  15.480  25.150 0.0000000000
95163  -45.497  14.389  26.274 0.0000000000
148960  -45.710  14.709  25.514 0.0000000000
95177  -46.322  14.297  25.125 0.0000000000
95952  -46.232  15.361  23.921 0.0000000000
95963  -46.502  15.597  23.001 0.0000000000
96711  -46.089  16.336  22.450 0.0000000000
131701  -44.804  17.184  20.987 0.0000000000
96738  -44.111  16.333  19.053 0.0000000000
95991  -44.010  16.042  19.013 0.0000000000
95990  -43.029  15.982  19.421 0.0000000000
95982  -42.300  15.867  19.808 0.0000000000
96729  -40.870  15.957  20.067 0.0000000000
95972  -40.770  15.523  20.390 0.0000000000
95970  -39.254  15.572  20.686 0.0000000000
97446  -41.200  17.282  23.172 0.0000000000
97458  -41.351  16.735  21.862 0.0000000000
96727  -37.565  16.703  21.086 0.0000000000
96728  -38.151  16.347  20.956 0.0000000000
95968  -37.923  16.121  21.046 0.0000000000
95958  -37.664  15.848  21.888 0.0000000000
100573  -41.104  21.966  23.652 0.0000000000
100566  -41.112  21.573  24.663 0.0000000000
100572  -40.423  21.293  23.498 0.0000000000
100577  -39.051  20.774  20.825 0.0000000000
99817  -38.528  20.533  21.151 0.0000000000
85559  -44.399  3.652  34.807 0.0000000000
152120  -44.641  4.166  34.626 0.0000000000
86546  -44.659  4.845  34.784 0.0000000000
87524  -44.720  5.706  35.011 0.0000000000
98947  -48.083  19.037  37.675 0.0000000000
98961  -47.977  19.151  35.601 0.0000000000
98154  -47.283  18.872  34.935 0.0000000000
98969  -47.944  19.287  33.874 0.0000000000
98974  -47.950  19.391  33.062 0.0000000000
98983  -48.532  19.671  31.902 0.0000000000
93413  -37.608  12.554  39.469 0.0000000000
93414  -38.492  12.628  39.509 0.0000000000
82552  -49.676  0.942  36.032 0.0000000000
82551  -49.125  0.591  36.356 0.0000000000
82538  -47.480  0.603  37.623 0.0000000000
83524  -37.760  1.692  39.125 0.0000000000
83514  -37.317  1.306  39.821 0.0000000000
78601  -52.223  -3.703  29.187 0.0000000000
78613  -52.133  -3.019  28.707 0.0000000000
88566  -50.771  6.316  28.085 0.0000000000
137266  -50.570  6.996  28.272 0.0000000000
89430  -52.427  7.644  27.354 0.0000000000
90230  -52.044  8.194  27.681 0.0000000000
90225  -52.046  8.837  27.906 0.0000000000
91042  -52.196  9.637  28.313 0.0000000000
92595  -47.344  11.423  42.511 0.0000000000
142216  -47.786  11.080  41.663 0.0000000000
92596  -48.353  11.592  42.181 0.0000000000
92597  -49.501  11.778  41.857 0.0000000000
94260  -50.326  13.960  35.726 0.0000000000
95056  -51.547  14.484  35.951 0.0000000000
95063  -51.044  14.214  35.064 0.0000000000
94279  -51.359  14.175  33.503 0.0000000000
95095  -52.390  14.568  32.319 0.0000000000
94303  -51.573  14.153  31.661 0.0000000000
94315  -50.570  13.550  30.318 0.0000000000
94327  -50.492  13.431  29.462 0.0000000000
149249  -49.937  13.188  29.983 0.0000000000
93508  -49.156  12.766  30.006 0.0000000000
141334  -41.327  17.147  29.913 0.0000000000
95919  -41.693  16.062  29.306 0.0000000000
96670  -41.411  17.033  29.170 0.0000000000
96677  -41.630  17.368  28.210 0.0000000000
97417  -41.935  17.626  27.288 0.0000000000
98202  -41.904  18.398  25.984 0.0000000000
98201  -41.387  19.242  26.365 0.0000000000
99799  -40.690  20.298  25.140 0.0000000000
81536  -47.120  -0.372  31.427 0.0000000000
81546  -47.696  -0.334  30.878 0.0000000000
82616  -47.291  0.316  30.991 0.0000000000
84635  -47.463  1.890  30.613 0.0000000000
143438  -46.539  4.558  32.350 0.0000000000
86586  -46.704  4.067  31.723 0.0000000000
87562  -46.920  4.903  31.881 0.0000000000
87571  -47.875  5.221  30.475 0.0000000000
88545  -47.775  5.886  30.866 0.0000000000
88534  -48.086  6.665  30.973 0.0000000000
149429  -48.358  7.420  31.447 0.0000000000
96571  -50.097  16.930  46.215 0.0000000000
95806  -50.369  16.394  45.593 0.0000000000
96579  -49.706  16.909  45.302 0.0000000000
95814  -48.810  16.308  43.742 0.0000000000
95827  -49.002  15.512  43.143 0.0000000000
95851  -46.171  15.840  40.010 0.0000000000
95838  -46.861  15.636  40.845 0.0000000000
95852  -46.436  15.221  40.047 0.0000000000
95018  -47.192  14.423  39.608 0.0000000000
95030  -47.538  14.111  38.917 0.0000000000
94232  -47.992  13.832  38.099 0.0000000000
94231  -47.074  13.889  38.268 0.0000000000
94238  -47.348  13.628  37.384 0.0000000000
94247  -46.472  13.416  36.512 0.0000000000
94257  -46.176  13.213  35.843 0.0000000000
94246  -45.642  13.514  36.629 0.0000000000
94245  -44.789  13.634  36.407 0.0000000000
94244  -44.044  13.921  36.109 0.0000000000
97374  -43.958  16.872  34.153 0.0000000000
97382  -44.422  17.649  32.853 0.0000000000
148774  -43.898  17.185  33.363 0.0000000000
97381  -43.508  17.395  32.617 0.0000000000
97380  -42.585  17.096  32.330 0.0000000000
97387  -42.958  17.756  31.932 0.0000000000
98182  -43.476  18.955  31.015 0.0000000000
99006  -43.293  19.928  30.086 0.0000000000
89476  -53.856  7.423  21.193 0.0000000000
89472  -54.329  8.145  21.596 0.0000000000
89345  -40.501  7.802  38.860 0.0000000000
89351  -40.870  8.216  38.119 0.0000000000
90161  -41.138  8.128  39.219 0.0000000000
133873  -41.664  7.900  40.474 0.0000000000
90143  -42.170  8.410  41.386 0.0000000000
93396  -41.700  12.768  40.557 0.0000000000
92620  -41.927  11.774  41.012 0.0000000000
93397  -42.326  12.377  41.054 0.0000000000
93378  -42.931  12.411  41.432 0.0000000000
93379  -43.660  12.317  41.906 0.0000000000
93380  -44.320  12.192  42.437 0.0000000000
94199  -44.113  13.105  41.988 0.0000000000
94189  -44.612  13.734  42.297 0.0000000000
97307  -44.571  18.233  44.093 0.0000000000
96575  -44.873  17.183  43.302 0.0000000000
97300  -46.407  18.465  45.069 0.0000000000
98084  -47.291  19.281  45.554 0.0000000000
135095  -47.810  19.841  45.569 0.0000000000
76719  -53.691  -5.621  30.708 0.0000000000
76700  -53.541  -5.669  31.524 0.0000000000
76677  -52.688  -5.196  32.481 0.0000000000
78534  -51.515  -3.373  34.161 0.0000000000
78539  -50.243  -3.817  33.523 0.0000000000
78538  -49.484  -3.604  33.284 0.0000000000
78554  -49.416  -3.679  32.588 0.0000000000
79576  -48.304  -2.804  33.386 0.0000000000
79566  -47.873  -2.316  33.960 0.0000000000
81488  -46.224  -0.989  35.484 0.0000000000
82570  -44.870  0.428  34.900 0.0000000000
83582  -44.597  1.164  34.817 0.0000000000
82481  -43.439  0.326  41.291 0.0000000000
131736  -45.235  0.733  41.184 0.0000000000
82502  -46.103  1.272  39.642 0.0000000000
84565  -41.592  2.695  37.482 0.0000000000
85538  -41.249  3.547  37.166 0.0000000000
139648  -40.695  4.124  37.044 0.0000000000
86532  -40.639  4.866  36.831 0.0000000000
140252  -38.649  5.041  37.800 0.0000000000
82637  -50.758  0.673  28.522 0.0000000000
83649  -51.271  1.246  28.062 0.0000000000
83656  -51.749  1.774  27.636 0.0000000000
86625  -52.631  4.535  26.922 0.0000000000
85636  -52.707  3.705  26.804 0.0000000000
85645  -54.345  3.475  25.220 0.0000000000
84678  -54.438  2.767  24.908 0.0000000000
87613  -56.501  5.634  24.041 0.0000000000
89450  -56.208  7.811  25.251 0.0000000000
90261  -56.122  8.477  25.503 0.0000000000
91095  -57.409  9.562  24.045 0.0000000000
91105  -57.367  9.636  22.984 0.0000000000
143156  -57.190  10.251  24.474 0.0000000000
91950  -57.016  11.179  23.897 0.0000000000
90990  -43.186  9.242  36.853 0.0000000000
133927  -43.875  9.385  36.636 0.0000000000
138874  -44.658  9.569  36.514 0.0000000000
90992  -45.544  9.691  36.393 0.0000000000
138352  -48.171  10.654  37.319 0.0000000000
91854  -47.722  10.423  36.747 0.0000000000
91855  -48.610  10.575  36.620 0.0000000000
91859  -48.767  10.272  35.754 0.0000000000
91863  -48.945  9.904  35.040 0.0000000000
91008  -49.002  9.161  33.614 0.0000000000
91009  -49.643  9.886  33.689 0.0000000000
91871  -50.401  10.380  33.327 0.0000000000
94192  -52.611  14.128  43.052 0.0000000000
94201  -53.492  14.220  41.603 0.0000000000
95060  -55.332  14.828  35.386 0.0000000000
94261  -55.407  14.019  35.669 0.0000000000
93442  -54.839  13.237  35.324 0.0000000000
93451  -53.630  12.506  34.802 0.0000000000
92660  -52.605  11.853  34.261 0.0000000000
92665  -52.831  11.704  32.448 0.0000000000
92676  -52.953  11.734  31.716 0.0000000000
92684  -53.662  12.166  31.216 0.0000000000
137950  -53.933  12.236  30.475 0.0000000000
93522  -54.679  12.647  30.062 0.0000000000
95138  -54.251  15.076  28.613 0.0000000000
135065  -54.968  15.062  28.825 0.0000000000
95152  -54.516  14.974  27.985 0.0000000000
95153  -55.026  14.778  27.605 0.0000000000
95169  -55.160  14.465  25.972 0.0000000000
147234  -55.608  13.727  25.782 0.0000000000
95182  -55.006  14.988  24.801 0.0000000000
95197  -55.269  14.970  24.007 0.0000000000
95210  -54.827  15.116  23.348 0.0000000000
95209  -54.000  15.350  22.624 0.0000000000
95953  -53.729  15.666  22.793 0.0000000000
95965  -53.112  15.693  22.377 0.0000000000
94376  -49.707  13.496  25.417 0.0000000000
95191  -50.248  14.506  23.500 0.0000000000
95205  -49.125  14.671  22.563 0.0000000000
93490  -45.496  12.437  31.811 0.0000000000
93491  -46.420  12.418  31.549 0.0000000000
152470  -45.234  12.542  30.329 0.0000000000
93517  -45.704  12.725  29.015 0.0000000000
95929  -44.088  15.247  27.059 0.0000000000
95148  -44.551  14.665  27.158 0.0000000000
95944  -44.795  15.825  25.551 0.0000000000
96695  -45.056  16.194  24.734 0.0000000000
95962  -45.867  16.087  23.447 0.0000000000
96710  -45.476  16.759  22.953 0.0000000000
96721  -44.900  17.230  22.334 0.0000000000
96731  -42.913  16.393  19.768 0.0000000000
97465  -42.924  16.910  20.855 0.0000000000
96730  -42.001  16.144  20.095 0.0000000000
96720  -41.419  16.273  20.579 0.0000000000
142116  -39.471  17.745  23.311 0.0000000000
97456  -39.286  17.059  22.201 0.0000000000
134031  -38.366  17.169  21.586 0.0000000000
134881  -37.112  17.580  21.072 0.0000000000
96726  -36.947  17.129  21.101 0.0000000000
96715  -36.642  16.956  21.759 0.0000000000
97453  -36.654  17.653  21.422 0.0000000000
98217  -36.422  18.204  21.946 0.0000000000
83610  -45.539  1.716  32.817 0.0000000000
84616  -45.603  2.531  32.900 0.0000000000
85583  -45.886  3.187  32.643 0.0000000000
86560  -45.549  4.147  33.648 0.0000000000
153474  -47.759  17.746  42.010 0.0000000000
98126  -47.825  18.446  40.578 0.0000000000
98125  -46.977  17.834  40.049 0.0000000000
98129  -46.639  17.864  39.131 0.0000000000
97349  -46.333  17.214  39.694 0.0000000000
97358  -45.997  17.516  38.423 0.0000000000
97357  -45.528  16.780  38.623 0.0000000000
96634  -45.012  16.309  38.076 0.0000000000
96633  -44.536  15.878  37.476 0.0000000000
97364  -44.837  16.608  37.353 0.0000000000
97372  -45.277  17.605  35.425 0.0000000000
97375  -45.356  17.792  34.520 0.0000000000
98157  -46.773  18.680  34.255 0.0000000000
98156  -46.036  18.299  34.231 0.0000000000
97378  -45.438  17.959  33.805 0.0000000000
134423  -45.859  18.448  32.615 0.0000000000
98174  -46.231  18.794  31.907 0.0000000000
98980  -46.114  19.086  31.249 0.0000000000
87643  -54.901  6.145  20.698 0.0000000000
145838  -39.405  9.552  40.821 0.0000000000
90966  -40.130  9.674  41.033 0.0000000000
155390  -39.617  10.241  40.580 0.0000000000
91815  -40.180  10.531  40.654 0.0000000000
152288  -40.429  12.162  40.144 0.0000000000
93415  -39.346  12.707  39.627 0.0000000000
93416  -40.117  12.789  39.813 0.0000000000
93395  -40.841  12.787  40.138 0.0000000000
80531  -50.120  -1.206  34.812 0.0000000000
146015  -48.964  -1.802  34.696 0.0000000000
80529  -48.601  -1.146  35.155 0.0000000000
81490  -48.100  -0.804  35.689 0.0000000000
153291  -46.374  -0.677  36.160 0.0000000000
83486  -42.470  1.155  42.691 0.0000000000
82465  -42.973  0.594  42.015 0.0000000000
130946  -41.980  0.569  41.884 0.0000000000
84562  -39.059  2.919  37.751 0.0000000000
140373  -37.774  3.069  38.370 0.0000000000
84544  -37.374  2.443  39.007 0.0000000000
86503  -36.863  4.740  40.184 0.0000000000
85620  -50.388  3.778  28.450 0.0000000000
85621  -50.960  3.098  28.149 0.0000000000
86619  -51.626  4.419  27.597 0.0000000000
88575  -51.244  5.861  27.781 0.0000000000
87591  -51.757  5.236  27.502 0.0000000000
140048  -52.136  4.701  27.300 0.0000000000
87597  -53.138  5.188  26.569 0.0000000000
153787  -54.199  6.615  26.049 0.0000000000
88585  -54.570  7.352  26.047 0.0000000000
144381  -54.366  8.111  26.389 0.0000000000
90248  -54.735  8.884  26.449 0.0000000000
91924  -55.165  10.272  26.798 0.0000000000
91831  -45.457  10.179  39.411 0.0000000000
91836  -45.678  10.419  38.524 0.0000000000
153079  -46.252  10.451  39.193 0.0000000000
154441  -46.984  10.584  39.104 0.0000000000
91838  -47.535  10.675  38.645 0.0000000000
91820  -47.941  10.715  40.419 0.0000000000
91821  -48.509  10.798  39.904 0.0000000000
91834  -48.331  10.801  39.055 0.0000000000
92633  -48.972  10.923  38.547 0.0000000000
139987  -49.497  11.143  38.080 0.0000000000
135672  -50.208  11.399  38.093 0.0000000000
95022  -51.990  14.660  39.520 0.0000000000
133342  -53.346  14.965  39.390 0.0000000000
137061  -53.530  15.081  38.628 0.0000000000
150943  -53.982  15.293  37.146 0.0000000000
152826  -54.278  15.362  36.345 0.0000000000
95057  -52.360  14.785  35.321 0.0000000000
95058  -53.873  15.373  35.590 0.0000000000
95059  -54.828  15.250  35.913 0.0000000000
95066  -55.338  14.796  34.385 0.0000000000
94289  -55.565  14.575  32.892 0.0000000000
94304  -55.625  14.407  32.006 0.0000000000
95082  -55.281  15.053  32.412 0.0000000000
95097  -54.675  15.277  31.847 0.0000000000
95110  -54.555  15.269  30.868 0.0000000000
156021  -52.565  14.629  31.696 0.0000000000
95109  -53.161  14.891  30.696 0.0000000000
95137  -53.282  14.822  28.790 0.0000000000
95151  -52.935  14.644  27.968 0.0000000000
95166  -52.861  14.661  26.502 0.0000000000
95165  -52.034  14.377  26.245 0.0000000000
94378  -51.242  14.042  25.876 0.0000000000
136719  -50.660  13.644  26.376 0.0000000000
94350  -50.663  13.476  27.914 0.0000000000
94363  -50.414  13.417  27.115 0.0000000000
132444  -49.990  13.341  26.296 0.0000000000
94375  -48.853  13.325  25.231 0.0000000000
156916  -48.146  13.363  25.032 0.0000000000
94299  -42.641  13.650  31.498 0.0000000000
94314  -43.697  13.251  30.287 0.0000000000
95107  -42.417  14.306  30.329 0.0000000000
95119  -42.668  14.516  29.524 0.0000000000
95134  -43.513  14.812  28.133 0.0000000000
95920  -42.351  15.653  28.655 0.0000000000
95921  -42.985  15.342  28.168 0.0000000000
95928  -43.465  15.466  27.502 0.0000000000
95937  -43.818  15.844  26.700 0.0000000000
96693  -43.817  16.861  25.516 0.0000000000
97438  -43.608  17.461  24.408 0.0000000000
97448  -43.482  17.490  23.468 0.0000000000
139625  -42.891  17.638  24.096 0.0000000000
134209  -41.956  17.654  24.031 0.0000000000
97437  -40.918  17.839  24.128 0.0000000000
98208  -42.004  18.145  25.309 0.0000000000
98219  -39.194  18.367  23.416 0.0000000000
99048  -37.300  19.351  21.433 0.0000000000
79627  -49.976  -2.211  29.995 0.0000000000
145117  -50.493  -1.858  29.455 0.0000000000
80603  -49.964  -1.503  29.716 0.0000000000
81560  -49.610  -0.776  29.707 0.0000000000
144338  -49.607  -0.012  29.474 0.0000000000
81547  -48.333  -0.218  30.406 0.0000000000
82627  -49.284  0.684  29.528 0.0000000000
156547  -49.714  0.993  29.176 0.0000000000
135397  -46.280  1.865  31.719 0.0000000000
142620  -46.753  1.866  31.208 0.0000000000
155313  -47.249  3.318  30.803 0.0000000000
84636  -48.080  2.226  30.136 0.0000000000
85613  -48.444  2.797  29.789 0.0000000000
85619  -49.688  3.424  28.879 0.0000000000
157250  -49.258  4.045  29.160 0.0000000000
146234  -49.453  6.255  28.957 0.0000000000
89415  -49.861  7.064  28.762 0.0000000000
89407  -49.741  7.849  29.176 0.0000000000
90217  -49.726  8.519  29.657 0.0000000000
94171  -48.971  13.874  45.409 0.0000000000
94180  -49.355  13.401  44.547 0.0000000000
94172  -50.223  14.176  45.441 0.0000000000
94173  -51.869  14.394  44.356 0.0000000000
95808  -51.170  15.335  45.227 0.0000000000
94960  -51.776  14.872  44.478 0.0000000000
94972  -52.362  14.541  43.369 0.0000000000
144070  -52.451  14.692  42.921 0.0000000000
94983  -52.819  14.615  42.115 0.0000000000
138389  -47.655  16.942  42.318 0.0000000000
95826  -48.063  15.667  42.401 0.0000000000
94968  -48.607  15.097  42.237 0.0000000000
94994  -47.431  14.918  40.866 0.0000000000
94979  -48.020  14.961  41.565 0.0000000000
94980  -48.911  14.726  41.677 0.0000000000
94997  -50.676  14.616  41.387 0.0000000000
142723  -51.000  14.541  40.691 0.0000000000
95032  -50.873  14.406  38.729 0.0000000000
94240  -49.942  14.032  37.246 0.0000000000
155399  -48.697  13.788  37.673 0.0000000000
136316  -49.095  13.726  37.089 0.0000000000
94250  -49.662  13.793  36.426 0.0000000000
151766  -49.263  13.515  35.525 0.0000000000
94268  -49.232  13.379  34.640 0.0000000000
93461  -49.023  13.083  33.245 0.0000000000
93476  -49.105  13.005  32.326 0.0000000000
93460  -48.368  12.915  33.552 0.0000000000
93459  -47.707  12.742  33.506 0.0000000000
130995  -46.553  12.506  32.817 0.0000000000
93438  -45.901  12.949  35.046 0.0000000000
93457  -46.105  12.562  33.467 0.0000000000
93473  -45.778  12.473  32.716 0.0000000000
93472  -44.859  12.499  32.650 0.0000000000
93471  -43.895  12.678  32.294 0.0000000000
94285  -42.994  13.259  32.805 0.0000000000
95877  -43.966  15.183  36.701 0.0000000000
95047  -43.846  14.574  36.360 0.0000000000
94254  -43.385  14.417  35.538 0.0000000000
96640  -43.449  16.226  34.607 0.0000000000
95881  -43.138  15.570  34.915 0.0000000000
95055  -42.837  14.629  34.738 0.0000000000
94264  -42.648  14.236  34.122 0.0000000000
94273  -42.494  14.024  33.390 0.0000000000
147080  -42.614  13.627  32.212 0.0000000000
95078  -42.136  14.308  32.093 0.0000000000
95093  -41.731  14.938  31.586 0.0000000000
139630  -41.526  16.334  31.353 0.0000000000
97386  -42.140  17.456  31.614 0.0000000000
97385  -41.622  17.151  31.145 0.0000000000
96659  -41.411  16.824  30.563 0.0000000000
98180  -41.534  18.435  29.816 0.0000000000
98187  -41.525  19.084  29.220 0.0000000000
99776  -41.668  20.295  28.084 0.0000000000
87504  -42.476  5.998  36.252 0.0000000000
87514  -43.192  5.971  35.949 0.0000000000
89358  -42.485  7.705  36.326 0.0000000000
89359  -42.691  8.615  36.608 0.0000000000
90167  -41.508  8.393  37.340 0.0000000000
90978  -42.098  8.886  37.812 0.0000000000
90983  -42.598  9.112  37.274 0.0000000000
90984  -43.145  9.474  37.623 0.0000000000
90945  -40.941  8.931  41.490 0.0000000000
90946  -41.851  8.968  41.603 0.0000000000
155986  -42.230  11.006  41.445 0.0000000000
90947  -42.609  9.124  41.658 0.0000000000
90968  -42.892  8.662  41.290 0.0000000000
90969  -43.690  8.966  41.044 0.0000000000
90970  -44.443  9.427  40.729 0.0000000000
90976  -44.688  9.781  39.649 0.0000000000
90971  -45.257  9.820  40.401 0.0000000000
91799  -45.504  10.291  41.918 0.0000000000
91792  -46.008  10.760  42.358 0.0000000000
92592  -44.668  11.404  42.718 0.0000000000
145349  -45.743  11.200  42.900 0.0000000000
92594  -46.431  11.284  42.777 0.0000000000
93369  -46.847  11.855  43.329 0.0000000000
94178  -47.173  13.096  44.504 0.0000000000
141506  -43.725  14.981  41.541 0.0000000000
152070  -45.221  14.433  42.757 0.0000000000
96587  -45.025  16.265  42.886 0.0000000000
95825  -45.443  15.491  43.074 0.0000000000
94956  -45.875  14.712  43.479 0.0000000000
94957  -46.408  14.163  44.087 0.0000000000
94169  -47.137  13.837  44.710 0.0000000000
94170  -47.938  13.759  45.188 0.0000000000
94952  -48.806  14.577  45.848 0.0000000000
94944  -48.836  15.351  46.178 0.0000000000
95799  -49.453  16.219  46.493 0.0000000000
97302  -48.905  17.685  46.327 0.0000000000
97291  -49.647  17.453  46.265 0.0000000000
97311  -49.719  17.787  45.990 0.0000000000
97310  -49.420  18.766  45.276 0.0000000000
98873  -49.582  20.270  42.952 0.0000000000
77628  -53.127  -5.122  30.127 0.0000000000
77638  -52.657  -4.483  29.621 0.0000000000
153613  -51.571  -3.669  29.689 0.0000000000
76660  -52.790  -5.010  33.017 0.0000000000
77580  -51.598  -4.581  33.147 0.0000000000
77590  -51.873  -4.929  32.476 0.0000000000
77610  -51.476  -4.805  31.730 0.0000000000
77609  -50.907  -4.313  31.145 0.0000000000
78584  -50.490  -3.690  30.653 0.0000000000
79615  -50.173  -2.967  30.295 0.0000000000
79614  -49.504  -2.595  30.646 0.0000000000
79613  -48.824  -2.203  31.009 0.0000000000
80581  -48.108  -1.725  31.373 0.0000000000
78553  -48.872  -3.223  32.224 0.0000000000
79603  -48.435  -2.578  31.803 0.0000000000
80580  -47.585  -0.997  31.338 0.0000000000
80579  -47.032  -1.020  31.892 0.0000000000
81535  -46.611  -0.473  31.940 0.0000000000
81525  -46.058  -0.191  32.434 0.0000000000
146280  -48.542  -2.281  34.353 0.0000000000
80553  -47.139  -1.844  33.655 0.0000000000
81500  -46.107  -1.145  34.777 0.0000000000
80538  -46.473  -1.431  34.130 0.0000000000
81513  -46.093  -0.826  32.986 0.0000000000
82598  -45.558  0.647  32.816 0.0000000000
85573  -44.922  2.596  34.128 0.0000000000
136060  -44.434  2.949  34.740 0.0000000000
86535  -43.118  4.445  36.056 0.0000000000
83545  -49.009  1.922  38.160 0.0000000000
84502  -48.073  2.704  43.221 0.0000000000
84510  -48.446  2.458  42.467 0.0000000000
131085  -48.818  2.348  41.708 0.0000000000
84521  -48.441  2.181  40.961 0.0000000000
83517  -47.190  1.682  40.376 0.0000000000
83530  -48.854  2.157  38.852 0.0000000000
137691  -45.548  0.443  37.183 0.0000000000
131495  -43.978  0.635  39.084 0.0000000000
83541  -43.126  1.174  38.292 0.0000000000
82534  -43.978  1.342  37.976 0.0000000000
82535  -44.199  1.406  37.141 0.0000000000
87505  -42.842  5.276  36.169 0.0000000000
87503  -41.624  5.938  36.467 0.0000000000
153677  -41.030  6.159  36.583 0.0000000000
156217  -40.322  5.596  36.848 0.0000000000
88483  -39.999  6.751  37.308 0.0000000000
89340  -39.937  7.036  40.452 0.0000000000
89323  -40.092  7.494  41.303 0.0000000000
86524  -38.579  4.162  37.690 0.0000000000
88462  -39.240  6.735  40.675 0.0000000000
89322  -39.419  7.354  41.293 0.0000000000
90140  -39.744  7.934  41.456 0.0000000000
90965  -38.611  9.519  40.606 0.0000000000
91813  -38.019  10.225  40.127 0.0000000000
91827  -37.677  11.033  39.709 0.0000000000
144726  -37.281  9.740  40.203 0.0000000000
91812  -37.208  10.438  39.845 0.0000000000
146304  -37.242  11.738  39.538 0.0000000000
82697  -57.513  0.264  22.008 0.0000000000
137552  -57.298  0.889  21.414 0.0000000000
84699  -57.025  2.339  21.578 0.0000000000
80605  -50.938  -1.550  28.957 0.0000000000
81570  -51.196  -0.124  28.369 0.0000000000
81574  -51.767  -0.097  27.834 0.0000000000
81575  -52.245  -0.375  27.417 0.0000000000
84657  -51.651  2.677  27.659 0.0000000000
84658  -52.244  2.305  27.223 0.0000000000
84667  -52.793  2.754  26.662 0.0000000000
134299  -53.342  1.082  25.859 0.0000000000
83677  -55.210  1.845  23.870 0.0000000000
84688  -55.391  2.530  23.866 0.0000000000
84695  -56.046  2.166  23.188 0.0000000000
86677  -56.778  4.202  21.493 0.0000000000
135370  -56.445  5.102  21.217 0.0000000000
87644  -55.998  6.042  20.894 0.0000000000
88626  -56.376  6.865  21.117 0.0000000000
88602  -56.767  6.293  24.121 0.0000000000
89457  -56.890  7.858  24.670 0.0000000000
89465  -57.134  7.094  24.150 0.0000000000
88612  -57.487  6.546  22.796 0.0000000000
88619  -57.419  6.694  22.201 0.0000000000
89478  -55.873  7.881  20.963 0.0000000000
90288  -55.215  8.430  21.276 0.0000000000
90283  -55.646  9.133  21.576 0.0000000000
91104  -56.977  10.305  22.602 0.0000000000
91111  -56.254  9.902  21.977 0.0000000000
91110  -55.266  9.553  22.159 0.0000000000
148499  -54.900  9.858  22.717 0.0000000000
88499  -44.331  6.380  35.398 0.0000000000
153111  -45.053  6.450  35.079 0.0000000000
142072  -44.810  7.828  35.549 0.0000000000
88500  -44.939  7.063  35.319 0.0000000000
88508  -46.301  6.598  34.399 0.0000000000
91842  -45.828  10.410  37.667 0.0000000000
91852  -46.046  10.197  36.886 0.0000000000
90994  -47.321  10.058  36.250 0.0000000000
150659  -46.715  9.182  35.617 0.0000000000
89373  -47.312  7.673  34.385 0.0000000000
89378  -47.546  7.432  33.785 0.0000000000
89380  -47.798  7.080  32.576 0.0000000000
89387  -48.237  7.549  32.246 0.0000000000
90201  -48.699  8.095  31.777 0.0000000000
90197  -49.025  8.901  32.860 0.0000000000
90200  -49.096  8.763  32.079 0.0000000000
90210  -48.791  7.962  30.975 0.0000000000
90211  -49.297  8.446  30.391 0.0000000000
91032  -49.757  9.019  30.131 0.0000000000
91033  -50.240  9.152  29.620 0.0000000000
93358  -49.749  12.933  43.567 0.0000000000
93372  -50.105  12.490  42.665 0.0000000000
92624  -50.511  11.864  41.243 0.0000000000
93383  -52.359  13.102  41.775 0.0000000000
93398  -51.544  12.382  41.252 0.0000000000
92635  -50.602  11.503  38.858 0.0000000000
92639  -50.578  11.493  37.269 0.0000000000
95024  -54.419  14.602  39.538 0.0000000000
93420  -54.598  13.887  39.357 0.0000000000
93423  -53.913  13.026  38.790 0.0000000000
146863  -54.537  13.196  37.082 0.0000000000
93427  -54.119  12.976  37.866 0.0000000000
93426  -52.655  12.419  37.957 0.0000000000
92646  -51.623  11.931  37.154 0.0000000000
149832  -50.900  11.489  36.307 0.0000000000
92654  -50.829  11.202  35.325 0.0000000000
91866  -50.977  10.872  33.889 0.0000000000
91882  -50.594  10.317  31.590 0.0000000000
91894  -50.657  10.217  30.685 0.0000000000
91041  -51.477  9.792  28.920 0.0000000000
91908  -52.060  10.260  28.859 0.0000000000
91909  -52.742  10.432  28.561 0.0000000000
152774  -52.882  11.381  29.666 0.0000000000
91917  -54.986  10.795  27.262 0.0000000000
91918  -55.717  11.038  26.774 0.0000000000
93496  -55.483  13.575  31.452 0.0000000000
93510  -55.432  13.536  30.620 0.0000000000
93523  -55.341  13.402  29.589 0.0000000000
94330  -55.552  14.263  29.360 0.0000000000
93524  -55.506  13.640  28.913 0.0000000000
93536  -55.296  12.858  28.677 0.0000000000
92698  -55.428  12.506  27.856 0.0000000000
92709  -55.807  12.003  27.038 0.0000000000
91925  -56.178  10.763  26.199 0.0000000000
93589  -56.289  12.470  23.777 0.0000000000
94379  -55.813  13.720  24.780 0.0000000000
93572  -56.065  13.195  24.249 0.0000000000
133087  -56.093  12.342  23.489 0.0000000000
151701  -55.509  12.044  23.380 0.0000000000
95207  -51.224  15.425  22.188 0.0000000000
153217  -48.489  12.754  31.953 0.0000000000
93507  -48.321  12.583  30.354 0.0000000000
154953  -48.402  12.551  29.674 0.0000000000
93505  -46.792  12.413  30.057 0.0000000000
141610  -47.698  12.464  29.841 0.0000000000
93520  -47.955  12.471  29.021 0.0000000000
93544  -47.742  12.602  27.256 0.0000000000
93551  -47.345  12.823  26.578 0.0000000000
94374  -47.467  13.434  25.240 0.0000000000
94324  -44.388  13.165  29.551 0.0000000000
94325  -44.973  13.113  28.884 0.0000000000
93531  -45.572  13.090  28.286 0.0000000000
95149  -45.199  14.164  26.982 0.0000000000
94348  -45.425  13.548  27.567 0.0000000000
94358  -45.922  13.588  26.782 0.0000000000
94359  -46.620  13.319  26.243 0.0000000000
94373  -46.752  13.640  25.506 0.0000000000
132071  -47.290  14.274  23.999 0.0000000000
95203  -46.873  14.920  23.538 0.0000000000
95973  -46.786  15.918  21.939 0.0000000000
96734  -46.128  16.407  20.098 0.0000000000
96740  -45.791  16.153  19.298 0.0000000000
95241  -44.832  15.961  18.886 0.0000000000
95981  -41.521  15.733  20.116 0.0000000000
95215  -41.759  15.039  21.066 0.0000000000
96719  -40.581  16.134  20.590 0.0000000000
96717  -38.554  16.350  20.894 0.0000000000
96718  -39.533  16.167  20.681 0.0000000000
96707  -36.461  16.800  22.997 0.0000000000
99766  -46.597  20.267  29.499 0.0000000000
99779  -43.955  21.142  28.928 0.0000000000
99778  -42.937  21.079  28.671 0.0000000000
155116  -42.663  21.595  27.797 0.0000000000
99777  -42.119  20.804  28.316 0.0000000000
100519  -41.792  21.020  27.470 0.0000000000
101289  -42.303  22.550  24.535 0.0000000000
101259  -41.949  21.908  26.048 0.0000000000
100544  -41.639  21.315  26.510 0.0000000000
99800  -41.227  20.796  25.923 0.0000000000
99805  -39.829  20.164  24.082 0.0000000000
100571  -39.712  20.913  22.043 0.0000000000
99811  -39.721  20.600  23.183 0.0000000000
99804  -38.897  19.833  22.469 0.0000000000
99810  -37.949  19.919  21.258 0.0000000000
77581  -52.444  -4.601  33.328 0.0000000000
77608  -50.185  -3.961  31.451 0.0000000000
77611  -52.214  -5.088  31.288 0.0000000000
79590  -48.247  -2.793  32.630 0.0000000000
83523  -37.129  1.914  39.473 0.0000000000
83535  -38.285  1.881  38.647 0.0000000000
83641  -49.392  1.554  29.290 0.0000000000
84650  -49.927  2.697  28.770 0.0000000000
85527  -38.500  3.339  37.845 0.0000000000
86587  -47.127  4.542  31.313 0.0000000000
88482  -39.425  6.302  37.680 0.0000000000
88489  -41.170  6.698  36.575 0.0000000000
88498  -43.618  6.614  35.757 0.0000000000
88611  -57.293  6.452  23.487 0.0000000000
89445  -54.953  8.225  26.118 0.0000000000
89480  -57.341  7.197  21.974 0.0000000000
90157  -41.201  7.765  41.293 0.0000000000
90158  -41.737  7.896  41.162 0.0000000000
90164  -41.576  8.572  38.445 0.0000000000
90168  -42.121  8.716  37.043 0.0000000000
90173  -43.513  8.799  36.352 0.0000000000
90174  -44.283  8.976  36.133 0.0000000000
90272  -57.501  8.814  23.568 0.0000000000
90289  -55.925  8.654  21.226 0.0000000000
90943  -39.153  8.741  41.119 0.0000000000
90964  -37.902  9.438  40.483 0.0000000000
90996  -45.094  9.102  35.965 0.0000000000
90997  -45.969  9.160  35.791 0.0000000000
91002  -48.499  9.371  34.782 0.0000000000
91003  -49.015  9.536  34.331 0.0000000000
91015  -50.022  9.835  31.996 0.0000000000
91818  -45.835  10.017  41.023 0.0000000000
91832  -46.832  10.443  39.800 0.0000000000
91833  -47.650  10.646  39.606 0.0000000000
91839  -48.215  10.773  38.133 0.0000000000
91841  -44.526  10.108  37.904 0.0000000000
91846  -49.317  10.892  36.857 0.0000000000
91861  -50.175  10.673  34.980 0.0000000000
92618  -40.308  11.393  40.360 0.0000000000
92621  -48.101  10.854  41.025 0.0000000000
92683  -52.581  11.533  30.980 0.0000000000
92732  -56.677  11.886  23.998 0.0000000000
93367  -44.931  12.202  42.938 0.0000000000
93368  -45.604  12.285  43.377 0.0000000000
93373  -51.159  12.850  42.611 0.0000000000
93381  -50.495  12.253  42.009 0.0000000000
93428  -54.916  13.700  37.774 0.0000000000
93447  -45.516  12.696  34.164 0.0000000000
93456  -43.928  12.710  33.197 0.0000000000
93458  -46.909  12.620  33.511 0.0000000000
93474  -47.358  12.583  32.806 0.0000000000
93479  -55.483  13.661  32.505 0.0000000000
93516  -45.095  12.743  29.630 0.0000000000
93534  -48.605  12.588  28.321 0.0000000000
93542  -46.213  12.971  27.652 0.0000000000
93560  -48.043  12.977  25.796 0.0000000000
94181  -52.263  14.251  43.776 0.0000000000
94193  -52.871  14.351  42.385 0.0000000000
94200  -53.081  13.927  42.307 0.0000000000
94212  -54.059  13.954  40.962 0.0000000000
94230  -45.856  14.133  38.110 0.0000000000
94236  -45.711  13.816  37.427 0.0000000000
94237  -46.461  13.770  37.699 0.0000000000
94241  -54.950  14.394  38.084 0.0000000000
94248  -47.259  13.422  36.529 0.0000000000
94262  -55.352  14.618  36.233 0.0000000000
94265  -43.244  13.777  34.731 0.0000000000
94266  -44.179  13.181  34.929 0.0000000000
94269  -50.684  13.899  34.200 0.0000000000
94284  -42.390  13.988  32.730 0.0000000000
94288  -51.447  14.139  32.594 0.0000000000
94300  -43.183  13.119  31.915 0.0000000000
94312  -42.827  13.681  30.686 0.0000000000
94323  -43.090  13.856  29.853 0.0000000000
94326  -49.714  12.987  29.293 0.0000000000
94361  -49.057  12.985  26.194 0.0000000000
94364  -51.241  13.871  26.894 0.0000000000
94377  -50.504  13.763  25.593 0.0000000000
94384  -46.980  13.919  24.761 0.0000000000
94399  -53.886  14.808  22.398 0.0000000000
94946  -50.363  15.415  46.325 0.0000000000
94999  -53.766  14.657  40.791 0.0000000000
95000  -54.078  14.556  40.478 0.0000000000
95016  -45.981  14.532  38.863 0.0000000000
95017  -46.492  14.713  39.569 0.0000000000
95031  -48.240  14.047  38.873 0.0000000000
95034  -54.258  15.056  39.107 0.0000000000
95037  -44.237  14.714  36.944 0.0000000000
95054  -42.709  15.128  34.509 0.0000000000
95080  -53.370  15.031  32.853 0.0000000000
95123  -54.494  15.158  29.319 0.0000000000
95125  -55.330  14.681  28.872 0.0000000000
95162  -44.979  14.751  26.543 0.0000000000
95194  -53.391  15.756  23.099 0.0000000000
95801  -50.601  15.868  46.210 0.0000000000
95807  -50.715  16.086  45.941 0.0000000000
95812  -46.058  15.563  43.678 0.0000000000
95813  -46.662  15.567  44.339 0.0000000000
95816  -50.735  15.776  44.977 0.0000000000
95836  -43.326  15.828  41.504 0.0000000000
95871  -44.885  15.464  38.157 0.0000000000
95875  -44.447  15.108  37.456 0.0000000000
95879  -43.029  15.026  35.246 0.0000000000
95882  -42.367  15.201  33.590 0.0000000000
95884  -42.034  15.617  32.684 0.0000000000
95892  -41.650  15.614  31.892 0.0000000000
95903  -41.510  15.566  31.080 0.0000000000
95911  -41.621  15.583  30.170 0.0000000000
95938  -44.520  15.384  26.407 0.0000000000
95954  -54.311  15.542  23.183 0.0000000000
95975  -53.342  15.552  22.298 0.0000000000
95978  -39.027  15.886  20.499 0.0000000000
95980  -40.879  15.730  20.264 0.0000000000
95989  -42.377  15.931  19.784 0.0000000000
95999  -45.440  15.950  18.968 0.0000000000
96560  -49.256  16.965  46.447 0.0000000000
96561  -49.858  16.916  46.438 0.0000000000
96570  -48.168  16.703  45.821 0.0000000000
96607  -47.459  16.118  41.870 0.0000000000
96618  -46.255  16.632  40.050 0.0000000000
96622  -45.820  16.448  39.415 0.0000000000
96630  -45.322  15.923  38.784 0.0000000000
96635  -43.709  15.652  36.088 0.0000000000
96637  -43.585  16.006  35.391 0.0000000000
96644  -43.234  16.396  33.846 0.0000000000
96650  -41.869  16.761  31.874 0.0000000000
96732  -43.810  16.834  19.861 0.0000000000
96744  -44.492  16.173  18.877 0.0000000000
96745  -45.054  16.189  18.951 0.0000000000
97309  -46.633  17.262  44.720 0.0000000000
97345  -46.664  17.215  40.385 0.0000000000
97369  -44.633  16.714  36.605 0.0000000000
97370  -45.193  17.369  36.306 0.0000000000
97377  -44.730  17.516  33.788 0.0000000000
97396  -41.502  17.649  30.368 0.0000000000
97403  -41.358  17.776  29.524 0.0000000000
97422  -41.650  18.437  26.887 0.0000000000
97464  -37.336  17.099  21.066 0.0000000000
98130  -47.633  18.498  39.656 0.0000000000
98135  -47.257  18.581  37.918 0.0000000000
98143  -46.301  18.125  36.933 0.0000000000
98150  -47.150  18.706  35.883 0.0000000000
98153  -46.583  18.509  35.025 0.0000000000
98160  -45.808  18.257  33.434 0.0000000000
98161  -46.489  18.622  33.434 0.0000000000
98162  -47.239  19.048  33.303 0.0000000000
98169  -41.815  17.768  31.009 0.0000000000
98171  -43.205  18.372  31.459 0.0000000000
98172  -44.501  18.940  31.151 0.0000000000
98181  -42.578  18.765  30.813 0.0000000000
98841  -49.241  20.059  45.168 0.0000000000
98979  -45.368  19.106  31.053 0.0000000000
98993  -43.832  19.497  30.578 0.0000000000
98998  -48.666  19.851  31.079 0.0000000000
99004  -41.861  19.772  29.221 0.0000000000
99008  -45.218  20.006  30.101 0.0000000000
99009  -46.196  19.884  30.064 0.0000000000
99016  -41.573  19.662  28.592 0.0000000000
99041  -38.156  19.316  21.775 0.0000000000
99615  -47.502  20.436  44.723 0.0000000000
99763  -43.332  20.501  29.468 0.0000000000
99795  -41.419  20.568  26.774 0.0000000000
100555  -40.942  21.042  25.211 0.0000000000
101273  -41.676  21.949  25.300 0.0000000000
101274  -42.289  22.366  25.361 0.0000000000
130104  -46.877  13.254  35.917 0.0000000000
130502  -46.779  12.395  30.874 0.0000000000
131351  -45.870  12.511  29.818 0.0000000000
131714  -52.008  14.676  40.507 0.0000000000
132128  -43.620  9.580  37.183 0.0000000000
133568  -48.016  13.434  36.374 0.0000000000
133807  -42.975  9.796  41.916 0.0000000000
134052  -50.451  11.477  39.637 0.0000000000
134856  -47.761  12.586  32.041 0.0000000000
134886  -52.157  14.632  43.959 0.0000000000
135248  -47.677  12.520  28.066 0.0000000000
135766  -47.269  12.817  34.216 0.0000000000
136222  -44.845  14.016  27.572 0.0000000000
136716  -43.441  15.031  35.955 0.0000000000
136796  -55.683  12.581  23.528 0.0000000000
137681  -45.126  17.120  37.006 0.0000000000
139786  -55.524  9.696  26.320 0.0000000000
140580  -44.706  16.819  19.713 0.0000000000
141374  -47.535  14.565  40.222 0.0000000000
143277  -47.970  18.350  41.389 0.0000000000
145194  -45.984  17.194  39.089 0.0000000000
145198  -57.502  7.096  22.540 0.0000000000
145628  -55.600  13.816  27.806 0.0000000000
145881  -36.938  11.023  39.635 0.0000000000
148358  -55.789  10.401  26.404 0.0000000000
149034  -54.076  14.266  40.768 0.0000000000
149548  -42.422  17.828  24.760 0.0000000000
149566  -55.792  13.104  26.121 0.0000000000
149921  -55.478  13.615  31.982 0.0000000000
150037  -48.035  19.460  32.376 0.0000000000
150070  -45.957  15.051  24.731 0.0000000000
150578  -54.779  14.363  38.800 0.0000000000
150902  -55.518  14.515  33.623 0.0000000000
151164  -50.754  10.908  34.583 0.0000000000
152458  -54.960  14.685  26.767 0.0000000000
153616  -49.299  13.911  37.685 0.0000000000
153622  -43.670  4.610  35.562 0.0000000000
153708  -45.425  12.541  33.319 0.0000000000
153718  -50.299  1.818  28.627 0.0000000000
155161  -43.065  17.629  24.787 0.0000000000
155210  -41.408  16.156  30.635 0.0000000000
155393  -46.713  12.562  28.640 0.0000000000
155873  -46.740  13.552  37.048 0.0000000000
156094  -53.255  15.045  33.469 0.0000000000
156857  -55.460  14.032  26.470 0.0000000000
156883  -44.520  16.311  37.068 0.0000000000
157451  -55.096  14.865  28.325 0.0000000000
157490  -44.703  16.423  19.083 0.0000000000
157627  -44.286  15.498  37.112 0.0000000000
