#!ascii label  , from subject sub-v1s4x0050687_ses-1 vox2ras=TkReg
1058
65814  -18.417  -16.190  -4.633 0.5555555820
65828  -19.101  -16.073  -5.220 0.6666666865
67969  -19.542  -14.905  -6.185 0.7777777910
66956  -20.248  -15.316  -6.442 0.7777777910
67991  -20.656  -14.117  -7.373 0.8888888955
68004  -22.964  -15.012  -8.181 0.8888888955
65802  -17.882  -16.671  -3.933 0.5555555820
66930  -17.883  -15.379  -4.643 0.5555555820
67968  -18.926  -14.855  -5.760 0.6666666865
67982  -20.898  -14.977  -7.086 0.8888888955
148256  -21.260  -13.903  -7.851 0.8888888955
68976  -22.308  -13.552  -8.707 1.0000000000
68977  -22.993  -14.228  -8.723 0.8888888955
68997  -24.029  -13.635  -10.280 1.0000000000
67967  -17.660  -14.116  -5.194 0.7777777910
69969  -18.736  -12.751  -6.741 1.0000000000
141385  -18.605  -12.086  -6.994 1.0000000000
69979  -19.566  -12.642  -7.432 1.0000000000
70947  -21.055  -11.793  -8.878 1.0000000000
70937  -19.665  -11.968  -7.872 1.0000000000
69997  -21.821  -12.047  -9.247 1.0000000000
70946  -20.294  -11.535  -8.533 1.0000000000
70956  -22.297  -11.619  -9.877 1.0000000000
70009  -23.654  -12.686  -10.711 1.0000000000
70955  -21.489  -11.288  -9.490 1.0000000000
141221  -23.934  -12.419  -11.741 1.0000000000
70976  -23.122  -11.007  -11.403 1.0000000000
70986  -23.983  -11.643  -12.380 0.7777777910
71858  -17.799  -10.820  -6.943 0.8888888955
70936  -18.876  -11.648  -7.428 1.0000000000
70954  -20.718  -11.051  -9.113 1.0000000000
71877  -18.682  -10.325  -7.999 1.0000000000
71888  -20.389  -10.344  -9.297 1.0000000000
140710  -21.327  -10.067  -10.144 1.0000000000
71896  -22.537  -10.417  -10.966 1.0000000000
71903  -22.976  -10.107  -11.902 1.0000000000
71904  -23.621  -10.853  -12.241 1.0000000000
137430  -24.300  -10.399  -12.823 0.8888888955
150995  -23.648  -10.014  -12.515 1.0000000000
71922  -24.760  -9.757  -13.124 0.7777777910
71924  -25.694  -10.280  -13.050 0.7777777910
153891  -17.834  -9.575  -7.651 0.5555555820
75220  -17.698  -7.279  -8.844 0.7777777910
74159  -18.403  -8.983  -8.512 0.8888888955
154563  -20.423  -9.178  -9.901 1.0000000000
72969  -20.716  -9.842  -9.791 1.0000000000
74168  -19.228  -8.349  -9.481 0.8888888955
74169  -19.826  -8.748  -9.703 1.0000000000
72979  -21.082  -9.296  -10.387 1.0000000000
72999  -22.646  -9.318  -12.075 1.0000000000
71913  -23.241  -9.385  -12.571 0.8888888955
74196  -22.659  -8.623  -12.701 1.0000000000
74197  -23.477  -8.802  -13.097 0.8888888955
74207  -24.774  -8.277  -13.546 0.7777777910
73010  -25.568  -8.792  -13.197 0.6666666865
74209  -25.475  -7.976  -13.153 0.6666666865
75185  -16.723  -7.094  -7.808 0.4444444478
155974  -17.407  -7.634  -8.324 0.7777777910
157073  -16.573  -6.000  -8.209 0.6666666865
76193  -17.869  -6.556  -9.345 0.7777777910
132846  -18.338  -7.128  -9.456 0.8888888955
74179  -19.644  -7.795  -10.059 0.8888888955
74180  -21.149  -8.571  -10.858 1.0000000000
132294  -19.754  -6.960  -10.566 1.0000000000
75247  -20.752  -7.053  -11.413 1.0000000000
74195  -21.861  -8.030  -12.372 1.0000000000
75257  -22.280  -7.712  -13.095 0.8888888955
75267  -24.145  -7.750  -13.854 0.7777777910
75268  -24.641  -7.624  -13.849 0.7777777910
75259  -25.894  -7.606  -12.417 0.5555555820
76253  -24.586  -7.007  -13.988 0.7777777910
76254  -25.015  -6.712  -13.425 0.6666666865
78030  -16.527  -5.002  -8.598 0.6666666865
77095  -16.368  -5.533  -8.149 0.6666666865
77113  -17.468  -5.877  -9.277 0.7777777910
77125  -17.070  -5.151  -9.200 0.7777777910
77126  -18.115  -5.914  -9.832 0.8888888955
76211  -19.525  -6.265  -10.735 0.8888888955
76210  -18.791  -6.068  -10.300 1.0000000000
76227  -19.983  -5.761  -11.388 1.0000000000
76228  -20.912  -6.441  -11.938 1.0000000000
75256  -21.668  -7.223  -12.806 0.8888888955
153694  -22.018  -6.396  -13.691 0.8888888955
76252  -23.043  -6.580  -14.201 0.8888888955
75276  -23.952  -7.006  -14.174 0.7777777910
76251  -21.752  -5.927  -13.589 0.8888888955
76260  -22.624  -5.881  -14.264 0.7777777910
76261  -23.377  -6.195  -14.249 0.7777777910
140921  -24.949  -5.943  -13.195 0.7777777910
77167  -25.531  -5.416  -12.465 0.6666666865
78029  -15.977  -4.084  -8.285 0.6666666865
78011  -16.074  -4.829  -8.086 0.5555555820
151889  -16.266  -4.349  -8.522 0.7777777910
78045  -16.728  -4.316  -9.151 0.8888888955
77139  -18.465  -5.244  -10.422 0.8888888955
78061  -17.845  -4.417  -10.250 1.0000000000
77140  -19.268  -5.560  -10.880 1.0000000000
77151  -20.478  -5.415  -11.981 1.0000000000
76241  -21.043  -5.810  -12.483 0.8888888955
77196  -23.041  -5.398  -14.362 0.7777777910
148526  -23.497  -4.855  -14.204 0.7777777910
77183  -24.801  -5.100  -13.115 0.6666666865
78088  -25.290  -4.466  -12.485 0.5555555820
78089  -26.089  -4.622  -11.890 0.5555555820
78978  -16.321  -3.666  -8.844 0.7777777910
78977  -16.161  -3.150  -8.814 0.6666666865
155852  -17.605  -3.619  -10.298 1.0000000000
78073  -19.188  -4.633  -11.261 1.0000000000
77179  -21.360  -5.143  -13.049 0.8888888955
77165  -20.885  -5.180  -12.556 0.8888888955
78100  -21.408  -4.739  -13.296 0.8888888955
77181  -22.047  -5.625  -14.003 0.8888888955
78114  -23.630  -4.058  -14.060 0.7777777910
79061  -23.786  -3.192  -13.796 0.7777777910
79049  -24.345  -3.356  -13.223 0.7777777910
79039  -25.030  -3.529  -12.544 0.5555555820
80082  -22.791  -2.350  -14.259 0.7777777910
80055  -24.618  -2.790  -12.803 0.5555555820
148956  -25.673  -3.054  -12.118 0.5555555820
80995  -24.326  -2.049  -12.989 0.6666666865
151416  -11.680  0.162  -6.556 0.4444444478
80941  -14.513  -2.165  -7.662 0.5555555820
133383  -16.391  -2.407  -9.328 0.7777777910
80005  -17.136  -3.022  -9.916 1.0000000000
80004  -16.504  -2.919  -9.300 0.8888888955
143308  -17.735  -3.001  -10.645 1.0000000000
79027  -19.464  -3.669  -11.935 0.8888888955
79038  -20.277  -3.970  -12.514 0.8888888955
78099  -20.927  -4.685  -12.782 0.8888888955
79047  -20.878  -3.993  -13.057 0.8888888955
79058  -21.922  -3.731  -14.086 0.8888888955
80083  -23.341  -2.210  -13.940 0.6666666865
80056  -25.205  -2.330  -12.396 0.5555555820
148100  -16.508  -0.051  -9.862 0.6666666865
80956  -15.546  -0.936  -8.823 0.6666666865
80965  -17.051  -1.857  -10.206 0.7777777910
80036  -17.901  -2.371  -10.980 0.8888888955
80037  -18.383  -2.033  -11.557 0.7777777910
80053  -18.960  -2.068  -12.130 0.7777777910
140988  -19.462  -2.857  -12.257 0.8888888955
80066  -20.349  -2.132  -13.153 0.7777777910
80054  -20.190  -3.104  -12.743 0.8888888955
140176  -21.129  -2.005  -13.727 0.7777777910
80068  -21.578  -2.843  -13.960 0.7777777910
80081  -22.192  -2.575  -14.266 0.6666666865
148502  -21.883  -0.968  -13.890 0.6666666865
81931  -23.123  -0.524  -13.780 0.6666666865
81006  -23.147  -1.251  -13.838 0.6666666865
148915  -23.700  -1.720  -13.557 0.5555555820
83013  -23.237  0.116  -13.756 0.6666666865
81932  -23.667  -0.302  -13.524 0.5555555820
83002  -24.358  -0.068  -12.902 0.5555555820
80996  -24.726  -1.484  -12.630 0.4444444478
83999  -17.618  1.886  -10.141 0.3333333433
82981  -17.262  1.547  -10.127 0.3333333433
81906  -17.675  0.168  -11.184 0.5555555820
142978  -17.075  0.291  -10.452 0.6666666865
81907  -18.631  -0.616  -11.989 0.5555555820
80978  -18.378  -1.181  -11.692 0.7777777910
149387  -18.667  -1.425  -11.983 0.7777777910
83011  -20.215  -0.465  -13.153 0.6666666865
81005  -20.614  -1.257  -13.420 0.6666666865
81004  -19.839  -1.293  -12.870 0.6666666865
81013  -21.418  -1.141  -13.781 0.6666666865
81939  -22.114  -0.367  -13.842 0.6666666865
83022  -22.917  0.424  -13.802 0.6666666865
84031  -23.364  0.826  -13.705 0.6666666865
83014  -23.808  0.428  -13.453 0.5555555820
134547  -24.794  1.584  -12.527 0.5555555820
84032  -24.025  1.390  -13.291 0.6666666865
84008  -18.224  1.723  -11.068 0.4444444478
84000  -17.983  1.908  -10.499 0.4444444478
82988  -18.008  1.143  -11.348 0.4444444478
84019  -19.108  1.099  -11.977 0.5555555820
81921  -19.056  -0.420  -12.278 0.6666666865
142591  -19.399  -0.662  -12.555 0.6666666865
83012  -20.988  -0.026  -13.532 0.6666666865
81938  -21.602  -0.463  -13.757 0.6666666865
83020  -22.208  0.148  -13.810 0.6666666865
150430  -22.677  0.689  -13.792 0.6666666865
85005  -23.468  1.745  -13.704 0.6666666865
85006  -24.081  2.393  -13.519 0.5555555820
84996  -24.520  2.170  -12.856 0.6666666865
84020  -19.730  1.109  -12.481 0.4444444478
84029  -20.506  0.304  -13.260 0.6666666865
144615  -21.136  0.671  -13.520 0.6666666865
83019  -21.699  0.136  -13.740 0.6666666865
143116  -21.760  0.782  -13.733 0.6666666865
84039  -23.002  1.139  -13.820 0.6666666865
68955  -19.881  -13.933  -6.942 0.8888888955
142456  -18.428  -14.155  -5.764 1.0000000000
68964  -19.698  -13.202  -7.239 1.0000000000
152106  -20.071  -12.847  -7.675 1.0000000000
68985  -22.850  -13.329  -9.227 1.0000000000
76160  -16.444  -6.101  -7.944 0.5555555820
153612  -22.021  -7.136  -13.224 0.8888888955
78964  -14.590  -3.093  -7.353 0.5555555820
129615  -14.034  -0.233  -7.735 0.5555555820
79011  -18.188  -3.765  -10.775 1.0000000000
78112  -22.224  -4.530  -14.128 0.8888888955
147827  -12.179  1.411  -6.537 0.2222222239
156956  -24.078  -1.415  -13.211 0.6666666865
81922  -24.206  -0.826  -13.053 0.4444444478
83001  -19.741  -0.196  -12.736 0.6666666865
84030  -20.950  1.034  -13.423 0.6666666865
133109  -16.104  -5.308  -7.830 0.4444444478
151870  -14.667  -3.804  -6.907 0.4444444478
84997  -25.286  2.360  -12.415 0.5555555820
84001  -18.446  1.731  -10.848 0.2222222239
84009  -18.774  1.451  -11.362 0.3333333433
85961  -24.890  2.991  -12.979 0.5555555820
64743  -18.744  -17.955  -3.969 0.5555555820
64756  -19.417  -17.593  -4.663 0.5555555820
65815  -19.204  -16.749  -4.953 0.6666666865
66943  -20.106  -16.027  -5.950 0.5555555820
65845  -20.755  -16.187  -6.255 0.5555555820
66983  -22.957  -15.533  -7.771 0.7777777910
148877  -18.132  -17.337  -3.796 0.5555555820
66957  -21.172  -15.732  -6.762 0.6666666865
66971  -21.699  -15.447  -7.291 0.8888888955
68005  -23.916  -15.076  -8.559 0.7777777910
68017  -24.779  -15.160  -9.329 0.7777777910
68998  -24.808  -14.310  -10.608 0.8888888955
65791  -17.309  -16.825  -2.617 0.4444444478
66929  -17.259  -15.142  -4.017 0.5555555820
68932  -16.908  -13.671  -4.283 0.2222222239
68943  -17.902  -13.455  -5.700 0.6666666865
70020  -24.729  -13.226  -12.049 0.8888888955
70987  -25.467  -11.953  -12.747 0.6666666865
71923  -25.118  -10.409  -13.136 0.7777777910
71925  -26.023  -10.930  -12.824 0.6666666865
69967  -17.380  -11.886  -6.002 0.5555555820
71915  -25.928  -10.244  -12.860 0.6666666865
156594  -16.934  -10.195  -6.330 0.4444444478
73000  -25.931  -9.381  -12.658 0.5555555820
76230  -26.313  -6.866  -11.819 0.5555555820
133945  -16.681  -7.805  -7.376 0.2222222239
77168  -26.388  -5.340  -11.756 0.5555555820
78946  -13.654  -3.547  -6.033 0.3333333433
80940  -13.315  -1.472  -7.164 0.4444444478
79040  -26.533  -3.278  -11.743 0.4444444478
81877  -11.024  0.069  -5.942 0.3333333433
80057  -26.318  -2.415  -11.826 0.5555555820
80997  -25.718  -1.558  -12.054 0.4444444478
83988  -17.178  1.777  -9.482 0.3333333433
82974  -16.353  1.694  -8.963 0.3333333433
83003  -25.163  0.295  -12.273 0.4444444478
146293  -25.650  1.699  -12.006 0.4444444478
85962  -25.889  3.160  -12.452 0.2222222239
139065  -19.533  1.404  -11.886 0.3333333433
84036  -21.239  1.392  -13.607 0.6666666865
84038  -22.552  1.401  -13.835 0.6666666865
85013  -22.931  2.970  -14.298 0.6666666865
85973  -23.607  2.835  -14.072 0.6666666865
85974  -24.362  3.238  -13.827 0.6666666865
85975  -25.047  3.631  -13.501 0.4444444478
65813  -17.591  -15.893  -4.002 0.5555555820
65829  -19.704  -16.386  -5.498 0.6666666865
66941  -18.659  -15.487  -5.227 0.6666666865
66942  -19.476  -15.573  -5.756 0.7777777910
67980  -19.836  -14.582  -6.565 0.8888888955
67981  -20.297  -14.578  -6.885 0.8888888955
68974  -20.699  -13.338  -7.824 1.0000000000
68965  -20.194  -13.485  -7.411 1.0000000000
68003  -22.077  -14.261  -8.189 0.8888888955
67993  -22.289  -15.172  -7.755 0.8888888955
145619  -17.619  -17.109  -3.301 0.4444444478
65801  -17.419  -16.323  -3.318 0.4444444478
67957  -18.146  -14.799  -5.238 0.5555555820
67979  -19.219  -14.192  -6.341 0.8888888955
67992  -21.461  -14.644  -7.602 0.8888888955
68975  -21.471  -13.248  -8.369 1.0000000000
69989  -22.088  -12.818  -8.980 1.0000000000
148568  -23.767  -14.163  -9.410 1.0000000000
69999  -23.303  -13.019  -9.909 1.0000000000
143475  -17.191  -14.062  -4.637 0.5555555820
67956  -17.476  -14.665  -4.640 0.6666666865
68954  -19.248  -13.404  -6.782 1.0000000000
69958  -18.164  -12.900  -6.194 0.8888888955
68953  -18.625  -13.483  -6.277 1.0000000000
69978  -19.122  -12.329  -7.271 1.0000000000
69968  -18.030  -12.171  -6.456 0.8888888955
70926  -18.235  -11.508  -6.972 1.0000000000
69987  -20.636  -12.462  -8.281 1.0000000000
69988  -21.404  -12.458  -8.736 1.0000000000
69998  -22.579  -12.445  -9.571 1.0000000000
139197  -19.698  -11.164  -8.328 1.0000000000
70945  -20.054  -10.786  -8.782 1.0000000000
70008  -22.998  -12.128  -10.281 1.0000000000
69012  -24.361  -13.378  -11.152 0.8888888955
70967  -23.340  -11.807  -11.054 1.0000000000
70965  -21.923  -10.715  -10.182 1.0000000000
71889  -21.106  -10.546  -9.661 1.0000000000
70966  -22.737  -11.261  -10.592 1.0000000000
70977  -23.586  -11.545  -11.750 1.0000000000
70032  -24.624  -12.280  -12.440 0.8888888955
71914  -24.721  -11.277  -12.842 0.7777777910
150139  -17.975  -10.144  -7.464 1.0000000000
71857  -17.370  -10.170  -6.795 0.5555555820
70925  -17.590  -11.409  -6.459 0.6666666865
71867  -18.462  -10.917  -7.464 1.0000000000
153021  -17.213  -10.752  -6.383 0.5555555820
71878  -19.397  -10.438  -8.490 1.0000000000
72956  -18.237  -9.627  -8.017 0.8888888955
71887  -19.463  -9.810  -8.891 1.0000000000
72980  -21.829  -9.866  -10.671 1.0000000000
72989  -22.324  -9.595  -11.383 1.0000000000
73007  -24.052  -9.429  -13.052 0.8888888955
141704  -25.290  -9.626  -13.184 0.7777777910
132703  -25.662  -9.551  -13.087 0.6666666865
74116  -17.029  -8.927  -7.113 0.5555555820
72944  -17.449  -9.560  -7.240 0.5555555820
74140  -17.674  -8.970  -7.825 0.6666666865
74158  -17.845  -8.135  -8.498 0.7777777910
74167  -18.608  -8.345  -9.056 0.8888888955
75222  -18.850  -7.716  -9.533 0.8888888955
72957  -18.897  -9.715  -8.509 0.8888888955
72967  -19.190  -9.091  -9.092 1.0000000000
72978  -20.475  -8.415  -10.387 1.0000000000
74186  -21.482  -8.282  -11.538 1.0000000000
74205  -23.251  -7.980  -13.478 0.8888888955
74206  -24.155  -8.525  -13.436 0.8888888955
73008  -24.790  -9.046  -13.282 0.7777777910
73009  -25.259  -8.893  -13.311 0.7777777910
75269  -25.047  -7.491  -13.653 0.6666666865
74198  -25.877  -8.389  -12.576 0.5555555820
75258  -25.545  -7.012  -12.765 0.6666666865
76178  -16.782  -6.465  -8.245 0.5555555820
76159  -15.838  -6.462  -6.725 0.3333333433
150374  -17.080  -7.998  -7.720 0.6666666865
77112  -16.850  -5.810  -8.632 0.6666666865
76179  -17.280  -6.537  -8.774 0.7777777910
76195  -19.038  -6.918  -10.070 0.8888888955
75237  -20.951  -7.796  -11.105 1.0000000000
76212  -20.278  -6.493  -11.234 1.0000000000
75266  -22.514  -6.989  -13.653 0.7777777910
76262  -24.106  -6.384  -14.091 0.7777777910
76244  -25.943  -6.137  -12.152 0.5555555820
77138  -17.695  -5.212  -9.787 0.8888888955
135988  -20.577  -5.923  -11.837 1.0000000000
78101  -24.164  -4.774  -13.798 0.7777777910
77182  -24.417  -5.710  -13.723 0.7777777910
78010  -15.883  -4.706  -7.849 0.4444444478
78994  -17.217  -3.912  -9.776 0.8888888955
77150  -19.718  -5.115  -11.476 1.0000000000
78075  -20.276  -4.947  -11.995 0.8888888955
77195  -22.423  -5.209  -14.202 0.7777777910
78102  -24.573  -4.208  -13.079 0.6666666865
133246  -25.861  -3.831  -11.996 0.5555555820
148521  -26.734  -4.002  -11.682 0.5555555820
79985  -13.516  -2.527  -6.749 0.5555555820
151695  -15.295  -1.799  -8.420 0.6666666865
78993  -16.739  -3.539  -9.389 0.8888888955
78074  -19.660  -4.501  -11.707 1.0000000000
77194  -22.030  -5.138  -13.899 0.8888888955
79060  -23.205  -3.242  -14.217 0.8888888955
80018  -16.768  -2.262  -9.782 0.7777777910
79026  -18.437  -3.087  -11.328 0.8888888955
80019  -17.352  -2.276  -10.412 0.7777777910
129613  -15.517  1.381  -8.473 0.5555555820
148658  -15.959  0.432  -9.202 0.5555555820
82975  -16.707  1.188  -9.718 0.4444444478
80957  -16.619  -1.950  -9.728 0.6666666865
80966  -17.752  -1.778  -10.962 0.6666666865
80949  -14.655  -1.165  -8.038 0.7777777910
129616  -15.083  0.082  -8.416 0.6666666865
140077  -22.443  -1.536  -14.104 0.6666666865
81015  -22.661  -0.813  -13.870 0.6666666865
81941  -22.884  -0.046  -13.784 0.6666666865
81007  -23.575  -0.989  -13.543 0.5555555820
156185  -25.189  1.028  -12.202 0.4444444478
81923  -25.156  -0.655  -12.325 0.4444444478
84022  -24.494  0.761  -12.752 0.5555555820
82982  -17.668  1.498  -10.748 0.5555555820
80993  -18.780  -0.818  -12.138 0.7777777910
82989  -18.494  1.136  -11.598 0.5555555820
142170  -22.300  0.731  -13.804 0.6666666865
150079  -23.014  2.087  -13.875 0.6666666865
78963  -13.848  -3.322  -6.459 0.4444444478
129609  -13.508  0.847  -7.491 0.3333333433
84998  -26.208  2.475  -11.996 0.3333333433
86958  -25.649  3.778  -12.946 0.3333333433
64755  -18.605  -17.088  -4.359 0.5555555820
64742  -17.988  -17.806  -3.363 0.5555555820
69013  -25.283  -14.170  -11.498 0.7777777910
152228  -17.272  -15.573  -3.371 0.4444444478
70043  -26.037  -11.720  -12.614 0.6666666865
74115  -16.721  -8.431  -7.073 0.3333333433
136672  -16.748  -9.153  -6.616 0.1111111119
75166  -15.886  -7.060  -6.436 0.1111111119
78009  -14.286  -4.080  -6.228 0.4444444478
79972  -13.160  -2.756  -6.193 0.3333333433
79984  -12.625  -1.920  -6.419 0.3333333433
130317  -15.036  1.872  -7.836 0.3333333433
86970  -24.736  3.930  -14.141 0.4444444478
64744  -22.654  -17.746  -4.081 0.4444444478
64732  -24.098  -16.820  -2.485 0.2222222239
63733  -19.647  -18.429  -4.338 0.4444444478
63734  -20.364  -18.716  -4.418 0.4444444478
63755  -20.344  -18.048  -4.952 0.4444444478
63756  -21.102  -17.954  -5.259 0.4444444478
64758  -22.404  -17.645  -4.913 0.4444444478
65832  -22.819  -17.071  -5.338 0.4444444478
65817  -23.920  -16.051  -4.490 0.2222222239
145279  -21.171  -16.888  -5.979 0.4444444478
64784  -21.946  -16.969  -6.144 0.4444444478
65831  -22.687  -16.722  -6.101 0.4444444478
66944  -24.378  -15.498  -4.916 0.1111111119
66932  -24.933  -14.946  -4.398 0.1111111119
153570  -23.855  -15.874  -6.254 0.3333333433
65846  -21.557  -16.402  -6.483 0.4444444478
65847  -22.311  -16.426  -6.663 0.4444444478
65849  -23.354  -16.288  -6.268 0.3333333433
140522  -24.218  -15.525  -6.672 0.3333333433
66945  -24.864  -14.935  -5.340 0.2222222239
65848  -23.026  -16.268  -6.829 0.4444444478
66959  -23.633  -15.925  -6.870 0.3333333433
66958  -21.871  -16.031  -6.947 0.5555555820
68966  -25.128  -14.599  -7.496 0.2222222239
67984  -25.732  -14.045  -6.771 0.1111111119
68967  -26.178  -13.501  -7.336 0.1111111119
66974  -24.637  -15.068  -7.109 0.3333333433
67994  -24.602  -14.987  -7.962 0.3333333433
68006  -24.761  -15.189  -8.785 0.4444444478
68029  -26.182  -15.231  -10.349 0.6666666865
68987  -26.796  -14.577  -9.552 0.4444444478
68038  -25.603  -14.834  -10.726 0.6666666865
70000  -26.817  -13.160  -9.949 0.3333333433
68039  -26.274  -14.874  -11.163 0.6666666865
135874  -27.166  -13.663  -11.159 0.5555555820
69027  -25.523  -13.654  -12.142 0.6666666865
70022  -26.820  -13.081  -11.721 0.5555555820
70010  -26.826  -12.696  -11.223 0.5555555820
70969  -26.549  -12.149  -10.353 0.4444444478
70968  -26.407  -11.613  -11.194 0.3333333433
142588  -26.430  -12.943  -12.333 0.5555555820
72990  -26.186  -9.484  -11.567 0.4444444478
70978  -26.276  -11.169  -12.037 0.4444444478
74188  -26.205  -8.602  -11.758 0.4444444478
84037  -21.803  1.657  -13.852 0.5555555820
85012  -22.361  2.367  -14.006 0.5555555820
85986  -23.366  3.567  -14.787 0.5555555820
86984  -23.710  3.885  -15.285 0.5555555820
63736  -22.007  -18.251  -4.468 0.4444444478
65816  -23.562  -16.633  -4.067 0.2222222239
64772  -19.966  -17.188  -5.264 0.4444444478
66960  -24.316  -15.497  -5.834 0.2222222239
67983  -25.136  -14.618  -6.693 0.2222222239
67970  -25.426  -14.359  -5.854 0.1111111119
68007  -25.393  -14.903  -8.624 0.4444444478
68978  -26.017  -14.013  -8.616 0.3333333433
147110  -26.848  -15.106  -10.756 0.6666666865
68999  -27.210  -14.685  -10.096 0.4444444478
71897  -26.231  -10.449  -11.175 0.3333333433
72991  -26.576  -8.744  -10.885 0.4444444478
77152  -26.714  -5.979  -11.509 0.4444444478
85984  -21.467  3.705  -14.452 0.5555555820
65830  -20.414  -16.695  -5.740 0.4444444478
68979  -26.360  -13.465  -8.897 0.2222222239
85987  -24.054  3.578  -14.629 0.5555555820
151735  -20.807  -19.721  -3.270 0.4444444478
62662  -21.422  -19.316  -3.235 0.4444444478
63716  -22.062  -18.801  -3.105 0.4444444478
64731  -23.502  -17.319  -2.856 0.2222222239
64723  -24.483  -17.051  -1.768 0.1111111119
63713  -19.120  -18.833  -3.749 0.4444444478
63714  -19.891  -19.152  -3.975 0.4444444478
65804  -24.094  -16.135  -3.626 0.1111111119
66920  -25.084  -15.081  -3.503 0.1111111119
65792  -24.872  -16.185  -2.173 0.1111111119
67949  -25.505  -14.471  -3.917 0.1111111119
145329  -26.494  -13.357  -5.575 0.1111111119
69971  -26.818  -12.884  -6.763 0.1111111119
69990  -26.705  -12.451  -7.994 0.2222222239
150064  -26.542  -11.235  -9.680 0.1111111119
136149  -26.421  -12.805  -9.080 0.2222222239
71898  -26.513  -10.149  -10.255 0.2222222239
72981  -26.510  -9.512  -10.600 0.2222222239
75249  -26.312  -7.752  -11.781 0.4444444478
156800  -26.998  -6.455  -11.194 0.3333333433
76231  -27.462  -5.868  -11.059 0.3333333433
77153  -27.252  -5.272  -11.331 0.3333333433
129612  -14.559  1.110  -7.980 0.4444444478
139558  -25.874  -0.034  -11.811 0.3333333433
85004  -21.154  1.672  -13.585 0.4444444478
85010  -21.204  2.244  -13.819 0.5555555820
85011  -21.530  2.767  -14.079 0.5555555820
85985  -22.461  3.642  -14.723 0.5555555820
145929  -22.819  3.992  -15.587 0.5555555820
85983  -20.649  3.544  -14.181 0.5555555820
65857  -22.541  -15.882  -7.281 0.5555555820
66985  -24.135  -15.262  -8.103 0.6666666865
68028  -25.314  -15.200  -10.025 0.6666666865
70035  -26.449  -12.484  -12.255 0.5555555820
70988  -26.226  -11.546  -12.404 0.5555555820
71905  -26.077  -10.281  -12.258 0.4444444478
78090  -26.989  -4.648  -11.563 0.4444444478
83004  -26.039  0.881  -11.721 0.3333333433
66973  -24.029  -15.521  -7.480 0.3333333433
66972  -23.324  -15.798  -7.391 0.3333333433
64759  -23.033  -17.185  -4.517 0.4444444478
64745  -23.255  -17.232  -3.663 0.3333333433
153308  -24.290  -16.303  -2.915 0.1111111119
62681  -20.774  -19.209  -3.919 0.4444444478
63735  -21.145  -18.515  -4.681 0.4444444478
64773  -20.769  -17.422  -5.497 0.4444444478
64757  -21.723  -17.927  -5.154 0.4444444478
64774  -21.496  -17.450  -5.623 0.4444444478
64775  -22.179  -17.352  -5.595 0.4444444478
143036  -23.389  -16.617  -4.941 0.4444444478
152472  -23.208  -16.600  -5.673 0.4444444478
65833  -23.769  -16.064  -5.492 0.4444444478
66931  -24.472  -15.531  -3.990 0.1111111119
67958  -25.431  -14.389  -4.831 0.1111111119
67944  -25.725  -14.678  -3.066 0.1111111119
66961  -24.757  -14.990  -6.254 0.2222222239
151466  -25.593  -14.125  -7.805 0.2222222239
68956  -26.414  -13.386  -6.389 0.1111111119
68018  -25.714  -15.264  -9.559 0.4444444478
68019  -26.784  -15.128  -10.043 0.4444444478
68988  -27.056  -14.009  -9.663 0.3333333433
68008  -26.278  -15.017  -9.360 0.4444444478
70958  -26.489  -11.966  -9.363 0.1111111119
69000  -27.325  -14.157  -10.465 0.4444444478
69015  -26.687  -13.940  -11.825 0.5555555820
148218  -27.273  -14.372  -11.092 0.5555555820
70021  -26.511  -12.133  -11.866 0.5555555820
70957  -26.408  -10.986  -10.355 0.3333333433
74189  -26.733  -7.946  -11.036 0.4444444478
137474  -22.200  3.178  -14.264 0.5555555820
63715  -21.627  -18.786  -3.883 0.4444444478
145776  -22.327  -18.322  -3.628 0.4444444478
146995  -26.020  -13.778  -5.956 0.1111111119
138129  -20.346  4.373  -14.471 0.5555555820
69980  -26.486  -13.037  -7.757 0.2222222239
151505  -22.608  -18.361  -2.853 0.4444444478
63699  -23.171  -17.940  -2.470 0.2222222239
63717  -22.927  -17.808  -3.248 0.4444444478
62660  -19.381  -19.542  -3.436 0.4444444478
62659  -18.676  -19.242  -3.189 0.4444444478
66919  -24.679  -15.730  -3.113 0.1111111119
67959  -25.976  -13.917  -4.346 0.1111111119
58332  -23.141  -23.997  3.099 0.1111111119
59430  -19.197  -22.806  -0.480 0.3333333433
58374  -21.258  -22.860  1.166 0.2222222239
59368  -22.666  -23.092  2.244 0.2222222239
58351  -23.336  -23.424  2.658 0.1111111119
59369  -23.432  -22.776  2.180 0.1111111119
61598  -17.515  -20.803  -0.511 0.3333333433
59429  -18.239  -22.538  -0.475 0.3333333433
60515  -19.858  -22.252  -0.731 0.3333333433
59432  -21.203  -21.776  -0.120 0.3333333433
59391  -21.916  -22.454  1.192 0.2222222239
60494  -21.855  -21.520  0.185 0.2222222239
59392  -22.734  -22.427  1.594 0.2222222239
59393  -23.662  -22.191  1.704 0.1111111119
59416  -22.274  -21.925  0.864 0.2222222239
62614  -17.404  -19.502  -0.374 0.2222222239
134328  -17.523  -20.006  -0.917 0.2222222239
60532  -18.048  -21.302  -1.050 0.3333333433
59444  -18.926  -22.241  -0.932 0.3333333433
60495  -22.653  -21.296  0.457 0.1111111119
62625  -17.479  -19.258  -1.252 0.2222222239
62641  -17.697  -19.068  -2.045 0.3333333433
61615  -18.369  -20.403  -2.095 0.3333333433
62642  -18.305  -19.666  -2.536 0.3333333433
61633  -18.847  -20.249  -2.659 0.3333333433
144143  -18.535  -21.056  -1.676 0.3333333433
132608  -19.225  -20.799  -2.290 0.3333333433
60535  -20.741  -21.184  -1.346 0.3333333433
61634  -20.025  -20.657  -2.504 0.3333333433
60536  -21.358  -20.697  -1.334 0.3333333433
62627  -21.758  -20.018  -1.726 0.3333333433
61599  -21.997  -20.474  -0.905 0.3333333433
156798  -22.916  -20.721  0.120 0.1111111119
61600  -22.783  -20.201  -0.486 0.2222222239
63686  -17.432  -18.463  -1.620 0.2222222239
63697  -17.590  -18.300  -2.334 0.3333333433
61648  -19.555  -20.211  -2.967 0.3333333433
62644  -20.433  -20.196  -2.880 0.3333333433
61617  -20.808  -20.573  -2.074 0.3333333433
62645  -21.226  -19.896  -2.636 0.3333333433
61618  -22.398  -19.901  -1.143 0.3333333433
62615  -22.959  -19.485  -0.973 0.1111111119
64721  -17.346  -17.658  -2.063 0.3333333433
62661  -20.134  -19.726  -3.466 0.3333333433
62646  -22.015  -19.247  -2.427 0.3333333433
156827  -22.371  -18.751  -2.615 0.3333333433
74181  -27.135  -8.180  -10.299 0.2222222239
75250  -26.885  -7.139  -11.134 0.2222222239
75238  -27.361  -7.379  -10.480 0.2222222239
79028  -27.362  -3.527  -11.519 0.3333333433
155652  -27.418  -4.111  -11.451 0.2222222239
140139  -19.943  -22.833  -0.087 0.3333333433
59414  -20.601  -22.831  0.519 0.3333333433
58375  -21.935  -22.913  1.759 0.2222222239
60479  -23.151  -21.730  1.113 0.1111111119
61614  -17.905  -20.577  -1.361 0.3333333433
60534  -20.023  -21.648  -1.316 0.3333333433
60516  -20.656  -21.715  -0.691 0.3333333433
60518  -22.266  -20.890  -0.195 0.3333333433
63698  -18.047  -18.842  -2.744 0.3333333433
62628  -22.505  -19.339  -1.628 0.3333333433
57334  -21.902  -24.022  2.769 0.1111111119
59412  -17.982  -23.100  -0.037 0.3333333433
58389  -19.077  -23.740  0.315 0.3333333433
59413  -19.835  -23.367  0.468 0.3333333433
58390  -20.492  -23.410  1.154 0.3333333433
149602  -21.224  -23.437  1.781 0.3333333433
57318  -24.252  -24.641  3.522 0.1111111119
150705  -24.073  -23.146  2.532 0.1111111119
60514  -17.726  -21.712  -0.427 0.3333333433
152356  -24.078  -22.570  2.145 0.1111111119
138915  -17.339  -20.123  -0.178 0.2222222239
59394  -24.506  -22.110  1.830 0.1111111119
63677  -17.388  -18.827  -0.884 0.2222222239
60496  -23.529  -21.023  0.632 0.1111111119
61588  -23.501  -20.313  0.077 0.1111111119
62616  -23.519  -19.665  -0.426 0.1111111119
63687  -22.748  -18.633  -2.140 0.1111111119
140956  -17.287  -17.139  -2.122 0.1111111119
76213  -27.597  -6.504  -10.669 0.2222222239
80041  -27.245  -2.830  -11.589 0.2222222239
137112  -17.221  -15.928  -2.862 0.2222222239
69957  -17.448  -12.624  -5.678 0.5555555820
64730  -17.541  -17.641  -2.741 0.3333333433
63711  -17.838  -18.229  -2.929 0.4444444478
63712  -18.385  -18.496  -3.347 0.4444444478
146537  -27.941  -5.278  -10.959 0.2222222239
58333  -24.008  -23.919  3.098 0.1111111119
130080  -21.913  -23.494  2.327 0.1111111119
149542  -19.352  -23.243  -0.027 0.3333333433
148249  -18.278  -21.902  -0.853 0.3333333433
61587  -17.250  -20.551  0.295 0.2222222239
60493  -17.276  -21.309  0.287 0.2222222239
59411  -17.494  -22.318  0.233 0.3333333433
59431  -20.630  -22.285  -0.102 0.3333333433
155129  -19.371  -21.864  -1.203 0.3333333433
59415  -21.394  -22.229  0.537 0.2222222239
60533  -18.690  -21.655  -1.271 0.3333333433
60480  -24.027  -21.558  1.301 0.1111111119
62626  -17.804  -19.843  -1.731 0.3333333433
62643  -18.919  -19.853  -3.043 0.3333333433
149349  -19.311  -21.413  -1.675 0.3333333433
61616  -20.046  -21.116  -1.934 0.3333333433
60517  -21.454  -21.188  -0.626 0.3333333433
64711  -17.378  -17.975  -1.605 0.2222222239
62629  -23.168  -18.857  -1.399 0.1111111119
57333  -21.462  -24.561  2.933 0.1111111119
58349  -21.267  -24.000  2.394 0.2222222239
58388  -18.241  -23.740  0.330 0.3333333433
58387  -17.529  -23.162  0.526 0.2222222239
57346  -18.686  -24.277  0.732 0.3333333433
58372  -19.581  -24.063  1.094 0.3333333433
58373  -20.477  -24.009  1.854 0.3333333433
75239  -27.982  -6.909  -9.994 0.1111111119
77133  -28.866  -5.687  -9.735 0.1111111119
76214  -28.289  -6.145  -10.196 0.1111111119
77141  -28.493  -5.473  -10.386 0.1111111119
77142  -28.880  -5.094  -10.189 0.1111111119
78076  -27.836  -4.583  -11.179 0.1111111119
78066  -29.168  -4.547  -10.300 0.1111111119
78077  -28.485  -4.161  -10.966 0.1111111119
78078  -29.063  -4.082  -10.722 0.1111111119
80983  -26.734  -1.594  -11.661 0.2222222239
131163  -28.014  -3.829  -11.225 0.1111111119
79029  -28.842  -3.515  -11.088 0.1111111119
82994  -26.946  0.162  -11.463 0.1111111119
81912  -27.306  -0.833  -11.439 0.1111111119
82995  -27.968  0.788  -11.336 0.1111111119
84023  -26.573  1.808  -11.657 0.1111111119
85972  -19.471  3.674  -13.051 0.4444444478
84989  -27.063  2.543  -11.735 0.1111111119
87972  -25.103  4.695  -14.241 0.3333333433
86971  -25.460  4.286  -13.541 0.2222222239
143793  -26.139  4.414  -13.093 0.1111111119
85953  -26.767  3.202  -12.118 0.1111111119
86960  -27.423  4.297  -12.692 0.1111111119
86983  -21.489  4.431  -14.923 0.4444444478
87982  -20.756  5.236  -15.236 0.4444444478
157457  -22.698  4.491  -16.041 0.4444444478
154242  -23.650  4.451  -15.676 0.4444444478
88003  -23.978  5.348  -15.597 0.4444444478
87984  -24.586  5.000  -15.017 0.2222222239
87985  -25.435  5.566  -14.333 0.2222222239
87986  -26.354  6.001  -14.048 0.2222222239
87974  -27.018  5.591  -13.579 0.2222222239
91450  -25.934  9.109  -17.970 0.1111111119
90609  -26.250  8.221  -16.741 0.1111111119
88924  -27.953  6.346  -14.530 0.1111111119
86969  -19.071  4.693  -14.372 0.4444444478
156830  -19.272  4.762  -14.565 0.3333333433
86982  -20.026  5.129  -14.716 0.4444444478
88000  -21.130  5.305  -16.035 0.4444444478
88001  -22.083  4.948  -16.411 0.4444444478
88002  -23.013  4.995  -16.054 0.4444444478
88945  -21.287  5.894  -17.264 0.3333333433
88933  -24.220  6.318  -15.519 0.3333333433
89782  -24.526  7.133  -15.769 0.1111111119
88934  -25.188  6.712  -15.182 0.1111111119
89783  -25.584  7.320  -15.529 0.1111111119
88923  -25.754  6.328  -14.615 0.2222222239
88935  -26.110  6.936  -14.972 0.1111111119
89784  -26.515  7.399  -15.470 0.1111111119
86957  -18.402  4.310  -12.599 0.2222222239
87981  -19.050  5.834  -15.038 0.3333333433
88931  -21.201  5.378  -16.896 0.3333333433
88932  -22.337  5.622  -16.497 0.4444444478
150996  -22.450  6.396  -16.804 0.2222222239
155566  -23.886  7.173  -16.156 0.2222222239
89798  -25.123  7.636  -16.053 0.1111111119
89796  -22.000  6.884  -17.489 0.1111111119
133226  -23.254  7.092  -16.630 0.1111111119
90606  -23.311  7.641  -17.211 0.1111111119
89799  -25.965  7.766  -16.092 0.1111111119
90607  -24.262  8.049  -17.109 0.1111111119
90608  -25.215  8.098  -16.733 0.1111111119
87971  -18.287  5.439  -14.513 0.3333333433
144898  -17.838  6.396  -14.351 0.3333333433
88920  -18.483  6.731  -14.569 0.3333333433
138749  -20.234  5.858  -15.520 0.3333333433
88944  -20.291  5.676  -17.631 0.2222222239
90620  -23.561  8.296  -17.757 0.1111111119
90621  -24.676  8.551  -17.494 0.1111111119
91477  -25.571  9.884  -19.064 0.1111111119
89750  -18.577  8.593  -12.372 0.1111111119
89761  -18.358  8.473  -12.779 0.1111111119
89766  -18.950  7.589  -13.785 0.2222222239
154693  -19.704  7.882  -14.125 0.2222222239
89773  -19.364  6.924  -15.141 0.3333333433
89780  -19.572  6.652  -16.300 0.2222222239
142301  -20.134  6.000  -16.487 0.3333333433
89793  -19.464  6.746  -17.375 0.2222222239
89806  -19.640  6.928  -18.196 0.1111111119
90617  -19.765  7.811  -18.467 0.1111111119
89807  -20.040  6.785  -18.529 0.1111111119
90619  -21.367  8.217  -18.861 0.1111111119
89809  -22.304  7.800  -18.066 0.1111111119
90635  -22.664  8.601  -18.668 0.1111111119
91462  -23.180  9.336  -19.022 0.1111111119
91449  -25.040  9.120  -17.972 0.1111111119
91465  -26.129  9.500  -18.631 0.1111111119
90636  -26.788  9.000  -18.168 0.1111111119
89762  -19.329  8.763  -12.115 0.1111111119
90571  -20.688  8.707  -12.337 0.1111111119
89767  -19.645  8.775  -13.054 0.1111111119
137578  -20.501  8.594  -13.971 0.1111111119
90588  -20.790  8.860  -14.697 0.1111111119
90598  -19.991  8.207  -15.943 0.2222222239
91428  -20.445  9.331  -16.168 0.1111111119
90605  -19.573  8.145  -17.466 0.1111111119
91439  -20.032  9.502  -17.327 0.1111111119
90632  -20.039  8.773  -18.746 0.1111111119
91460  -20.464  9.660  -18.983 0.1111111119
90634  -21.831  9.087  -19.364 0.1111111119
90572  -22.056  8.645  -12.322 0.1111111119
90579  -22.332  8.992  -13.273 0.1111111119
91416  -21.759  9.631  -14.520 0.1111111119
91429  -21.406  9.991  -15.404 0.1111111119
92245  -20.570  10.422  -17.437 0.1111111119
91403  -23.258  9.372  -13.619 0.1111111119
91393  -23.885  9.100  -13.104 0.1111111119
91417  -22.789  9.946  -14.263 0.1111111119
76200  -28.544  -6.513  -9.502 0.1111111119
76232  -28.049  -5.770  -10.690 0.1111111119
78055  -29.298  -4.956  -9.746 0.1111111119
80042  -28.064  -3.132  -11.356 0.1111111119
144033  -27.924  -2.390  -11.428 0.1111111119
139141  -27.158  1.228  -11.464 0.1111111119
86985  -24.337  4.197  -14.936 0.4444444478
87973  -26.066  5.117  -13.601 0.2222222239
86972  -26.842  4.788  -13.056 0.1111111119
85964  -27.892  3.767  -12.401 0.1111111119
155309  -26.514  6.540  -14.526 0.2222222239
89800  -27.437  7.749  -16.193 0.1111111119
90622  -25.644  8.625  -17.380 0.1111111119
131060  -19.957  7.924  -15.030 0.2222222239
90589  -21.522  9.126  -13.848 0.1111111119
92235  -20.931  10.233  -16.380 0.1111111119
92257  -20.580  10.449  -18.355 0.1111111119
92222  -22.341  10.340  -14.931 0.1111111119
91418  -23.718  10.002  -14.231 0.1111111119
78037  -29.428  -5.432  -9.070 0.1111111119
81924  -26.262  -0.777  -11.721 0.2222222239
134792  -27.356  1.968  -11.544 0.1111111119
152727  -20.163  2.988  -13.297 0.4444444478
87983  -21.902  4.567  -15.945 0.4444444478
149708  -23.384  5.802  -15.916 0.4444444478
89781  -23.435  6.588  -16.105 0.2222222239
90562  -22.361  8.570  -11.394 0.1111111119
90580  -23.143  8.896  -12.798 0.1111111119
91402  -22.378  9.433  -13.875 0.1111111119
76201  -29.080  -6.178  -8.989 0.1111111119
75223  -27.715  -7.698  -9.783 0.1111111119
77120  -29.873  -5.130  -8.122 0.1111111119
77119  -29.426  -5.857  -8.434 0.1111111119
133041  -29.860  -4.552  -9.162 0.1111111119
78067  -29.590  -3.957  -10.371 0.1111111119
79018  -30.127  -3.337  -10.393 0.1111111119
79030  -29.568  -3.507  -10.807 0.1111111119
154920  -28.516  -1.764  -11.361 0.1111111119
80043  -28.897  -2.646  -11.273 0.1111111119
156227  -29.511  -3.092  -11.092 0.1111111119
155807  -28.685  -0.394  -11.317 0.1111111119
84014  -28.815  1.283  -11.539 0.1111111119
84013  -28.029  1.693  -11.493 0.1111111119
84990  -27.899  2.494  -11.716 0.1111111119
86973  -27.707  5.003  -13.240 0.1111111119
155461  -28.437  3.753  -12.602 0.1111111119
87988  -29.056  5.451  -14.881 0.1111111119
88937  -28.047  6.876  -15.214 0.1111111119
86956  -17.748  4.932  -11.897 0.2222222239
86968  -17.890  5.437  -14.270 0.3333333433
87966  -17.544  6.497  -14.022 0.2222222239
89810  -27.729  7.875  -16.659 0.1111111119
88906  -18.189  7.879  -13.283 0.1111111119
88911  -17.636  7.446  -13.628 0.2222222239
143233  -27.458  8.639  -18.055 0.1111111119
90637  -27.517  8.893  -18.929 0.1111111119
88899  -18.811  7.036  -10.665 0.1111111119
88900  -19.842  6.942  -9.516 0.1111111119
89752  -21.169  8.332  -11.391 0.1111111119
91478  -26.219  9.886  -19.481 0.1111111119
89753  -22.379  8.452  -10.638 0.1111111119
131086  -23.742  8.830  -11.275 0.1111111119
92266  -21.024  10.455  -18.981 0.1111111119
91476  -22.429  9.932  -19.560 0.1111111119
146158  -24.090  10.585  -19.805 0.1111111119
92277  -25.209  10.432  -19.804 0.1111111119
135658  -23.056  8.800  -11.842 0.1111111119
92236  -21.888  10.688  -15.716 0.1111111119
93007  -21.772  11.507  -18.006 0.1111111119
92223  -23.213  10.531  -14.730 0.1111111119
142672  -27.179  -2.195  -11.608 0.1111111119
86959  -26.578  3.942  -12.613 0.1111111119
77154  -28.530  -4.813  -10.689 0.1111111119
155478  -29.590  -4.393  -9.921 0.1111111119
147208  -27.977  -0.143  -11.248 0.1111111119
84999  -27.564  3.174  -12.011 0.1111111119
86961  -28.131  4.313  -12.813 0.1111111119
88922  -24.846  5.928  -14.981 0.2222222239
88912  -27.194  6.337  -14.269 0.2222222239
90623  -26.495  8.627  -17.429 0.1111111119
140812  -26.823  7.827  -16.096 0.1111111119
150544  -27.136  8.570  -17.556 0.1111111119
90624  -27.768  8.232  -17.426 0.1111111119
88004  -28.582  6.256  -14.985 0.1111111119
87975  -27.766  5.750  -13.891 0.1111111119
88936  -27.528  6.778  -14.858 0.2222222239
89785  -27.381  7.338  -15.485 0.2222222239
89797  -24.257  7.585  -16.469 0.1111111119
88921  -19.488  6.340  -15.295 0.3333333433
89795  -20.498  6.154  -18.141 0.1111111119
89808  -20.935  7.160  -18.476 0.1111111119
91448  -23.967  8.930  -18.241 0.1111111119
91464  -25.354  9.539  -18.536 0.1111111119
91463  -24.384  9.514  -18.674 0.1111111119
92269  -24.780  10.021  -19.160 0.1111111119
89751  -19.838  8.401  -11.544 0.1111111119
88930  -19.757  5.980  -17.396 0.2222222239
89794  -19.793  6.058  -18.162 0.1111111119
90618  -20.390  7.882  -18.692 0.1111111119
92268  -23.671  9.971  -19.356 0.1111111119
90578  -21.174  8.870  -13.112 0.1111111119
91415  -20.916  9.333  -15.206 0.1111111119
91447  -19.992  9.672  -18.286 0.1111111119
90633  -20.801  8.879  -19.112 0.1111111119
91461  -21.298  9.718  -19.363 0.1111111119
92246  -21.431  10.963  -16.657 0.1111111119
92258  -21.153  11.067  -17.646 0.1111111119
75224  -28.252  -7.289  -9.286 0.1111111119
80984  -27.643  -1.647  -11.465 0.1111111119
89786  -28.065  7.426  -16.039 0.1111111119
89811  -28.264  7.660  -16.951 0.1111111119
93006  -21.148  10.967  -18.378 0.1111111119
92237  -22.807  10.942  -15.314 0.1111111119
81913  -28.192  -0.970  -11.330 0.1111111119
81914  -28.757  0.372  -11.366 0.1111111119
87976  -28.272  5.266  -13.698 0.1111111119
88946  -28.684  7.094  -16.560 0.1111111119
89822  -28.482  7.776  -17.895 0.1111111119
87962  -18.923  6.067  -9.399 0.1111111119
90638  -28.064  8.372  -18.369 0.1111111119
92267  -21.752  10.571  -19.431 0.1111111119
141228  -22.053  11.472  -17.008 0.1111111119
70909  -16.759  -11.421  -5.521 0.2222222239
71856  -16.813  -10.678  -6.013 0.2222222239
67948  -17.007  -14.410  -4.075 0.3333333433
70924  -17.046  -11.321  -5.945 0.4444444478
84021  -20.199  1.819  -12.523 0.3333333433
85960  -19.214  3.774  -12.086 0.1111111119
143188  -18.307  4.333  -11.516 0.1111111119
83976  -15.811  1.860  -8.122 0.2222222239
129610  -14.086  2.020  -7.348 0.1111111119
69943  -16.761  -12.631  -4.831 0.2222222239
83965  -15.003  2.074  -7.279 0.1111111119
83990  -18.259  1.749  -10.226 0.1111111119
83991  -18.950  1.395  -10.735 0.1111111119
84010  -20.229  1.960  -12.020 0.1111111119
85951  -20.123  3.317  -11.591 0.1111111119
86949  -19.305  4.058  -10.871 0.1111111119
84002  -19.110  1.421  -11.312 0.1111111119
66918  -17.133  -14.900  -3.355 0.2222222239
157478  -16.824  -13.149  -4.498 0.2222222239
68942  -17.129  -13.412  -5.016 0.3333333433
145617  -15.452  -5.968  -6.126 0.2222222239
76146  -15.612  -6.680  -5.941 0.1111111119
157132  -15.247  -5.286  -6.291 0.3333333433
84995  -19.822  2.849  -12.454 0.3333333433
84986  -20.509  2.726  -11.887 0.1111111119
84003  -19.986  1.241  -11.764 0.1111111119
132399  -21.045  1.273  -11.807 0.1111111119
69981  -27.115  -12.304  -7.066 0.1111111119
57340  -18.254  -24.748  1.079 0.1111111119
57331  -19.769  -24.780  1.970 0.1111111119
57330  -17.298  -24.653  1.688 0.1111111119
57338  -17.135  -23.936  1.463 0.1111111119
141055  -17.601  -23.848  0.820 0.1111111119
59390  -17.114  -22.556  0.923 0.1111111119
60478  -16.984  -21.737  1.042 0.1111111119
66910  -17.216  -15.400  -2.875 0.1111111119
71841  -16.254  -10.362  -5.032 0.1111111119
69956  -16.953  -11.939  -5.450 0.1111111119
79971  -12.604  -2.067  -6.169 0.2222222239
80932  -11.994  -1.157  -6.218 0.2222222239
80925  -11.944  -1.055  -5.852 0.2222222239
147788  -11.604  0.655  -4.225 0.2222222239
72899  -16.757  -9.879  -6.265 0.1111111119
72924  -16.964  -9.620  -6.628 0.1111111119
56184  -16.926  -24.888  2.468 0.1111111119
56193  -18.279  -25.507  1.533 0.1111111119
56194  -19.054  -25.619  1.756 0.1111111119
57329  -16.764  -24.037  2.259 0.1111111119
58370  -16.733  -23.209  2.014 0.1111111119
59389  -16.767  -22.276  1.775 0.1111111119
61575  -17.094  -20.720  1.222 0.1111111119
146356  -17.182  -14.688  -3.127 0.1111111119
138872  -16.241  -10.892  -4.528 0.1111111119
79952  -12.744  -2.033  -5.798 0.2222222239
151489  -12.507  1.468  -3.291 0.2222222239
147798  -12.947  2.347  -3.970 0.1111111119
129906  -11.650  1.463  -4.168 0.2222222239
129611  -13.195  2.219  -6.524 0.1111111119
79953  -13.222  -2.985  -5.980 0.2222222239
154189  -17.192  -15.416  -3.028 0.1111111119
61576  -17.326  -19.869  0.707 0.1111111119
63667  -17.414  -19.299  0.146 0.1111111119
142013  -17.277  -16.277  -2.519 0.1111111119
157006  -18.100  -24.273  0.730 0.1111111119
57341  -18.888  -24.866  1.270 0.1111111119
70894  -16.600  -12.044  -4.943 0.1111111119
69942  -16.664  -12.451  -4.334 0.1111111119
57339  -17.693  -24.465  1.105 0.1111111119
56192  -17.830  -25.018  1.336 0.1111111119
56185  -17.554  -25.417  1.831 0.1111111119
58371  -17.093  -23.191  1.214 0.1111111119
67929  -17.572  -14.493  -1.513 0.1111111119
79936  -13.147  -1.657  -5.512 0.1111111119
130507  -16.791  -21.243  1.977 0.1111111119
66900  -17.450  -15.320  -1.382 0.1111111119
68926  -17.033  -14.048  -3.629 0.1111111119
82938  -13.746  2.008  -3.672 0.1111111119
129889  -14.634  2.182  -5.969 0.1111111119
83977  -16.611  1.757  -8.583 0.1111111119
78928  -13.913  -3.705  -5.834 0.1111111119
83966  -15.994  1.861  -7.715 0.1111111119
83978  -17.205  1.815  -9.011 0.1111111119
83989  -17.637  1.872  -9.902 0.1111111119
56187  -19.722  -25.501  2.342 0.1111111119
57316  -22.377  -24.459  3.200 0.1111111119
58350  -22.570  -23.718  2.750 0.1111111119
58401  -18.682  -23.254  -0.126 0.3333333433
65803  -23.784  -16.720  -3.255 0.2222222239
66984  -23.576  -15.433  -7.945 0.6666666865
68030  -27.249  -14.845  -10.662 0.4444444478
68031  -26.986  -14.684  -11.408 0.5555555820
68986  -24.531  -14.554  -9.911 0.6666666865
69014  -26.206  -14.232  -11.841 0.6666666865
69016  -27.023  -13.913  -11.570 0.5555555820
69028  -26.220  -13.399  -12.298 0.5555555820
69029  -26.645  -13.310  -12.018 0.5555555820
69970  -19.274  -12.869  -7.106 1.0000000000
70011  -27.046  -13.240  -10.671 0.4444444478
70033  -25.406  -12.904  -12.504 0.8888888955
70034  -26.110  -12.552  -12.535 0.5555555820
70995  -25.620  -11.084  -13.013 0.7777777910
71868  -19.137  -11.074  -7.933 1.0000000000
72968  -19.968  -9.611  -9.389 1.0000000000
72988  -21.666  -9.080  -11.091 1.0000000000
74187  -22.084  -8.850  -11.866 1.0000000000
74208  -25.118  -8.197  -13.534 0.7777777910
75206  -17.113  -7.167  -8.269 0.7777777910
75221  -18.244  -7.729  -9.097 0.7777777910
75236  -20.327  -7.394  -10.760 1.0000000000
75248  -21.284  -7.293  -11.964 1.0000000000
76194  -18.427  -6.518  -9.790 0.7777777910
76229  -21.316  -6.506  -12.631 0.8888888955
76242  -21.498  -5.996  -13.003 0.8888888955
76243  -25.401  -6.243  -12.817 0.5555555820
77149  -19.068  -5.004  -10.961 1.0000000000
77166  -21.442  -5.543  -13.051 0.8888888955
77180  -21.712  -5.302  -13.534 0.8888888955
77197  -23.770  -5.579  -14.144 0.7777777910
77993  -14.265  -4.244  -5.886 0.1111111119
78046  -17.305  -4.604  -9.638 0.8888888955
78062  -18.610  -4.508  -10.827 1.0000000000
78087  -20.290  -4.534  -12.253 0.8888888955
78111  -21.807  -4.679  -13.758 0.8888888955
78113  -22.938  -4.405  -14.352 0.7777777910
79012  -18.887  -4.039  -11.334 1.0000000000
79037  -18.917  -2.733  -11.828 0.8888888955
79048  -21.427  -3.918  -13.608 0.8888888955
79059  -22.533  -3.473  -14.303 0.8888888955
80067  -20.881  -3.034  -13.457 0.7777777910
80069  -24.025  -2.529  -13.457 0.7777777910
80080  -21.896  -1.652  -14.113 0.7777777910
80908  -11.272  0.143  -5.268 0.2222222239
80909  -12.258  -0.530  -5.252 0.1111111119
80931  -11.343  -0.320  -5.721 0.3333333433
80938  -11.535  -0.514  -6.235 0.2222222239
80939  -12.128  -0.980  -6.556 0.2222222239
80994  -19.138  -1.354  -12.385 0.7777777910
81014  -22.269  -0.867  -13.903 0.6666666865
81862  -11.061  0.326  -5.433 0.3333333433
81863  -13.421  0.876  -3.891 0.2222222239
81878  -12.535  0.723  -7.045 0.2222222239
81930  -20.958  -0.636  -13.575 0.6666666865
81940  -22.415  -0.289  -13.800 0.6666666865
82927  -12.420  0.507  -3.981 0.2222222239
82948  -14.456  1.677  -5.035 0.1111111119
83021  -22.549  0.209  -13.778 0.6666666865
83945  -13.991  2.331  -4.422 0.1111111119
85963  -27.259  3.702  -12.330 0.1111111119
87987  -28.443  5.706  -14.296 0.1111111119
88938  -28.606  6.724  -15.756 0.1111111119
90610  -27.111  8.205  -16.835 0.1111111119
91438  -19.679  8.819  -18.173 0.1111111119
92275  -22.400  10.610  -19.663 0.1111111119
129614  -12.794  -0.257  -7.210 0.5555555820
129919  -11.290  1.051  -5.604 0.2222222239
133277  -24.118  -3.909  -13.636 0.7777777910
137786  -19.611  -2.124  -12.594 0.7777777910
139601  -22.837  -1.548  -14.035 0.6666666865
140699  -26.115  -10.859  -12.622 0.5555555820
141347  -26.924  6.930  -14.888 0.2222222239
142967  -21.763  -6.570  -13.254 0.8888888955
143021  -23.456  -7.247  -13.972 0.7777777910
147702  -12.300  2.120  -5.369 0.2222222239
147761  -13.513  2.404  -5.508 0.1111111119
147799  -10.992  0.242  -4.926 0.3333333433
148326  -22.268  -6.218  -14.028 0.7777777910
153957  -24.114  -11.071  -12.634 0.8888888955
153999  -19.828  -3.431  -12.353 0.8888888955
154259  -24.614  -6.385  -13.732 0.7777777910
154329  -25.127  -2.927  -12.458 0.6666666865
155084  -28.269  -5.333  -10.691 0.1111111119
156569  -13.095  1.529  -7.112 0.3333333433
156642  -19.847  -10.200  -8.978 1.0000000000
