#!ascii label  , from subject sub-v1s4x0050687_ses-1 vox2ras=TkReg
902
14319  -34.756  -72.937  -5.377 0.5000000000
15085  -32.655  -71.957  -5.412 0.8000000119
15871  -32.656  -70.559  -3.967 0.8000000119
15077  -32.626  -71.145  -4.692 0.8000000119
138841  -33.394  -71.371  -5.076 0.8000000119
13482  -33.553  -73.544  -5.255 0.5000000000
15086  -33.594  -72.174  -5.494 0.5000000000
15078  -34.376  -71.631  -5.282 0.6000000238
16697  -33.533  -69.470  -2.851 0.6999999881
16704  -33.927  -69.772  -3.570 0.6999999881
15880  -34.912  -70.855  -4.824 0.8000000119
15881  -35.956  -70.939  -4.896 0.6999999881
13464  -34.378  -73.541  -4.290 0.6000000238
13484  -35.201  -73.198  -5.038 0.5000000000
14321  -36.818  -72.642  -4.884 0.6000000238
17552  -32.764  -68.860  -1.288 0.6999999881
15087  -34.950  -72.318  -5.436 0.6000000238
15089  -36.964  -72.297  -5.100 0.6000000238
16690  -33.195  -69.217  -2.042 0.6999999881
15873  -34.395  -70.205  -4.218 0.6999999881
15080  -36.550  -71.729  -5.181 0.6000000238
15883  -38.055  -71.587  -4.869 0.6000000238
15874  -35.368  -70.195  -4.361 0.8000000119
15875  -36.450  -70.341  -4.510 0.8000000119
15882  -37.010  -71.166  -4.907 0.6999999881
14293  -35.916  -72.746  -3.371 0.4000000060
150377  -36.971  -72.691  -4.726 0.6000000238
17547  -33.039  -68.096  -0.955 0.6999999881
15082  -38.053  -72.208  -4.680 0.6000000238
18435  -33.770  -67.797  -1.338 0.6999999881
17560  -33.884  -68.895  -2.365 0.6999999881
134922  -34.299  -69.260  -3.049 0.6999999881
16705  -34.798  -69.644  -3.728 0.6999999881
16706  -35.845  -69.578  -3.798 0.6000000238
15876  -37.635  -70.706  -4.653 0.6999999881
137562  -40.746  -69.605  -4.141 0.5000000000
16699  -35.786  -68.970  -3.130 0.6000000238
17569  -36.592  -69.127  -3.367 0.6000000238
17570  -37.788  -69.369  -3.628 0.6000000238
17571  -39.373  -69.774  -4.102 0.6000000238
17564  -38.314  -68.657  -3.115 0.6000000238
17565  -39.607  -68.628  -3.441 0.5000000000
15061  -37.319  -72.089  -2.985 0.4000000060
14294  -37.009  -72.647  -3.655 0.5000000000
18426  -32.408  -67.524  -0.362 0.6999999881
14295  -38.106  -72.485  -3.945 0.6000000238
15062  -39.023  -72.089  -3.812 0.6000000238
17555  -34.936  -68.050  -2.117 0.6999999881
156473  -39.546  -71.494  -4.377 0.6000000238
18444  -35.720  -67.918  -2.222 0.6999999881
15878  -40.272  -71.269  -4.162 0.5000000000
16709  -40.596  -70.597  -4.234 0.6000000238
17562  -36.177  -68.493  -2.714 0.6999999881
17563  -37.139  -68.558  -2.861 0.6000000238
17566  -40.869  -68.491  -3.775 0.5000000000
17572  -41.678  -69.301  -4.023 0.5000000000
19229  -30.117  -66.182  0.770 0.6000000238
20125  -30.737  -65.918  0.183 0.6000000238
15053  -36.606  -71.488  -2.134 0.5000000000
15866  -37.572  -71.382  -2.408 0.5000000000
19231  -31.445  -66.331  0.108 0.6999999881
18425  -31.543  -67.308  0.263 0.6999999881
156365  -38.192  -71.941  -3.215 0.5000000000
15867  -38.741  -71.406  -2.817 0.5000000000
135372  -39.631  -70.124  -2.134 0.4000000060
18430  -33.279  -67.276  -0.763 0.6999999881
16700  -39.796  -71.085  -2.963 0.5000000000
18431  -34.053  -67.054  -1.045 0.6999999881
18437  -35.308  -67.417  -1.688 0.6999999881
16701  -40.773  -70.589  -3.239 0.5000000000
18438  -36.145  -67.325  -1.762 0.6999999881
18445  -36.598  -67.873  -2.287 0.6000000238
16702  -41.494  -70.132  -3.671 0.5000000000
18446  -37.569  -67.850  -2.404 0.6000000238
148513  -42.296  -69.149  -3.528 0.5000000000
18440  -37.921  -67.107  -1.966 0.5000000000
145720  -38.699  -67.000  -2.258 0.5000000000
18448  -39.705  -67.440  -2.857 0.5000000000
140034  -41.909  -68.413  -3.919 0.5000000000
18449  -41.077  -67.276  -3.522 0.5000000000
19257  -42.702  -66.626  -3.496 0.3000000119
16688  -38.520  -68.810  -0.809 0.3000000119
20124  -29.489  -65.610  0.174 0.6000000238
137679  -30.099  -65.622  0.043 0.6000000238
16692  -37.967  -69.995  -1.413 0.4000000060
16693  -38.630  -69.617  -1.374 0.4000000060
20136  -32.903  -65.650  -0.392 0.6000000238
16694  -40.378  -69.740  -2.210 0.5000000000
19238  -33.521  -66.409  -0.568 0.6999999881
19239  -34.371  -66.277  -0.685 0.6999999881
16695  -41.349  -69.787  -2.777 0.5000000000
147358  -36.548  -66.761  -1.451 0.5000000000
17559  -42.441  -68.828  -3.051 0.5000000000
18439  -37.025  -67.257  -1.784 0.5000000000
18450  -42.790  -68.000  -3.057 0.4000000060
152973  -42.363  -68.356  -3.727 0.3000000119
19255  -43.175  -67.160  -3.099 0.4000000060
20152  -40.579  -65.893  -3.357 0.5000000000
19256  -41.743  -66.642  -3.594 0.4000000060
133708  -28.798  -65.538  -0.669 0.6000000238
20134  -29.605  -65.401  -0.688 0.6000000238
21046  -30.803  -64.684  -1.199 0.6000000238
146938  -31.661  -64.559  -0.939 0.6000000238
155305  -32.335  -64.380  -0.906 0.6000000238
17557  -40.530  -68.874  -1.732 0.3000000119
20137  -33.778  -65.459  -0.447 0.6000000238
18442  -41.113  -68.094  -1.726 0.3000000119
20138  -34.694  -65.403  -0.523 0.6000000238
19246  -35.781  -66.674  -1.248 0.6999999881
19251  -41.555  -66.650  -1.697 0.3000000119
17558  -41.720  -68.954  -2.499 0.3000000119
19241  -35.917  -65.928  -0.826 0.6000000238
20150  -42.589  -66.043  -2.259 0.3000000119
19252  -42.738  -67.185  -2.590 0.3000000119
156384  -36.799  -64.881  -1.300 0.5000000000
19247  -36.527  -66.089  -1.114 0.5000000000
19248  -37.338  -66.365  -1.484 0.5000000000
20154  -43.674  -65.312  -2.935 0.3000000119
20153  -43.437  -66.239  -2.959 0.3000000119
19249  -38.287  -66.286  -1.868 0.5000000000
19253  -39.104  -66.364  -2.415 0.5000000000
20159  -43.585  -65.298  -3.159 0.3000000119
21063  -38.039  -64.797  -2.209 0.5000000000
20157  -41.716  -65.793  -3.594 0.4000000060
20158  -42.875  -65.696  -3.472 0.3000000119
21055  -29.103  -64.632  -1.682 0.5000000000
150791  -29.748  -64.214  -1.792 0.6000000238
21056  -30.513  -64.046  -1.884 0.5000000000
21048  -33.104  -64.600  -0.622 0.6000000238
21059  -33.610  -63.839  -1.276 0.5000000000
145235  -42.133  -65.035  -1.893 0.3000000119
21050  -35.047  -64.570  -0.686 0.6000000238
22903  -42.019  -62.779  -1.877 0.3000000119
21066  -42.804  -64.254  -2.239 0.3000000119
21051  -35.785  -64.654  -0.849 0.6000000238
20146  -37.056  -65.424  -1.309 0.5000000000
21069  -38.667  -64.612  -2.876 0.5000000000
20156  -40.614  -64.994  -3.523 0.4000000060
21074  -39.871  -64.248  -3.503 0.4000000060
21946  -30.046  -63.552  -1.867 0.5000000000
154689  -30.700  -63.313  -2.056 0.5000000000
155613  -31.350  -63.468  -2.190 0.5000000000
153588  -31.217  -64.155  -1.734 0.5000000000
21947  -32.256  -63.340  -2.268 0.5000000000
22902  -40.826  -62.454  -1.355 0.3000000119
21060  -34.548  -63.861  -1.186 0.6000000238
21061  -35.455  -64.017  -1.262 0.6000000238
143159  -36.362  -64.379  -1.419 0.5000000000
21076  -42.564  -64.344  -3.546 0.4000000060
21966  -40.406  -63.670  -3.621 0.4000000060
22897  -30.410  -62.880  -1.834 0.5000000000
152948  -31.173  -62.847  -2.139 0.5000000000
22898  -31.975  -62.870  -2.349 0.5000000000
22895  -39.904  -62.206  -0.809 0.4000000060
24767  -40.129  -60.629  -0.779 0.4000000060
21948  -33.121  -63.331  -2.212 0.5000000000
21949  -33.988  -63.340  -2.141 0.5000000000
23831  -40.692  -61.400  -1.247 0.4000000060
152138  -41.843  -61.858  -1.805 0.3000000119
22901  -34.061  -62.617  -2.465 0.4000000060
22907  -43.063  -62.186  -2.421 0.3000000119
21950  -34.914  -63.396  -2.049 0.5000000000
21951  -35.840  -63.589  -2.116 0.4000000060
21067  -36.694  -63.860  -2.325 0.4000000060
142465  -40.234  -62.851  -3.651 0.4000000060
23823  -30.794  -61.966  -0.424 0.5000000000
23824  -31.644  -61.900  -0.828 0.5000000000
23825  -32.659  -61.839  -1.231 0.5000000000
143425  -39.326  -60.711  -0.237 0.4000000060
22900  -33.312  -62.525  -2.359 0.5000000000
23832  -33.217  -61.995  -2.001 0.4000000060
25673  -40.401  -59.816  -0.909 0.4000000060
24770  -41.069  -60.366  -1.402 0.4000000060
23833  -33.908  -61.992  -2.151 0.4000000060
22904  -34.854  -62.677  -2.525 0.4000000060
151245  -41.948  -60.947  -1.819 0.4000000060
22905  -35.718  -62.699  -2.706 0.4000000060
22906  -36.658  -62.793  -3.037 0.4000000060
22909  -37.607  -62.559  -3.172 0.4000000060
21960  -38.257  -63.838  -3.226 0.4000000060
21964  -38.398  -63.081  -3.411 0.4000000060
22911  -39.317  -62.526  -3.494 0.4000000060
23846  -41.554  -61.526  -3.675 0.4000000060
22912  -40.314  -61.972  -3.583 0.4000000060
23816  -30.497  -61.726  0.655 0.5000000000
23817  -31.462  -61.683  0.452 0.4000000060
25669  -39.136  -59.159  0.225 0.4000000060
25672  -39.781  -59.325  -0.411 0.4000000060
23818  -32.391  -61.591  0.192 0.5000000000
23819  -33.305  -61.438  -0.053 0.4000000060
23834  -34.539  -62.160  -2.311 0.4000000060
25675  -41.357  -59.372  -1.560 0.4000000060
23839  -35.301  -62.057  -2.323 0.4000000060
23840  -36.237  -62.049  -2.500 0.4000000060
22914  -42.747  -61.802  -3.495 0.3000000119
23804  -32.055  -61.342  1.216 0.4000000060
24758  -32.889  -61.115  0.948 0.5000000000
26600  -40.122  -58.551  -0.669 0.4000000060
23820  -34.072  -61.202  -0.239 0.4000000060
23826  -33.791  -61.630  -1.095 0.4000000060
23827  -34.721  -61.039  -0.505 0.4000000060
137392  -34.764  -61.560  -1.451 0.4000000060
23835  -35.914  -61.322  -1.573 0.4000000060
134251  -37.114  -62.002  -2.769 0.4000000060
23841  -37.855  -61.855  -2.959 0.4000000060
23845  -40.575  -60.925  -3.565 0.4000000060
140675  -39.438  -61.577  -3.357 0.4000000060
154971  -32.353  -60.901  1.629 0.4000000060
24751  -33.360  -60.444  1.032 0.4000000060
24759  -33.703  -60.854  0.485 0.4000000060
24760  -34.376  -60.533  0.086 0.4000000060
23828  -35.355  -60.995  -0.835 0.4000000060
24778  -41.737  -60.502  -3.692 0.4000000060
24768  -36.667  -60.545  -1.379 0.4000000060
23837  -37.664  -61.245  -2.423 0.4000000060
24769  -37.413  -60.573  -1.820 0.4000000060
23842  -38.591  -61.163  -2.892 0.4000000060
24776  -39.605  -60.606  -3.240 0.4000000060
25660  -33.296  -59.699  1.288 0.4000000060
153029  -33.649  -59.098  0.907 0.4000000060
26594  -34.277  -58.885  0.412 0.4000000060
157271  -35.097  -59.180  -0.069 0.4000000060
24764  -35.162  -60.221  -0.312 0.4000000060
25670  -35.815  -59.461  -0.526 0.4000000060
24765  -35.956  -60.399  -0.849 0.4000000060
25671  -36.518  -59.636  -0.993 0.4000000060
25674  -37.195  -59.778  -1.447 0.4000000060
24777  -40.402  -60.136  -3.503 0.3000000119
142484  -38.939  -60.122  -2.764 0.4000000060
155360  -32.701  -58.823  1.914 0.4000000060
26593  -33.579  -58.306  0.758 0.4000000060
27363  -33.032  -57.850  1.143 0.4000000060
27372  -34.072  -57.850  0.223 0.4000000060
142177  -34.846  -58.224  -0.096 0.4000000060
26598  -36.307  -58.776  -0.835 0.4000000060
26601  -36.978  -58.924  -1.296 0.4000000060
25684  -42.321  -59.192  -3.613 0.4000000060
149561  -41.122  -60.113  -3.687 0.3000000119
26602  -37.680  -59.132  -1.745 0.4000000060
25679  -39.821  -59.600  -3.311 0.5000000000
145746  -40.423  -58.836  -3.657 0.4000000060
148419  -38.768  -58.835  -2.682 0.5000000000
27370  -32.855  -57.154  0.818 0.4000000060
28166  -32.968  -56.731  0.191 0.4000000060
27371  -33.367  -57.472  0.515 0.4000000060
27378  -33.744  -57.026  -0.085 0.4000000060
27389  -37.404  -58.257  -1.780 0.4000000060
143112  -38.800  -58.118  -2.886 0.5000000000
28165  -32.453  -56.361  0.932 0.4000000060
28172  -32.494  -55.937  -0.269 0.4000000060
28173  -33.236  -56.325  -0.584 0.4000000060
27390  -37.937  -57.554  -2.527 0.4000000060
28940  -32.138  -55.485  1.143 0.4000000060
144862  -32.059  -55.434  0.069 0.4000000060
28954  -32.151  -55.141  -0.701 0.4000000060
28187  -38.282  -56.609  -3.084 0.5000000000
31430  -31.616  -52.609  -0.461 0.4000000060
29776  -31.720  -54.010  1.036 0.4000000060
29783  -31.611  -54.098  -0.222 0.4000000060
30573  -31.731  -53.370  -0.679 0.4000000060
30574  -32.056  -53.485  -0.958 0.5000000000
30566  -31.499  -53.281  0.094 0.4000000060
20148  -38.583  -65.476  -2.266 0.5000000000
21073  -39.027  -64.111  -3.350 0.5000000000
149559  -40.705  -64.365  -3.584 0.4000000060
13481  -32.874  -73.478  -5.595 0.5000000000
15070  -32.051  -71.024  -4.267 0.8000000119
15864  -32.353  -70.288  -3.134 0.8000000119
15857  -32.087  -70.176  -2.252 0.6999999881
151563  -33.548  -73.809  -4.025 0.5000000000
15850  -31.598  -70.063  -1.336 0.6999999881
135611  -33.607  -73.552  -2.985 0.5000000000
17546  -32.294  -68.440  -0.584 0.6999999881
15060  -36.321  -72.197  -2.670 0.4000000060
13457  -34.304  -73.415  -3.486 0.4000000060
19230  -30.848  -66.731  0.594 0.6999999881
14282  -35.372  -72.340  -2.339 0.4000000060
15858  -36.025  -70.914  -1.425 0.4000000060
20113  -29.427  -65.898  0.982 0.6000000238
140352  -37.657  -69.304  -0.809 0.4000000060
20122  -27.890  -65.664  -0.665 0.6000000238
20144  -28.378  -65.042  -1.523 0.5000000000
21945  -28.547  -64.275  -1.605 0.5000000000
22896  -29.609  -63.062  -1.567 0.5000000000
153808  -30.241  -61.998  -0.153 0.4000000060
23803  -31.216  -61.418  1.466 0.4000000060
23796  -30.936  -61.030  2.273 0.4000000060
24743  -31.756  -61.000  2.014 0.4000000060
25651  -31.985  -59.577  2.630 0.4000000060
144390  -32.357  -58.854  2.412 0.4000000060
26589  -32.619  -58.165  1.911 0.4000000060
28158  -32.328  -56.765  1.912 0.4000000060
29769  -31.962  -54.836  1.770 0.4000000060
137962  -31.501  -52.556  0.346 0.4000000060
15076  -31.880  -71.483  -4.865 0.8000000119
13472  -34.670  -73.418  -4.792 0.5000000000
140683  -35.369  -68.543  -2.625 0.6999999881
14310  -37.487  -72.482  -4.713 0.6000000238
15877  -38.797  -71.203  -4.650 0.6999999881
16707  -37.080  -69.873  -4.110 0.6999999881
15868  -40.343  -71.308  -3.885 0.6000000238
146722  -39.636  -70.871  -4.486 0.6000000238
16708  -38.412  -70.328  -4.372 0.6000000238
19237  -32.723  -66.601  -0.365 0.6999999881
15869  -40.943  -70.773  -3.987 0.5000000000
140146  -31.378  -65.386  -0.345 0.6000000238
15859  -36.897  -70.777  -1.630 0.5000000000
15861  -38.745  -70.471  -2.039 0.5000000000
17556  -39.428  -69.116  -1.377 0.3000000119
19254  -39.999  -66.477  -2.913 0.5000000000
21058  -32.685  -63.843  -1.584 0.6000000238
21062  -37.258  -64.652  -1.763 0.5000000000
21070  -39.655  -64.851  -3.276 0.5000000000
21965  -39.364  -63.461  -3.528 0.4000000060
21959  -37.496  -63.334  -3.175 0.4000000060
136278  -41.383  -63.080  -3.670 0.4000000060
22910  -38.480  -62.149  -3.258 0.4000000060
23836  -36.867  -61.327  -2.006 0.4000000060
25659  -32.671  -59.515  1.945 0.4000000060
24772  -38.157  -60.432  -2.270 0.4000000060
29784  -31.947  -54.268  -0.846 0.4000000060
10567  -19.321  -77.851  0.229 0.4000000060
9872  -20.013  -78.235  -0.244 0.4000000060
10583  -20.162  -77.925  -1.001 0.4000000060
9892  -20.324  -78.083  -1.784 0.4000000060
11267  -19.591  -76.496  -1.708 0.4000000060
136145  -19.955  -76.984  -2.281 0.4000000060
10611  -20.070  -77.182  -3.128 0.4000000060
140622  -20.120  -76.009  -4.180 0.4000000060
11280  -21.454  -76.420  -5.651 0.5000000000
11271  -19.432  -75.461  -2.426 0.4000000060
11272  -19.856  -76.372  -2.794 0.4000000060
11974  -20.094  -75.123  -3.831 0.5000000000
11980  -20.452  -75.562  -4.432 0.5000000000
12698  -22.493  -74.881  -5.029 0.6000000238
11962  -18.868  -74.759  -1.964 0.4000000060
12690  -20.190  -73.967  -3.438 0.4000000060
11982  -21.796  -75.524  -5.208 0.5000000000
14292  -34.914  -72.935  -2.957 0.3000000119
14281  -34.524  -72.541  -1.978 0.4000000060
15853  -36.365  -70.251  -1.003 0.3000000119
11989  -22.552  -76.039  -5.863 0.5000000000
12694  -30.943  -74.863  -4.278 0.5000000000
13456  -32.913  -73.875  -3.022 0.4000000060
14274  -20.596  -72.575  -2.007 0.4000000060
12691  -20.678  -74.821  -4.206 0.5000000000
12697  -21.502  -74.801  -4.542 0.5000000000
13454  -19.900  -72.751  -2.235 0.4000000060
12685  -19.482  -73.808  -2.768 0.4000000060
12706  -23.219  -75.509  -5.729 0.6000000238
12707  -23.950  -75.634  -5.956 0.6000000238
12709  -25.589  -75.589  -6.167 0.6999999881
12704  -32.265  -74.315  -5.025 0.5000000000
11992  -25.651  -76.146  -6.154 0.6999999881
11994  -27.737  -75.893  -6.087 0.6999999881
12702  -30.622  -74.845  -5.343 0.6999999881
11993  -27.140  -75.999  -6.256 0.6999999881
11995  -28.295  -75.541  -6.062 0.6999999881
12692  -21.133  -74.055  -3.848 0.5000000000
13466  -22.038  -74.029  -4.095 0.6000000238
132986  -23.807  -73.776  -4.551 0.6000000238
13468  -24.539  -73.770  -4.798 0.6000000238
14285  -21.375  -72.720  -2.516 0.4000000060
14297  -21.970  -72.806  -3.053 0.5000000000
13462  -23.360  -73.162  -3.764 0.6000000238
12700  -24.270  -74.665  -5.448 0.6000000238
13474  -25.878  -74.508  -5.744 0.6000000238
13475  -26.750  -74.523  -5.944 0.6000000238
13473  -25.058  -74.559  -5.566 0.6000000238
142447  -27.187  -75.477  -6.281 0.6999999881
12715  -31.533  -74.247  -5.564 0.6000000238
157640  -33.439  -73.848  -4.886 0.5000000000
14277  -23.423  -72.736  -2.021 0.6000000238
14287  -23.349  -72.640  -2.690 0.6000000238
14288  -24.419  -72.492  -3.054 0.6999999881
13463  -24.319  -72.996  -3.937 0.6000000238
144282  -25.912  -72.683  -4.236 0.6000000238
13470  -27.118  -73.313  -5.245 0.6000000238
14275  -21.697  -72.671  -2.189 0.5000000000
13461  -22.484  -73.249  -3.604 0.6000000238
139578  -28.546  -74.075  -5.959 0.6000000238
13478  -30.222  -74.293  -5.912 0.6999999881
146525  -29.470  -74.859  -6.020 0.6999999881
12716  -32.324  -73.947  -5.500 0.6000000238
13479  -31.179  -73.986  -5.862 0.6999999881
153528  -24.983  -72.405  -2.272 0.6000000238
14289  -25.417  -72.299  -2.990 0.6999999881
14300  -25.246  -72.578  -3.727 0.6999999881
14304  -26.656  -72.529  -4.394 0.6000000238
14317  -32.340  -72.950  -5.711 0.5000000000
14313  -28.861  -73.135  -5.502 0.6999999881
14314  -29.769  -73.194  -5.672 0.6999999881
13480  -31.989  -73.719  -5.707 0.6000000238
136103  -28.104  -71.780  -2.909 0.6999999881
15068  -30.424  -71.389  -3.818 0.6999999881
15064  -26.941  -71.992  -3.065 0.6999999881
15072  -27.958  -71.847  -4.063 0.6000000238
15074  -29.797  -71.704  -4.342 0.5000000000
14302  -27.121  -72.055  -3.873 0.6999999881
14307  -29.285  -72.259  -4.922 0.6999999881
15084  -31.747  -72.264  -5.401 0.5000000000
14306  -28.371  -72.284  -4.730 0.6000000238
15083  -31.058  -72.488  -5.439 0.6999999881
14316  -31.547  -73.217  -5.728 0.6000000238
15058  -30.301  -71.308  -2.934 0.6999999881
15870  -31.850  -70.798  -3.636 0.6999999881
15863  -31.650  -70.635  -2.836 0.6999999881
15075  -31.099  -71.774  -4.958 0.6000000238
134796  -30.561  -71.619  -4.481 0.6999999881
12696  -32.614  -74.195  -4.011 0.5000000000
10582  -19.619  -77.319  -0.731 0.4000000060
142777  -20.202  -76.577  -4.556 0.4000000060
12680  -18.849  -73.807  -2.205 0.4000000060
11973  -19.639  -74.744  -3.137 0.4000000060
154304  -20.871  -73.386  -3.320 0.4000000060
13459  -20.408  -73.084  -2.825 0.4000000060
11988  -29.126  -75.254  -5.923 0.6999999881
12713  -29.967  -74.825  -5.804 0.6999999881
133033  -25.299  -73.372  -4.679 0.6000000238
14286  -22.321  -72.682  -2.677 0.6999999881
14299  -23.659  -72.757  -3.302 0.6000000238
15065  -27.697  -71.861  -3.336 0.6999999881
15067  -29.548  -71.545  -3.540 0.6000000238
155705  -25.678  -72.311  -2.284 0.5000000000
13449  -22.142  -72.945  -1.619 0.4000000060
14263  -23.878  -72.952  -1.375 0.5000000000
15054  -26.916  -72.029  -2.132 0.6000000238
13438  -21.687  -73.313  -0.960 0.4000000060
13427  -22.896  -73.850  0.000 0.5000000000
13440  -23.435  -73.385  -0.636 0.5000000000
14264  -24.756  -72.689  -1.272 0.5000000000
15046  -26.836  -71.931  -1.241 0.5000000000
15040  -27.333  -71.560  -0.547 0.5000000000
138296  -25.566  -72.386  -1.530 0.5000000000
15055  -27.708  -71.824  -2.451 0.6000000238
157301  -28.959  -71.499  -1.832 0.5000000000
15047  -27.558  -71.746  -1.470 0.5000000000
15049  -29.559  -71.223  -1.539 0.6999999881
15848  -29.526  -70.829  -0.749 0.6000000238
15854  -30.192  -70.783  -1.179 0.6000000238
12665  -22.155  -74.312  0.460 0.5000000000
13428  -23.834  -73.806  0.382 0.5000000000
13430  -25.223  -72.871  0.155 0.5000000000
15039  -26.650  -71.745  -0.049 0.5000000000
14265  -25.486  -72.523  -0.539 0.5000000000
15050  -30.256  -71.165  -1.997 0.6000000238
15847  -28.792  -70.886  -0.347 0.6000000238
150752  -30.104  -70.442  -0.515 0.5000000000
16684  -32.017  -69.258  -0.875 0.6000000238
12666  -23.148  -74.381  0.826 0.5000000000
13429  -24.714  -73.346  0.443 0.5000000000
14231  -25.886  -72.469  1.215 0.5000000000
14249  -26.223  -71.988  0.629 0.5000000000
15035  -27.298  -71.240  0.291 0.5000000000
15855  -30.894  -70.661  -1.605 0.6000000238
15844  -29.541  -70.324  0.113 0.5000000000
15845  -30.433  -69.897  -0.046 0.6000000238
157110  -23.814  -74.334  1.215 0.5000000000
141854  -25.016  -73.506  1.273 0.5000000000
13412  -25.551  -73.163  1.870 0.5000000000
144797  -26.066  -72.454  2.038 0.5000000000
15019  -26.736  -71.208  2.278 0.6000000238
14232  -26.428  -71.772  1.557 0.4000000060
16668  -27.672  -69.447  2.764 0.4000000060
15835  -27.237  -70.473  2.186 0.5000000000
15838  -27.550  -70.525  1.376 0.5000000000
15034  -26.767  -71.422  0.793 0.4000000060
17526  -27.850  -68.644  3.075 0.4000000060
16669  -28.290  -69.038  2.386 0.5000000000
16674  -28.695  -69.417  1.664 0.5000000000
17519  -27.970  -67.837  3.222 0.4000000060
16680  -29.137  -69.848  0.952 0.6000000238
133643  -29.988  -69.511  0.709 0.6000000238
138143  -30.824  -69.051  0.458 0.6000000238
17539  -31.260  -68.192  0.468 0.6000000238
16673  -27.857  -69.839  1.962 0.5000000000
18413  -28.582  -67.405  2.687 0.5000000000
17528  -29.032  -67.933  2.364 0.5000000000
17532  -28.953  -68.604  2.071 0.5000000000
19206  -28.314  -66.626  2.657 0.4000000060
19207  -28.922  -66.818  2.331 0.5000000000
18420  -30.381  -67.702  1.247 0.6000000238
16675  -29.558  -68.958  1.440 0.6000000238
17538  -30.634  -68.269  0.959 0.6000000238
19220  -29.516  -66.603  1.670 0.5000000000
136645  -27.143  -65.880  -0.184 0.3000000119
146178  -27.453  -65.622  1.149 0.4000000060
20103  -27.808  -65.904  2.251 0.4000000060
20112  -28.986  -65.924  1.416 0.5000000000
19221  -30.324  -67.033  1.203 0.5000000000
22883  -29.645  -62.037  0.117 0.3000000119
22889  -29.174  -62.608  -0.794 0.4000000060
21054  -27.763  -64.722  -1.427 0.4000000060
23795  -30.197  -60.973  2.353 0.3000000119
26578  -31.772  -58.828  3.051 0.3000000119
24735  -30.797  -59.949  3.159 0.3000000119
142239  -31.582  -58.144  3.249 0.3000000119
26579  -32.100  -58.145  2.717 0.3000000119
28148  -32.069  -56.783  2.571 0.3000000119
28928  -32.086  -55.875  2.263 0.3000000119
29761  -31.717  -54.845  2.722 0.3000000119
20123  -28.708  -65.614  0.462 0.5000000000
23802  -30.353  -61.365  1.693 0.3000000119
15057  -29.406  -71.507  -2.500 0.5000000000
13441  -24.258  -73.196  -0.459 0.5000000000
15842  -27.818  -70.719  0.677 0.5000000000
16676  -30.249  -68.821  1.044 0.6000000238
12695  -31.786  -74.551  -4.120 0.3000000119
11987  -28.421  -75.667  -5.711 0.6000000238
12701  -29.825  -75.121  -5.477 0.6000000238
14267  -32.720  -72.566  -0.279 0.3000000119
13452  -32.972  -72.949  -1.150 0.3000000119
148790  -32.501  -73.434  -1.469 0.3000000119
14280  -33.721  -72.749  -1.590 0.3000000119
13451  -31.724  -73.756  -1.333 0.3000000119
13453  -33.177  -73.391  -2.085 0.3000000119
14291  -34.045  -73.120  -2.479 0.3000000119
11978  -28.413  -75.693  -4.686 0.6000000238
12693  -30.101  -75.127  -4.554 0.5000000000
14251  -32.733  -72.000  0.404 0.3000000119
15043  -33.923  -71.766  -0.552 0.3000000119
14269  -34.186  -72.160  -1.201 0.3000000119
15051  -34.901  -71.901  -1.519 0.3000000119
12688  -31.552  -74.202  -2.226 0.3000000119
12689  -32.083  -74.224  -3.088 0.3000000119
12686  -30.273  -74.908  -3.207 0.4000000060
15037  -32.692  -71.466  0.956 0.3000000119
154869  -33.709  -71.419  -0.030 0.3000000119
15851  -34.349  -71.048  -0.325 0.3000000119
15044  -34.506  -71.598  -0.910 0.3000000119
132554  -20.347  -79.046  -3.508 0.5000000000
9215  -20.132  -79.471  -5.011 0.5000000000
9873  -20.468  -78.712  -0.928 0.4000000060
139384  -20.556  -78.920  -2.119 0.4000000060
157528  -20.410  -79.779  -3.791 0.5000000000
10625  -23.034  -77.107  -6.001 0.5000000000
9930  -21.448  -78.010  -6.296 0.5000000000
9918  -20.105  -78.484  -4.602 0.5000000000
10623  -20.857  -78.050  -6.317 0.5000000000
9907  -20.260  -78.097  -3.060 0.4000000060
11975  -25.089  -76.265  -4.558 0.6000000238
11983  -24.792  -76.482  -5.566 0.6000000238
11286  -23.624  -76.723  -6.093 0.5000000000
10624  -22.245  -77.302  -6.047 0.5000000000
10618  -20.071  -77.597  -4.294 0.3000000119
131359  -20.211  -77.212  -5.080 0.4000000060
10620  -20.411  -77.871  -5.896 0.5000000000
131788  -27.122  -76.003  -4.807 0.6000000238
11984  -25.502  -76.329  -5.913 0.6000000238
11991  -24.189  -76.333  -6.107 0.6000000238
137384  -22.176  -76.810  -6.073 0.4000000060
11285  -22.980  -76.758  -6.088 0.5000000000
11977  -27.738  -75.713  -3.820 0.6000000238
133288  -31.080  -74.201  -1.563 0.3000000119
11972  -29.371  -75.189  -2.681 0.4000000060
11985  -27.117  -76.175  -5.955 0.6000000238
11990  -23.506  -76.245  -6.090 0.4000000060
12683  -30.927  -74.029  -0.827 0.3000000119
13445  -32.250  -73.231  -0.741 0.3000000119
12687  -30.756  -74.538  -2.206 0.3000000119
144423  -29.559  -75.253  -3.761 0.5000000000
137948  -26.377  -76.137  -6.149 0.6000000238
11976  -26.229  -76.149  -5.109 0.6000000238
12681  -29.924  -74.831  -1.973 0.3000000119
11968  -25.644  -75.973  -3.341 0.5000000000
11274  -25.429  -76.355  -2.394 0.5000000000
130523  -26.699  -75.849  -3.560 0.5000000000
11969  -26.339  -76.145  -2.276 0.4000000060
11970  -27.331  -75.856  -2.587 0.5000000000
11278  -24.613  -76.390  -3.015 0.5000000000
11268  -25.743  -76.785  -1.666 0.4000000060
11963  -27.146  -76.203  -1.650 0.4000000060
131533  -27.889  -75.898  -1.896 0.4000000060
137865  -28.731  -75.495  -3.504 0.5000000000
11276  -23.534  -77.067  -4.499 0.5000000000
11273  -23.820  -76.986  -3.321 0.5000000000
11971  -28.588  -75.520  -2.229 0.4000000060
5208  -20.699  -85.700  -3.973 0.3000000119
5222  -20.455  -85.882  -4.808 0.3000000119
5223  -22.074  -85.830  -4.698 0.3000000119
151984  -22.598  -85.254  -4.078 0.3000000119
5831  -23.854  -84.596  -5.303 0.4000000060
5209  -21.679  -85.489  -3.808 0.3000000119
5197  -21.750  -85.045  -3.027 0.3000000119
6473  -24.384  -84.250  -6.126 0.4000000060
6462  -23.526  -84.086  -4.693 0.4000000060
5820  -22.788  -84.755  -3.788 0.3000000119
5803  -21.644  -84.380  -2.401 0.3000000119
6483  -24.159  -83.015  -6.633 0.4000000060
144740  -23.511  -82.608  -6.127 0.4000000060
6461  -23.085  -83.491  -4.322 0.4000000060
6448  -22.708  -83.638  -3.471 0.4000000060
6436  -21.714  -83.588  -1.993 0.4000000060
7108  -22.432  -82.965  -3.055 0.4000000060
8526  -25.465  -80.753  -6.651 0.3000000119
7806  -24.451  -81.498  -6.986 0.4000000060
7799  -23.633  -81.487  -6.276 0.4000000060
153167  -23.233  -81.938  -6.218 0.4000000060
7143  -22.592  -82.587  -5.143 0.4000000060
7125  -22.531  -82.881  -4.098 0.4000000060
137449  -21.946  -82.368  -2.561 0.4000000060
8496  -26.087  -80.485  -4.507 0.3000000119
152968  -24.779  -80.571  -5.489 0.4000000060
8510  -22.868  -81.068  -5.751 0.4000000060
7791  -22.001  -81.795  -5.638 0.4000000060
8509  -21.712  -81.145  -5.864 0.4000000060
7142  -21.819  -82.125  -5.096 0.4000000060
7797  -21.146  -81.325  -5.816 0.4000000060
7124  -21.970  -82.313  -3.803 0.4000000060
7784  -21.514  -81.684  -3.314 0.4000000060
137711  -24.629  -80.351  -4.782 0.4000000060
8494  -23.481  -80.272  -4.829 0.4000000060
9244  -21.421  -80.440  -6.103 0.4000000060
153537  -20.647  -80.714  -6.168 0.4000000060
8475  -20.884  -81.071  -4.050 0.4000000060
7790  -21.235  -81.666  -4.792 0.4000000060
7778  -21.626  -81.695  -2.311 0.4000000060
9235  -23.634  -79.623  -3.980 0.4000000060
9234  -22.835  -79.582  -4.487 0.4000000060
9232  -20.979  -79.767  -6.534 0.4000000060
8507  -20.569  -80.075  -6.411 0.4000000060
8459  -20.746  -80.344  -3.289 0.4000000060
8474  -20.400  -80.382  -4.607 0.4000000060
9217  -23.317  -79.020  -3.677 0.4000000060
9919  -22.567  -78.235  -4.541 0.4000000060
10621  -22.260  -77.762  -5.890 0.4000000060
9893  -24.878  -77.803  -1.907 0.4000000060
9920  -23.219  -78.326  -3.621 0.4000000060
10619  -23.245  -77.601  -3.809 0.4000000060
10584  -26.060  -77.597  -1.083 0.3000000119
11270  -27.155  -76.582  -0.912 0.3000000119
9243  -20.588  -79.392  -6.474 0.4000000060
10613  -24.328  -77.242  -2.524 0.4000000060
11965  -28.314  -75.750  -1.156 0.3000000119
6472  -23.894  -83.688  -5.605 0.4000000060
7144  -23.316  -83.154  -5.283 0.4000000060
8512  -25.276  -80.602  -5.761 0.4000000060
8525  -24.553  -80.929  -6.378 0.4000000060
8497  -26.914  -80.575  -4.695 0.3000000119
7798  -22.663  -81.617  -5.870 0.4000000060
8477  -25.441  -80.284  -3.959 0.3000000119
8495  -25.425  -80.477  -4.941 0.4000000060
8511  -23.937  -80.779  -5.685 0.4000000060
8493  -22.341  -80.356  -5.447 0.4000000060
8476  -24.423  -79.979  -3.973 0.4000000060
9216  -22.592  -78.953  -4.374 0.4000000060
8492  -20.630  -81.018  -5.414 0.4000000060
9927  -21.782  -78.903  -5.665 0.4000000060
9921  -23.871  -78.551  -3.048 0.4000000060
7817  -25.930  -81.218  -8.133 0.3000000119
151542  -25.458  -83.938  -8.235 0.3000000119
5248  -24.651  -85.093  -8.007 0.3000000119
6495  -25.213  -83.476  -7.714 0.3000000119
7177  -25.082  -82.386  -7.813 0.3000000119
5838  -24.668  -84.800  -6.861 0.3000000119
6484  -24.818  -83.858  -6.965 0.3000000119
7807  -25.222  -81.178  -7.480 0.3000000119
7168  -24.395  -82.165  -7.221 0.3000000119
156733  -24.851  -81.039  -6.949 0.3000000119
9219  -24.994  -79.742  -3.201 0.3000000119
9203  -25.397  -79.488  -2.394 0.3000000119
9909  -25.073  -78.692  -2.019 0.3000000119
10601  -25.410  -77.479  -1.570 0.3000000119
8527  -26.542  -80.672  -6.558 0.3000000119
9218  -24.139  -79.320  -3.354 0.3000000119
4587  -21.217  -85.877  -4.496 0.3000000119
5198  -22.335  -85.030  -3.492 0.3000000119
5813  -22.414  -84.413  -3.219 0.3000000119
5814  -23.055  -84.261  -3.906 0.3000000119
5821  -23.286  -84.843  -4.445 0.3000000119
5848  -25.114  -84.375  -7.637 0.3000000119
6437  -22.251  -83.659  -2.691 0.3000000119
7158  -22.838  -82.196  -5.767 0.4000000060
7167  -23.782  -82.032  -6.711 0.4000000060
7815  -24.845  -81.709  -7.535 0.3000000119
7816  -25.385  -81.654  -8.034 0.3000000119
8491  -20.295  -80.270  -5.832 0.4000000060
8508  -20.910  -80.625  -6.321 0.4000000060
8513  -26.105  -80.552  -5.503 0.3000000119
9202  -24.596  -79.019  -2.654 0.3000000119
9231  -20.199  -79.484  -6.160 0.4000000060
9233  -21.987  -79.664  -5.415 0.4000000060
9894  -25.532  -78.271  -1.462 0.3000000119
9908  -24.356  -78.164  -2.433 0.4000000060
9926  -20.069  -78.843  -5.659 0.5000000000
9928  -20.416  -78.686  -6.215 0.5000000000
9929  -20.862  -78.788  -6.541 0.4000000060
10600  -19.991  -77.392  -1.596 0.4000000060
10612  -23.736  -77.694  -3.022 0.4000000060
10614  -24.961  -76.885  -2.032 0.5000000000
10622  -22.934  -77.469  -5.034 0.5000000000
11269  -26.508  -76.733  -1.320 0.4000000060
11275  -19.864  -75.709  -3.365 0.5000000000
11277  -24.187  -76.575  -4.317 0.6000000238
11279  -20.522  -76.346  -5.006 0.4000000060
11281  -23.491  -77.020  -5.708 0.5000000000
11282  -24.101  -76.655  -5.715 0.6000000238
11283  -20.759  -77.240  -5.805 0.5000000000
11284  -21.471  -77.340  -6.156 0.5000000000
11964  -27.653  -76.156  -1.198 0.3000000119
11967  -19.230  -74.523  -2.535 0.4000000060
11979  -29.220  -75.464  -4.934 0.6000000238
11981  -21.016  -75.554  -4.877 0.5000000000
11986  -27.786  -75.932  -5.333 0.6000000238
12684  -19.220  -72.998  -2.115 0.4000000060
12699  -23.446  -74.679  -5.213 0.6000000238
12703  -31.399  -74.642  -5.079 0.5000000000
12705  -32.976  -74.050  -4.703 0.5000000000
12708  -24.850  -75.823  -6.111 0.6000000238
12710  -26.396  -75.786  -6.249 0.6999999881
12711  -27.787  -75.590  -6.178 0.6999999881
12712  -28.662  -75.037  -6.174 0.6999999881
12714  -30.771  -74.481  -5.699 0.6999999881
13410  -24.434  -73.935  1.230 0.5000000000
13439  -22.563  -73.389  -0.845 0.4000000060
13442  -24.879  -72.919  -0.350 0.5000000000
13450  -23.037  -73.025  -1.490 0.4000000060
13455  -20.551  -72.713  -2.326 0.4000000060
13458  -19.848  -73.282  -2.691 0.4000000060
13460  -21.613  -73.313  -3.445 0.4000000060
13465  -35.297  -73.257  -4.238 0.6000000238
13467  -22.945  -73.897  -4.345 0.6000000238
13469  -26.260  -73.405  -4.984 0.6000000238
13471  -32.926  -73.921  -5.247 0.5000000000
13476  -27.739  -74.524  -6.072 0.6999999881
13477  -29.310  -74.239  -6.007 0.6999999881
13483  -34.363  -73.305  -5.190 0.5000000000
14235  -32.085  -72.050  1.066 0.3000000119
14248  -25.702  -72.508  0.366 0.5000000000
14252  -33.318  -71.950  -0.124 0.3000000119
14266  -26.224  -72.115  -0.852 0.5000000000
14268  -33.480  -72.365  -0.795 0.3000000119
14276  -22.668  -72.723  -2.177 0.6000000238
14278  -24.142  -72.623  -2.175 0.6000000238
14279  -26.239  -72.196  -1.799 0.5000000000
14290  -26.214  -72.191  -2.681 0.6999999881
14296  -21.129  -72.880  -2.907 0.5000000000
14298  -22.859  -72.790  -3.181 0.6000000238
14301  -26.192  -72.271  -3.585 0.6999999881
14303  -36.539  -72.892  -4.376 0.5000000000
14305  -27.499  -72.388  -4.574 0.6000000238
14308  -30.282  -72.204  -5.132 0.6999999881
14309  -36.162  -72.936  -4.805 0.6000000238
14311  -38.707  -72.161  -4.338 0.6000000238
14312  -27.995  -73.191  -5.377 0.6999999881
14315  -30.693  -73.257  -5.747 0.6000000238
14318  -33.815  -73.026  -5.554 0.5000000000
14320  -35.719  -72.739  -5.184 0.6000000238
14322  -37.411  -72.409  -4.836 0.6000000238
15031  -26.958  -71.027  1.485 0.4000000060
15036  -28.004  -71.036  -0.044 0.6000000238
15041  -28.172  -71.379  -0.831 0.5000000000
15042  -28.899  -71.265  -1.124 0.6000000238
15048  -28.313  -71.590  -1.677 0.5000000000
15056  -28.511  -71.669  -2.449 0.6000000238
15059  -31.093  -71.078  -3.322 0.6999999881
15063  -39.596  -71.710  -4.145 0.6000000238
15066  -28.564  -71.705  -3.331 0.6999999881
15069  -31.272  -71.264  -4.212 0.6999999881
15071  -38.909  -71.827  -4.525 0.6000000238
15073  -28.866  -71.736  -4.186 0.5000000000
15079  -35.548  -71.770  -5.311 0.6000000238
15081  -37.422  -72.005  -5.100 0.6000000238
15088  -36.355  -72.321  -5.217 0.6000000238
15822  -27.209  -70.066  3.109 0.4000000060
15834  -26.909  -70.753  2.859 0.6000000238
15839  -28.296  -70.173  1.187 0.5000000000
15843  -28.608  -70.511  0.440 0.5000000000
15849  -30.771  -70.281  -0.804 0.6000000238
15852  -35.677  -70.465  -0.835 0.3000000119
15856  -31.476  -70.543  -2.064 0.6000000238
15860  -37.813  -70.655  -1.876 0.4000000060
15862  -30.964  -70.935  -2.448 0.6999999881
15865  -33.116  -69.987  -3.381 0.6999999881
15872  -33.525  -70.299  -4.062 0.8000000119
15879  -33.214  -70.781  -4.500 0.8000000119
16683  -31.229  -69.588  -0.419 0.6000000238
16689  -32.449  -69.591  -1.696 0.6999999881
16691  -37.193  -70.063  -1.193 0.4000000060
16696  -32.791  -69.767  -2.584 0.6999999881
16698  -35.098  -69.111  -3.155 0.6000000238
16703  -41.894  -69.536  -3.791 0.5000000000
16710  -41.356  -70.136  -4.009 0.6000000238
17527  -28.492  -68.241  2.671 0.5000000000
17533  -29.518  -68.100  1.903 0.5000000000
17534  -30.079  -68.233  1.424 0.6000000238
17540  -31.833  -68.055  -0.031 0.6000000238
17545  -31.585  -68.783  -0.144 0.6000000238
17553  -33.495  -68.528  -1.641 0.6999999881
17554  -34.207  -68.270  -1.918 0.6999999881
17561  -34.620  -68.687  -2.531 0.6999999881
17567  -42.022  -69.494  -3.269 0.5000000000
17568  -42.471  -68.577  -3.450 0.5000000000
17573  -42.203  -68.952  -3.897 0.5000000000
18404  -27.914  -67.085  3.181 0.4000000060
18414  -29.282  -67.367  2.162 0.5000000000
18419  -29.885  -67.483  1.645 0.5000000000
18424  -30.837  -67.544  0.806 0.6000000238
18436  -34.514  -67.585  -1.568 0.6999999881
18443  -42.192  -68.136  -2.499 0.3000000119
18447  -38.606  -67.772  -2.596 0.5000000000
18451  -42.725  -67.821  -3.361 0.3000000119
18452  -42.369  -67.555  -3.642 0.5000000000
19219  -28.693  -66.224  2.061 0.5000000000
19232  -32.052  -66.733  -0.087 0.6999999881
19236  -32.137  -65.935  -0.169 0.6999999881
19240  -35.221  -66.132  -0.753 0.6000000238
19245  -34.867  -66.882  -1.180 0.6999999881
20111  -28.296  -65.699  1.389 0.5000000000
20132  -27.700  -65.407  -1.211 0.5000000000
20133  -28.308  -65.449  -1.179 0.6000000238
20135  -30.425  -65.286  -0.557 0.6000000238
20139  -35.532  -65.326  -0.658 0.6000000238
20140  -36.341  -65.230  -0.937 0.5000000000
20145  -28.961  -65.242  -1.318 0.6000000238
20147  -37.825  -65.453  -1.691 0.5000000000
20151  -39.441  -65.561  -2.800 0.5000000000
20155  -43.869  -64.803  -3.037 0.3000000119
21047  -32.254  -65.047  -0.458 0.6000000238
21049  -34.133  -64.543  -0.615 0.6000000238
21057  -31.883  -63.975  -1.763 0.5000000000
21068  -37.592  -64.068  -2.734 0.4000000060
21075  -41.789  -64.895  -3.616 0.4000000060
21942  -28.801  -63.397  -1.399 0.4000000060
21953  -42.119  -63.560  -1.886 0.3000000119
21954  -32.778  -62.933  -2.477 0.5000000000
21955  -33.567  -63.019  -2.485 0.4000000060
21956  -34.390  -63.046  -2.456 0.4000000060
21957  -35.302  -63.105  -2.512 0.5000000000
21958  -36.164  -63.255  -2.698 0.4000000060
21967  -42.294  -63.616  -3.582 0.4000000060
22890  -30.081  -62.365  -0.989 0.5000000000
22891  -30.949  -62.354  -1.500 0.5000000000
22892  -31.775  -62.323  -1.960 0.5000000000
22899  -32.584  -62.396  -2.228 0.5000000000
22913  -41.894  -62.303  -3.661 0.3000000119
23830  -39.663  -61.421  -0.571 0.4000000060
23838  -42.722  -61.412  -2.293 0.3000000119
24742  -30.513  -60.488  2.799 0.3000000119
24744  -32.210  -60.351  2.154 0.4000000060
24750  -32.823  -60.392  1.551 0.4000000060
24763  -39.177  -59.950  0.047 0.4000000060
25650  -31.284  -59.463  3.160 0.3000000119
25667  -33.930  -59.902  0.673 0.4000000060
25677  -38.385  -59.479  -2.289 0.4000000060
25678  -39.066  -59.350  -2.836 0.4000000060
26590  -33.097  -58.770  1.408 0.4000000060
26597  -35.605  -58.553  -0.460 0.4000000060
26605  -38.161  -58.551  -2.284 0.5000000000
27351  -32.287  -57.432  2.300 0.4000000060
27362  -32.614  -57.294  1.478 0.4000000060
27382  -39.649  -57.900  -0.265 0.4000000060
27385  -36.643  -58.095  -1.271 0.4000000060
28949  -31.826  -54.806  0.523 0.4000000060
29777  -31.830  -54.768  -0.378 0.4000000060
31439  -32.693  -52.800  -0.621 0.5000000000
131982  -19.959  -72.534  -1.862 0.4000000060
132257  -20.015  -76.659  -3.961 0.4000000060
132997  -39.739  -60.081  -0.459 0.4000000060
133056  -21.677  -82.107  -1.711 0.4000000060
133403  -24.914  -76.298  -5.979 0.6000000238
133950  -34.018  -73.628  -4.808 0.5000000000
134639  -23.378  -74.789  1.655 0.5000000000
134685  -41.819  -59.670  -3.751 0.3000000119
134697  -32.330  -73.813  -2.168 0.3000000119
135437  -41.429  -63.996  -3.617 0.4000000060
136042  -20.122  -78.096  -5.434 0.5000000000
136384  -31.247  -74.592  -3.143 0.4000000060
136947  -43.379  -66.287  -3.074 0.4000000060
137026  -36.885  -63.453  -2.865 0.4000000060
139856  -29.838  -64.829  -1.416 0.6000000238
139980  -20.163  -77.537  -2.330 0.4000000060
140103  -37.428  -72.612  -4.479 0.6000000238
141849  -25.166  -84.413  -8.469 0.3000000119
142034  -29.305  -63.866  -1.745 0.5000000000
142701  -31.381  -60.302  2.668 0.4000000060
143830  -43.001  -67.155  -3.349 0.3000000119
144040  -42.974  -65.011  -3.487 0.3000000119
144367  -41.650  -67.458  -1.888 0.3000000119
144598  -33.065  -72.747  -5.662 0.5000000000
145301  -27.704  -66.454  2.950 0.4000000060
145593  -26.049  -72.168  -0.089 0.5000000000
145700  -43.519  -65.138  -2.695 0.3000000119
146669  -34.305  -72.424  -5.480 0.5000000000
146780  -37.996  -72.389  -4.524 0.6000000238
147077  -25.371  -73.016  0.871 0.5000000000
147357  -24.668  -82.918  -7.311 0.3000000119
149718  -33.954  -70.806  -4.674 0.8000000119
149767  -39.665  -71.648  -3.671 0.6000000238
149872  -27.921  -65.617  0.460 0.4000000060
151009  -28.084  -75.677  -2.750 0.5000000000
151990  -27.245  -70.957  0.903 0.4000000060
153142  -41.017  -62.346  -3.669 0.4000000060
153232  -31.076  -74.571  -5.505 0.6000000238
153973  -37.816  -59.892  -1.818 0.4000000060
154212  -38.717  -63.633  -3.395 0.4000000060
154285  -34.364  -61.362  -0.758 0.4000000060
154343  -27.496  -69.953  2.472 0.5000000000
154570  -32.238  -72.465  0.397 0.3000000119
154787  -26.758  -71.828  -0.649 0.5000000000
156079  -34.596  -59.758  0.206 0.4000000060
156692  -22.099  -83.072  -2.362 0.4000000060
