#!ascii label  , from subject sub-v1s4x0050687_ses-1 vox2ras=TkReg
2224
25663  -21.897  -60.068  1.311 0.5000000000
157600  -21.667  -59.620  1.838 0.4000000060
24731  -21.655  -60.444  2.115 0.6000000238
25645  -21.802  -58.948  2.126 0.6000000238
26585  -23.001  -58.004  1.521 0.6000000238
156589  -22.258  -58.617  1.688 0.5000000000
27359  -24.563  -57.279  1.407 0.6000000238
26574  -22.024  -58.065  2.577 0.6999999881
146391  -22.022  -59.707  2.361 0.6999999881
27346  -22.148  -57.398  2.552 0.6999999881
27357  -22.550  -57.313  1.993 0.6999999881
27358  -23.580  -57.251  1.576 0.6999999881
28143  -25.585  -56.174  1.921 0.5000000000
28939  -24.776  -55.998  1.711 0.6999999881
27360  -25.287  -57.434  1.476 0.5000000000
20935  -18.859  -64.131  14.629 0.5000000000
25637  -22.114  -58.633  2.623 0.6999999881
28154  -23.147  -56.608  1.945 0.6999999881
28132  -22.334  -56.498  3.168 0.6999999881
28937  -22.799  -55.965  2.477 0.6999999881
154614  -22.378  -56.373  2.761 0.6999999881
134948  -22.329  -55.951  2.940 0.6999999881
143048  -25.593  -54.785  2.259 0.6000000238
23764  -25.819  -61.567  6.697 0.6999999881
154269  -25.867  -59.562  5.657 0.6999999881
25630  -22.650  -58.370  3.258 0.6999999881
139309  -23.882  -58.875  3.693 0.6999999881
21818  -18.052  -63.689  14.538 0.6000000238
157224  -15.318  -64.441  15.173 0.4000000060
26560  -22.528  -57.626  3.376 0.6999999881
28938  -23.783  -55.885  1.901 0.6999999881
28924  -24.500  -55.269  1.941 0.6999999881
29757  -23.746  -54.177  2.389 0.6999999881
29759  -25.856  -54.081  2.429 0.6000000238
138316  -26.869  -60.690  7.658 0.6999999881
23756  -26.286  -61.442  7.487 0.6999999881
24712  -25.614  -60.216  5.517 0.6999999881
24713  -26.231  -60.091  6.201 0.6999999881
25602  -26.795  -59.550  6.632 0.6999999881
22735  -20.349  -62.946  14.111 0.6000000238
25613  -25.832  -58.933  5.516 0.6999999881
151910  -24.254  -58.116  4.176 0.6999999881
25633  -25.369  -59.397  5.039 0.6999999881
26545  -26.145  -58.201  5.749 0.6999999881
26529  -26.831  -58.651  6.392 0.6999999881
21817  -16.234  -63.370  14.510 0.5000000000
20932  -15.564  -63.936  14.853 0.5000000000
142804  -22.510  -55.809  3.323 0.6999999881
149157  -22.582  -56.939  3.521 0.6999999881
27324  -26.201  -57.179  5.749 0.6999999881
20931  -14.619  -64.228  15.045 0.4000000060
29756  -23.032  -54.254  2.756 0.6999999881
152506  -23.180  -56.811  4.012 0.6999999881
26563  -25.448  -58.410  5.141 0.6999999881
27323  -25.545  -57.497  5.303 0.6999999881
20930  -13.645  -64.009  14.771 0.4000000060
28904  -22.816  -55.222  3.846 0.6999999881
28118  -25.597  -56.535  5.440 0.6999999881
28897  -26.001  -55.913  5.664 0.6999999881
28923  -23.526  -55.019  2.334 0.6999999881
29755  -22.640  -54.320  3.136 0.6999999881
29729  -24.399  -54.391  5.140 0.6999999881
28895  -24.648  -55.327  5.154 0.6999999881
30546  -24.418  -53.617  2.319 0.6999999881
29728  -23.541  -54.252  4.644 0.6999999881
137147  -25.698  -52.663  2.414 0.6000000238
32290  -24.378  -51.996  2.560 0.6999999881
133203  -23.538  -51.970  2.868 0.6999999881
33188  -26.663  -50.423  2.289 0.5000000000
145898  -27.035  -51.036  2.393 0.5000000000
32295  -28.917  -51.089  2.897 0.4000000060
32294  -27.816  -51.282  2.624 0.5000000000
26530  -27.671  -58.218  6.805 0.6999999881
23675  -20.779  -61.567  13.352 0.6000000238
27331  -24.880  -57.807  4.706 0.6999999881
22747  -17.566  -62.910  14.188 0.5000000000
137634  -26.842  -57.697  6.208 0.6999999881
29743  -22.763  -54.417  3.664 0.6999999881
28905  -23.397  -55.615  4.374 0.6999999881
30544  -22.885  -53.517  3.062 0.6999999881
148116  -23.423  -53.496  4.611 0.6999999881
141254  -25.219  -49.618  2.441 0.6999999881
133452  -24.842  -52.738  2.371 0.6999999881
33187  -25.868  -50.443  2.332 0.6999999881
138437  -25.242  -51.971  2.422 0.6999999881
34117  -26.238  -49.682  2.224 0.6999999881
24624  -25.839  -60.444  12.148 0.6999999881
25548  -26.968  -59.917  11.152 0.6999999881
25549  -27.586  -59.653  10.457 0.8000000119
25564  -28.397  -59.212  9.390 0.8000000119
24608  -24.822  -60.446  13.114 0.6000000238
25525  -25.970  -59.726  12.338 0.6000000238
25538  -27.263  -59.123  11.316 0.6000000238
26499  -28.781  -58.764  8.832 0.8000000119
24592  -24.090  -60.620  13.480 0.6000000238
25523  -24.261  -59.796  13.312 0.6000000238
26516  -28.481  -58.307  7.462 0.6999999881
131616  -22.189  -61.475  13.713 0.6000000238
24591  -23.316  -60.782  13.615 0.6000000238
23673  -19.162  -61.871  13.274 0.6000000238
23674  -19.986  -61.732  13.243 0.6000000238
27309  -27.576  -57.214  6.491 0.6999999881
21831  -16.737  -62.789  14.147 0.5000000000
147434  -18.444  -61.946  13.391 0.6000000238
27310  -28.429  -57.536  7.004 0.6999999881
28119  -26.253  -56.447  5.768 0.6999999881
30528  -22.756  -53.622  3.599 0.6999999881
29739  -23.000  -54.512  4.162 0.6999999881
28896  -25.398  -55.639  5.431 0.6999999881
144407  -23.989  -50.046  2.895 0.8000000119
137652  -22.797  -53.050  4.034 0.6999999881
132235  -25.023  -54.034  5.391 0.6999999881
35029  -24.861  -48.543  2.498 0.8000000119
138302  -22.975  -51.922  3.371 0.6999999881
31392  -22.823  -52.237  4.135 0.6999999881
33189  -27.434  -50.445  2.342 0.5000000000
33190  -28.308  -50.420  2.511 0.5000000000
34132  -28.230  -49.142  2.047 0.5000000000
33191  -29.326  -50.302  2.682 0.4000000060
26468  -26.756  -58.565  11.961 0.6000000238
26480  -27.957  -58.728  10.722 0.6999999881
27276  -28.996  -57.705  9.997 0.8000000119
26490  -28.632  -58.567  9.853 0.8999999762
25524  -25.319  -59.306  12.797 0.6000000238
26491  -29.215  -58.043  9.165 0.8000000119
156332  -29.108  -58.285  8.648 0.8000000119
28106  -29.155  -56.931  7.182 0.8000000119
24590  -22.684  -60.305  13.383 0.6000000238
23692  -21.070  -61.004  13.063 0.6000000238
22746  -16.343  -62.171  13.621 0.6000000238
23691  -20.337  -61.038  12.629 0.6000000238
28105  -28.359  -56.662  6.666 0.6999999881
21830  -16.036  -62.689  14.080 0.5000000000
148715  -27.093  -54.883  5.932 0.6999999881
143498  -27.958  -55.100  6.273 0.6999999881
21829  -13.968  -62.861  13.898 0.5000000000
22745  -15.436  -62.303  13.672 0.5000000000
28103  -26.713  -55.858  5.913 0.6999999881
133421  -26.091  -55.057  5.656 0.6999999881
34116  -24.021  -49.231  2.912 0.8000000119
33185  -23.639  -50.553  3.031 0.8000000119
154810  -22.711  -51.852  3.842 0.6999999881
31381  -23.314  -52.299  4.551 0.6999999881
31383  -24.377  -52.870  5.163 0.6999999881
33177  -23.096  -50.424  3.564 0.6999999881
34119  -27.843  -49.744  2.206 0.5000000000
26457  -25.954  -58.744  12.485 0.6999999881
27254  -26.854  -57.738  11.960 0.6999999881
26469  -27.411  -58.314  11.465 0.6999999881
27267  -28.652  -57.179  10.612 0.8000000119
27268  -29.188  -56.938  10.142 0.8000000119
136402  -24.546  -59.109  13.025 0.6999999881
27256  -28.102  -57.359  11.107 0.8000000119
135151  -29.920  -56.146  9.301 0.8000000119
25522  -23.601  -59.096  12.982 0.6000000238
27284  -29.667  -57.114  8.023 0.8000000119
25521  -22.783  -59.549  13.000 0.6000000238
28087  -29.783  -56.298  7.474 0.6999999881
23672  -17.707  -61.758  13.225 0.6000000238
139518  -19.444  -61.301  12.609 0.6000000238
29718  -28.724  -54.661  6.423 0.8000000119
29719  -29.395  -55.127  6.726 0.6999999881
23671  -16.825  -61.687  13.142 0.6000000238
141059  -28.743  -53.726  6.320 0.8000000119
22744  -14.509  -62.294  13.462 0.4000000060
136306  -25.709  -54.103  5.543 0.6999999881
30517  -26.168  -53.301  5.570 0.6999999881
30504  -27.765  -53.548  5.953 0.6999999881
21827  -12.076  -63.531  13.513 0.4000000060
31384  -25.803  -52.478  5.420 0.6999999881
30518  -26.991  -53.376  5.750 0.6999999881
34115  -23.435  -49.823  3.298 0.8000000119
33167  -22.826  -50.569  4.034 0.8000000119
30516  -25.244  -53.263  5.395 0.6999999881
144396  -24.089  -51.071  4.848 0.6999999881
35041  -25.537  -48.042  2.217 0.8000000119
35030  -25.857  -48.831  2.209 0.6999999881
34130  -26.716  -48.970  1.967 0.5000000000
143272  -29.028  -48.142  1.746 0.5000000000
34131  -27.516  -49.063  1.929 0.5000000000
34121  -29.787  -49.526  2.458 0.4000000060
28049  -26.890  -56.915  11.789 0.6000000238
28050  -27.607  -56.753  11.441 0.6999999881
151921  -29.260  -56.300  10.207 0.8000000119
28840  -29.620  -55.791  9.931 0.8000000119
26456  -24.978  -58.469  12.742 0.6999999881
26455  -24.129  -58.395  12.656 0.6999999881
28076  -30.296  -55.892  8.217 0.8000000119
150401  -22.222  -59.324  12.423 0.6000000238
28846  -30.151  -55.551  9.248 0.8000000119
25520  -21.555  -59.537  12.017 0.6000000238
29701  -30.366  -54.898  7.598 0.8000000119
29700  -29.991  -54.828  6.996 0.8000000119
23688  -17.446  -61.362  12.457 0.6000000238
23707  -19.079  -61.013  11.709 0.6000000238
148146  -28.282  -53.022  6.076 0.8999999762
30505  -29.848  -53.352  6.682 0.8000000119
31386  -27.607  -52.759  5.826 0.8000000119
23669  -15.087  -61.735  13.006 0.5000000000
157206  -26.569  -49.745  5.044 0.8000000119
31385  -26.744  -52.436  5.606 0.6999999881
22763  -14.235  -61.873  12.781 0.4000000060
35028  -23.935  -48.295  2.901 0.8000000119
34107  -22.976  -49.672  3.880 0.8000000119
34094  -23.096  -49.469  4.112 0.8000000119
33156  -23.597  -50.473  4.564 0.8000000119
32256  -25.388  -51.756  5.245 0.6999999881
35942  -24.383  -47.776  2.602 0.8000000119
33155  -23.047  -50.733  4.271 0.8000000119
141541  -24.935  -51.038  5.044 0.6999999881
140963  -23.473  -48.972  4.375 0.8000000119
36910  -25.199  -46.762  2.117 0.8000000119
35001  -23.170  -48.450  4.133 0.8000000119
140558  -27.029  -47.681  1.633 0.6000000238
35956  -26.532  -47.220  1.669 0.6000000238
35044  -28.174  -48.420  1.738 0.5000000000
133373  -26.999  -56.123  11.600 0.6000000238
28839  -29.030  -55.743  10.524 0.6999999881
27237  -24.515  -57.735  12.350 0.6000000238
29672  -29.338  -55.175  10.366 0.6999999881
29680  -30.367  -54.808  9.172 0.6999999881
26454  -23.331  -58.271  12.290 0.6000000238
27252  -24.899  -57.012  12.053 0.6000000238
153996  -26.423  -55.587  11.580 0.6000000238
26467  -23.192  -57.595  11.635 0.6000000238
134742  -30.595  -54.009  7.747 0.8000000119
24605  -20.340  -60.436  11.717 0.6000000238
25536  -22.040  -58.868  11.653 0.6000000238
30473  -30.710  -53.671  8.453 0.6999999881
23705  -17.727  -61.283  11.410 0.5000000000
30484  -30.222  -54.159  7.117 0.8000000119
131196  -17.110  -61.409  10.952 0.3000000119
148154  -28.367  -51.363  5.876 0.8000000119
154301  -29.093  -52.290  6.284 0.8000000119
141942  -27.496  -50.923  5.560 0.8000000119
34984  -26.467  -48.990  4.812 0.8000000119
35015  -23.003  -48.646  3.942 0.8000000119
33157  -24.419  -50.189  4.777 0.8000000119
34080  -25.934  -49.684  4.915 0.8000000119
32257  -26.213  -51.697  5.390 0.6999999881
34078  -24.218  -49.128  4.643 0.8000000119
34981  -23.703  -48.254  4.448 0.8000000119
35955  -25.805  -47.374  1.960 0.6999999881
36924  -27.480  -46.284  1.293 0.6000000238
36915  -30.066  -46.725  1.073 0.3000000119
28830  -27.047  -55.288  11.495 0.6000000238
29665  -27.843  -55.096  11.267 0.6999999881
29666  -28.665  -54.928  10.847 0.6999999881
30456  -29.863  -53.594  10.252 0.6999999881
26478  -19.395  -58.829  10.186 0.5000000000
27236  -23.811  -57.799  12.164 0.6000000238
28048  -25.307  -56.289  11.734 0.6000000238
30463  -30.589  -53.270  9.241 0.6999999881
24622  -20.335  -60.196  10.816 0.5000000000
26466  -22.542  -58.147  11.485 0.5000000000
27251  -23.902  -57.107  11.688 0.6000000238
31341  -30.884  -52.757  8.503 0.6999999881
23721  -18.199  -61.558  10.047 0.3000000119
23723  -19.244  -60.956  10.576 0.5000000000
31356  -30.803  -52.671  7.655 0.8000000119
33129  -30.734  -51.067  7.069 0.8000000119
32244  -30.336  -51.721  6.774 0.8000000119
33160  -27.728  -50.006  5.404 0.8999999762
34083  -29.048  -49.940  5.873 0.8999999762
33146  -29.265  -50.855  6.145 0.8000000119
33147  -30.170  -50.898  6.572 0.8000000119
23703  -15.511  -61.358  11.488 0.4000000060
35003  -27.041  -48.283  4.666 0.8999999762
141318  -26.972  -50.239  5.255 0.8999999762
145588  -28.389  -49.758  5.547 0.8999999762
37873  -23.686  -45.933  2.678 0.8000000119
35941  -23.480  -47.536  3.165 0.8000000119
141365  -25.042  -48.929  4.678 0.8000000119
33158  -25.425  -50.306  4.978 0.8000000119
36896  -24.148  -46.864  2.565 0.8000000119
150345  -25.414  -46.149  1.899 0.6999999881
36912  -26.687  -46.444  1.493 0.6000000238
36925  -28.340  -46.219  1.110 0.6000000238
35958  -28.573  -47.615  1.516 0.6000000238
29664  -27.117  -54.308  11.425 0.6000000238
145685  -27.996  -54.357  11.208 0.6000000238
30450  -28.559  -53.969  10.946 0.6999999881
28829  -25.683  -55.522  11.565 0.6000000238
140286  -29.594  -52.796  10.514 0.6999999881
28047  -24.377  -56.349  11.563 0.6000000238
30457  -30.271  -53.000  10.007 0.8000000119
157164  -21.011  -58.875  10.407 0.6000000238
26465  -21.751  -58.470  10.887 0.5000000000
27250  -23.015  -56.903  11.225 0.6000000238
153302  -30.315  -53.648  9.742 0.6999999881
32214  -31.221  -51.132  8.432 0.8000000119
24646  -19.589  -60.442  9.623 0.4000000060
32229  -31.127  -51.211  7.693 0.6999999881
23706  -18.619  -61.187  10.915 0.4000000060
32228  -30.782  -51.881  7.353 0.8000000119
34986  -28.585  -48.481  5.162 0.8000000119
34065  -30.405  -49.331  6.419 0.8000000119
35913  -26.681  -47.585  4.498 0.8999999762
34082  -27.979  -49.168  5.210 0.8000000119
34084  -29.619  -49.282  5.959 0.8000000119
35911  -23.184  -47.229  4.108 0.8000000119
157434  -24.702  -47.407  4.563 0.8000000119
134745  -25.656  -49.135  4.748 0.6999999881
37872  -23.234  -45.522  3.218 0.8000000119
35894  -25.042  -47.770  4.578 0.8000000119
35893  -24.305  -47.716  4.559 0.8000000119
36909  -24.625  -46.094  2.220 0.8000000119
37857  -23.094  -45.623  3.833 0.8000000119
37891  -26.832  -45.526  1.322 0.6999999881
38729  -27.318  -44.717  1.082 0.6999999881
131576  -27.787  -43.960  0.800 0.6000000238
38738  -28.664  -44.201  0.516 0.6000000238
39541  -29.389  -43.738  0.190 0.6000000238
137211  -25.282  -54.707  11.486 0.6000000238
141482  -28.429  -52.014  11.372 0.8000000119
31323  -28.815  -52.682  10.982 0.6999999881
28043  -20.292  -56.506  11.585 0.5000000000
28045  -22.735  -56.207  11.314 0.5000000000
31333  -30.630  -52.414  9.495 0.8000000119
32213  -31.013  -51.788  8.935 0.6999999881
27249  -21.233  -57.350  10.952 0.5000000000
130211  -22.024  -57.744  10.823 0.5000000000
32205  -30.589  -51.434  9.842 0.8000000119
32206  -31.027  -50.876  9.234 0.8000000119
27265  -19.755  -58.110  10.684 0.5000000000
33118  -31.338  -50.230  8.640 0.8000000119
151415  -31.348  -50.637  7.988 0.8000000119
34051  -31.402  -49.298  7.518 0.8000000119
33130  -31.129  -50.501  7.413 0.8000000119
33148  -30.704  -50.159  6.815 0.8000000119
34066  -31.053  -49.313  6.901 0.8000000119
34987  -29.387  -48.555  5.549 0.8000000119
35004  -27.813  -48.372  4.834 0.8000000119
34988  -30.154  -48.598  5.989 0.8000000119
37822  -23.450  -45.904  4.226 0.8000000119
36863  -26.111  -46.933  4.431 0.8000000119
36862  -25.478  -46.261  4.391 0.8999999762
37888  -24.221  -45.506  2.311 0.8000000119
38715  -23.184  -44.531  2.962 0.8000000119
134375  -26.026  -45.190  1.532 0.6999999881
38727  -25.556  -44.545  1.606 0.6999999881
137599  -25.990  -43.830  1.389 0.6999999881
38728  -26.463  -44.615  1.336 0.6999999881
40359  -26.642  -42.368  0.986 0.6999999881
142037  -27.323  -43.039  0.830 0.6999999881
32185  -26.917  -52.067  12.027 0.8000000119
30448  -26.767  -53.369  11.572 0.6000000238
137647  -27.641  -52.080  11.706 0.6000000238
32188  -28.811  -51.293  11.391 0.8000000119
31322  -21.030  -51.976  11.355 0.6000000238
30433  -21.364  -53.165  12.312 0.5000000000
29662  -24.515  -54.486  11.578 0.6000000238
30437  -25.170  -53.302  11.947 0.6000000238
31324  -29.306  -51.926  10.861 0.8000000119
32193  -20.526  -51.242  10.382 0.6000000238
32194  -21.184  -51.226  10.837 0.6000000238
32183  -22.302  -51.124  11.800 0.6000000238
29650  -21.958  -54.015  12.422 0.5000000000
149147  -23.297  -54.642  11.812 0.5000000000
35856  -20.309  -47.573  10.189 0.5000000000
34035  -20.580  -49.848  10.322 0.5000000000
34024  -21.942  -49.940  10.614 0.6000000238
32195  -21.759  -50.957  11.165 0.6000000238
28825  -21.498  -55.584  11.902 0.5000000000
29651  -22.910  -53.851  12.294 0.5000000000
33111  -30.702  -50.535  9.930 0.8000000119
34933  -21.834  -48.274  10.381 0.5000000000
28827  -23.191  -55.437  11.498 0.5000000000
36810  -19.773  -46.984  9.843 0.4000000060
132819  -22.166  -56.887  11.117 0.5000000000
34963  -31.673  -48.593  7.887 0.6999999881
153467  -30.409  -47.411  5.524 0.8000000119
34970  -30.899  -48.583  6.491 0.8000000119
34971  -31.436  -48.571  7.101 0.6999999881
137263  -27.672  -46.222  4.069 0.8000000119
35915  -28.366  -47.760  4.759 0.8000000119
35897  -31.102  -47.211  5.870 0.8000000119
35916  -29.727  -47.170  5.013 0.8000000119
36866  -29.131  -46.591  4.424 0.8000000119
39511  -23.233  -43.606  2.683 0.8999999762
38697  -23.103  -44.764  3.525 0.8999999762
37839  -24.835  -45.531  4.346 0.8000000119
36864  -27.070  -46.790  4.310 0.8000000119
37838  -23.955  -45.496  4.393 1.0000000000
37840  -25.928  -45.509  4.114 0.8000000119
38726  -24.572  -44.474  1.949 0.8000000119
39525  -24.997  -43.785  1.685 0.6999999881
32177  -26.676  -51.265  12.395 0.8000000119
32187  -28.024  -51.413  11.805 0.8000000119
33092  -29.273  -50.632  11.342 0.8000000119
33101  -22.163  -50.413  11.049 0.6000000238
145361  -25.398  -51.798  12.435 0.6000000238
31306  -25.689  -52.600  12.117 0.6000000238
33093  -29.770  -50.058  11.157 0.8000000119
34023  -21.362  -49.854  10.454 0.5000000000
33100  -21.568  -50.483  10.693 0.6000000238
32184  -23.122  -50.982  12.191 0.6000000238
31305  -24.918  -52.472  12.347 0.6000000238
33102  -29.851  -50.687  10.800 0.8000000119
34027  -30.652  -49.391  10.414 0.8000000119
34028  -31.082  -49.378  9.813 0.6999999881
137318  -21.925  -49.262  10.449 0.5000000000
32174  -23.629  -51.669  12.470 0.6000000238
30436  -24.497  -53.036  12.254 0.6000000238
149213  -20.478  -46.924  10.086 0.4000000060
35838  -22.133  -47.419  10.325 0.4000000060
34934  -22.622  -48.758  10.545 0.4000000060
34954  -31.625  -48.641  8.723 0.6999999881
35858  -21.847  -46.638  10.187 0.4000000060
36789  -22.853  -46.887  10.235 0.4000000060
34011  -23.691  -49.387  11.639 0.4000000060
35876  -31.834  -47.820  7.426 0.6999999881
36812  -23.310  -46.021  10.044 0.4000000060
35840  -24.327  -47.213  10.607 0.5000000000
35883  -31.450  -47.732  6.591 0.6999999881
133451  -22.328  -44.959  9.738 0.3000000119
36813  -24.527  -45.599  10.114 0.5000000000
34936  -24.059  -47.978  10.829 0.5000000000
36865  -28.166  -46.909  4.396 0.8000000119
36867  -30.089  -46.327  4.593 0.8000000119
36846  -31.449  -46.466  5.625 0.8000000119
36868  -31.030  -46.039  4.893 0.8000000119
39496  -23.047  -43.876  3.229 0.8000000119
154583  -23.731  -44.535  4.091 1.0000000000
38681  -25.127  -44.797  4.103 0.8000000119
38682  -25.987  -44.697  3.873 0.8000000119
141582  -26.312  -46.287  4.250 0.8000000119
37858  -27.715  -45.361  3.745 0.8000000119
37859  -28.677  -45.167  3.648 0.8000000119
39487  -23.286  -43.258  3.325 1.0000000000
150414  -27.374  -44.544  3.572 0.8000000119
38725  -23.659  -44.409  2.427 0.8000000119
39489  -24.895  -43.307  3.777 0.8000000119
39490  -26.612  -44.072  3.596 0.8000000119
39524  -23.944  -43.725  2.068 0.8999999762
142597  -25.434  -43.079  1.446 0.6999999881
39539  -26.381  -43.092  1.174 0.6999999881
41185  -26.758  -41.625  0.814 0.6999999881
40360  -27.352  -42.223  0.730 0.6999999881
156068  -27.780  -42.639  0.626 0.6999999881
40375  -29.516  -42.866  -0.065 0.6000000238
41187  -28.341  -41.431  0.280 0.6999999881
42190  -26.866  -40.701  0.626 0.6999999881
144025  -29.625  -42.088  -0.259 0.6000000238
40374  -28.838  -42.177  0.163 0.6000000238
33090  -27.516  -50.885  12.279 0.8000000119
33091  -28.447  -50.567  11.939 0.8000000119
33089  -22.797  -50.334  11.602 0.5000000000
33993  -26.181  -49.830  12.686 0.8000000119
33994  -26.943  -49.348  12.722 0.8000000119
33076  -26.836  -50.328  12.583 0.8000000119
34013  -29.180  -49.956  11.742 0.8000000119
34025  -22.567  -49.656  10.861 0.5000000000
33072  -23.547  -50.196  12.096 0.6000000238
33991  -24.254  -49.754  12.244 0.5000000000
156414  -25.895  -51.304  12.506 0.8000000119
34015  -30.163  -49.439  10.996 0.6999999881
144315  -22.765  -47.893  10.390 0.4000000060
34919  -23.821  -48.673  11.190 0.5000000000
152085  -25.668  -49.437  12.604 0.6999999881
33074  -25.210  -50.856  12.601 0.6999999881
140381  -30.482  -48.240  11.245 0.6999999881
34937  -31.012  -48.753  10.223 0.6999999881
134156  -31.374  -48.067  9.989 0.6999999881
140242  -22.390  -45.880  10.001 0.3000000119
35859  -31.721  -47.964  9.207 0.6999999881
35867  -32.270  -47.016  8.360 0.6999999881
36826  -32.509  -46.429  8.071 0.6999999881
134213  -25.189  -45.908  10.472 0.5000000000
36840  -32.272  -46.460  6.688 0.6999999881
149120  -23.837  -44.488  9.687 0.4000000060
152687  -25.014  -44.448  9.915 0.4000000060
37861  -29.983  -44.902  3.782 0.8000000119
36847  -32.124  -46.112  6.095 0.6999999881
144397  -29.458  -45.674  3.977 0.8000000119
38699  -28.927  -44.415  3.446 0.8000000119
40322  -30.083  -43.087  3.595 0.6999999881
138741  -25.490  -44.047  3.826 0.8000000119
38698  -28.146  -44.486  3.475 0.8000000119
40330  -23.067  -42.350  2.772 0.8999999762
146081  -23.485  -42.970  2.196 0.8999999762
40317  -23.137  -42.453  3.076 0.8999999762
40311  -23.580  -42.546  3.455 0.8000000119
40312  -24.461  -42.554  3.628 0.8000000119
41145  -25.980  -41.959  3.382 0.8000000119
40343  -23.749  -42.295  1.847 0.8999999762
40342  -23.224  -42.282  2.342 0.8000000119
40344  -24.849  -42.335  1.509 0.8999999762
41173  -25.338  -41.657  1.245 0.8000000119
38752  -30.096  -44.121  -0.005 0.4000000060
42181  -25.975  -41.133  0.932 0.8000000119
41186  -27.536  -41.480  0.556 0.6999999881
42219  -30.147  -40.239  -0.955 0.5000000000
33995  -27.938  -49.133  12.669 0.6999999881
33077  -27.712  -49.998  12.483 0.8000000119
35804  -26.775  -47.698  12.537 0.6999999881
34901  -29.272  -48.338  12.349 0.6999999881
36790  -23.786  -46.709  10.263 0.4000000060
35822  -26.259  -47.123  12.022 0.6000000238
34900  -28.287  -48.341  12.685 0.6999999881
34924  -30.929  -48.139  10.684 0.6999999881
35842  -31.336  -47.435  10.502 0.6999999881
140029  -32.127  -46.643  9.496 0.6999999881
35860  -32.097  -47.223  8.978 0.6999999881
36792  -25.809  -46.123  10.950 0.5000000000
36815  -32.382  -46.513  8.792 0.6999999881
38606  -25.591  -44.447  10.164 0.4000000060
36833  -32.453  -46.441  7.304 0.6999999881
39444  -25.114  -42.818  9.784 0.3000000119
38622  -25.217  -43.718  9.871 0.3000000119
137410  -26.270  -44.411  10.496 0.5000000000
38700  -29.583  -44.366  3.547 0.6999999881
37844  -31.325  -45.198  4.681 0.6999999881
138048  -32.688  -44.846  6.548 0.6999999881
39428  -25.946  -43.740  10.198 0.4000000060
38701  -30.138  -44.279  3.700 0.6999999881
38667  -31.988  -44.858  5.214 0.6999999881
140474  -31.036  -43.814  4.240 0.6999999881
135980  -29.340  -43.269  3.319 0.6999999881
41144  -25.132  -41.720  3.486 0.8000000119
140376  -26.001  -43.271  3.564 0.8000000119
39497  -26.979  -43.145  3.358 0.8000000119
134586  -27.885  -42.951  3.146 0.8000000119
40318  -26.423  -42.501  3.367 0.8000000119
133053  -23.233  -41.245  3.056 0.8000000119
42179  -23.513  -40.682  1.677 0.8000000119
148434  -23.016  -40.658  2.056 0.8000000119
41151  -23.027  -41.659  2.826 0.8999999762
41172  -24.206  -41.534  1.556 0.8999999762
42180  -24.817  -40.698  1.188 0.8000000119
130097  -25.723  -39.326  0.659 0.8000000119
42206  -28.630  -40.657  0.019 0.6999999881
42207  -29.478  -40.595  -0.480 0.6000000238
43114  -26.593  -39.744  0.561 0.6999999881
43115  -27.434  -39.935  0.354 0.6999999881
44917  -26.388  -37.372  -0.278 0.6999999881
151771  -28.673  -48.954  12.466 0.6999999881
36758  -27.753  -46.083  12.354 0.6000000238
36759  -28.534  -46.068  12.571 0.6000000238
136109  -29.039  -46.735  12.676 0.6999999881
35807  -29.600  -47.391  12.421 0.6999999881
34902  -30.135  -47.922  11.863 0.6999999881
35823  -30.801  -47.500  11.284 0.6999999881
36774  -25.818  -46.737  11.434 0.5000000000
36762  -30.593  -46.222  12.120 0.6999999881
151879  -30.890  -46.764  11.591 0.6999999881
36777  -31.306  -46.774  10.984 0.6999999881
151059  -27.136  -46.029  11.960 0.6000000238
39443  -24.486  -43.310  9.637 0.3000000119
141070  -26.600  -45.012  10.900 0.5000000000
37748  -26.856  -45.543  11.463 0.5000000000
37727  -28.854  -45.392  12.507 0.6000000238
151689  -32.410  -46.042  9.288 0.6999999881
151201  -26.840  -43.027  10.661 0.4000000060
38607  -26.940  -44.282  10.942 0.5000000000
154298  -27.954  -43.619  11.671 0.6000000238
37794  -32.649  -45.680  8.633 0.6999999881
38654  -32.689  -44.165  6.435 0.6999999881
38644  -32.874  -44.969  7.294 0.6999999881
142593  -32.047  -44.001  5.245 0.6999999881
41085  -26.149  -41.513  10.445 0.3000000119
39492  -31.507  -43.458  4.737 0.6999999881
40319  -27.277  -42.321  3.164 0.8000000119
151784  -28.143  -42.086  3.026 0.8000000119
40320  -28.744  -42.714  3.133 0.6999999881
40321  -29.544  -42.465  3.384 0.6999999881
40315  -30.930  -41.957  4.478 0.6999999881
42152  -25.200  -40.653  3.397 0.8000000119
41153  -27.519  -41.477  3.046 0.8000000119
42159  -23.081  -40.821  2.674 0.8000000119
142771  -23.739  -41.206  3.362 0.8000000119
142130  -24.491  -41.196  3.469 0.8000000119
42153  -26.032  -41.232  3.276 0.8000000119
42178  -22.970  -39.920  1.905 0.8000000119
44869  -23.953  -37.797  2.650 0.8000000119
153398  -25.766  -39.044  3.295 0.8000000119
44871  -25.960  -37.910  2.935 0.8000000119
44881  -25.428  -37.299  2.556 0.8000000119
43127  -29.572  -39.842  -0.717 0.6000000238
43126  -28.808  -39.770  -0.327 0.6999999881
44907  -25.827  -37.886  0.201 0.8000000119
44033  -27.066  -39.053  0.314 0.6000000238
45844  -25.887  -36.574  -0.600 0.6999999881
45845  -26.947  -36.851  -0.715 0.6000000238
43125  -27.684  -38.467  -0.173 0.6000000238
36760  -29.321  -46.012  12.594 0.6000000238
38587  -28.387  -44.190  12.076 0.6000000238
37750  -31.638  -45.337  11.274 0.6999999881
37762  -31.716  -46.014  10.735 0.6999999881
38567  -29.096  -44.696  12.444 0.6000000238
37763  -32.185  -45.142  10.469 0.6999999881
37779  -32.509  -45.352  9.543 0.6999999881
40250  -27.332  -42.637  11.022 0.4000000060
39409  -27.312  -43.478  11.106 0.4000000060
39411  -29.587  -43.191  12.214 0.5000000000
38591  -31.958  -44.500  11.181 0.6999999881
144021  -32.848  -44.755  8.995 0.6999999881
39410  -28.644  -43.373  11.984 0.5000000000
38632  -33.115  -44.130  8.479 0.6999999881
38645  -33.068  -44.264  7.713 0.6999999881
40249  -26.651  -42.278  10.592 0.3000000119
41063  -27.652  -41.375  11.262 0.3000000119
140753  -27.906  -42.133  11.418 0.4000000060
39491  -30.857  -42.980  4.164 0.6999999881
146105  -33.101  -43.715  7.390 0.6999999881
42099  -27.267  -40.707  11.135 0.3000000119
140328  -27.556  -40.094  11.351 0.3000000119
39479  -32.483  -43.686  5.955 0.6999999881
40292  -32.534  -42.804  6.131 0.6999999881
40304  -31.481  -42.543  4.907 0.6999999881
41131  -32.558  -41.891  6.279 0.6999999881
130328  -26.872  -40.902  3.099 0.8000000119
41146  -29.738  -41.603  3.602 0.6999999881
40314  -30.293  -42.241  3.826 0.6999999881
41140  -32.044  -41.290  5.780 0.6999999881
41147  -30.401  -41.339  4.171 0.6999999881
42156  -30.999  -40.183  5.069 0.6999999881
42151  -24.172  -40.546  3.373 0.8000000119
42161  -26.201  -40.335  3.207 0.8000000119
41155  -29.190  -40.966  3.488 0.6999999881
42155  -30.471  -40.456  4.557 0.6999999881
43076  -30.954  -39.394  5.229 0.6999999881
43073  -23.673  -39.884  3.088 0.8000000119
131588  -27.044  -40.009  3.145 0.8000000119
42162  -27.727  -40.564  3.119 0.8000000119
134359  -27.824  -39.661  3.380 0.8000000119
43075  -29.670  -38.999  4.520 0.8000000119
132847  -30.693  -38.179  4.946 0.6999999881
43078  -23.234  -39.280  2.669 0.8000000119
138802  -26.383  -39.470  3.260 0.8000000119
43996  -27.455  -38.430  3.400 0.8000000119
44874  -29.174  -37.889  3.904 0.8000000119
43089  -22.755  -39.243  2.047 0.8000000119
44880  -22.725  -37.720  2.046 0.8000000119
44870  -24.899  -37.854  2.840 0.8000000119
44872  -26.950  -37.891  3.087 0.8000000119
134148  -28.596  -37.707  3.449 0.8000000119
43099  -23.438  -38.704  1.268 0.8000000119
45797  -23.453  -36.697  1.994 0.8000000119
44882  -26.466  -37.358  2.621 0.8000000119
44883  -27.419  -37.355  2.737 0.8000000119
45802  -28.761  -36.693  2.402 0.8000000119
44029  -22.926  -37.773  1.324 0.8000000119
45816  -26.411  -36.199  1.666 0.8000000119
44030  -23.950  -38.174  0.765 0.8000000119
44042  -29.371  -39.119  -0.870 0.5000000000
44041  -28.539  -38.781  -0.501 0.6000000238
44905  -23.294  -37.223  0.658 0.8000000119
45831  -23.989  -36.715  0.139 0.8000000119
44935  -28.622  -37.309  -1.276 0.6000000238
44918  -27.344  -37.629  -0.431 0.6000000238
44919  -28.214  -37.893  -0.704 0.6000000238
37728  -29.609  -45.336  12.510 0.6999999881
37729  -30.373  -45.412  12.363 0.6999999881
38588  -29.291  -43.954  12.330 0.6000000238
141869  -31.538  -43.891  11.742 0.6999999881
38608  -32.372  -44.262  10.571 0.6999999881
153545  -30.723  -43.257  12.179 0.5000000000
39413  -32.235  -43.576  11.105 0.6999999881
41064  -28.493  -41.487  11.589 0.4000000060
42076  -29.051  -40.804  11.661 0.4000000060
41065  -29.453  -41.600  11.841 0.5000000000
38624  -33.016  -43.908  9.317 0.6999999881
39460  -33.279  -43.550  7.990 0.6999999881
43004  -28.184  -39.648  11.500 0.3000000119
138543  -29.073  -39.459  11.583 0.3000000119
144111  -29.929  -40.894  11.781 0.5000000000
40267  -33.435  -42.470  9.009 0.6999999881
40281  -33.209  -43.029  7.453 0.6999999881
42075  -26.880  -40.053  11.138 0.3000000119
43901  -29.370  -38.544  11.562 0.3000000119
41132  -33.072  -41.572  6.919 0.6999999881
43900  -28.432  -38.229  11.506 0.3000000119
42143  -32.673  -40.100  6.358 0.6999999881
145787  -28.621  -40.169  3.509 0.8000000119
134461  -29.941  -39.786  4.422 0.6999999881
137494  -31.522  -39.858  5.502 0.6999999881
42163  -29.398  -40.208  3.878 0.6999999881
43988  -30.313  -38.990  4.946 0.6999999881
43984  -31.483  -38.131  5.342 0.6999999881
43080  -24.937  -39.079  3.301 0.8000000119
43081  -27.170  -39.169  3.360 0.8000000119
43083  -29.227  -39.462  4.075 0.6999999881
43987  -29.898  -38.217  4.484 0.8000000119
43079  -23.961  -39.165  3.104 0.8000000119
135137  -29.945  -37.422  3.843 0.8000000119
43992  -23.238  -38.090  2.493 0.8000000119
44884  -28.319  -37.286  2.893 0.8000000119
140687  -29.610  -36.505  2.492 0.8000000119
45796  -22.791  -36.930  1.724 0.8000000119
44897  -22.739  -37.238  1.572 0.8000000119
45798  -24.721  -36.653  2.122 0.8000000119
45800  -26.941  -36.805  2.191 0.8000000119
46706  -27.685  -35.712  1.233 0.8000000119
45819  -29.117  -36.103  1.788 0.8000000119
45829  -22.588  -36.057  0.918 0.8000000119
46685  -22.835  -36.151  1.399 0.8000000119
46687  -25.208  -36.047  1.650 0.8000000119
46708  -29.434  -35.467  1.231 0.8000000119
45843  -24.606  -36.233  -0.385 0.8000000119
139744  -30.104  -43.824  12.360 0.6000000238
141285  -28.127  -40.599  11.471 0.3000000119
40230  -28.843  -42.438  11.860 0.5000000000
39412  -31.679  -43.031  11.711 0.6000000238
41066  -30.462  -41.600  11.911 0.5000000000
145684  -32.221  -42.784  11.286 0.6999999881
39430  -32.595  -42.845  10.727 0.6999999881
40252  -33.269  -42.210  9.817 0.6999999881
144540  -31.421  -41.559  11.739 0.6000000238
41087  -32.774  -41.479  10.873 0.6999999881
40251  -32.931  -42.135  10.492 0.6999999881
41103  -33.513  -41.452  9.315 0.6999999881
43899  -27.871  -38.851  11.484 0.3000000119
138542  -29.982  -39.328  11.620 0.3000000119
42100  -33.040  -40.836  10.673 0.6999999881
145399  -27.536  -38.023  11.471 0.3000000119
45694  -30.703  -36.983  11.462 0.3000000119
142852  -33.630  -41.033  8.595 0.6999999881
41110  -33.513  -41.853  8.384 0.6999999881
46600  -28.188  -35.353  10.476 0.3000000119
46601  -28.935  -35.435  10.657 0.3000000119
45713  -29.259  -36.070  11.140 0.3000000119
45714  -30.328  -36.064  11.243 0.3000000119
139189  -28.124  -34.505  9.616 0.3000000119
42149  -32.090  -40.408  5.864 0.6999999881
43071  -32.117  -39.531  5.888 0.6999999881
134726  -30.572  -37.537  4.421 0.8000000119
45790  -30.111  -36.801  3.173 0.8000000119
46688  -29.938  -35.904  1.894 0.8000000119
46686  -23.820  -35.982  1.622 0.8000000119
46704  -24.134  -35.263  1.187 0.8000000119
47492  -26.933  -35.245  0.866 0.8000000119
47493  -27.899  -35.103  0.700 0.8000000119
46707  -28.560  -35.611  1.185 0.8000000119
46726  -22.897  -34.996  0.112 0.8000000119
147360  -25.991  -34.785  0.663 0.8000000119
45842  -23.324  -35.778  0.068 0.8000000119
46743  -24.446  -34.880  -0.881 0.6999999881
46728  -25.215  -35.749  -0.805 0.6000000238
40233  -31.901  -42.247  11.597 0.6000000238
42080  -33.000  -40.156  10.854 0.6000000238
41088  -33.271  -41.344  10.192 0.6999999881
44778  -31.066  -37.756  11.526 0.4000000060
43007  -32.870  -39.226  11.015 0.6000000238
42101  -33.403  -40.410  10.186 0.6999999881
154538  -33.493  -40.886  9.757 0.6999999881
43904  -33.022  -38.401  10.900 0.4000000060
42113  -33.690  -40.341  9.263 0.6999999881
42119  -33.740  -40.352  8.264 0.6999999881
42127  -33.569  -40.194  7.468 0.6999999881
47402  -31.198  -34.695  10.504 0.3000000119
44805  -33.416  -37.261  10.555 0.4000000060
43038  -34.169  -38.498  9.282 0.6000000238
43963  -34.033  -38.608  7.346 0.6999999881
43068  -33.271  -39.759  6.827 0.6999999881
43067  -32.762  -39.193  6.311 0.6999999881
43980  -33.803  -37.873  6.700 0.6999999881
44861  -32.371  -37.716  5.626 0.6999999881
45781  -32.742  -36.847  5.310 0.6999999881
43998  -29.137  -38.646  4.147 0.8000000119
136895  -30.742  -36.469  3.186 0.8000000119
45818  -28.264  -36.226  1.738 0.8000000119
46689  -30.722  -35.625  2.096 0.8000000119
142391  -26.890  -35.773  1.314 0.8000000119
46720  -28.858  -34.962  0.616 0.8000000119
47506  -23.271  -34.224  0.191 0.8000000119
47507  -25.366  -34.100  0.296 0.8000000119
47508  -26.967  -34.492  0.359 0.8000000119
47509  -28.170  -34.434  0.154 0.8000000119
48360  -26.362  -33.738  -0.086 0.8000000119
45865  -27.419  -36.487  -1.151 0.6000000238
46742  -23.293  -34.448  -0.266 0.8000000119
46744  -25.661  -35.362  -1.216 0.6000000238
47538  -23.790  -33.916  -0.879 0.6999999881
48402  -24.550  -32.977  -1.691 0.6999999881
42078  -31.835  -40.803  11.568 0.6000000238
140642  -32.324  -40.058  11.340 0.6000000238
43027  -33.371  -39.566  10.418 0.6000000238
44804  -32.323  -36.905  11.203 0.3000000119
43037  -33.927  -39.250  9.374 0.6000000238
136605  -32.160  -36.009  11.009 0.3000000119
45716  -32.995  -36.430  10.723 0.3000000119
43928  -33.760  -37.940  10.201 0.5000000000
46605  -33.411  -35.755  10.321 0.3000000119
45717  -33.718  -36.503  10.238 0.5000000000
43964  -34.359  -38.354  8.031 0.6999999881
47424  -30.556  -33.862  9.814 0.3000000119
47425  -31.727  -33.899  10.122 0.3000000119
45752  -34.756  -36.498  8.195 0.4000000060
49188  -29.896  -32.814  8.386 0.3000000119
44863  -33.983  -36.866  6.305 0.6000000238
45787  -33.206  -36.099  4.944 0.6000000238
45782  -33.542  -36.498  5.599 0.6000000238
149671  -31.812  -36.575  4.302 0.8000000119
45786  -32.463  -36.380  4.610 0.6999999881
154065  -33.660  -35.527  4.664 0.6000000238
45791  -31.382  -36.371  3.627 0.8000000119
45792  -32.228  -35.983  3.855 0.6999999881
46676  -33.061  -35.635  4.186 0.6999999881
45803  -30.389  -36.234  2.587 0.8000000119
45804  -31.121  -35.964  2.805 0.8000000119
46691  -32.348  -34.853  2.595 0.6999999881
46681  -32.737  -35.216  3.340 0.6999999881
46682  -33.378  -35.011  3.750 0.6999999881
46709  -30.272  -35.254  1.379 0.8000000119
46690  -31.510  -35.287  2.352 0.8000000119
152009  -31.869  -34.602  1.903 0.6999999881
47480  -33.000  -34.227  2.560 0.6999999881
47494  -29.774  -34.785  0.691 0.8000000119
133454  -30.643  -34.562  0.918 0.8000000119
47496  -32.197  -33.952  1.566 0.6999999881
48339  -32.831  -33.722  1.932 0.6999999881
46703  -22.949  -35.369  1.061 0.8000000119
47491  -24.446  -34.564  0.623 0.8000000119
47512  -31.012  -33.842  0.558 0.8000000119
48361  -27.497  -33.982  -0.144 0.8000000119
47510  -29.208  -34.210  0.011 0.8000000119
46719  -22.846  -35.157  0.494 0.8000000119
142418  -23.776  -33.793  0.067 0.8000000119
139898  -27.969  -33.053  -0.759 0.8000000119
47520  -23.107  -34.582  0.114 0.8000000119
47521  -23.462  -33.953  -0.243 0.8000000119
48372  -23.709  -32.902  -0.880 0.6999999881
137290  -26.573  -35.314  -1.538 0.6000000238
151955  -27.615  -34.512  -2.208 0.6000000238
157579  -23.654  -33.435  -0.660 0.8000000119
48386  -23.780  -33.168  -1.121 0.6999999881
49268  -23.820  -32.512  -1.231 0.6999999881
44826  -34.378  -37.148  9.284 0.5000000000
43954  -34.405  -37.925  8.788 0.5000000000
47403  -32.273  -34.699  10.437 0.3000000119
45718  -34.217  -36.448  9.659 0.4000000060
44835  -34.590  -37.075  8.507 0.5000000000
43981  -34.285  -37.931  7.416 0.6000000238
47426  -32.792  -33.990  9.982 0.3000000119
45760  -34.832  -36.292  7.486 0.5000000000
44853  -34.463  -37.138  7.152 0.6000000238
48279  -32.957  -33.072  9.403 0.3000000119
132341  -34.172  -34.107  9.253 0.3000000119
45771  -35.011  -35.626  6.904 0.6000000238
45770  -34.594  -36.279  6.630 0.6000000238
153858  -30.228  -32.225  7.805 0.3000000119
141220  -31.939  -31.806  8.291 0.3000000119
48303  -35.014  -33.863  8.223 0.3000000119
50174  -31.112  -31.872  7.927 0.3000000119
150904  -34.446  -35.464  5.527 0.6000000238
50183  -29.815  -31.842  7.200 0.3000000119
46677  -33.711  -35.126  4.237 0.6999999881
47477  -33.313  -34.594  3.193 0.6999999881
48362  -29.787  -33.666  -0.247 0.8000000119
48364  -31.376  -33.089  0.233 0.6999999881
48346  -31.819  -33.543  0.935 0.6999999881
48363  -30.511  -33.410  -0.111 0.6999999881
146994  -29.203  -33.533  -0.485 0.8000000119
49246  -29.785  -32.962  -0.715 0.6999999881
49243  -25.889  -33.010  -0.413 0.8000000119
49258  -27.050  -32.644  -0.746 0.6999999881
49244  -27.281  -33.384  -0.453 0.8000000119
49260  -29.107  -32.251  -1.232 0.6000000238
47550  -28.528  -34.426  -2.418 0.6000000238
49242  -24.125  -32.674  -0.635 0.6999999881
141405  -23.698  -32.159  -0.983 0.6999999881
49284  -24.672  -32.342  -2.009 0.6999999881
48403  -25.871  -33.115  -2.280 0.6999999881
143899  -23.884  -31.888  -1.328 0.6999999881
53126  -24.601  -27.875  -2.035 0.5000000000
143797  -24.993  -27.509  -2.552 0.5000000000
46660  -35.199  -34.881  6.415 0.6000000238
47471  -34.903  -34.937  5.621 0.6000000238
47472  -35.295  -34.389  5.799 0.6000000238
48331  -34.902  -34.062  4.373 0.6000000238
47478  -34.062  -34.491  3.816 0.6999999881
48336  -34.681  -33.651  3.593 0.6999999881
150454  -33.376  -33.596  2.307 0.6999999881
50227  -27.470  -31.052  5.443 0.3000000119
48347  -32.556  -33.272  1.331 0.6999999881
48335  -33.831  -33.864  2.953 0.6999999881
48348  -33.343  -33.021  1.739 0.6999999881
49259  -28.085  -32.396  -1.119 0.6999999881
49247  -30.797  -32.582  -0.462 0.6999999881
48365  -32.183  -32.825  0.673 0.6000000238
48359  -24.672  -33.390  -0.155 0.6999999881
49257  -25.559  -32.205  -0.677 0.6999999881
50265  -26.959  -31.711  -1.129 0.6999999881
51202  -27.587  -30.839  -1.377 0.6000000238
50264  -25.351  -31.349  -0.874 0.6999999881
47549  -26.747  -33.897  -2.224 0.6000000238
134567  -27.860  -33.846  -2.472 0.5000000000
154514  -23.969  -31.459  -1.346 0.6999999881
50278  -24.170  -30.864  -1.538 0.6999999881
50294  -24.450  -30.597  -2.122 0.6999999881
157035  -24.982  -29.683  -2.443 0.6000000238
135646  -35.463  -34.086  6.321 0.5000000000
48312  -35.594  -33.406  6.284 0.4000000060
48327  -35.550  -33.648  5.616 0.5000000000
149685  -35.433  -33.636  4.848 0.6000000238
49220  -35.816  -32.882  5.013 0.5000000000
49223  -35.139  -32.906  3.370 0.6000000238
51159  -28.153  -30.679  5.293 0.3000000119
51160  -28.977  -30.650  5.572 0.3000000119
48340  -33.948  -33.158  2.413 0.6999999881
49234  -33.592  -32.176  1.369 0.6000000238
49227  -34.117  -32.493  1.988 0.6000000238
49233  -32.879  -32.555  1.085 0.6000000238
50267  -29.389  -31.349  -1.344 0.6000000238
49248  -31.782  -32.187  -0.016 0.6000000238
50266  -28.336  -31.559  -1.350 0.6000000238
49261  -30.107  -32.004  -1.078 0.6000000238
51199  -24.304  -30.200  -1.562 0.6999999881
50314  -25.315  -30.992  -2.444 0.6999999881
49306  -26.792  -31.982  -2.650 0.6000000238
49307  -27.813  -32.193  -2.791 0.5000000000
50315  -26.465  -31.235  -2.673 0.6000000238
50316  -27.493  -31.427  -2.852 0.6000000238
131735  -27.684  -30.050  -3.215 0.5000000000
52185  -24.275  -29.597  -1.855 0.6000000238
51250  -26.162  -30.470  -2.683 0.5000000000
52203  -24.425  -29.344  -2.130 0.5000000000
52205  -26.143  -29.044  -2.935 0.5000000000
131830  -26.750  -29.863  -2.927 0.5000000000
53141  -25.366  -28.201  -2.765 0.5000000000
54052  -25.180  -26.601  -3.092 0.5000000000
138625  -35.747  -32.069  6.215 0.4000000060
49216  -35.780  -32.818  5.879 0.4000000060
50230  -35.960  -31.290  5.735 0.4000000060
51113  -33.653  -30.568  7.459 0.4000000060
49224  -35.836  -32.332  3.873 0.6000000238
52125  -28.604  -30.238  5.053 0.3000000119
52127  -30.031  -29.559  5.237 0.3000000119
52116  -31.414  -29.902  6.201 0.3000000119
50242  -34.850  -32.007  2.338 0.6000000238
53988  -28.832  -27.683  4.555 0.3000000119
143199  -32.493  -30.940  -0.101 0.5000000000
50255  -33.094  -31.826  0.748 0.6000000238
50268  -30.332  -31.065  -1.169 0.6000000238
51206  -31.179  -30.701  -0.812 0.6000000238
51204  -29.644  -30.477  -1.372 0.6000000238
50253  -31.863  -31.234  -0.353 0.6000000238
51203  -28.677  -30.690  -1.428 0.6000000238
131953  -29.873  -29.668  -1.354 0.6000000238
51201  -26.312  -30.772  -1.197 0.6999999881
131955  -27.977  -30.027  -1.448 0.6000000238
52170  -24.634  -29.672  -1.480 0.6999999881
53125  -24.408  -28.770  -1.900 0.5000000000
52204  -25.167  -29.051  -2.524 0.5000000000
54034  -25.037  -26.947  -2.490 0.5000000000
50189  -35.070  -31.635  7.296 0.4000000060
49217  -36.036  -32.102  5.415 0.4000000060
50203  -35.438  -31.231  6.627 0.4000000060
49221  -36.105  -32.139  4.670 0.5000000000
52120  -35.207  -29.719  6.246 0.4000000060
50237  -36.274  -31.500  4.212 0.4000000060
50240  -36.008  -31.553  3.370 0.4000000060
49229  -35.423  -32.201  3.000 0.5000000000
52144  -29.451  -29.140  4.808 0.3000000119
53065  -30.718  -28.102  5.045 0.3000000119
52128  -31.307  -29.344  5.720 0.4000000060
50243  -35.545  -31.470  2.630 0.4000000060
53989  -30.272  -27.505  4.759 0.3000000119
53067  -32.455  -28.245  5.641 0.4000000060
50247  -33.844  -31.288  1.044 0.5000000000
50248  -34.339  -31.757  1.691 0.6000000238
131575  -33.140  -31.018  0.351 0.5000000000
51193  -32.042  -30.308  -0.441 0.5000000000
51205  -30.489  -30.199  -1.176 0.6000000238
52175  -32.738  -29.717  -0.154 0.5000000000
131954  -28.977  -29.856  -1.460 0.6000000238
52174  -29.273  -29.057  -1.423 0.6000000238
135992  -26.017  -28.936  -1.403 0.6000000238
153625  -27.932  -28.436  -1.462 0.6000000238
53109  -24.864  -28.831  -1.565 0.5000000000
53121  -24.488  -28.320  -1.903 0.5000000000
133936  -24.779  -28.020  -1.777 0.5000000000
150287  -25.060  -26.835  -2.332 0.5000000000
150994  -25.172  -26.246  -2.781 0.5000000000
55083  -25.179  -26.027  -3.110 0.5000000000
51136  -34.970  -30.293  6.658 0.4000000060
50231  -36.272  -31.385  4.986 0.4000000060
51163  -36.198  -30.498  5.252 0.4000000060
51178  -36.402  -30.719  4.536 0.4000000060
51182  -36.391  -30.816  3.740 0.4000000060
153915  -35.976  -30.020  5.532 0.4000000060
132239  -36.462  -30.124  3.293 0.4000000060
51185  -36.131  -30.841  2.925 0.4000000060
148199  -29.463  -27.176  4.570 0.3000000119
51188  -34.390  -30.463  1.040 0.4000000060
51189  -35.575  -30.711  2.166 0.5000000000
55021  -28.679  -26.830  4.485 0.3000000119
52164  -33.515  -29.339  0.253 0.4000000060
132578  -31.952  -29.277  -0.521 0.5000000000
148085  -30.570  -29.463  -1.128 0.6000000238
143300  -31.222  -29.786  -0.847 0.5000000000
53103  -32.809  -28.667  -0.144 0.5000000000
147174  -28.716  -28.523  -1.456 0.6000000238
136971  -30.132  -28.900  -1.247 0.5000000000
53114  -31.039  -28.751  -0.852 0.5000000000
53110  -25.665  -28.233  -1.499 0.5000000000
53111  -26.927  -28.492  -1.437 0.6000000238
54019  -28.488  -27.726  -1.458 0.6000000238
53112  -29.530  -28.182  -1.337 0.6000000238
54018  -27.383  -27.776  -1.490 0.6000000238
55061  -25.307  -26.858  -1.933 0.5000000000
55069  -25.421  -26.307  -2.382 0.5000000000
56254  -25.481  -24.864  -4.214 0.5000000000
55062  -26.529  -27.110  -1.628 0.5000000000
58354  -26.745  -23.715  3.108 0.3000000119
146162  -28.642  -23.655  3.311 0.4000000060
153541  -29.756  -23.411  3.451 0.4000000060
54030  -29.404  -27.240  -1.341 0.5000000000
59372  -27.030  -22.608  2.504 0.4000000060
54029  -28.618  -26.816  -1.499 0.5000000000
55064  -31.509  -26.583  -0.555 0.5000000000
55072  -27.960  -26.315  -1.667 0.5000000000
55074  -30.142  -26.740  -1.106 0.5000000000
55070  -26.230  -26.365  -1.936 0.5000000000
56213  -27.186  -25.840  -1.995 0.6000000238
57393  -25.580  -23.909  -4.637 0.5000000000
56211  -25.413  -25.551  -2.850 0.6000000238
57356  -26.804  -24.390  -2.675 0.5000000000
57369  -25.451  -24.719  -3.527 0.6000000238
58442  -25.673  -22.967  -4.866 0.4000000060
58357  -29.150  -23.083  3.111 0.4000000060
151514  -31.635  -23.581  4.291 0.4000000060
153138  -28.700  -26.102  -1.558 0.5000000000
56214  -28.209  -25.445  -1.824 0.5000000000
57358  -28.772  -24.631  -1.824 0.5000000000
56215  -29.282  -25.477  -1.511 0.5000000000
56212  -26.099  -25.696  -2.366 0.5000000000
140296  -27.446  -25.114  -2.204 0.5000000000
58422  -25.897  -22.672  -4.328 0.4000000060
156393  -27.216  -23.924  -2.661 0.5000000000
58409  -26.555  -23.333  -3.273 0.5000000000
59357  -30.705  -22.603  3.448 0.4000000060
60468  -28.229  -21.837  2.267 0.4000000060
55073  -29.386  -26.394  -1.380 0.5000000000
56207  -31.445  -25.784  -0.605 0.4000000060
57357  -27.819  -24.417  -2.274 0.4000000060
58411  -28.312  -23.629  -2.264 0.4000000060
58410  -27.357  -23.307  -2.754 0.5000000000
58423  -26.553  -22.139  -3.847 0.3000000119
56206  -30.820  -25.435  -0.900 0.4000000060
58412  -29.228  -23.919  -1.808 0.4000000060
59445  -27.579  -22.323  -2.887 0.5000000000
133665  -27.982  -21.545  -2.887 0.4000000060
59446  -29.168  -22.172  -2.259 0.4000000060
58402  -29.722  -23.277  -1.744 0.4000000060
59472  -28.131  -20.393  -4.051 0.4000000060
137638  -28.707  -22.839  -2.269 0.4000000060
60537  -28.483  -20.957  -2.858 0.4000000060
146769  -31.046  -22.964  -1.406 0.4000000060
60555  -29.132  -20.314  -2.958 0.4000000060
60572  -28.483  -19.813  -3.932 0.4000000060
61650  -29.066  -19.521  -4.078 0.4000000060
61649  -28.667  -19.856  -4.168 0.4000000060
60519  -30.803  -22.182  -1.644 0.4000000060
59447  -29.727  -21.609  -2.228 0.3000000119
139321  -30.355  -20.447  -2.427 0.4000000060
60520  -31.509  -21.774  -1.554 0.4000000060
132504  -32.362  -22.168  -1.199 0.4000000060
139468  -29.790  -19.694  -3.078 0.4000000060
150488  -29.041  -19.625  -3.692 0.4000000060
62663  -29.797  -18.988  -4.200 0.4000000060
60538  -30.485  -21.232  -2.072 0.3000000119
61619  -31.025  -19.968  -2.393 0.4000000060
62647  -30.345  -19.102  -3.256 0.5000000000
60539  -31.308  -20.910  -1.893 0.4000000060
154925  -31.898  -19.836  -2.191 0.4000000060
26561  -23.406  -57.931  3.773 0.6999999881
25574  -28.178  -59.568  8.646 0.6999999881
22748  -18.898  -62.564  13.839 0.6000000238
28886  -29.147  -55.996  6.794 0.8000000119
28065  -29.851  -56.733  8.869 0.8000000119
27253  -26.000  -57.106  12.133 0.6000000238
28831  -27.715  -55.941  11.347 0.6000000238
31372  -29.726  -52.301  6.517 0.8000000119
25561  -19.706  -60.054  9.541 0.4000000060
35929  -23.104  -47.076  3.772 0.8000000119
145137  -28.037  -52.699  11.384 0.6000000238
28824  -20.429  -55.482  12.036 0.5000000000
142600  -31.395  -50.001  7.840 0.8000000119
35882  -30.664  -47.913  6.000 0.8000000119
135705  -30.310  -50.826  10.341 0.8000000119
35857  -21.213  -47.336  10.285 0.4000000060
34026  -23.202  -49.085  10.973 0.5000000000
33992  -24.977  -49.387  12.411 0.6000000238
34922  -29.949  -48.792  11.553 0.6999999881
136113  -28.555  -43.645  3.278 0.6999999881
36793  -31.740  -46.705  10.240 0.6999999881
38569  -30.781  -44.884  12.228 0.6999999881
45801  -27.879  -36.782  2.287 0.8000000119
39431  -32.968  -42.782  10.168 0.6999999881
44865  -31.845  -37.148  4.972 0.6999999881
43945  -33.892  -38.578  9.835 0.6000000238
43979  -32.939  -38.263  6.204 0.6999999881
44862  -33.223  -37.341  5.956 0.6000000238
43006  -31.949  -39.256  11.471 0.6000000238
45740  -34.614  -36.296  8.865 0.5000000000
48311  -35.463  -33.655  6.975 0.4000000060
50254  -32.490  -31.577  0.204 0.6000000238
51162  -35.694  -30.376  5.987 0.4000000060
56225  -25.348  -25.459  -3.305 0.5000000000
139774  -36.524  -30.089  4.112 0.4000000060
57359  -29.524  -24.683  -1.565 0.4000000060
25654  -23.174  -58.930  1.127 0.5000000000
139399  -24.788  -57.893  1.277 0.5000000000
24733  -23.019  -60.523  2.949 0.6999999881
135497  -26.209  -54.679  2.535 0.5000000000
21819  -19.578  -63.831  14.483 0.5000000000
29758  -25.130  -54.208  2.207 0.6999999881
25590  -27.242  -59.908  7.336 0.6999999881
25603  -27.433  -59.139  7.001 0.6999999881
28127  -24.342  -56.518  4.713 0.6999999881
28128  -24.919  -56.942  4.908 0.6999999881
30514  -23.965  -53.593  5.003 0.6999999881
28906  -24.154  -55.850  4.767 0.6999999881
143394  -26.062  -51.908  2.394 0.6999999881
143675  -26.364  -51.148  2.362 0.6000000238
35043  -27.249  -48.330  1.734 0.5000000000
23676  -21.454  -61.377  13.456 0.6000000238
149596  -25.065  -50.532  2.477 0.6999999881
23677  -23.030  -61.476  13.823 0.6000000238
144982  -28.959  -58.374  8.131 0.8000000119
28104  -27.465  -56.324  6.295 0.6999999881
34133  -29.109  -48.835  2.096 0.4000000060
27277  -29.434  -57.265  9.459 0.8000000119
24606  -21.111  -60.346  12.458 0.6000000238
23690  -19.750  -60.813  11.976 0.6000000238
35027  -23.367  -48.433  3.423 0.8000000119
27239  -26.225  -57.975  12.309 0.6999999881
28868  -30.253  -55.756  7.794 0.6999999881
155858  -16.972  -61.266  11.836 0.5000000000
31371  -28.418  -52.272  6.027 0.8000000119
35957  -27.710  -47.689  1.538 0.5000000000
29673  -29.892  -55.010  9.891 0.6999999881
24623  -20.857  -59.856  11.368 0.6000000238
30485  -30.483  -53.371  7.316 0.8000000119
151338  -26.920  -51.576  5.527 0.8000000119
37890  -26.027  -45.892  1.621 0.6999999881
36913  -28.046  -46.967  1.330 0.6000000238
29674  -30.143  -54.264  9.844 0.6999999881
151880  -22.591  -57.447  11.175 0.6000000238
35912  -25.840  -47.663  4.527 0.8999999762
36844  -23.547  -46.719  4.349 0.8000000119
37900  -27.771  -45.510  1.086 0.6000000238
26489  -19.212  -59.595  9.603 0.3000000119
25534  -20.546  -59.668  10.389 0.5000000000
24638  -20.052  -60.330  10.084 0.5000000000
24637  -19.506  -60.775  9.909 0.5000000000
144483  -18.540  -61.528  9.099 0.4000000060
34985  -27.307  -48.869  4.910 0.8999999762
37887  -23.554  -45.151  2.648 0.8000000119
30449  -27.729  -53.519  11.334 0.6000000238
139078  -26.293  -53.893  11.501 0.6000000238
31325  -30.115  -52.160  10.261 0.8000000119
132969  -23.943  -55.726  11.407 0.5000000000
24647  -20.090  -59.946  9.803 0.4000000060
26479  -20.326  -58.865  10.173 0.5000000000
148949  -21.448  -58.139  10.626 0.5000000000
35895  -29.142  -47.856  5.109 0.8000000119
39526  -26.894  -43.875  1.107 0.6999999881
39540  -28.409  -43.101  0.459 0.6000000238
39552  -30.188  -43.536  -0.242 0.4000000060
30447  -25.624  -53.957  11.545 0.6000000238
28823  -19.404  -55.655  11.785 0.5000000000
27248  -20.066  -57.365  11.156 0.5000000000
132252  -23.903  -54.976  11.525 0.5000000000
132291  -22.050  -56.151  11.454 0.5000000000
34037  -31.393  -49.416  9.097 0.6999999881
31313  -26.438  -52.657  11.873 0.6000000238
31310  -21.453  -52.318  12.008 0.5000000000
30434  -22.171  -53.301  12.439 0.6000000238
150917  -21.050  -54.091  12.403 0.5000000000
31311  -22.086  -52.000  12.194 0.6000000238
29659  -20.232  -54.334  12.161 0.5000000000
30446  -24.458  -53.701  11.921 0.5000000000
33099  -20.925  -50.539  10.418 0.6000000238
29660  -21.740  -54.836  12.222 0.5000000000
30435  -23.724  -53.206  12.330 0.6000000238
134936  -23.410  -52.367  12.475 0.6000000238
28826  -22.331  -55.515  11.700 0.5000000000
36811  -20.976  -46.452  10.072 0.4000000060
35877  -32.244  -47.114  7.725 0.6999999881
35884  -32.121  -47.109  6.978 0.6999999881
37841  -26.907  -45.891  3.998 0.8000000119
38680  -24.317  -44.132  4.016 0.8999999762
34010  -23.147  -49.712  11.431 0.5000000000
32173  -22.836  -51.783  12.346 0.6000000238
32175  -24.497  -51.538  12.522 0.6000000238
33073  -24.340  -50.554  12.498 0.6000000238
35839  -23.551  -47.528  10.454 0.4000000060
34935  -23.343  -48.325  10.656 0.4000000060
34921  -25.157  -48.094  11.890 0.5000000000
34920  -24.471  -48.339  11.491 0.5000000000
38621  -24.479  -44.843  9.881 0.4000000060
35841  -25.143  -46.797  10.899 0.5000000000
37843  -30.464  -45.473  4.291 0.6999999881
39488  -23.852  -43.316  3.734 0.8000000119
43116  -28.148  -40.077  0.113 0.6999999881
33996  -29.244  -49.223  12.037 0.6999999881
149270  -26.149  -49.173  12.684 0.6999999881
34899  -27.353  -48.437  12.732 0.6999999881
34897  -25.576  -48.727  12.424 0.6000000238
37808  -32.703  -45.703  7.685 0.6999999881
153133  -25.872  -45.254  10.525 0.5000000000
37824  -32.342  -45.318  5.950 0.6999999881
140470  -24.503  -44.102  9.720 0.4000000060
139509  -25.848  -40.247  0.819 0.8000000119
35805  -27.721  -47.585  12.707 0.6000000238
36757  -27.151  -46.776  12.360 0.6000000238
35803  -25.911  -47.890  12.296 0.6000000238
35821  -25.500  -47.378  11.633 0.5000000000
156534  -25.671  -43.128  10.027 0.3000000119
38685  -31.479  -44.324  4.649 0.6999999881
38655  -32.926  -44.251  7.019 0.6999999881
141855  -26.250  -43.031  10.318 0.3000000119
43100  -23.792  -39.722  1.334 0.8999999762
43113  -24.949  -39.835  0.923 0.8000000119
43112  -24.533  -39.057  0.891 0.8000000119
154163  -26.440  -39.200  0.497 0.6000000238
150651  -27.972  -39.335  0.015 0.6000000238
44040  -26.806  -38.151  0.085 0.6000000238
44916  -25.271  -37.097  -0.151 0.8000000119
37749  -27.485  -45.455  11.929 0.6000000238
36761  -29.854  -46.583  12.458 0.6999999881
37730  -31.082  -45.473  11.931 0.6999999881
38586  -27.226  -44.881  11.421 0.5000000000
40229  -27.970  -42.937  11.544 0.4000000060
39478  -32.033  -43.111  5.409 0.6999999881
41154  -28.386  -41.186  3.141 0.8000000119
41148  -30.968  -41.039  4.810 0.6999999881
44019  -22.740  -38.253  1.848 0.8000000119
44031  -25.204  -38.464  0.522 0.8000000119
38623  -32.640  -44.503  9.861 0.6999999881
40231  -30.020  -42.394  12.110 0.5000000000
39454  -33.298  -43.330  8.757 0.6999999881
40293  -32.966  -42.490  6.848 0.6999999881
43003  -27.360  -39.457  11.394 0.3000000119
40305  -32.016  -42.198  5.609 0.6999999881
41139  -31.483  -41.614  5.166 0.6999999881
135592  -32.604  -40.991  6.363 0.6999999881
43070  -31.494  -39.028  5.547 0.6999999881
142444  -27.855  -38.940  3.574 0.8000000119
43082  -28.493  -39.184  3.785 0.8000000119
43997  -28.368  -38.342  3.705 0.8000000119
39446  -33.166  -43.066  9.555 0.6999999881
142367  -28.794  -40.129  11.582 0.3000000119
142339  -29.619  -40.150  11.650 0.5000000000
40274  -33.406  -42.750  8.182 0.6999999881
146723  -28.577  -38.948  11.534 0.3000000119
42077  -30.854  -40.772  11.756 0.5000000000
142338  -30.482  -40.002  11.655 0.4000000060
41118  -33.479  -41.139  7.695 0.6999999881
42144  -33.168  -40.655  6.901 0.6999999881
44775  -28.206  -37.373  11.426 0.3000000119
141829  -33.452  -38.857  6.765 0.6999999881
41067  -32.200  -41.520  11.414 0.6000000238
45695  -31.564  -37.145  11.420 0.3000000119
45715  -31.442  -36.431  11.302 0.3000000119
134788  -33.881  -39.742  7.937 0.6999999881
146514  -29.660  -35.541  10.842 0.3000000119
46603  -31.283  -35.610  10.976 0.3000000119
47539  -25.362  -34.661  -1.420 0.6999999881
43903  -32.405  -38.448  11.276 0.6000000238
43927  -33.452  -38.694  10.452 0.6000000238
154534  -33.701  -39.173  10.007 0.6000000238
44780  -32.821  -37.672  11.020 0.4000000060
43046  -34.231  -38.804  8.692 0.6999999881
43054  -34.145  -39.110  7.986 0.6999999881
151978  -33.747  -39.385  7.378 0.6999999881
46710  -31.083  -34.959  1.633 0.8000000119
47511  -30.168  -34.100  0.267 0.8000000119
151974  -28.345  -33.689  -0.415 0.8000000119
47548  -25.204  -33.780  -1.688 0.6000000238
47540  -26.563  -34.579  -1.855 0.6000000238
44779  -31.996  -37.714  11.409 0.5000000000
46604  -32.674  -35.526  10.597 0.3000000119
44806  -34.019  -37.206  9.977 0.5000000000
44840  -34.516  -37.584  7.944 0.5000000000
48277  -30.519  -33.128  9.018 0.3000000119
134564  -32.190  -33.398  9.674 0.3000000119
150375  -35.060  -35.597  7.548 0.5000000000
45783  -34.233  -36.091  5.878 0.6000000238
46680  -31.896  -35.634  3.085 0.8000000119
46678  -34.383  -34.980  4.795 0.6000000238
47495  -31.455  -34.249  1.244 0.6999999881
47427  -33.595  -34.478  9.775 0.3000000119
49147  -32.017  -32.772  9.274 0.3000000119
146813  -34.669  -34.176  8.722 0.3000000119
50184  -30.501  -31.671  7.387 0.3000000119
50175  -32.665  -31.494  8.175 0.3000000119
47475  -35.158  -34.314  5.138 0.6000000238
50279  -23.934  -31.475  -1.170 0.6999999881
50263  -24.400  -30.937  -0.894 0.6999999881
48332  -35.452  -33.189  4.187 0.6000000238
49228  -34.663  -32.678  2.673 0.6999999881
50269  -31.037  -31.639  -0.702 0.6000000238
141628  -25.142  -30.670  -1.047 0.6999999881
49285  -27.020  -32.712  -2.584 0.5000000000
142710  -35.569  -32.827  6.614 0.4000000060
132684  -26.979  -30.178  -1.359 0.6000000238
52172  -27.111  -29.369  -1.412 0.6000000238
51251  -27.149  -30.653  -2.894 0.6000000238
53142  -26.496  -28.206  -3.324 0.4000000060
51134  -33.076  -30.050  7.059 0.4000000060
52115  -30.640  -29.862  5.762 0.3000000119
53082  -28.779  -28.583  4.609 0.3000000119
53083  -29.637  -28.171  4.709 0.3000000119
137755  -34.708  -30.993  1.561 0.5000000000
51194  -32.763  -30.451  -0.042 0.5000000000
52171  -25.648  -29.844  -1.315 0.5000000000
53066  -31.759  -28.296  5.454 0.4000000060
151803  -31.316  -28.024  5.239 0.4000000060
51195  -33.755  -30.597  0.638 0.5000000000
151471  -36.177  -30.185  2.598 0.4000000060
51196  -34.067  -29.900  0.598 0.4000000060
54028  -27.723  -27.055  -1.558 0.6000000238
58335  -27.974  -23.808  3.273 0.3000000119
139925  -30.414  -23.323  3.641 0.4000000060
59433  -30.228  -22.675  -1.704 0.4000000060
61635  -29.525  -19.159  -3.840 0.4000000060
61601  -32.223  -21.334  -1.500 0.4000000060
63700  -30.070  -18.660  -3.923 0.3000000119
20069  -24.445  -65.560  6.603 0.5000000000
21014  -23.623  -64.824  4.973 0.5000000000
134049  -23.556  -66.794  11.486 0.4000000060
19145  -24.293  -66.281  10.210 0.5000000000
19144  -23.836  -66.945  9.666 0.5000000000
19151  -24.458  -66.230  8.400 0.5000000000
21008  -24.616  -64.574  6.388 0.6000000238
150571  -24.302  -64.078  5.438 0.6000000238
19133  -24.137  -66.267  11.079 0.5000000000
20030  -23.938  -66.095  11.876 0.5000000000
20050  -24.656  -65.378  9.796 0.5000000000
20993  -24.866  -64.803  8.298 0.5000000000
20020  -23.758  -65.820  12.677 0.5000000000
143801  -24.838  -63.950  7.079 0.6000000238
22845  -24.971  -62.848  6.114 0.6000000238
21902  -24.759  -63.620  6.242 0.6000000238
21909  -24.600  -63.205  5.609 0.6000000238
23784  -24.361  -62.153  4.611 0.6000000238
22854  -24.774  -62.430  5.439 0.6000000238
22858  -23.825  -62.524  4.194 0.6000000238
23791  -23.375  -61.449  3.329 0.6000000238
133022  -24.457  -61.363  4.334 0.6000000238
20968  -24.535  -64.757  11.374 0.5000000000
20990  -24.882  -64.573  9.184 0.5000000000
21886  -24.989  -63.966  8.461 0.6000000238
20012  -23.437  -65.487  13.400 0.5000000000
21903  -25.109  -63.145  6.840 0.6000000238
149731  -21.744  -65.078  14.510 0.5000000000
20940  -23.475  -64.638  13.616 0.5000000000
23778  -25.326  -61.752  5.878 0.6000000238
152185  -24.885  -60.974  4.746 0.6000000238
20983  -24.726  -64.707  10.415 0.5000000000
137507  -25.085  -63.766  9.140 0.5000000000
20958  -24.346  -64.393  12.295 0.5000000000
21851  -24.646  -63.821  11.702 0.5000000000
21868  -24.814  -63.934  10.833 0.5000000000
21880  -25.341  -63.137  9.522 0.5000000000
149545  -25.451  -62.721  7.318 0.6000000238
155142  -23.023  -64.356  14.065 0.5000000000
134870  -23.861  -64.203  13.325 0.5000000000
20938  -21.352  -64.385  14.532 0.5000000000
21822  -22.658  -63.696  14.214 0.5000000000
24695  -25.779  -60.912  6.051 0.6000000238
23785  -25.290  -60.972  5.339 0.6000000238
25631  -23.926  -59.997  3.524 0.6000000238
24727  -24.552  -60.555  4.177 0.6000000238
149876  -24.760  -63.156  11.945 0.5000000000
22806  -26.011  -62.130  9.465 0.5000000000
22805  -25.679  -62.642  8.975 0.6000000238
132457  -26.633  -61.388  8.373 0.6000000238
22764  -24.688  -62.691  12.473 0.5000000000
22817  -25.688  -62.603  8.088 0.6000000238
22835  -26.160  -61.954  7.982 0.6000000238
20937  -20.386  -64.335  14.610 0.5000000000
146940  -18.894  -63.359  14.322 0.5000000000
24728  -25.110  -60.305  4.820 0.6000000238
26562  -24.804  -58.701  4.462 0.6000000238
22776  -25.444  -61.856  11.648 0.5000000000
141233  -25.364  -62.555  10.999 0.5000000000
22793  -26.057  -61.877  10.144 0.5000000000
23742  -26.483  -61.637  9.105 0.6000000238
145566  -23.771  -62.902  13.620 0.5000000000
21821  -21.744  -63.653  14.379 0.5000000000
22753  -23.414  -62.163  13.792 0.6000000238
23708  -25.979  -61.069  11.461 0.6000000238
23724  -25.813  -61.879  10.818 0.5000000000
23735  -26.477  -61.492  9.772 0.5000000000
24661  -27.619  -60.296  8.980 0.6000000238
145461  -24.140  -62.152  13.419 0.6000000238
22765  -24.976  -61.953  12.415 0.6000000238
149427  -27.181  -60.729  8.493 0.6000000238
22751  -21.513  -62.066  13.871 0.5000000000
22752  -22.589  -62.161  14.015 0.5000000000
23678  -23.794  -61.416  13.587 0.6000000238
22733  -18.301  -62.950  14.167 0.4000000060
23694  -25.361  -61.055  12.434 0.6000000238
23709  -26.611  -60.629  10.916 0.6000000238
24648  -26.853  -60.872  10.132 0.5000000000
24649  -27.406  -60.346  9.802 0.6000000238
25591  -27.887  -59.479  7.727 0.6000000238
25563  -27.931  -59.740  9.546 0.6999999881
141583  -28.143  -44.810  0.808 0.5000000000
40232  -31.073  -42.353  11.976 0.5000000000
44864  -31.138  -37.585  4.847 0.6000000238
45864  -26.502  -36.054  -1.118 0.5000000000
46761  -27.537  -35.183  -1.877 0.5000000000
49305  -25.556  -31.778  -2.450 0.5000000000
63701  -30.861  -18.442  -3.522 0.4000000060
63702  -31.328  -17.661  -3.852 0.3000000119
64733  -31.781  -16.949  -4.216 0.3000000119
64747  -32.379  -16.531  -4.533 0.3000000119
18278  -22.422  -67.551  11.726 0.4000000060
18301  -23.147  -67.428  10.009 0.5000000000
19146  -23.952  -66.902  8.773 0.5000000000
21908  -23.594  -63.952  4.566 0.5000000000
19122  -23.443  -66.584  12.334 0.4000000060
21916  -24.180  -63.095  4.816 0.6000000238
21915  -23.394  -63.166  4.111 0.5000000000
22865  -23.151  -62.338  3.517 0.5000000000
19111  -21.973  -67.096  13.785 0.4000000060
20011  -22.848  -65.935  13.768 0.5000000000
20000  -21.608  -65.820  14.517 0.5000000000
20001  -22.313  -65.475  14.269 0.5000000000
145069  -21.027  -65.154  14.672 0.3000000119
155825  -18.871  -64.776  14.875 0.4000000060
20933  -16.495  -64.133  14.913 0.4000000060
36926  -29.244  -46.129  0.895 0.4000000060
37902  -29.456  -45.419  0.589 0.4000000060
134491  -28.851  -44.924  0.600 0.4000000060
143239  -31.421  -40.035  11.586 0.5000000000
43902  -31.497  -38.491  11.510 0.4000000060
45866  -28.171  -36.537  -1.435 0.5000000000
46746  -28.458  -35.767  -1.903 0.5000000000
155446  -28.274  -35.016  -2.184 0.5000000000
46651  -35.242  -35.013  7.234 0.4000000060
65805  -32.965  -15.994  -4.097 0.3000000119
18244  -22.354  -67.368  13.057 0.4000000060
22834  -25.817  -62.117  7.353 0.6000000238
22749  -19.767  -62.421  13.715 0.5000000000
157165  -20.154  -63.547  14.364 0.5000000000
22736  -21.173  -62.875  14.182 0.6000000238
20936  -19.530  -64.619  14.742 0.4000000060
20079  -24.203  -65.180  5.723 0.6000000238
19132  -23.688  -66.917  10.586 0.4000000060
20053  -24.706  -65.491  8.850 0.5000000000
21001  -24.782  -64.991  7.386 0.6000000238
20045  -24.488  -65.530  10.734 0.5000000000
19113  -23.264  -66.326  13.122 0.5000000000
21869  -25.168  -63.216  10.425 0.5000000000
21852  -24.945  -63.201  11.255 0.5000000000
21833  -23.446  -63.762  13.787 0.5000000000
22754  -24.352  -62.848  13.108 0.5000000000
63690  -31.727  -18.476  -2.907 0.4000000060
19101  -21.372  -66.760  14.406 0.4000000060
21923  -22.540  -63.224  3.559 0.4000000060
23790  -22.526  -61.497  2.806 0.4000000060
19102  -22.177  -66.328  14.111 0.4000000060
27246  -18.378  -56.537  11.306 0.4000000060
27247  -19.038  -57.341  11.231 0.3000000119
25562  -19.957  -59.513  9.815 0.4000000060
29657  -18.705  -54.841  11.313 0.4000000060
29658  -19.444  -54.622  11.796 0.4000000060
31330  -18.729  -52.325  9.374 0.4000000060
30462  -19.193  -53.077  9.796 0.4000000060
29671  -18.955  -54.008  11.087 0.4000000060
30444  -19.624  -53.726  11.550 0.4000000060
33117  -17.822  -50.684  8.536 0.3000000119
32203  -18.954  -51.432  9.615 0.3000000119
34043  -17.920  -49.724  8.800 0.4000000060
130912  -20.679  -51.748  10.738 0.4000000060
33108  -18.394  -50.591  9.360 0.4000000060
34033  -18.692  -49.704  9.695 0.4000000060
143183  -20.095  -49.160  10.303 0.4000000060
33110  -20.164  -50.582  10.195 0.5000000000
34944  -19.165  -48.774  10.013 0.4000000060
138484  -30.495  -38.519  11.583 0.3000000119
47428  -34.135  -34.836  9.519 0.3000000119
47450  -34.564  -34.785  9.015 0.3000000119
46648  -35.107  -35.143  7.947 0.3000000119
47451  -34.942  -34.617  8.366 0.3000000119
47454  -35.258  -34.322  7.636 0.3000000119
54020  -30.213  -27.550  -1.101 0.4000000060
49190  -35.054  -32.270  7.623 0.3000000119
51114  -34.584  -30.930  7.326 0.3000000119
134890  -30.893  -27.860  -0.814 0.4000000060
54021  -30.845  -27.070  -0.768 0.4000000060
51135  -34.092  -30.069  7.048 0.3000000119
152956  -32.007  -29.775  6.375 0.3000000119
52129  -31.927  -28.840  5.692 0.3000000119
54023  -32.483  -27.697  -0.274 0.4000000060
55065  -32.260  -26.844  -0.334 0.3000000119
54022  -31.601  -27.493  -0.558 0.4000000060
56216  -30.112  -25.909  -1.181 0.4000000060
56205  -30.144  -25.060  -1.304 0.3000000119
52119  -34.472  -29.542  6.512 0.3000000119
52130  -35.679  -29.549  5.755 0.3000000119
53056  -32.800  -28.920  6.118 0.3000000119
53058  -34.963  -28.905  6.054 0.3000000119
53070  -35.826  -28.689  5.406 0.3000000119
52146  -36.473  -29.434  4.511 0.3000000119
53069  -34.245  -28.238  5.952 0.3000000119
146017  -35.030  -27.976  5.681 0.3000000119
53084  -36.508  -28.576  4.260 0.3000000119
52153  -36.584  -29.358  3.732 0.3000000119
51190  -35.914  -29.792  2.021 0.3000000119
53972  -31.932  -27.605  5.349 0.3000000119
53068  -33.364  -28.195  5.853 0.3000000119
144320  -35.188  -30.175  1.516 0.3000000119
55008  -31.658  -26.902  5.163 0.3000000119
55024  -31.177  -26.524  4.868 0.3000000119
52159  -35.464  -29.315  1.492 0.3000000119
133962  -30.624  -26.098  4.610 0.3000000119
56179  -30.673  -25.391  4.474 0.3000000119
52165  -34.365  -29.105  0.654 0.3000000119
53104  -33.846  -28.406  0.380 0.3000000119
54012  -33.839  -27.210  0.378 0.3000000119
58355  -27.420  -23.267  2.900 0.3000000119
133141  -33.297  -27.798  0.124 0.3000000119
54011  -33.030  -27.018  0.002 0.3000000119
59374  -28.677  -22.447  2.636 0.3000000119
59396  -26.530  -22.018  2.147 0.3000000119
57352  -30.079  -24.214  -1.483 0.3000000119
53071  -36.241  -28.298  4.864 0.3000000119
53974  -33.999  -27.447  5.692 0.3000000119
52156  -36.420  -29.348  2.740 0.3000000119
52160  -36.104  -28.892  1.942 0.3000000119
55009  -32.373  -26.814  5.335 0.3000000119
53973  -32.889  -27.507  5.555 0.3000000119
55011  -34.298  -26.522  5.465 0.3000000119
134053  -35.809  -27.621  5.128 0.3000000119
53990  -36.537  -27.781  3.768 0.3000000119
53999  -36.586  -27.869  3.079 0.3000000119
53094  -36.435  -28.387  2.546 0.3000000119
53098  -35.513  -28.400  1.400 0.3000000119
55025  -31.841  -26.181  5.097 0.3000000119
56150  -32.716  -25.986  5.274 0.3000000119
55026  -35.098  -26.258  5.255 0.3000000119
53097  -34.998  -28.962  1.070 0.3000000119
56157  -29.910  -25.552  4.374 0.3000000119
130433  -31.262  -25.719  4.706 0.3000000119
53105  -34.731  -28.371  0.825 0.3000000119
150029  -34.527  -27.167  0.688 0.3000000119
58337  -30.027  -23.987  3.812 0.3000000119
55055  -33.567  -26.401  0.258 0.3000000119
59356  -29.949  -22.788  3.244 0.3000000119
59375  -29.486  -22.270  2.788 0.3000000119
59376  -30.257  -22.054  3.024 0.3000000119
55054  -32.810  -26.227  -0.108 0.3000000119
60469  -29.025  -21.687  2.408 0.3000000119
56201  -32.613  -25.475  -0.261 0.3000000119
56199  -31.522  -25.014  -0.704 0.3000000119
149391  -31.664  -24.260  -0.811 0.3000000119
58403  -30.732  -23.627  -1.370 0.3000000119
154155  -31.263  -24.000  -1.092 0.3000000119
144243  -36.312  -27.692  4.461 0.3000000119
153676  -35.566  -26.789  5.063 0.3000000119
53976  -36.020  -26.894  4.607 0.3000000119
135485  -36.518  -27.060  3.186 0.3000000119
54004  -36.406  -27.584  2.468 0.3000000119
56160  -33.192  -25.149  5.234 0.3000000119
56162  -35.141  -25.385  5.037 0.3000000119
150745  -35.660  -26.130  4.792 0.3000000119
55027  -36.127  -26.160  4.236 0.3000000119
53099  -36.145  -28.034  1.907 0.3000000119
56158  -31.183  -24.887  4.483 0.3000000119
57304  -31.826  -24.284  4.519 0.3000000119
57305  -32.793  -24.359  4.889 0.3000000119
140918  -35.606  -26.964  1.428 0.3000000119
56203  -34.824  -25.987  0.844 0.3000000119
55057  -34.981  -26.741  0.947 0.3000000119
58338  -31.172  -23.136  3.897 0.3000000119
59358  -31.492  -22.388  3.707 0.3000000119
140001  -34.120  -25.773  0.458 0.3000000119
60452  -30.993  -21.884  3.287 0.3000000119
56202  -33.332  -25.615  0.092 0.3000000119
60471  -30.631  -21.326  2.874 0.3000000119
150372  -31.257  -21.260  3.175 0.3000000119
57347  -32.322  -24.703  -0.480 0.3000000119
58404  -31.610  -23.495  -1.066 0.3000000119
55041  -36.369  -26.194  3.581 0.3000000119
58325  -33.539  -23.538  4.776 0.3000000119
58326  -34.453  -23.819  4.789 0.3000000119
57309  -35.962  -24.709  3.978 0.3000000119
146425  -36.357  -26.895  2.399 0.3000000119
54008  -36.119  -27.254  1.904 0.3000000119
144027  -35.974  -24.038  3.616 0.3000000119
56180  -36.328  -25.369  3.171 0.3000000119
140186  -36.078  -26.369  1.900 0.3000000119
58339  -31.985  -22.911  4.231 0.3000000119
59350  -32.971  -22.799  4.487 0.3000000119
61551  -31.897  -20.895  3.341 0.3000000119
61552  -32.747  -20.599  3.581 0.3000000119
148730  -35.178  -24.397  0.868 0.3000000119
57349  -33.870  -24.956  0.257 0.3000000119
61569  -31.173  -20.562  2.814 0.3000000119
151729  -33.121  -24.872  -0.140 0.3000000119
57348  -33.018  -24.136  -0.346 0.3000000119
58391  -32.334  -23.819  -0.652 0.3000000119
59434  -31.659  -22.635  -1.295 0.3000000119
57308  -35.438  -24.640  4.538 0.3000000119
139204  -35.109  -24.014  4.606 0.3000000119
57324  -36.179  -24.592  3.359 0.3000000119
56190  -36.219  -25.491  2.274 0.3000000119
59352  -34.646  -22.587  4.415 0.3000000119
58340  -35.565  -23.029  4.007 0.3000000119
56197  -35.798  -25.551  1.619 0.3000000119
59360  -33.512  -22.053  4.358 0.3000000119
60445  -34.147  -21.529  4.218 0.3000000119
57342  -35.699  -24.185  1.398 0.3000000119
62596  -30.836  -19.072  2.076 0.3000000119
60455  -33.291  -21.231  4.024 0.3000000119
61553  -33.647  -20.415  3.701 0.3000000119
61568  -30.585  -19.948  2.323 0.3000000119
61570  -32.116  -20.089  3.145 0.3000000119
62570  -33.102  -19.775  3.379 0.3000000119
57350  -34.405  -24.087  0.368 0.3000000119
140348  -33.665  -23.719  -0.166 0.3000000119
58392  -33.056  -23.359  -0.532 0.3000000119
58405  -32.370  -22.996  -0.876 0.3000000119
58358  -36.188  -23.749  2.974 0.3000000119
57343  -36.019  -24.792  1.843 0.3000000119
59353  -35.286  -22.440  4.093 0.3000000119
59361  -35.733  -22.478  3.550 0.3000000119
59362  -36.096  -22.714  2.997 0.3000000119
60456  -34.754  -21.145  3.868 0.3000000119
60457  -35.447  -21.608  3.622 0.3000000119
58376  -35.843  -23.386  1.497 0.3000000119
62584  -31.467  -19.609  2.583 0.3000000119
61554  -34.495  -20.413  3.636 0.3000000119
59397  -35.541  -22.899  0.857 0.3000000119
62585  -32.462  -19.225  2.874 0.3000000119
62586  -33.556  -18.850  3.118 0.3000000119
62571  -34.071  -19.655  3.464 0.3000000119
135299  -35.250  -20.646  3.436 0.3000000119
58393  -34.838  -23.207  0.352 0.3000000119
59417  -33.742  -23.007  -0.357 0.3000000119
60498  -33.935  -22.372  -0.440 0.3000000119
59435  -33.182  -22.454  -0.734 0.3000000119
61620  -32.040  -20.503  -1.826 0.3000000119
61602  -32.857  -20.838  -1.470 0.3000000119
60521  -33.017  -21.616  -1.153 0.3000000119
59377  -36.128  -23.042  2.291 0.3000000119
63649  -31.763  -18.715  2.377 0.3000000119
60458  -35.963  -21.816  3.049 0.3000000119
60472  -36.116  -21.976  2.344 0.3000000119
59398  -35.967  -22.531  1.559 0.3000000119
63650  -32.754  -18.367  2.636 0.3000000119
62572  -34.938  -19.788  3.310 0.3000000119
133393  -36.017  -21.199  2.614 0.3000000119
60487  -35.737  -22.087  0.858 0.3000000119
60500  -35.363  -21.544  0.193 0.3000000119
59418  -34.403  -22.739  -0.107 0.3000000119
60524  -35.293  -20.882  -0.154 0.3000000119
60499  -34.553  -22.001  -0.232 0.3000000119
155023  -34.928  -19.629  -0.926 0.3000000119
61603  -34.091  -20.805  -0.910 0.3000000119
60522  -33.828  -21.650  -0.703 0.3000000119
62621  -34.260  -19.989  -1.202 0.3000000119
153182  -33.471  -21.081  -1.137 0.3000000119
63660  -31.160  -18.216  1.779 0.3000000119
63661  -32.071  -17.872  2.182 0.3000000119
146006  -33.565  -18.090  2.741 0.3000000119
62588  -35.280  -19.177  2.842 0.3000000119
62589  -35.885  -19.448  2.350 0.3000000119
60488  -36.156  -20.941  1.814 0.3000000119
60501  -35.968  -21.290  0.935 0.3000000119
63653  -35.593  -18.512  2.413 0.3000000119
61593  -36.133  -20.548  1.017 0.3000000119
62608  -35.906  -19.136  -0.026 0.3000000119
61605  -35.944  -19.970  0.383 0.3000000119
61592  -35.735  -20.771  0.374 0.3000000119
62622  -35.469  -19.755  -0.386 0.3000000119
61604  -34.900  -20.403  -0.618 0.3000000119
62631  -33.548  -19.503  -1.731 0.3000000119
136712  -32.121  -19.322  -2.351 0.3000000119
62619  -32.696  -19.940  -1.851 0.3000000119
62630  -31.315  -19.157  -2.655 0.3000000119
64693  -32.367  -17.218  1.983 0.3000000119
64677  -33.090  -17.502  2.425 0.3000000119
63651  -34.215  -18.240  2.847 0.3000000119
64679  -34.614  -17.743  2.591 0.3000000119
64680  -35.274  -17.626  2.377 0.3000000119
62597  -36.185  -19.264  1.670 0.3000000119
62609  -36.205  -19.192  0.826 0.3000000119
132122  -36.214  -19.899  1.220 0.3000000119
62632  -34.472  -19.011  -1.495 0.3000000119
133177  -32.704  -18.956  -2.339 0.3000000119
64678  -34.006  -17.540  2.613 0.3000000119
24732  -22.158  -60.642  2.465 0.4000000060
32202  -18.185  -51.485  9.064 0.3000000119
31321  -20.384  -52.425  11.112 0.4000000060
30445  -20.396  -53.285  11.929 0.4000000060
31331  -19.534  -52.205  9.883 0.4000000060
34946  -20.915  -48.111  10.344 0.4000000060
34034  -19.638  -49.784  10.146 0.4000000060
43005  -30.978  -39.272  11.608 0.3000000119
143088  -36.410  -30.064  4.744 0.3000000119
52131  -36.197  -29.599  5.173 0.3000000119
153881  -31.339  -28.109  -0.676 0.4000000060
56178  -29.501  -24.630  3.974 0.3000000119
58336  -29.270  -23.866  3.533 0.3000000119
59373  -27.849  -22.547  2.549 0.3000000119
57323  -30.911  -23.972  4.175 0.3000000119
53090  -36.591  -28.556  3.370 0.3000000119
31340  -18.024  -52.366  8.709 0.4000000060
135347  -18.474  -53.187  9.074 0.4000000060
137757  -18.597  -53.770  9.536 0.4000000060
31320  -19.788  -52.656  10.412 0.4000000060
33109  -19.275  -50.587  9.873 0.4000000060
53057  -33.897  -28.817  6.298 0.3000000119
53975  -35.016  -27.088  5.439 0.3000000119
57322  -30.352  -24.719  4.252 0.3000000119
55056  -34.319  -26.548  0.580 0.3000000119
55010  -33.303  -26.698  5.464 0.3000000119
56151  -33.692  -25.885  5.384 0.3000000119
54007  -35.733  -27.647  1.541 0.3000000119
56159  -32.089  -25.222  4.890 0.3000000119
56161  -34.214  -25.168  5.272 0.3000000119
60486  -29.338  -20.958  2.228 0.3000000119
60485  -28.603  -21.108  2.030 0.3000000119
56164  -36.184  -25.463  3.875 0.3000000119
57306  -33.809  -24.403  5.101 0.3000000119
57307  -34.733  -24.548  4.966 0.3000000119
56163  -35.785  -25.402  4.422 0.3000000119
58324  -32.439  -23.591  4.540 0.3000000119
56195  -34.766  -25.096  0.713 0.3000000119
142629  -35.497  -24.926  1.247 0.3000000119
60453  -31.735  -21.645  3.521 0.3000000119
58328  -35.610  -23.845  4.137 0.3000000119
58341  -35.891  -23.290  3.567 0.3000000119
59351  -33.901  -22.698  4.570 0.3000000119
58394  -35.318  -23.701  0.837 0.3000000119
156504  -34.236  -22.134  4.389 0.3000000119
60446  -34.826  -21.871  4.182 0.3000000119
58377  -36.119  -23.959  2.107 0.3000000119
150801  -36.052  -21.766  1.509 0.3000000119
62587  -34.520  -18.977  3.112 0.3000000119
61555  -35.607  -20.053  2.978 0.3000000119
61571  -35.956  -20.423  2.500 0.3000000119
63652  -34.916  -18.364  2.717 0.3000000119
61583  -36.176  -20.045  1.881 0.3000000119
64681  -35.941  -17.866  1.944 0.3000000119
65753  -35.929  -17.080  1.660 0.3000000119
140135  -17.834  -53.163  8.237 0.4000000060
35959  -29.694  -47.558  1.538 0.4000000060
155963  -13.308  -62.997  13.696 0.3000000119
21814  -13.465  -63.429  14.217 0.3000000119
140338  -13.110  -62.454  12.689 0.3000000119
21815  -14.220  -63.462  14.464 0.3000000119
34943  -18.277  -48.829  9.232 0.3000000119
35854  -18.612  -47.936  9.367 0.3000000119
28845  -17.825  -55.097  10.200 0.3000000119
29670  -18.448  -54.383  10.388 0.3000000119
28838  -17.847  -55.769  10.885 0.3000000119
152941  -18.179  -55.115  10.908 0.3000000119
29678  -17.852  -54.676  8.450 0.3000000119
29679  -18.106  -54.476  9.377 0.3000000119
35045  -29.733  -48.285  1.875 0.3000000119
18260  -22.557  -67.406  12.398 0.4000000060
18261  -23.031  -67.212  11.971 0.4000000060
19112  -22.631  -66.703  13.456 0.5000000000
19121  -22.926  -66.984  12.745 0.4000000060
19147  -24.402  -66.268  9.292 0.5000000000
19159  -24.473  -66.068  7.470 0.5000000000
20002  -22.964  -65.091  13.990 0.5000000000
20021  -24.178  -65.272  12.125 0.5000000000
20031  -24.296  -65.608  11.449 0.5000000000
20061  -24.702  -65.545  8.085 0.6000000238
20913  -12.971  -64.484  14.973 0.4000000060
20934  -17.381  -64.312  14.911 0.5000000000
20939  -22.295  -64.539  14.347 0.5000000000
20949  -23.955  -64.869  12.956 0.5000000000
20950  -24.184  -64.122  12.924 0.5000000000
21816  -15.483  -63.094  14.331 0.5000000000
21820  -20.854  -63.601  14.415 0.5000000000
21828  -12.774  -63.438  13.889 0.3000000119
21832  -23.050  -62.925  14.057 0.5000000000
21834  -24.085  -63.578  13.270 0.5000000000
21843  -24.465  -63.518  12.555 0.5000000000
21879  -24.958  -63.983  9.901 0.5000000000
21887  -25.318  -63.249  8.646 0.5000000000
21897  -24.901  -64.190  7.800 0.6000000238
21898  -25.176  -63.396  7.738 0.6000000238
21914  -22.910  -63.818  4.016 0.5000000000
22732  -14.742  -62.875  14.097 0.5000000000
22734  -19.610  -63.094  14.157 0.6000000238
22737  -22.125  -62.888  14.202 0.6000000238
22742  -12.731  -62.909  13.191 0.3000000119
22743  -13.625  -62.448  13.209 0.4000000060
22750  -20.572  -62.268  13.750 0.5000000000
22762  -13.589  -62.103  12.560 0.4000000060
22775  -25.042  -62.570  11.778 0.5000000000
22792  -25.627  -62.499  10.120 0.5000000000
22818  -26.131  -62.073  8.658 0.6000000238
22846  -25.397  -62.356  6.593 0.6000000238
23670  -15.955  -61.687  13.112 0.6000000238
23685  -14.816  -61.501  12.217 0.4000000060
23686  -15.675  -61.418  12.396 0.5000000000
23687  -16.498  -61.397  12.495 0.5000000000
23689  -18.471  -61.448  12.693 0.6000000238
23693  -24.607  -61.401  13.141 0.6000000238
23704  -16.313  -61.301  11.676 0.3000000119
23722  -18.988  -61.217  9.800 0.5000000000
23725  -26.322  -61.325  10.544 0.5000000000
23765  -26.290  -60.835  6.827 0.6999999881
23777  -24.865  -61.616  5.062 0.6000000238
23783  -23.907  -61.820  3.905 0.6000000238
24589  -21.843  -60.749  13.284 0.6000000238
24607  -21.994  -59.929  12.834 0.6000000238
24609  -25.410  -60.122  12.706 0.6000000238
24621  -19.787  -60.628  10.937 0.5000000000
24639  -27.115  -60.305  10.500 0.6000000238
24645  -19.062  -61.002  9.334 0.4000000060
24660  -26.997  -60.994  9.239 0.6000000238
24678  -27.572  -60.162  8.146 0.6000000238
24696  -26.702  -60.237  6.920 0.6999999881
24726  -23.970  -60.968  3.615 0.6000000238
25512  -23.469  -59.993  13.403 0.6000000238
25535  -21.349  -59.189  10.941 0.5000000000
25537  -26.593  -59.407  11.862 0.6000000238
25550  -28.172  -59.229  10.023 0.8000000119
25560  -19.074  -60.516  9.244 0.4000000060
25592  -28.495  -58.965  7.985 0.6999999881
25614  -26.291  -59.160  6.004 0.6999999881
25632  -24.668  -59.638  4.226 0.6000000238
25638  -22.856  -59.341  3.057 0.6000000238
25644  -21.611  -59.839  1.996 0.4000000060
26453  -22.742  -58.832  12.393 0.6000000238
26470  -27.915  -58.011  11.117 0.8000000119
26481  -28.419  -57.956  10.607 0.8000000119
26500  -29.309  -57.864  8.403 0.8000000119
26515  -28.024  -58.848  7.366 0.6999999881
26517  -29.083  -57.739  7.647 0.8000000119
26568  -22.060  -57.969  2.996 0.6999999881
26584  -22.042  -58.042  2.095 0.6999999881
26586  -24.118  -58.351  1.192 0.5000000000
27238  -25.426  -57.807  12.435 0.6999999881
27255  -27.498  -57.538  11.510 0.6999999881
27266  -20.778  -58.157  10.539 0.5000000000
27308  -26.802  -56.775  6.086 0.6999999881
27329  -23.100  -57.307  3.814 0.6999999881
27330  -23.995  -57.233  4.323 0.6999999881
27337  -22.136  -57.333  2.996 0.6999999881
28042  -19.271  -56.559  11.541 0.3000000119
28044  -21.319  -56.376  11.514 0.5000000000
28046  -23.543  -56.308  11.343 0.6000000238
28051  -28.257  -56.587  11.070 0.8000000119
28058  -28.804  -56.429  10.603 0.8000000119
28059  -29.570  -56.541  9.685 0.8000000119
28066  -30.185  -56.028  8.667 0.8000000119
28075  -30.116  -56.338  8.133 0.8000000119
28117  -24.845  -56.141  5.124 0.6999999881
28125  -22.823  -56.175  3.810 0.6999999881
28126  -23.646  -56.379  4.368 0.6999999881
28142  -22.204  -56.741  2.883 0.6999999881
28153  -22.468  -56.761  2.470 0.6999999881
28155  -24.197  -56.613  1.592 0.6999999881
28156  -25.092  -56.725  1.528 0.6000000238
28822  -18.538  -55.712  11.402 0.3000000119
28828  -24.719  -55.464  11.471 0.6000000238
28832  -28.410  -55.791  10.985 0.6999999881
28847  -30.401  -55.369  8.412 0.8000000119
28867  -29.912  -55.513  7.170 0.6999999881
28885  -28.181  -55.847  6.445 0.6999999881
28894  -23.894  -55.074  4.801 0.6999999881
28913  -22.557  -55.138  3.222 0.6999999881
28922  -22.677  -55.093  2.844 0.6999999881
28925  -25.285  -55.419  1.980 0.6000000238
28926  -26.118  -55.491  2.383 0.5000000000
29652  -23.808  -54.147  11.887 0.5000000000
29661  -22.586  -54.729  12.014 0.5000000000
29663  -26.193  -54.741  11.496 0.6000000238
29689  -30.575  -54.487  8.394 0.8000000119
29717  -27.887  -54.329  6.115 0.6999999881
29730  -25.213  -54.772  5.407 0.6999999881
29731  -26.539  -54.141  5.707 0.6999999881
29732  -27.234  -54.062  5.858 0.6999999881
30452  -18.944  -53.697  10.261 0.3000000119
30453  -19.394  -53.346  10.698 0.4000000060
30454  -19.880  -53.052  11.177 0.4000000060
30455  -29.119  -53.439  10.707 0.6999999881
30472  -18.170  -53.921  8.681 0.3000000119
30513  -23.086  -52.961  4.367 0.6999999881
30515  -24.591  -53.628  5.252 0.6999999881
30523  -22.956  -53.750  4.167 0.6999999881
30545  -23.450  -53.498  2.642 0.6999999881
30547  -25.364  -53.438  2.344 0.6999999881
31302  -21.927  -52.689  12.340 0.6000000238
31303  -22.716  -52.743  12.463 0.6000000238
31304  -24.126  -52.399  12.444 0.6000000238
31309  -20.878  -52.599  11.822 0.5000000000
31312  -25.975  -53.278  11.734 0.6000000238
31314  -27.227  -52.714  11.640 0.6000000238
31332  -20.183  -51.957  10.334 0.4000000060
31342  -31.128  -51.951  8.055 0.6999999881
31373  -30.418  -52.578  6.980 0.8000000119
31382  -23.870  -52.347  4.915 0.6999999881
31400  -22.776  -52.696  3.574 0.6999999881
31414  -23.167  -52.716  2.973 0.6999999881
32176  -26.177  -51.972  12.248 0.6000000238
32182  -21.617  -51.587  11.590 0.6000000238
32186  -27.353  -51.573  12.074 0.8000000119
32196  -29.437  -51.176  10.971 0.8000000119
32197  -29.962  -51.367  10.534 0.8000000119
32204  -19.837  -51.373  10.005 0.4000000060
32243  -29.122  -51.761  6.227 0.8000000119
32253  -23.090  -51.566  4.370 0.8000000119
32254  -23.701  -51.721  4.751 0.6999999881
32255  -24.485  -51.892  5.070 0.6999999881
32258  -27.579  -51.888  5.719 0.8000000119
32265  -22.821  -51.337  4.083 0.8000000119
32276  -22.843  -51.082  3.786 0.6999999881
32277  -28.598  -51.906  3.101 0.4000000060
32289  -23.299  -51.201  3.234 0.6999999881
32291  -24.764  -51.269  2.514 0.6999999881
32292  -25.582  -51.215  2.395 0.6999999881
33075  -26.037  -50.609  12.623 0.8000000119
33103  -30.336  -50.116  10.540 0.8000000119
33104  -30.784  -49.895  10.052 0.8000000119
33112  -31.087  -50.063  9.481 0.8000000119
33159  -26.228  -50.319  5.133 0.8000000119
33161  -28.381  -50.476  5.718 0.8999999762
33186  -24.324  -50.612  2.688 0.8000000119
34012  -24.305  -49.012  11.882 0.4000000060
34014  -29.669  -49.494  11.484 0.8000000119
34036  -21.017  -48.999  10.378 0.5000000000
34044  -31.519  -49.377  8.296 0.6999999881
34064  -29.878  -50.069  6.310 0.8000000119
34076  -23.190  -50.096  4.297 0.8000000119
34077  -23.581  -49.701  4.473 0.8000000119
34079  -25.133  -49.574  4.776 0.8000000119
34081  -27.180  -49.503  5.094 0.8999999762
34106  -22.886  -50.051  4.032 0.8000000119
34118  -27.048  -49.736  2.116 0.5000000000
34120  -28.732  -49.651  2.361 0.5000000000
34896  -24.867  -48.692  12.083 0.5000000000
34898  -26.429  -48.523  12.633 0.6999999881
34923  -30.528  -48.791  10.841 0.6999999881
34945  -20.128  -48.386  10.279 0.5000000000
34947  -31.389  -48.709  9.516 0.6999999881
34982  -24.626  -48.367  4.603 0.8000000119
34983  -25.579  -48.441  4.625 0.8999999762
35002  -26.341  -48.200  4.600 0.8999999762
35042  -26.405  -48.072  1.898 0.6000000238
35806  -28.692  -47.537  12.694 0.6999999881
35820  -24.753  -47.627  11.197 0.5000000000
35855  -19.439  -47.772  9.909 0.4000000060
35866  -31.944  -47.768  8.323 0.6999999881
35892  -23.618  -47.461  4.401 0.8000000119
35896  -29.913  -47.917  5.530 0.8000000119
35914  -27.538  -47.622  4.558 0.8000000119
35917  -30.642  -46.788  5.245 0.8000000119
35943  -25.047  -47.462  2.309 0.8000000119
36775  -26.463  -46.280  11.610 0.5000000000
36776  -30.377  -47.099  12.018 0.6999999881
36791  -24.512  -46.401  10.389 0.5000000000
36794  -32.159  -45.991  9.974 0.6999999881
36814  -31.745  -47.343  9.731 0.6999999881
36839  -31.788  -46.843  6.326 0.6999999881
36845  -24.256  -47.098  4.547 0.8000000119
36860  -23.132  -46.432  4.025 0.8000000119
36861  -24.356  -46.279  4.487 1.0000000000
36883  -23.142  -46.224  3.636 0.8000000119
36895  -23.334  -46.508  3.179 0.8000000119
36911  -25.959  -46.649  1.746 0.6999999881
36914  -28.986  -46.868  1.242 0.6000000238
37726  -28.134  -45.426  12.333 0.6000000238
37760  -25.139  -45.096  10.136 0.4000000060
37761  -26.319  -45.640  11.041 0.5000000000
37778  -23.757  -45.294  9.880 0.4000000060
37814  -32.563  -45.718  6.769 0.6999999881
37823  -31.760  -45.684  5.388 0.6999999881
37842  -28.470  -46.028  3.984 0.8000000119
37860  -29.335  -44.918  3.630 0.8000000119
37889  -25.109  -45.356  1.896 0.8000000119
37901  -28.600  -45.513  0.832 0.6000000238
38566  -27.853  -44.815  11.967 0.6000000238
38568  -30.024  -44.600  12.452 0.6000000238
38589  -30.801  -44.190  12.214 0.6999999881
38590  -31.372  -44.724  11.798 0.6999999881
38631  -32.918  -44.925  8.123 0.6999999881
38668  -32.424  -44.504  5.869 0.6999999881
38679  -23.447  -45.019  4.078 1.0000000000
38683  -26.753  -45.024  3.792 0.8000000119
38684  -30.730  -44.543  4.103 0.6999999881
38739  -29.610  -44.620  0.319 0.4000000060
39429  -26.592  -43.668  10.576 0.4000000060
39445  -32.747  -43.579  10.199 0.6999999881
39498  -27.599  -43.798  3.376 0.8000000119
39499  -29.246  -43.894  3.382 0.6999999881
39500  -29.821  -43.778  3.521 0.6999999881
39501  -30.465  -43.755  3.828 0.6999999881
40234  -32.471  -42.176  11.107 0.6999999881
40313  -25.501  -42.556  3.541 0.8000000119
40345  -25.826  -42.394  1.222 0.6999999881
40361  -28.046  -42.177  0.486 0.6999999881
41086  -26.923  -41.421  10.825 0.3000000119
41142  -23.353  -41.835  3.229 0.8000000119
41143  -24.091  -41.846  3.508 0.8000000119
41152  -26.692  -41.744  3.205 0.8000000119
41163  -23.096  -41.769  2.482 0.8000000119
41174  -26.124  -41.839  1.034 0.8000000119
41201  -29.128  -41.394  -0.110 0.6000000238
42079  -32.557  -40.815  11.166 0.6000000238
42148  -31.511  -40.717  5.381 0.6999999881
42150  -23.413  -40.613  3.085 0.8000000119
42154  -29.889  -40.727  3.966 0.6999999881
42160  -25.547  -39.729  3.307 0.8000000119
42170  -22.900  -40.168  2.217 0.8000000119
42191  -27.837  -40.711  0.350 0.6999999881
43045  -33.965  -39.599  8.599 0.6999999881
43074  -24.600  -39.823  3.334 0.8000000119
43946  -34.153  -37.888  9.604 0.6000000238
43985  -32.173  -38.635  5.828 0.6999999881
43989  -30.954  -38.732  5.248 0.6999999881
43993  -24.239  -38.430  2.945 0.8000000119
43994  -25.395  -38.465  3.138 0.8000000119
43995  -26.459  -38.593  3.247 0.8000000119
44005  -22.854  -38.647  2.250 0.8000000119
44032  -26.229  -38.671  0.405 0.6000000238
44781  -33.325  -37.992  10.639 0.4000000060
44868  -23.228  -37.404  2.258 0.8000000119
44873  -27.871  -37.827  3.268 0.8000000119
44875  -30.657  -36.929  3.784 0.8000000119
44876  -31.211  -37.004  4.364 0.6000000238
44885  -29.230  -37.193  3.186 0.8000000119
44906  -24.632  -37.612  0.332 0.8000000119
44934  -27.813  -37.109  -0.942 0.5000000000
45759  -34.667  -36.928  7.853 0.5000000000
45789  -24.277  -37.269  2.464 0.8000000119
45799  -25.916  -36.726  2.165 0.8000000119
45815  -22.591  -36.421  1.239 0.8000000119
45817  -27.377  -36.276  1.704 0.8000000119
45830  -22.935  -36.281  0.605 0.8000000119
45841  -22.766  -35.528  0.610 0.8000000119
46628  -34.347  -35.563  9.410 0.4000000060
46647  -34.777  -35.389  8.628 0.3000000119
46659  -34.758  -35.553  6.168 0.6000000238
46673  -33.915  -35.775  5.223 0.6000000238
46702  -22.638  -35.709  0.925 0.8000000119
46705  -25.791  -35.419  1.136 0.8000000119
46727  -23.849  -35.300  -0.415 0.8000000119
46745  -27.486  -35.890  -1.503 0.5000000000
47399  -27.964  -34.865  10.055 0.3000000119
47457  -35.394  -34.408  6.923 0.4000000060
47490  -23.166  -34.761  0.546 0.8000000119
48280  -33.887  -33.253  9.127 0.3000000119
48404  -27.168  -33.353  -2.480 0.6000000238
49173  -31.588  -32.326  8.611 0.3000000119
49245  -28.779  -33.011  -0.853 0.8000000119
49256  -24.206  -31.778  -0.852 0.6999999881
50228  -28.235  -31.271  5.923 0.3000000119
50249  -35.006  -31.401  2.070 0.6000000238
50262  -24.170  -30.733  -1.413 0.6999999881
50295  -24.444  -31.615  -2.134 0.6999999881
51200  -24.708  -30.594  -1.029 0.6999999881
51213  -24.233  -30.217  -1.656 0.6999999881
51227  -24.275  -29.975  -2.136 0.6999999881
51248  -24.576  -29.990  -2.235 0.6999999881
51249  -25.195  -30.259  -2.472 0.6000000238
51252  -28.038  -30.827  -3.135 0.5000000000
52117  -32.009  -29.407  6.066 0.3000000119
52118  -33.478  -29.478  6.610 0.3000000119
52158  -34.773  -29.653  1.046 0.3000000119
52169  -24.292  -29.821  -1.736 0.6000000238
52173  -28.263  -29.174  -1.463 0.6000000238
53113  -30.371  -28.247  -1.092 0.5000000000
53115  -31.865  -28.344  -0.519 0.4000000060
53120  -24.384  -29.174  -1.807 0.6000000238
53140  -24.659  -28.392  -2.246 0.5000000000
53971  -31.089  -27.371  5.033 0.4000000060
54013  -35.091  -27.581  1.029 0.3000000119
54016  -25.410  -27.512  -1.689 0.5000000000
54017  -26.418  -27.812  -1.496 0.5000000000
54027  -24.717  -27.456  -2.036 0.5000000000
55048  -36.398  -26.220  2.739 0.3000000119
55051  -35.448  -26.195  1.301 0.3000000119
55063  -30.798  -26.253  -0.788 0.5000000000
55071  -27.170  -26.547  -1.733 0.6000000238
55098  -25.438  -25.713  -3.614 0.5000000000
56152  -34.529  -25.821  5.322 0.3000000119
56196  -35.286  -25.555  1.126 0.3000000119
56200  -31.999  -25.398  -0.491 0.4000000060
56208  -32.101  -26.047  -0.386 0.4000000060
56239  -25.395  -25.326  -3.579 0.5000000000
57336  -36.250  -24.656  2.619 0.3000000119
57355  -25.891  -24.849  -2.845 0.6000000238
57370  -25.687  -23.754  -3.726 0.6000000238
57379  -25.377  -24.689  -3.940 0.5000000000
57380  -25.481  -23.966  -4.243 0.5000000000
58327  -35.069  -23.258  4.433 0.3000000119
58334  -27.324  -23.926  3.272 0.3000000119
58356  -28.285  -23.132  2.948 0.3000000119
59359  -32.452  -22.038  4.066 0.3000000119
59419  -35.109  -22.416  0.302 0.3000000119
60454  -32.421  -21.288  3.697 0.3000000119
60470  -29.840  -21.425  2.573 0.3000000119
60523  -34.674  -21.231  -0.433 0.3000000119
60554  -28.234  -20.312  -3.619 0.4000000060
61556  -35.781  -20.945  3.062 0.3000000119
62620  -33.505  -20.388  -1.389 0.3000000119
63654  -36.045  -18.675  2.017 0.3000000119
63662  -36.239  -18.418  1.341 0.3000000119
63719  -31.353  -17.462  -4.539 0.3000000119
64696  -36.224  -17.619  1.251 0.3000000119
131492  -28.980  -41.840  3.187 0.6999999881
131852  -26.224  -56.257  11.748 0.6000000238
132530  -17.086  -63.570  14.565 0.5000000000
132641  -30.521  -54.043  9.155 0.6999999881
132743  -23.437  -44.139  3.745 1.0000000000
133347  -14.917  -63.527  14.573 0.3000000119
133389  -23.040  -47.836  4.026 0.8000000119
133599  -28.829  -49.198  5.550 0.8000000119
133622  -28.703  -55.352  6.512 0.8000000119
133685  -33.314  -42.155  7.567 0.6999999881
133781  -22.125  -59.301  1.517 0.5000000000
134212  -23.912  -52.751  2.558 0.6999999881
134274  -29.041  -52.830  6.317 0.8000000119
134393  -24.053  -57.758  1.351 0.6000000238
134494  -34.096  -20.909  3.964 0.3000000119
134510  -32.567  -29.624  6.502 0.4000000060
134679  -28.138  -46.784  12.674 0.6000000238
134888  -23.165  -40.026  2.628 0.8000000119
135576  -25.777  -29.740  -2.679 0.5000000000
136066  -15.906  -64.629  15.232 0.4000000060
136138  -23.035  -41.080  2.346 0.8000000119
137496  -23.007  -43.069  3.006 0.8999999762
137547  -23.404  -38.701  2.702 0.8000000119
137787  -23.275  -49.134  3.519 0.8000000119
137904  -27.248  -47.051  1.478 0.6000000238
138363  -18.211  -64.529  14.887 0.5000000000
138399  -18.226  -61.173  11.907 0.6000000238
138660  -26.357  -60.214  11.673 0.6999999881
138858  -29.563  -54.325  6.689 0.6999999881
139269  -25.481  -50.048  12.640 0.6999999881
139649  -23.799  -50.961  12.461 0.6000000238
139711  -33.335  -30.191  0.258 0.5000000000
139962  -26.761  -25.215  -2.392 0.5000000000
140354  -20.159  -65.295  14.828 0.3000000119
140755  -36.414  -26.953  4.023 0.3000000119
140961  -23.238  -47.823  4.203 0.8000000119
141105  -24.168  -44.898  4.266 0.8999999762
141121  -29.980  -45.925  12.499 0.6999999881
141263  -28.553  -49.658  12.284 0.8000000119
141539  -26.606  -50.955  5.348 0.8000000119
141540  -25.809  -51.009  5.189 0.8000000119
142176  -28.906  -47.268  4.719 0.8000000119
142262  -31.243  -46.118  11.460 0.6999999881
142677  -31.174  -49.871  7.251 0.8000000119
142703  -24.894  -59.737  13.067 0.6000000238
142722  -24.839  -50.116  12.545 0.6000000238
143026  -36.335  -28.919  4.880 0.3000000119
143040  -29.536  -57.434  8.799 0.8000000119
143125  -24.585  -62.199  12.959 0.6000000238
143141  -23.635  -52.929  4.814 0.6999999881
143163  -23.951  -51.262  2.764 0.8000000119
143278  -23.648  -33.391  -0.513 0.8000000119
143372  -31.140  -28.675  5.368 0.3000000119
143504  -25.140  -47.050  4.537 0.8999999762
143646  -30.916  -24.535  -1.105 0.3000000119
143758  -24.226  -44.980  2.231 0.8000000119
144073  -29.398  -54.350  10.450 0.6999999881
144403  -24.368  -43.042  1.749 0.8999999762
144472  -23.086  -47.884  3.759 0.8000000119
144800  -23.155  -42.840  2.653 0.8999999762
145608  -27.596  -44.197  11.533 0.6000000238
145757  -17.185  -62.233  13.672 0.5000000000
145993  -21.864  -61.097  2.310 0.4000000060
146195  -34.927  -35.878  8.143 0.4000000060
146470  -31.950  -35.307  10.735 0.3000000119
146765  -20.360  -59.403  10.096 0.4000000060
146779  -12.911  -63.928  14.453 0.3000000119
147135  -22.671  -36.769  1.055 0.8000000119
147193  -18.018  -62.360  13.751 0.6000000238
147568  -24.425  -54.519  2.149 0.6999999881
148313  -25.059  -52.448  5.274 0.6999999881
148472  -27.432  -55.596  6.177 0.6999999881
148560  -33.635  -39.749  9.856 0.6000000238
148607  -22.909  -39.447  2.299 0.8000000119
148740  -23.998  -46.015  10.084 0.4000000060
148804  -34.334  -27.757  0.590 0.3000000119
149209  -35.523  -20.375  -0.119 0.3000000119
149236  -34.201  -23.358  -0.007 0.3000000119
149246  -23.285  -54.938  4.405 0.6999999881
149257  -23.485  -51.114  4.575 0.8000000119
149267  -34.474  -33.268  2.979 0.6999999881
149455  -23.205  -41.482  2.013 0.8000000119
150343  -22.936  -50.162  4.115 0.8000000119
150617  -32.505  -32.206  0.542 0.6000000238
151405  -22.638  -60.957  13.628 0.6000000238
152029  -22.903  -39.019  1.752 0.8000000119
152122  -32.869  -43.453  6.749 0.6999999881
152144  -27.293  -41.961  10.996 0.3000000119
152175  -25.015  -54.830  2.025 0.6999999881
152595  -25.992  -32.426  -2.467 0.5000000000
152981  -25.649  -62.612  9.512 0.6000000238
153035  -28.457  -44.876  12.301 0.6000000238
153548  -29.766  -51.504  6.451 0.8000000119
153675  -24.997  -47.956  2.402 0.8000000119
153687  -24.538  -50.010  2.665 0.8000000119
153703  -28.452  -53.256  11.083 0.6000000238
153865  -32.858  -34.726  2.899 0.6999999881
154032  -32.469  -34.271  2.104 0.6999999881
154253  -30.542  -39.740  4.866 0.6999999881
154389  -35.827  -32.625  4.442 0.5000000000
154507  -34.351  -23.171  4.632 0.3000000119
154951  -33.602  -24.351  -0.011 0.3000000119
155010  -33.826  -27.791  0.372 0.3000000119
155085  -22.877  -38.402  1.625 0.8000000119
155288  -30.237  -28.162  4.862 0.3000000119
155400  -21.583  -60.096  1.773 0.4000000060
155407  -20.951  -54.882  12.268 0.5000000000
155568  -36.186  -25.030  3.623 0.3000000119
156062  -27.608  -28.878  -1.447 0.6000000238
156471  -30.200  -40.453  11.702 0.4000000060
156477  -24.810  -64.657  9.827 0.5000000000
156483  -32.927  -37.061  10.899 0.3000000119
156774  -36.195  -20.358  1.484 0.3000000119
156844  -22.830  -50.331  3.929 0.8000000119
157130  -24.999  -54.015  11.618 0.6000000238
157214  -25.145  -62.360  5.987 0.6000000238
157520  -30.783  -53.328  7.896 0.8000000119
