#!ascii label  , from subject sub-v1s4x0050687_ses-1 vox2ras=TkReg
388
67971  -25.956  -13.838  -5.210 0.0000000000
68039  -26.274  -14.874  -11.163 0.0000000000
84031  -23.364  0.826  -13.705 0.0000000000
79039  -25.030  -3.529  -12.544 0.0000000000
75250  -26.885  -7.139  -11.134 0.0000000000
147039  -28.530  -9.645  -6.805 0.0000000000
85013  -22.931  2.970  -14.298 0.0000000000
77168  -26.388  -5.340  -11.756 0.0000000000
73009  -25.259  -8.893  -13.311 0.0000000000
68978  -26.017  -14.013  -8.616 0.0000000000
70958  -26.489  -11.966  -9.363 0.0000000000
69972  -27.330  -12.288  -6.278 0.0000000000
151505  -22.608  -18.361  -2.853 0.0000000000
140522  -24.218  -15.525  -6.672 0.0000000000
88930  -19.757  5.980  -17.396 0.0000000000
88932  -22.337  5.622  -16.497 0.0000000000
88003  -23.978  5.348  -15.597 0.0000000000
86971  -25.460  4.286  -13.541 0.0000000000
84998  -26.208  2.475  -11.996 0.0000000000
81007  -23.575  -0.989  -13.543 0.0000000000
82994  -26.946  0.162  -11.463 0.0000000000
144033  -27.924  -2.390  -11.428 0.0000000000
78078  -29.063  -4.082  -10.722 0.0000000000
78037  -29.428  -5.432  -9.070 0.0000000000
70978  -26.276  -11.169  -12.037 0.0000000000
72971  -27.970  -8.580  -8.688 0.0000000000
75268  -24.641  -7.624  -13.849 0.0000000000
74197  -23.477  -8.802  -13.097 0.0000000000
67984  -25.732  -14.045  -6.771 0.0000000000
69971  -26.818  -12.884  -6.763 0.0000000000
68957  -26.965  -12.867  -5.956 0.0000000000
60480  -24.027  -21.558  1.301 0.0000000000
61588  -23.501  -20.313  0.077 0.0000000000
62616  -23.519  -19.665  -0.426 0.0000000000
66973  -24.029  -15.521  -7.480 0.0000000000
65848  -23.026  -16.268  -6.829 0.0000000000
149708  -23.384  5.802  -15.916 0.0000000000
84039  -23.002  1.139  -13.820 0.0000000000
85974  -24.362  3.238  -13.827 0.0000000000
85006  -24.081  2.393  -13.519 0.0000000000
85962  -25.889  3.160  -12.452 0.0000000000
134547  -24.794  1.584  -12.527 0.0000000000
80995  -24.326  -2.049  -12.989 0.0000000000
81923  -25.156  -0.655  -12.325 0.0000000000
80997  -25.718  -1.558  -12.054 0.0000000000
81912  -27.306  -0.833  -11.439 0.0000000000
80057  -26.318  -2.415  -11.826 0.0000000000
77152  -26.714  -5.979  -11.509 0.0000000000
78076  -27.836  -4.583  -11.179 0.0000000000
76232  -28.049  -5.770  -10.690 0.0000000000
77142  -28.880  -5.094  -10.189 0.0000000000
76214  -28.289  -6.145  -10.196 0.0000000000
70020  -24.729  -13.226  -12.049 0.0000000000
70043  -26.037  -11.720  -12.614 0.0000000000
70022  -26.820  -13.081  -11.721 0.0000000000
71869  -27.552  -10.696  -7.786 0.0000000000
146890  -27.126  -9.976  -9.071 0.0000000000
72958  -27.917  -9.282  -8.172 0.0000000000
74160  -28.437  -7.786  -8.466 0.0000000000
74147  -29.213  -8.018  -6.809 0.0000000000
64722  -23.766  -17.465  -2.076 0.0000000000
64744  -22.654  -17.746  -4.081 0.0000000000
64732  -24.098  -16.820  -2.485 0.0000000000
65804  -24.094  -16.135  -3.626 0.0000000000
78101  -24.164  -4.774  -13.798 0.0000000000
78088  -25.290  -4.466  -12.485 0.0000000000
140921  -24.949  -5.943  -13.195 0.0000000000
75258  -25.545  -7.012  -12.765 0.0000000000
74198  -25.877  -8.389  -12.576 0.0000000000
68019  -26.784  -15.128  -10.043 0.0000000000
69000  -27.325  -14.157  -10.465 0.0000000000
68979  -26.360  -13.465  -8.897 0.0000000000
70938  -27.360  -11.592  -7.373 0.0000000000
70939  -27.907  -10.908  -6.883 0.0000000000
63678  -23.813  -18.491  -1.038 0.0000000000
68028  -25.314  -15.200  -10.025 0.0000000000
68006  -24.761  -15.189  -8.785 0.0000000000
68966  -25.128  -14.599  -7.496 0.0000000000
67970  -25.426  -14.359  -5.854 0.0000000000
90617  -19.765  7.811  -18.467 0.0000000000
88921  -19.488  6.340  -15.295 0.0000000000
88944  -20.291  5.676  -17.631 0.0000000000
133226  -23.254  7.092  -16.630 0.0000000000
89782  -24.526  7.133  -15.769 0.0000000000
88923  -25.754  6.328  -14.615 0.0000000000
86984  -23.710  3.885  -15.285 0.0000000000
87972  -25.103  4.695  -14.241 0.0000000000
87986  -26.354  6.001  -14.048 0.0000000000
86972  -26.842  4.788  -13.056 0.0000000000
86960  -27.423  4.297  -12.692 0.0000000000
84999  -27.564  3.174  -12.011 0.0000000000
81932  -23.667  -0.302  -13.524 0.0000000000
156185  -25.189  1.028  -12.202 0.0000000000
83004  -26.039  0.881  -11.721 0.0000000000
84013  -28.029  1.693  -11.493 0.0000000000
81914  -28.757  0.372  -11.366 0.0000000000
80985  -29.426  -1.821  -11.316 0.0000000000
79028  -27.362  -3.527  -11.519 0.0000000000
80042  -28.064  -3.132  -11.356 0.0000000000
71922  -24.760  -9.757  -13.124 0.0000000000
71915  -25.928  -10.244  -12.860 0.0000000000
72991  -26.576  -8.744  -10.885 0.0000000000
70957  -26.408  -10.986  -10.355 0.0000000000
72981  -26.510  -9.512  -10.600 0.0000000000
74181  -27.135  -8.180  -10.299 0.0000000000
75224  -28.252  -7.289  -9.286 0.0000000000
76188  -29.155  -6.474  -8.196 0.0000000000
65833  -23.769  -16.064  -5.492 0.0000000000
66944  -24.378  -15.498  -4.916 0.0000000000
67949  -25.505  -14.471  -3.917 0.0000000000
146995  -26.020  -13.778  -5.956 0.0000000000
68956  -26.414  -13.386  -6.389 0.0000000000
145329  -26.494  -13.357  -5.575 0.0000000000
68945  -27.008  -12.900  -5.139 0.0000000000
68944  -26.504  -13.421  -4.755 0.0000000000
60496  -23.529  -21.023  0.632 0.0000000000
60497  -24.342  -21.023  0.931 0.0000000000
85005  -23.468  1.745  -13.704 0.0000000000
84996  -24.520  2.170  -12.856 0.0000000000
84032  -24.025  1.390  -13.291 0.0000000000
79049  -24.345  -3.356  -13.223 0.0000000000
79061  -23.786  -3.192  -13.796 0.0000000000
80055  -24.618  -2.790  -12.803 0.0000000000
80056  -25.205  -2.330  -12.396 0.0000000000
148956  -25.673  -3.054  -12.118 0.0000000000
156800  -26.998  -6.455  -11.194 0.0000000000
76231  -27.462  -5.868  -11.059 0.0000000000
76213  -27.597  -6.504  -10.669 0.0000000000
69027  -25.523  -13.654  -12.142 0.0000000000
142588  -26.430  -12.943  -12.333 0.0000000000
69015  -26.687  -13.940  -11.825 0.0000000000
71870  -28.138  -10.152  -7.173 0.0000000000
71880  -27.882  -9.895  -7.782 0.0000000000
72948  -28.293  -9.406  -7.447 0.0000000000
131174  -28.372  -8.631  -7.864 0.0000000000
137788  -28.790  -8.795  -6.878 0.0000000000
153968  -29.249  -8.467  -6.487 0.0000000000
72932  -28.913  -9.524  -6.201 0.0000000000
64731  -23.502  -17.319  -2.856 0.0000000000
76261  -23.377  -6.195  -14.249 0.0000000000
77182  -24.417  -5.710  -13.723 0.0000000000
76262  -24.106  -6.384  -14.091 0.0000000000
74207  -24.774  -8.277  -13.546 0.0000000000
75269  -25.047  -7.491  -13.653 0.0000000000
74209  -25.475  -7.976  -13.153 0.0000000000
75259  -25.894  -7.606  -12.417 0.0000000000
73010  -25.568  -8.792  -13.197 0.0000000000
68008  -26.278  -15.017  -9.360 0.0000000000
68987  -26.796  -14.577  -9.552 0.0000000000
69981  -27.115  -12.304  -7.066 0.0000000000
70927  -27.635  -11.640  -6.578 0.0000000000
70928  -28.162  -11.094  -6.124 0.0000000000
70913  -27.842  -11.730  -5.817 0.0000000000
59416  -22.274  -21.925  0.864 0.0000000000
59392  -22.734  -22.427  1.594 0.0000000000
149897  -23.517  -19.094  -0.836 0.0000000000
63679  -24.607  -18.274  -0.757 0.0000000000
68017  -24.779  -15.160  -9.329 0.0000000000
66974  -24.637  -15.068  -7.109 0.0000000000
67983  -25.136  -14.618  -6.693 0.0000000000
66961  -24.757  -14.990  -6.254 0.0000000000
89793  -19.464  6.746  -17.375 0.0000000000
89806  -19.640  6.928  -18.196 0.0000000000
89807  -20.040  6.785  -18.529 0.0000000000
89794  -19.793  6.058  -18.162 0.0000000000
88931  -21.201  5.378  -16.896 0.0000000000
88945  -21.287  5.894  -17.264 0.0000000000
150996  -22.450  6.396  -16.804 0.0000000000
88933  -24.220  6.318  -15.519 0.0000000000
88934  -25.188  6.712  -15.182 0.0000000000
88922  -24.846  5.928  -14.981 0.0000000000
85986  -23.366  3.567  -14.787 0.0000000000
86970  -24.736  3.930  -14.141 0.0000000000
87985  -25.435  5.566  -14.333 0.0000000000
87973  -26.066  5.117  -13.601 0.0000000000
87974  -27.018  5.591  -13.579 0.0000000000
143793  -26.139  4.414  -13.093 0.0000000000
86959  -26.578  3.942  -12.613 0.0000000000
85953  -26.767  3.202  -12.118 0.0000000000
85964  -27.892  3.767  -12.401 0.0000000000
84989  -27.063  2.543  -11.735 0.0000000000
148915  -23.700  -1.720  -13.557 0.0000000000
81006  -23.147  -1.251  -13.838 0.0000000000
83002  -24.358  -0.068  -12.902 0.0000000000
139558  -25.874  -0.034  -11.811 0.0000000000
139141  -27.158  1.228  -11.464 0.0000000000
82995  -27.968  0.788  -11.336 0.0000000000
84014  -28.815  1.283  -11.539 0.0000000000
80984  -27.643  -1.647  -11.465 0.0000000000
81913  -28.192  -0.970  -11.330 0.0000000000
154920  -28.516  -1.764  -11.361 0.0000000000
135692  -29.023  -1.031  -11.326 0.0000000000
78089  -26.089  -4.622  -11.890 0.0000000000
148521  -26.734  -4.002  -11.682 0.0000000000
78077  -28.485  -4.161  -10.966 0.0000000000
131163  -28.014  -3.829  -11.225 0.0000000000
79029  -28.842  -3.515  -11.088 0.0000000000
156227  -29.511  -3.092  -11.092 0.0000000000
79030  -29.568  -3.507  -10.807 0.0000000000
78055  -29.298  -4.956  -9.746 0.0000000000
150995  -23.648  -10.014  -12.515 0.0000000000
70988  -26.226  -11.546  -12.404 0.0000000000
71925  -26.023  -10.930  -12.824 0.0000000000
71905  -26.077  -10.281  -12.258 0.0000000000
73000  -25.931  -9.381  -12.658 0.0000000000
72990  -26.186  -9.484  -11.567 0.0000000000
70000  -26.817  -13.160  -9.949 0.0000000000
70969  -26.549  -12.149  -10.353 0.0000000000
150064  -26.542  -11.235  -9.680 0.0000000000
72970  -27.486  -9.296  -8.911 0.0000000000
137105  -26.947  -9.513  -9.702 0.0000000000
137984  -26.904  -8.874  -10.170 0.0000000000
74170  -27.469  -8.569  -9.521 0.0000000000
75223  -27.715  -7.698  -9.783 0.0000000000
74171  -28.000  -7.977  -9.159 0.0000000000
75192  -29.192  -7.451  -7.261 0.0000000000
75212  -28.882  -7.195  -7.913 0.0000000000
76168  -29.403  -6.794  -7.421 0.0000000000
66919  -24.679  -15.730  -3.113 0.0000000000
66931  -24.472  -15.531  -3.990 0.0000000000
66920  -25.084  -15.081  -3.503 0.0000000000
66932  -24.933  -14.946  -4.398 0.0000000000
67944  -25.725  -14.678  -3.066 0.0000000000
75276  -23.952  -7.006  -14.174 0.0000000000
74206  -24.155  -8.525  -13.436 0.0000000000
73008  -24.790  -9.046  -13.282 0.0000000000
151466  -25.593  -14.125  -7.805 0.0000000000
68967  -26.178  -13.501  -7.336 0.0000000000
69959  -27.469  -12.351  -5.493 0.0000000000
69947  -27.596  -12.493  -4.697 0.0000000000
60479  -23.151  -21.730  1.113 0.0000000000
62615  -22.959  -19.485  -0.973 0.0000000000
62602  -24.198  -19.833  0.072 0.0000000000
66985  -24.135  -15.262  -8.103 0.0000000000
66983  -22.957  -15.533  -7.771 0.0000000000
66972  -23.324  -15.798  -7.391 0.0000000000
66959  -23.633  -15.925  -6.870 0.0000000000
89780  -19.572  6.652  -16.300 0.0000000000
88001  -22.083  4.948  -16.411 0.0000000000
88002  -23.013  4.995  -16.054 0.0000000000
154242  -23.650  4.451  -15.676 0.0000000000
85973  -23.607  2.835  -14.072 0.0000000000
85975  -25.047  3.631  -13.501 0.0000000000
86958  -25.649  3.778  -12.946 0.0000000000
85961  -24.890  2.991  -12.979 0.0000000000
84997  -25.286  2.360  -12.415 0.0000000000
156956  -24.078  -1.415  -13.211 0.0000000000
81922  -24.206  -0.826  -13.053 0.0000000000
80996  -24.726  -1.484  -12.630 0.0000000000
81924  -26.262  -0.777  -11.721 0.0000000000
80983  -26.734  -1.594  -11.661 0.0000000000
142672  -27.179  -2.195  -11.608 0.0000000000
80041  -27.245  -2.830  -11.589 0.0000000000
76244  -25.943  -6.137  -12.152 0.0000000000
78090  -26.989  -4.648  -11.563 0.0000000000
77153  -27.252  -5.272  -11.331 0.0000000000
146537  -27.941  -5.278  -10.959 0.0000000000
77154  -28.530  -4.813  -10.689 0.0000000000
78066  -29.168  -4.547  -10.300 0.0000000000
77141  -28.493  -5.473  -10.386 0.0000000000
77133  -28.866  -5.687  -9.735 0.0000000000
71914  -24.721  -11.277  -12.842 0.0000000000
70987  -25.467  -11.953  -12.747 0.0000000000
70035  -26.449  -12.484  -12.255 0.0000000000
70021  -26.511  -12.133  -11.866 0.0000000000
70948  -26.889  -11.677  -8.318 0.0000000000
131967  -26.953  -10.802  -8.830 0.0000000000
71879  -27.495  -9.972  -8.405 0.0000000000
74146  -28.786  -7.964  -7.520 0.0000000000
75172  -29.688  -7.277  -6.610 0.0000000000
63699  -23.171  -17.940  -2.470 0.0000000000
63717  -22.927  -17.808  -3.248 0.0000000000
64745  -23.255  -17.232  -3.663 0.0000000000
65816  -23.562  -16.633  -4.067 0.0000000000
153308  -24.290  -16.303  -2.915 0.0000000000
148526  -23.497  -4.855  -14.204 0.0000000000
78102  -24.573  -4.208  -13.079 0.0000000000
77183  -24.801  -5.100  -13.115 0.0000000000
77167  -25.531  -5.416  -12.465 0.0000000000
76253  -24.586  -7.007  -13.988 0.0000000000
76254  -25.015  -6.712  -13.425 0.0000000000
76230  -26.313  -6.866  -11.819 0.0000000000
75249  -26.312  -7.752  -11.781 0.0000000000
147110  -26.848  -15.106  -10.756 0.0000000000
148218  -27.273  -14.372  -11.092 0.0000000000
68999  -27.210  -14.685  -10.096 0.0000000000
68988  -27.056  -14.009  -9.663 0.0000000000
136149  -26.421  -12.805  -9.080 0.0000000000
69980  -26.486  -13.037  -7.757 0.0000000000
69990  -26.705  -12.451  -7.994 0.0000000000
71859  -28.479  -10.314  -6.362 0.0000000000
69948  -28.008  -11.857  -5.028 0.0000000000
58375  -21.935  -22.913  1.759 0.0000000000
156827  -22.371  -18.751  -2.615 0.0000000000
62629  -23.168  -18.857  -1.399 0.0000000000
63687  -22.748  -18.633  -2.140 0.0000000000
63688  -23.447  -18.161  -1.731 0.0000000000
63689  -24.158  -17.780  -1.374 0.0000000000
68038  -25.603  -14.834  -10.726 0.0000000000
68029  -26.182  -15.231  -10.349 0.0000000000
68018  -25.714  -15.264  -9.559 0.0000000000
68007  -25.393  -14.903  -8.624 0.0000000000
67994  -24.602  -14.987  -7.962 0.0000000000
90605  -19.573  8.145  -17.466 0.0000000000
89773  -19.364  6.924  -15.141 0.0000000000
142301  -20.134  6.000  -16.487 0.0000000000
89795  -20.498  6.154  -18.141 0.0000000000
89796  -22.000  6.884  -17.489 0.0000000000
89781  -23.435  6.588  -16.105 0.0000000000
155566  -23.886  7.173  -16.156 0.0000000000
89798  -25.123  7.636  -16.053 0.0000000000
89783  -25.584  7.320  -15.529 0.0000000000
88935  -26.110  6.936  -14.972 0.0000000000
85987  -24.054  3.578  -14.629 0.0000000000
86985  -24.337  4.197  -14.936 0.0000000000
87984  -24.586  5.000  -15.017 0.0000000000
155309  -26.514  6.540  -14.526 0.0000000000
88912  -27.194  6.337  -14.269 0.0000000000
86973  -27.707  5.003  -13.240 0.0000000000
81941  -22.884  -0.046  -13.784 0.0000000000
83013  -23.237  0.116  -13.756 0.0000000000
83014  -23.808  0.428  -13.453 0.0000000000
84022  -24.494  0.761  -12.752 0.0000000000
146293  -25.650  1.699  -12.006 0.0000000000
83003  -25.163  0.295  -12.273 0.0000000000
84023  -26.573  1.808  -11.657 0.0000000000
134792  -27.356  1.968  -11.544 0.0000000000
84990  -27.899  2.494  -11.716 0.0000000000
147208  -27.977  -0.143  -11.248 0.0000000000
155807  -28.685  -0.394  -11.317 0.0000000000
154483  -30.109  -0.420  -11.484 0.0000000000
147152  -29.842  -0.997  -11.371 0.0000000000
133246  -25.861  -3.831  -11.996 0.0000000000
79040  -26.533  -3.278  -11.743 0.0000000000
155652  -27.418  -4.111  -11.451 0.0000000000
80043  -28.897  -2.646  -11.273 0.0000000000
78067  -29.590  -3.957  -10.371 0.0000000000
73007  -24.052  -9.429  -13.052 0.0000000000
141704  -25.290  -9.626  -13.184 0.0000000000
71923  -25.118  -10.409  -13.136 0.0000000000
71924  -25.694  -10.280  -13.050 0.0000000000
132703  -25.662  -9.551  -13.087 0.0000000000
74188  -26.205  -8.602  -11.758 0.0000000000
74189  -26.733  -7.946  -11.036 0.0000000000
135874  -27.166  -13.663  -11.159 0.0000000000
70010  -26.826  -12.696  -11.223 0.0000000000
70968  -26.407  -11.613  -11.194 0.0000000000
71890  -26.728  -10.412  -9.617 0.0000000000
71898  -26.513  -10.149  -10.255 0.0000000000
71897  -26.231  -10.449  -11.175 0.0000000000
75238  -27.361  -7.379  -10.480 0.0000000000
75239  -27.982  -6.909  -9.994 0.0000000000
76200  -28.544  -6.513  -9.502 0.0000000000
76201  -29.080  -6.178  -8.989 0.0000000000
76187  -28.709  -6.892  -8.730 0.0000000000
65849  -23.354  -16.288  -6.268 0.0000000000
153570  -23.855  -15.874  -6.254 0.0000000000
65817  -23.920  -16.051  -4.490 0.0000000000
66960  -24.316  -15.497  -5.834 0.0000000000
66945  -24.864  -14.935  -5.340 0.0000000000
67958  -25.431  -14.389  -4.831 0.0000000000
67959  -25.976  -13.917  -4.346 0.0000000000
65803  -23.784  -16.720  -3.255 0.0000000000
66984  -23.576  -15.433  -7.945 0.0000000000
68030  -27.249  -14.845  -10.662 0.0000000000
68031  -26.986  -14.684  -11.408 0.0000000000
68986  -24.531  -14.554  -9.911 0.0000000000
69014  -26.206  -14.232  -11.841 0.0000000000
69016  -27.023  -13.913  -11.570 0.0000000000
69028  -26.220  -13.399  -12.298 0.0000000000
69029  -26.645  -13.310  -12.018 0.0000000000
70011  -27.046  -13.240  -10.671 0.0000000000
70033  -25.406  -12.904  -12.504 0.0000000000
70034  -26.110  -12.552  -12.535 0.0000000000
70995  -25.620  -11.084  -13.013 0.0000000000
74208  -25.118  -8.197  -13.534 0.0000000000
75267  -24.145  -7.750  -13.854 0.0000000000
76243  -25.401  -6.243  -12.817 0.0000000000
77197  -23.770  -5.579  -14.144 0.0000000000
80069  -24.025  -2.529  -13.457 0.0000000000
85963  -27.259  3.702  -12.330 0.0000000000
133277  -24.118  -3.909  -13.636 0.0000000000
140699  -26.115  -10.859  -12.622 0.0000000000
140823  -24.740  -20.083  0.445 0.0000000000
143021  -23.456  -7.247  -13.972 0.0000000000
154259  -24.614  -6.385  -13.732 0.0000000000
154329  -25.127  -2.927  -12.458 0.0000000000
155084  -28.269  -5.333  -10.691 0.0000000000
