#!ascii label  , from subject sub-v1s4x0050687_ses-1 vox2ras=TkReg
2106
72446  51.977  -10.288  48.500 0.0000000000
160681  42.863  -23.408  69.904 0.0000000000
45603  28.399  -35.171  72.776 0.0000000000
47855  22.672  -33.469  76.812 0.0000000000
53011  38.940  -28.341  78.613 0.0000000000
53088  33.851  -28.684  68.434 0.0000000000
133742  45.651  -13.291  49.219 0.0000000000
80091  60.224  -3.886  46.070 0.0000000000
68145  51.517  -14.194  60.602 0.0000000000
56336  45.622  -25.534  57.184 0.0000000000
58447  35.442  -23.448  58.468 0.0000000000
46669  31.013  -35.115  77.719 0.0000000000
46720  25.550  -34.763  74.454 0.0000000000
47790  26.732  -33.383  80.512 0.0000000000
48915  34.161  -32.181  75.571 0.0000000000
142409  55.042  -12.740  57.673 0.0000000000
62506  44.579  -19.361  75.791 0.0000000000
157511  48.327  -21.979  70.044 0.0000000000
155277  49.932  -23.260  63.529 0.0000000000
60521  44.599  -21.759  63.880 0.0000000000
58442  40.811  -23.305  58.046 0.0000000000
137432  39.933  -23.986  64.829 0.0000000000
50029  29.387  -31.583  66.465 0.0000000000
53143  30.975  -28.896  63.315 0.0000000000
76903  55.324  -6.209  47.832 0.0000000000
75900  53.793  -7.287  41.637 0.0000000000
46791  27.419  -34.137  68.449 0.0000000000
45668  23.701  -35.995  68.827 0.0000000000
56140  41.612  -25.395  75.046 0.0000000000
57297  37.999  -24.949  70.001 0.0000000000
53048  36.728  -28.406  73.047 0.0000000000
49981  31.813  -31.535  70.332 0.0000000000
69311  50.086  -13.655  47.254 0.0000000000
49858  23.739  -31.191  82.981 0.0000000000
47794  18.997  -33.194  80.017 0.0000000000
74729  59.615  -9.489  51.575 0.0000000000
69256  56.462  -14.308  50.482 0.0000000000
69235  51.780  -13.252  52.392 0.0000000000
69196  48.506  -13.442  55.779 0.0000000000
65920  44.500  -16.667  56.790 0.0000000000
64876  53.947  -17.403  64.171 0.0000000000
62704  47.179  -19.790  61.077 0.0000000000
59576  41.115  -22.076  54.952 0.0000000000
56417  40.202  -25.630  52.234 0.0000000000
135483  35.107  -25.373  64.768 0.0000000000
47785  31.369  -33.902  80.888 0.0000000000
46646  28.385  -34.167  79.043 0.0000000000
47774  29.410  -33.161  81.809 0.0000000000
47821  33.418  -33.991  79.322 0.0000000000
60431  43.990  -21.530  73.120 0.0000000000
59369  46.207  -22.003  70.503 0.0000000000
60483  47.104  -21.787  66.880 0.0000000000
59420  43.758  -22.804  67.397 0.0000000000
59462  42.500  -22.947  64.509 0.0000000000
58337  41.841  -24.083  67.287 0.0000000000
47989  27.881  -33.350  65.233 0.0000000000
50060  28.546  -32.062  63.729 0.0000000000
75848  53.680  -7.789  48.532 0.0000000000
75883  52.417  -7.538  45.378 0.0000000000
73596  51.184  -9.055  45.131 0.0000000000
46774  27.897  -34.480  70.139 0.0000000000
46792  26.228  -35.350  68.788 0.0000000000
45631  26.745  -35.595  70.865 0.0000000000
154003  23.762  -33.750  75.900 0.0000000000
46734  23.386  -34.179  73.176 0.0000000000
46724  21.388  -34.443  74.214 0.0000000000
45572  20.520  -35.400  75.198 0.0000000000
143513  41.123  -22.720  77.677 0.0000000000
55015  40.543  -26.704  77.160 0.0000000000
55060  38.934  -26.953  74.490 0.0000000000
53035  38.544  -28.875  75.956 0.0000000000
139467  31.057  -33.659  73.799 0.0000000000
135484  33.003  -31.644  73.132 0.0000000000
47912  29.938  -33.391  71.670 0.0000000000
48964  29.576  -32.713  69.456 0.0000000000
69293  47.836  -13.401  48.496 0.0000000000
69357  46.672  -14.082  43.927 0.0000000000
67174  45.128  -15.167  45.028 0.0000000000
46619  18.530  -34.356  81.968 0.0000000000
68238  54.091  -14.755  51.703 0.0000000000
137061  54.721  -13.959  54.411 0.0000000000
70225  53.107  -12.534  59.257 0.0000000000
133256  51.120  -12.659  56.707 0.0000000000
141307  49.576  -13.725  58.125 0.0000000000
68190  46.881  -14.618  56.365 0.0000000000
67075  48.222  -15.326  58.711 0.0000000000
57394  48.378  -24.603  60.073 0.0000000000
144782  49.064  -21.334  61.622 0.0000000000
155763  46.164  -23.235  58.270 0.0000000000
60562  43.988  -20.926  58.303 0.0000000000
58501  44.166  -24.203  55.177 0.0000000000
58535  42.291  -24.236  53.025 0.0000000000
56382  42.917  -25.892  54.418 0.0000000000
58503  38.218  -23.268  55.246 0.0000000000
55133  35.400  -26.676  69.416 0.0000000000
56248  36.512  -25.236  67.237 0.0000000000
136854  34.474  -26.521  66.773 0.0000000000
136823  31.433  -27.180  61.681 0.0000000000
81170  59.685  -2.380  41.389 0.0000000000
80112  58.280  -3.320  43.015 0.0000000000
45567  29.715  -35.151  75.214 0.0000000000
45592  27.511  -35.535  73.532 0.0000000000
45561  28.577  -35.038  75.869 0.0000000000
46672  26.822  -34.166  77.078 0.0000000000
47826  24.635  -33.403  78.693 0.0000000000
51983  37.095  -29.938  79.872 0.0000000000
50955  37.000  -30.875  76.877 0.0000000000
48901  34.968  -32.854  78.428 0.0000000000
46700  32.208  -34.445  76.510 0.0000000000
71340  55.610  -12.606  55.500 0.0000000000
69146  55.038  -13.027  60.899 0.0000000000
59431  49.162  -22.807  67.178 0.0000000000
58379  47.361  -23.396  63.090 0.0000000000
58411  45.276  -23.959  60.590 0.0000000000
57440  42.865  -25.320  57.202 0.0000000000
155023  42.798  -22.498  60.982 0.0000000000
146200  40.054  -22.989  61.250 0.0000000000
58406  37.637  -23.647  61.506 0.0000000000
52101  32.069  -29.931  67.024 0.0000000000
139439  32.660  -28.696  65.962 0.0000000000
51161  30.173  -30.234  64.691 0.0000000000
79009  56.915  -5.067  47.041 0.0000000000
79042  56.245  -4.262  44.148 0.0000000000
78003  54.039  -5.342  44.873 0.0000000000
133366  25.161  -35.186  71.787 0.0000000000
138994  42.758  -21.832  75.266 0.0000000000
58301  42.210  -23.789  72.283 0.0000000000
139778  40.986  -25.060  69.825 0.0000000000
152434  40.250  -25.607  72.369 0.0000000000
56181  36.909  -25.915  71.786 0.0000000000
138372  35.500  -28.543  70.983 0.0000000000
50995  35.370  -30.376  74.195 0.0000000000
51040  33.890  -30.513  71.548 0.0000000000
51073  33.333  -30.201  69.889 0.0000000000
49995  30.601  -31.602  68.487 0.0000000000
48990  28.505  -32.685  67.360 0.0000000000
70373  51.704  -12.673  47.383 0.0000000000
159984  49.751  -10.651  44.574 0.0000000000
70407  48.273  -12.540  43.666 0.0000000000
135685  25.215  -32.563  81.912 0.0000000000
48883  22.849  -32.936  79.878 0.0000000000
49878  21.224  -31.417  81.621 0.0000000000
47829  20.897  -33.165  78.385 0.0000000000
77949  59.745  -5.811  49.317 0.0000000000
75819  56.990  -7.862  50.369 0.0000000000
73558  55.403  -9.785  50.199 0.0000000000
71421  54.137  -12.128  48.950 0.0000000000
69288  53.272  -13.866  48.428 0.0000000000
138962  51.167  -13.688  49.743 0.0000000000
159651  48.911  -12.613  51.490 0.0000000000
133740  52.924  -13.210  55.808 0.0000000000
70295  50.242  -12.635  54.631 0.0000000000
69236  47.277  -12.909  52.836 0.0000000000
68217  44.724  -14.032  53.151 0.0000000000
67116  43.100  -15.265  53.790 0.0000000000
67016  53.024  -15.544  62.548 0.0000000000
62662  51.766  -20.193  64.124 0.0000000000
144078  50.393  -18.045  62.951 0.0000000000
65868  48.772  -16.898  61.226 0.0000000000
134098  45.670  -17.841  59.053 0.0000000000
62746  42.413  -19.170  56.621 0.0000000000
57482  40.575  -25.596  54.694 0.0000000000
57335  39.389  -24.761  67.366 0.0000000000
57362  37.389  -24.576  64.579 0.0000000000
135073  35.240  -24.516  61.938 0.0000000000
54117  33.124  -27.052  64.423 0.0000000000
135321  33.296  -25.403  61.791 0.0000000000
47773  30.217  -33.082  81.750 0.0000000000
48848  30.566  -32.269  81.685 0.0000000000
59356  43.554  -22.203  71.385 0.0000000000
59355  44.894  -21.913  71.474 0.0000000000
134641  44.062  -22.374  69.823 0.0000000000
59404  44.792  -22.145  68.731 0.0000000000
58327  43.295  -23.214  68.701 0.0000000000
58344  43.090  -23.305  67.067 0.0000000000
58328  42.704  -23.784  68.421 0.0000000000
74753  52.787  -8.857  48.700 0.0000000000
75864  52.377  -8.084  47.608 0.0000000000
73592  50.971  -9.190  46.856 0.0000000000
47914  28.511  -34.536  71.423 0.0000000000
46766  27.327  -35.162  70.564 0.0000000000
157307  27.411  -35.479  72.046 0.0000000000
136105  22.906  -33.569  76.013 0.0000000000
47885  22.561  -33.805  74.424 0.0000000000
47870  21.439  -33.769  75.506 0.0000000000
46725  20.812  -34.957  74.629 0.0000000000
47857  21.138  -33.643  76.365 0.0000000000
54988  37.598  -26.392  79.288 0.0000000000
56070  39.015  -26.120  78.553 0.0000000000
136153  40.168  -24.943  77.882 0.0000000000
160690  39.823  -27.743  77.808 0.0000000000
54022  40.023  -27.813  76.954 0.0000000000
53029  39.294  -28.731  77.325 0.0000000000
46743  29.779  -34.324  73.106 0.0000000000
47894  31.028  -33.169  73.147 0.0000000000
47905  29.496  -34.075  72.261 0.0000000000
47913  29.194  -33.900  71.367 0.0000000000
133576  47.088  -13.203  49.056 0.0000000000
69329  46.521  -13.846  46.592 0.0000000000
69330  45.034  -14.117  46.954 0.0000000000
71375  55.447  -12.774  53.256 0.0000000000
69215  55.003  -14.287  53.603 0.0000000000
70292  55.121  -13.557  54.751 0.0000000000
69157  52.511  -12.947  59.784 0.0000000000
70242  51.651  -12.792  58.632 0.0000000000
68157  50.388  -14.117  59.588 0.0000000000
68168  49.209  -14.289  58.545 0.0000000000
67061  49.328  -15.158  59.661 0.0000000000
57407  47.080  -25.388  59.001 0.0000000000
58422  47.732  -24.081  58.759 0.0000000000
58459  46.513  -24.594  57.496 0.0000000000
58461  45.340  -23.846  56.850 0.0000000000
57458  45.176  -25.177  55.867 0.0000000000
58517  43.861  -24.719  54.492 0.0000000000
56369  44.030  -25.932  55.386 0.0000000000
54081  34.884  -27.269  68.885 0.0000000000
55145  34.891  -26.604  68.165 0.0000000000
54082  34.424  -27.386  68.018 0.0000000000
81152  59.720  -2.195  43.770 0.0000000000
80105  59.551  -3.394  44.855 0.0000000000
45558  30.460  -35.017  76.385 0.0000000000
45568  29.322  -35.201  75.387 0.0000000000
46670  29.478  -34.808  77.357 0.0000000000
47804  28.088  -33.903  79.844 0.0000000000
46659  27.739  -34.068  78.431 0.0000000000
47823  27.009  -33.809  78.905 0.0000000000
47825  25.356  -33.607  78.293 0.0000000000
47807  25.442  -33.402  79.275 0.0000000000
49890  36.110  -31.048  80.108 0.0000000000
49912  36.187  -31.982  79.210 0.0000000000
48880  35.466  -32.263  79.510 0.0000000000
159793  32.102  -35.004  78.914 0.0000000000
47839  33.033  -34.380  77.638 0.0000000000
46668  31.707  -35.008  77.462 0.0000000000
46702  30.496  -34.979  75.700 0.0000000000
60427  47.690  -21.772  72.206 0.0000000000
60441  48.782  -21.482  71.317 0.0000000000
140446  49.158  -21.649  70.441 0.0000000000
60468  49.522  -22.368  68.598 0.0000000000
59400  48.974  -22.441  68.670 0.0000000000
60496  45.852  -21.574  65.780 0.0000000000
59449  47.710  -22.522  65.517 0.0000000000
139655  46.161  -22.027  63.644 0.0000000000
58390  46.248  -23.438  61.794 0.0000000000
59498  44.601  -22.537  61.673 0.0000000000
59506  43.553  -22.956  60.590 0.0000000000
136246  43.928  -22.035  62.303 0.0000000000
59464  41.046  -23.447  64.203 0.0000000000
59489  41.237  -22.739  62.348 0.0000000000
58380  40.268  -23.308  63.120 0.0000000000
58404  39.343  -23.203  61.530 0.0000000000
157496  38.830  -23.671  62.897 0.0000000000
51124  30.635  -30.603  66.356 0.0000000000
52116  31.147  -30.056  65.885 0.0000000000
51146  30.397  -30.402  65.529 0.0000000000
77977  56.533  -5.524  47.588 0.0000000000
79025  55.681  -4.911  45.940 0.0000000000
77990  54.632  -5.617  46.391 0.0000000000
74788  52.792  -8.016  44.472 0.0000000000
46802  27.006  -34.246  66.919 0.0000000000
46803  26.419  -34.845  67.297 0.0000000000
146577  27.119  -35.374  74.010 0.0000000000
45605  26.720  -35.509  72.520 0.0000000000
45607  25.084  -34.911  72.705 0.0000000000
45622  22.074  -35.610  71.883 0.0000000000
45621  22.603  -35.225  71.527 0.0000000000
57234  41.736  -24.447  76.116 0.0000000000
59306  41.771  -22.435  77.055 0.0000000000
58290  42.167  -23.755  75.070 0.0000000000
59337  42.508  -22.575  73.709 0.0000000000
57254  41.936  -24.405  73.981 0.0000000000
57268  41.462  -25.099  72.090 0.0000000000
56176  41.470  -25.219  73.513 0.0000000000
54043  37.673  -27.700  73.950 0.0000000000
56161  38.184  -25.938  72.978 0.0000000000
54051  36.799  -27.601  72.606 0.0000000000
54058  36.056  -27.510  71.202 0.0000000000
53053  36.345  -28.313  72.262 0.0000000000
49925  35.659  -31.515  76.287 0.0000000000
50976  35.954  -30.843  75.652 0.0000000000
157501  34.431  -31.198  74.445 0.0000000000
49970  32.477  -31.466  71.475 0.0000000000
148762  33.648  -30.934  72.308 0.0000000000
51041  33.084  -30.947  71.077 0.0000000000
51055  33.542  -30.387  70.657 0.0000000000
51057  32.207  -31.099  69.929 0.0000000000
51075  31.966  -30.888  69.154 0.0000000000
137655  31.432  -31.518  69.648 0.0000000000
47932  28.489  -33.440  69.115 0.0000000000
48973  28.666  -32.918  68.311 0.0000000000
47965  28.104  -33.164  67.695 0.0000000000
69325  50.470  -13.429  46.874 0.0000000000
71435  49.732  -12.494  45.940 0.0000000000
70383  49.489  -13.132  46.170 0.0000000000
67201  46.940  -15.159  42.724 0.0000000000
49875  24.181  -31.860  82.476 0.0000000000
48869  24.538  -32.778  81.141 0.0000000000
49876  23.289  -31.780  82.191 0.0000000000
48857  19.182  -32.291  81.107 0.0000000000
48871  20.303  -32.324  80.238 0.0000000000
48885  20.893  -32.649  79.677 0.0000000000
47813  19.537  -33.191  79.391 0.0000000000
46675  19.505  -34.515  77.546 0.0000000000
45541  18.825  -35.033  78.605 0.0000000000
77961  60.329  -5.308  48.689 0.0000000000
75817  59.136  -7.670  50.993 0.0000000000
74738  58.744  -8.522  51.172 0.0000000000
74740  56.658  -8.804  50.501 0.0000000000
143984  57.570  -9.303  50.793 0.0000000000
70351  57.377  -13.694  50.737 0.0000000000
71419  55.943  -12.555  49.823 0.0000000000
70362  55.421  -13.327  49.526 0.0000000000
70364  53.829  -13.181  48.547 0.0000000000
69258  54.631  -14.460  49.724 0.0000000000
69245  52.537  -13.890  51.804 0.0000000000
133584  52.340  -13.994  50.767 0.0000000000
69246  51.793  -13.503  51.473 0.0000000000
70353  49.544  -12.805  50.840 0.0000000000
70324  50.278  -12.677  52.080 0.0000000000
70265  55.655  -12.805  56.715 0.0000000000
70281  54.449  -13.656  55.875 0.0000000000
70267  54.169  -13.339  56.601 0.0000000000
70271  49.631  -12.953  55.869 0.0000000000
70283  50.326  -12.711  55.492 0.0000000000
70296  49.191  -12.755  54.579 0.0000000000
70309  48.474  -12.669  53.294 0.0000000000
69206  47.510  -13.353  54.431 0.0000000000
69222  45.931  -13.540  53.208 0.0000000000
69207  46.613  -13.741  54.409 0.0000000000
67093  45.597  -15.612  56.574 0.0000000000
68200  44.887  -14.993  55.088 0.0000000000
67102  43.681  -15.957  55.328 0.0000000000
65927  42.474  -17.008  55.301 0.0000000000
65840  53.715  -16.826  63.622 0.0000000000
59458  50.380  -22.848  65.130 0.0000000000
61524  51.919  -20.998  65.706 0.0000000000
148198  50.512  -22.232  63.554 0.0000000000
61558  47.702  -20.844  61.010 0.0000000000
155676  49.694  -19.925  62.637 0.0000000000
63784  48.556  -18.951  62.117 0.0000000000
65855  49.851  -17.202  62.304 0.0000000000
64903  47.803  -17.890  61.139 0.0000000000
64920  47.066  -17.256  59.786 0.0000000000
63824  46.372  -18.611  60.204 0.0000000000
60587  42.441  -21.456  56.671 0.0000000000
61590  43.163  -20.213  57.598 0.0000000000
61616  41.138  -20.482  55.622 0.0000000000
61617  40.809  -19.717  55.296 0.0000000000
60609  40.352  -21.640  54.447 0.0000000000
59600  40.764  -22.879  53.196 0.0000000000
57505  41.112  -25.252  52.323 0.0000000000
58548  41.495  -24.148  52.018 0.0000000000
58463  41.542  -24.031  57.407 0.0000000000
57461  41.369  -24.937  56.017 0.0000000000
58486  40.643  -24.161  56.283 0.0000000000
142618  38.248  -24.718  53.430 0.0000000000
57295  40.064  -25.271  70.110 0.0000000000
57324  39.679  -24.974  68.627 0.0000000000
136449  38.820  -24.964  68.832 0.0000000000
138588  35.665  -25.408  65.973 0.0000000000
57357  37.052  -24.955  65.683 0.0000000000
57364  35.924  -24.968  64.657 0.0000000000
57370  36.508  -24.523  63.539 0.0000000000
57372  35.168  -24.780  63.130 0.0000000000
53127  31.602  -28.646  64.015 0.0000000000
54118  32.836  -27.706  64.840 0.0000000000
54128  32.046  -27.932  63.591 0.0000000000
55215  32.146  -26.440  61.774 0.0000000000
57401  33.013  -24.809  60.285 0.0000000000
79058  54.499  -5.025  42.757 0.0000000000
79063  55.580  -4.721  41.737 0.0000000000
72486  50.654  -10.869  42.773 0.0000000000
46644  30.732  -34.818  79.428 0.0000000000
46657  29.620  -34.778  78.244 0.0000000000
140783  30.032  -34.477  79.950 0.0000000000
47787  29.211  -33.774  81.141 0.0000000000
47775  28.417  -33.287  81.536 0.0000000000
47803  32.152  -34.094  80.386 0.0000000000
60400  44.760  -20.845  74.688 0.0000000000
61447  46.212  -20.170  74.881 0.0000000000
60413  45.996  -21.300  73.826 0.0000000000
59342  46.522  -22.067  72.131 0.0000000000
133780  47.619  -22.034  70.356 0.0000000000
134049  48.099  -22.188  68.622 0.0000000000
59403  45.872  -21.824  68.727 0.0000000000
59434  45.327  -21.791  67.216 0.0000000000
59450  44.216  -22.306  66.033 0.0000000000
60522  43.768  -22.018  63.834 0.0000000000
59451  43.519  -22.749  65.686 0.0000000000
58356  42.199  -23.582  65.893 0.0000000000
58347  40.821  -24.169  66.176 0.0000000000
50030  28.700  -32.054  66.050 0.0000000000
50059  28.885  -31.500  64.538 0.0000000000
49030  28.315  -32.849  63.976 0.0000000000
75847  54.489  -7.423  48.729 0.0000000000
152394  53.955  -6.599  47.269 0.0000000000
137008  52.639  -7.427  46.992 0.0000000000
75877  51.898  -7.962  45.876 0.0000000000
156181  27.372  -34.460  69.015 0.0000000000
160883  26.446  -34.948  68.106 0.0000000000
46776  26.614  -35.344  69.520 0.0000000000
45649  26.062  -35.677  69.490 0.0000000000
45633  25.644  -35.792  69.893 0.0000000000
46706  24.835  -34.287  75.033 0.0000000000
46733  24.407  -34.413  73.347 0.0000000000
47884  23.448  -33.863  74.533 0.0000000000
46735  22.546  -34.102  73.565 0.0000000000
43609  21.218  -36.773  74.290 0.0000000000
57212  41.093  -24.568  77.076 0.0000000000
55044  41.109  -26.039  76.200 0.0000000000
56142  40.522  -26.190  74.400 0.0000000000
55046  40.276  -27.060  75.755 0.0000000000
54035  39.311  -27.553  75.363 0.0000000000
53041  37.720  -28.364  74.520 0.0000000000
48924  32.753  -32.981  74.944 0.0000000000
49948  32.862  -32.030  73.731 0.0000000000
136947  31.620  -32.606  72.998 0.0000000000
48942  31.169  -32.627  72.304 0.0000000000
48948  31.040  -32.371  71.288 0.0000000000
48963  30.117  -32.480  69.796 0.0000000000
48950  29.801  -33.172  70.926 0.0000000000
143836  28.369  -33.863  69.787 0.0000000000
69292  48.692  -13.618  47.945 0.0000000000
142878  47.927  -13.445  45.765 0.0000000000
69328  47.490  -13.662  46.432 0.0000000000
68287  46.060  -14.357  44.982 0.0000000000
49881  18.953  -32.060  81.827 0.0000000000
143366  18.560  -33.359  81.123 0.0000000000
46635  18.528  -34.502  79.840 0.0000000000
45516  18.565  -35.465  80.981 0.0000000000
68226  56.712  -14.693  51.704 0.0000000000
68245  55.284  -14.805  50.493 0.0000000000
68227  55.789  -14.950  52.014 0.0000000000
68215  54.595  -14.567  53.140 0.0000000000
69217  53.278  -13.954  53.743 0.0000000000
70240  53.933  -12.532  58.405 0.0000000000
70254  53.198  -12.862  57.188 0.0000000000
70255  52.295  -12.585  57.842 0.0000000000
69174  50.263  -12.977  57.124 0.0000000000
69184  48.669  -13.642  56.567 0.0000000000
68189  47.559  -14.140  56.199 0.0000000000
68178  48.522  -14.032  57.314 0.0000000000
67084  47.441  -15.218  57.828 0.0000000000
65911  46.290  -16.192  57.900 0.0000000000
58401  48.995  -24.323  61.426 0.0000000000
59495  49.590  -23.100  61.733 0.0000000000
154318  48.828  -23.467  60.468 0.0000000000
60554  47.653  -22.504  59.867 0.0000000000
61576  46.367  -21.077  60.044 0.0000000000
61577  45.655  -20.668  59.655 0.0000000000
60560  45.464  -22.143  58.761 0.0000000000
59541  43.761  -22.599  57.148 0.0000000000
59575  42.480  -22.850  55.512 0.0000000000
59599  41.551  -23.392  53.538 0.0000000000
58518  43.228  -24.292  54.001 0.0000000000
57492  42.270  -25.264  53.084 0.0000000000
56392  41.761  -25.992  53.590 0.0000000000
133240  38.769  -23.008  58.061 0.0000000000
58487  39.751  -23.605  56.061 0.0000000000
59561  38.013  -22.973  56.501 0.0000000000
58504  36.974  -22.972  55.194 0.0000000000
57496  35.799  -23.842  53.280 0.0000000000
56210  36.469  -25.497  70.203 0.0000000000
148988  37.195  -25.046  68.584 0.0000000000
56236  35.866  -25.575  68.511 0.0000000000
55165  35.028  -25.816  66.429 0.0000000000
137214  34.419  -26.267  65.925 0.0000000000
54138  31.081  -27.964  62.104 0.0000000000
53189  30.177  -28.284  60.745 0.0000000000
82188  60.407  -1.361  43.732 0.0000000000
81159  58.913  -2.797  42.527 0.0000000000
80141  57.965  -3.871  40.850 0.0000000000
154565  29.184  -35.119  73.823 0.0000000000
45591  28.151  -35.472  73.504 0.0000000000
45580  28.252  -35.515  74.111 0.0000000000
133830  27.969  -35.455  74.874 0.0000000000
46703  27.283  -34.866  75.594 0.0000000000
46658  28.713  -34.453  78.013 0.0000000000
46687  27.743  -34.673  76.302 0.0000000000
145805  25.813  -34.401  75.952 0.0000000000
46689  25.105  -34.127  76.289 0.0000000000
47842  24.304  -33.654  77.317 0.0000000000
47843  23.327  -33.438  77.497 0.0000000000
51981  38.344  -29.240  79.016 0.0000000000
50932  38.269  -30.082  78.099 0.0000000000
50933  37.617  -30.735  78.552 0.0000000000
156716  35.901  -31.885  77.197 0.0000000000
48908  34.477  -32.596  76.501 0.0000000000
47820  34.517  -33.167  78.926 0.0000000000
48909  33.991  -33.409  77.147 0.0000000000
47865  33.030  -33.294  75.811 0.0000000000
47866  31.639  -34.142  75.128 0.0000000000
46718  30.238  -34.948  74.783 0.0000000000
69283  44.360  -13.553  49.489 0.0000000000
69315  44.425  -14.034  47.761 0.0000000000
69316  43.623  -14.558  47.510 0.0000000000
71350  55.473  -12.845  54.781 0.0000000000
70239  55.643  -12.376  57.868 0.0000000000
70223  55.272  -12.227  59.542 0.0000000000
70210  54.507  -12.569  60.223 0.0000000000
69140  53.286  -13.828  61.251 0.0000000000
60475  50.379  -22.466  67.211 0.0000000000
58365  49.205  -23.659  65.276 0.0000000000
59432  48.768  -22.800  66.912 0.0000000000
58355  48.717  -23.595  65.171 0.0000000000
156163  48.666  -23.996  64.063 0.0000000000
58388  47.798  -24.374  62.028 0.0000000000
144383  46.833  -24.843  60.645 0.0000000000
56320  45.611  -25.471  58.538 0.0000000000
56338  44.165  -25.736  57.382 0.0000000000
57410  44.118  -24.821  58.755 0.0000000000
58425  42.852  -23.473  59.416 0.0000000000
59516  41.304  -22.931  59.577 0.0000000000
143800  42.523  -22.381  63.055 0.0000000000
59508  41.052  -22.676  60.981 0.0000000000
59517  40.376  -22.929  59.669 0.0000000000
58427  38.917  -23.131  59.583 0.0000000000
58415  38.290  -23.277  60.197 0.0000000000
58416  36.741  -23.632  60.433 0.0000000000
52100  32.699  -29.532  67.425 0.0000000000
53098  33.071  -28.842  66.986 0.0000000000
52114  32.429  -29.342  66.565 0.0000000000
52135  31.581  -29.495  65.461 0.0000000000
53128  31.042  -29.187  63.977 0.0000000000
51162  29.457  -30.720  64.189 0.0000000000
52158  29.996  -30.075  63.857 0.0000000000
133417  59.135  -4.533  46.822 0.0000000000
80103  58.428  -4.089  45.075 0.0000000000
79038  56.392  -4.574  45.577 0.0000000000
79044  54.621  -4.865  44.540 0.0000000000
78016  53.514  -6.015  42.797 0.0000000000
76926  53.094  -6.372  44.983 0.0000000000
76929  53.209  -6.493  44.202 0.0000000000
45604  27.258  -35.521  72.406 0.0000000000
45618  25.749  -35.622  71.094 0.0000000000
45634  24.738  -35.679  70.004 0.0000000000
46756  23.913  -34.678  71.764 0.0000000000
45620  23.364  -35.083  71.146 0.0000000000
61433  43.643  -20.297  76.183 0.0000000000
60402  42.956  -21.731  74.384 0.0000000000
135165  42.569  -22.668  72.748 0.0000000000
58306  42.416  -23.594  71.349 0.0000000000
58313  42.282  -24.116  69.948 0.0000000000
57280  41.744  -24.754  71.493 0.0000000000
56207  40.405  -25.381  71.023 0.0000000000
56208  39.330  -25.248  70.902 0.0000000000
56159  40.131  -26.038  73.697 0.0000000000
140313  38.149  -25.476  72.245 0.0000000000
56194  37.570  -25.364  71.549 0.0000000000
55121  36.111  -26.191  70.613 0.0000000000
54073  35.249  -27.526  69.769 0.0000000000
135328  34.570  -28.738  69.713 0.0000000000
52008  37.458  -30.190  76.465 0.0000000000
52022  36.484  -29.638  74.456 0.0000000000
52029  35.909  -29.780  73.694 0.0000000000
49939  34.084  -31.150  73.870 0.0000000000
52038  34.939  -30.142  72.704 0.0000000000
52037  35.377  -29.566  72.241 0.0000000000
52045  35.064  -29.386  71.324 0.0000000000
52057  34.291  -29.326  69.986 0.0000000000
52072  33.498  -29.371  68.757 0.0000000000
51103  32.292  -30.138  67.855 0.0000000000
51090  31.068  -31.022  68.005 0.0000000000
50008  30.366  -31.404  67.677 0.0000000000
48971  30.173  -32.169  69.074 0.0000000000
49996  29.892  -31.959  68.187 0.0000000000
50010  28.931  -32.138  66.929 0.0000000000
49002  28.321  -32.605  66.495 0.0000000000
71430  51.413  -11.403  47.664 0.0000000000
73589  50.526  -9.994  46.935 0.0000000000
72454  49.877  -11.566  45.892 0.0000000000
70398  47.862  -12.973  44.359 0.0000000000
69367  47.882  -13.692  42.593 0.0000000000
67161  44.275  -15.138  46.002 0.0000000000
133960  29.015  -31.160  81.935 0.0000000000
48839  28.177  -31.855  82.306 0.0000000000
48852  26.984  -32.653  82.130 0.0000000000
150804  26.501  -32.130  82.504 0.0000000000
47778  25.955  -33.120  80.898 0.0000000000
47791  25.127  -33.139  80.344 0.0000000000
149179  23.834  -33.259  78.975 0.0000000000
47827  23.007  -33.247  78.433 0.0000000000
49877  22.311  -31.608  81.857 0.0000000000
159471  21.858  -32.364  80.328 0.0000000000
47811  21.419  -32.947  79.096 0.0000000000
147790  21.326  -33.335  77.560 0.0000000000
47858  20.359  -34.046  76.486 0.0000000000
80078  61.236  -3.942  47.457 0.0000000000
77974  59.628  -5.069  47.974 0.0000000000
77963  57.949  -5.590  48.456 0.0000000000
76892  57.452  -6.131  48.974 0.0000000000
76871  60.180  -6.588  50.532 0.0000000000
76882  58.009  -6.552  49.687 0.0000000000
76883  56.055  -6.845  49.175 0.0000000000
74750  55.024  -7.869  49.479 0.0000000000
74751  54.386  -8.656  49.586 0.0000000000
73570  53.822  -9.419  49.520 0.0000000000
72426  56.848  -10.635  50.435 0.0000000000
72428  55.025  -10.468  49.964 0.0000000000
71422  53.229  -11.322  48.901 0.0000000000
71426  52.851  -12.097  48.214 0.0000000000
69308  52.111  -13.459  47.605 0.0000000000
69290  51.688  -13.837  47.893 0.0000000000
69259  53.107  -14.445  49.986 0.0000000000
69260  52.136  -14.094  49.548 0.0000000000
138649  50.056  -13.660  48.713 0.0000000000
69278  49.566  -13.329  49.388 0.0000000000
69264  48.207  -12.896  50.157 0.0000000000
132977  47.189  -12.950  50.092 0.0000000000
69193  54.565  -13.846  55.202 0.0000000000
69204  53.800  -13.933  54.666 0.0000000000
70293  52.608  -13.408  54.275 0.0000000000
70269  52.029  -12.740  56.224 0.0000000000
152783  51.856  -12.914  54.719 0.0000000000
70306  51.226  -12.830  53.151 0.0000000000
70325  49.581  -12.570  52.445 0.0000000000
70327  47.773  -12.686  52.234 0.0000000000
132998  46.099  -13.105  51.178 0.0000000000
69249  45.575  -13.301  51.618 0.0000000000
69240  44.200  -13.870  51.973 0.0000000000
139796  45.258  -14.512  54.593 0.0000000000
68218  43.612  -14.685  53.285 0.0000000000
68128  54.032  -14.275  61.887 0.0000000000
68130  51.936  -14.554  61.271 0.0000000000
63752  52.616  -19.050  64.374 0.0000000000
61546  49.860  -20.979  62.467 0.0000000000
62679  50.496  -19.753  63.168 0.0000000000
64878  52.064  -17.784  63.523 0.0000000000
65853  51.455  -16.611  62.744 0.0000000000
65866  50.258  -16.227  61.733 0.0000000000
67045  50.375  -15.218  60.721 0.0000000000
65890  48.243  -16.169  59.701 0.0000000000
65892  46.807  -16.856  59.116 0.0000000000
64934  45.407  -17.314  58.266 0.0000000000
62715  44.837  -19.517  59.019 0.0000000000
63862  44.369  -18.543  58.240 0.0000000000
64952  43.497  -17.865  56.943 0.0000000000
63905  41.941  -18.435  55.838 0.0000000000
59614  40.970  -23.163  52.124 0.0000000000
58570  40.634  -23.318  50.712 0.0000000000
56360  42.543  -25.968  55.755 0.0000000000
56372  41.434  -25.960  54.878 0.0000000000
56394  39.988  -26.247  53.342 0.0000000000
58520  39.174  -24.236  54.671 0.0000000000
56395  39.123  -25.893  53.134 0.0000000000
57308  41.497  -24.589  68.657 0.0000000000
57334  40.321  -24.604  67.391 0.0000000000
58348  40.061  -24.327  66.048 0.0000000000
57337  37.661  -25.005  67.697 0.0000000000
57349  38.373  -24.726  66.027 0.0000000000
58371  38.382  -24.337  64.574 0.0000000000
134793  37.988  -24.008  63.039 0.0000000000
58407  36.767  -23.989  61.769 0.0000000000
58417  35.908  -23.858  60.440 0.0000000000
54100  33.552  -27.703  66.388 0.0000000000
55178  33.819  -26.723  65.510 0.0000000000
55189  33.960  -26.015  64.348 0.0000000000
54136  31.978  -27.155  62.434 0.0000000000
136271  32.780  -26.575  62.947 0.0000000000
56297  34.014  -25.365  62.836 0.0000000000
57380  33.935  -25.032  62.009 0.0000000000
57411  34.077  -24.306  60.029 0.0000000000
150548  57.400  -3.800  43.228 0.0000000000
79062  56.444  -4.469  41.464 0.0000000000
78032  55.694  -5.917  39.608 0.0000000000
73597  50.643  -9.473  45.450 0.0000000000
59371  43.322  -22.740  70.380 0.0000000000
59388  43.942  -22.612  69.039 0.0000000000
58319  43.359  -23.010  69.489 0.0000000000
58320  42.781  -23.658  69.233 0.0000000000
73581  52.364  -9.479  48.643 0.0000000000
74762  52.216  -8.751  48.208 0.0000000000
73582  51.667  -9.502  48.142 0.0000000000
46754  28.801  -34.662  72.089 0.0000000000
46755  28.024  -35.160  71.929 0.0000000000
47856  22.012  -33.505  76.134 0.0000000000
139567  21.792  -33.434  76.903 0.0000000000
54004  38.779  -27.627  78.792 0.0000000000
54987  38.450  -26.718  78.909 0.0000000000
54011  39.909  -27.228  77.934 0.0000000000
53018  39.466  -28.351  78.036 0.0000000000
53023  39.517  -28.410  77.639 0.0000000000
53024  39.207  -28.945  77.993 0.0000000000
46744  29.081  -34.784  72.877 0.0000000000
69294  46.302  -13.339  48.691 0.0000000000
69314  46.223  -13.617  47.702 0.0000000000
133741  45.542  -13.495  48.444 0.0000000000
70305  55.323  -13.806  53.830 0.0000000000
71359  55.372  -12.910  54.058 0.0000000000
69149  51.970  -13.521  60.209 0.0000000000
69150  51.184  -13.807  59.900 0.0000000000
68158  49.648  -14.493  59.286 0.0000000000
68146  50.741  -14.506  60.312 0.0000000000
56328  46.309  -25.349  57.727 0.0000000000
57437  46.714  -25.007  57.661 0.0000000000
57438  46.232  -25.128  57.177 0.0000000000
58460  45.966  -24.604  56.910 0.0000000000
57457  45.670  -25.209  56.565 0.0000000000
56368  44.690  -25.685  55.692 0.0000000000
56357  45.029  -25.694  56.407 0.0000000000
134255  34.353  -28.029  68.596 0.0000000000
53087  33.941  -28.053  67.814 0.0000000000
80100  60.809  -3.421  46.167 0.0000000000
80102  59.337  -3.896  45.357 0.0000000000
45550  30.564  -34.978  76.939 0.0000000000
45559  29.828  -35.035  76.485 0.0000000000
45551  30.211  -34.966  77.493 0.0000000000
47805  27.249  -33.706  79.737 0.0000000000
47806  26.408  -33.547  79.495 0.0000000000
50873  35.508  -30.481  80.476 0.0000000000
49905  35.845  -31.719  79.875 0.0000000000
48863  35.084  -31.961  80.118 0.0000000000
46655  31.799  -35.086  78.324 0.0000000000
45549  31.048  -35.010  76.939 0.0000000000
60442  48.163  -21.825  71.363 0.0000000000
60426  48.343  -21.426  72.124 0.0000000000
60453  48.548  -21.881  70.381 0.0000000000
59382  49.099  -22.356  68.927 0.0000000000
59383  48.690  -22.140  69.463 0.0000000000
60508  44.763  -21.760  64.674 0.0000000000
60519  46.439  -21.917  64.325 0.0000000000
59473  45.375  -21.919  63.177 0.0000000000
59485  45.845  -22.578  62.408 0.0000000000
148709  44.897  -22.159  62.386 0.0000000000
59486  44.305  -21.845  63.083 0.0000000000
58368  40.714  -23.736  64.818 0.0000000000
59477  40.782  -23.298  63.600 0.0000000000
58369  40.217  -23.611  64.012 0.0000000000
58381  39.538  -23.592  63.343 0.0000000000
50028  30.122  -31.184  66.844 0.0000000000
51125  29.846  -30.961  66.004 0.0000000000
77965  56.087  -5.964  48.080 0.0000000000
77978  55.762  -5.699  47.390 0.0000000000
77979  54.990  -5.857  47.146 0.0000000000
139360  26.925  -34.398  67.832 0.0000000000
45583  26.278  -35.181  73.862 0.0000000000
46732  25.351  -34.819  73.612 0.0000000000
43654  22.033  -37.016  71.313 0.0000000000
159290  41.817  -24.635  75.672 0.0000000000
58283  42.002  -23.882  75.833 0.0000000000
57243  41.952  -24.505  75.203 0.0000000000
159685  42.012  -24.358  74.655 0.0000000000
57244  41.831  -24.859  74.640 0.0000000000
57255  41.740  -24.854  73.780 0.0000000000
56157  41.581  -25.287  74.279 0.0000000000
54044  37.195  -27.689  73.284 0.0000000000
49926  34.885  -31.858  75.933 0.0000000000
49933  34.575  -31.495  75.101 0.0000000000
134568  31.792  -31.760  71.005 0.0000000000
49980  32.395  -31.273  70.678 0.0000000000
47947  27.983  -33.533  68.389 0.0000000000
47966  27.516  -33.706  67.521 0.0000000000
70382  50.201  -13.054  46.450 0.0000000000
69326  49.835  -13.449  46.741 0.0000000000
49857  24.579  -31.191  83.034 0.0000000000
48873  18.860  -32.924  80.682 0.0000000000
49896  19.815  -31.994  80.924 0.0000000000
48872  19.484  -32.638  80.270 0.0000000000
48886  20.066  -32.706  79.688 0.0000000000
47831  19.259  -33.795  78.750 0.0000000000
47814  18.845  -33.762  79.536 0.0000000000
78985  61.071  -4.944  49.726 0.0000000000
147809  60.771  -4.575  50.902 0.0000000000
74728  60.138  -9.616  52.132 0.0000000000
75806  59.967  -8.483  51.580 0.0000000000
73543  59.126  -10.076  51.410 0.0000000000
69255  57.310  -14.280  51.062 0.0000000000
70352  56.290  -13.526  50.044 0.0000000000
69272  55.723  -14.003  49.828 0.0000000000
69273  54.994  -14.011  49.414 0.0000000000
69257  55.514  -14.439  50.050 0.0000000000
69234  52.798  -13.871  52.794 0.0000000000
70323  51.084  -12.990  51.708 0.0000000000
159565  50.908  -12.779  52.448 0.0000000000
70252  55.065  -13.128  56.974 0.0000000000
69195  49.064  -13.271  56.069 0.0000000000
70284  49.063  -13.025  55.432 0.0000000000
69219  48.352  -12.881  54.108 0.0000000000
69205  48.382  -13.168  54.975 0.0000000000
69197  47.731  -13.675  55.461 0.0000000000
67094  44.835  -15.955  56.324 0.0000000000
65925  44.074  -16.329  56.067 0.0000000000
65926  43.229  -16.795  55.774 0.0000000000
154838  50.339  -22.819  64.272 0.0000000000
60505  50.849  -22.034  64.473 0.0000000000
149398  47.786  -19.967  61.438 0.0000000000
62695  47.559  -19.189  61.399 0.0000000000
63803  48.049  -18.525  61.636 0.0000000000
144579  47.039  -19.017  61.003 0.0000000000
63823  46.865  -18.487  60.589 0.0000000000
62705  46.544  -19.333  60.567 0.0000000000
59560  41.703  -22.004  55.627 0.0000000000
60588  41.752  -21.098  56.160 0.0000000000
60595  41.242  -21.325  55.546 0.0000000000
60596  40.675  -21.120  55.114 0.0000000000
60622  40.056  -22.002  53.663 0.0000000000
59589  40.807  -22.553  54.077 0.0000000000
57519  40.770  -24.667  51.797 0.0000000000
58464  40.708  -23.624  57.176 0.0000000000
58485  41.419  -24.494  56.654 0.0000000000
57296  38.927  -25.077  70.120 0.0000000000
57310  39.408  -25.067  69.386 0.0000000000
57311  38.612  -24.994  69.497 0.0000000000
56271  35.593  -25.292  65.279 0.0000000000
56270  36.231  -25.098  65.468 0.0000000000
133933  36.005  -24.737  63.929 0.0000000000
56279  35.287  -24.980  63.908 0.0000000000
53126  32.284  -28.174  64.454 0.0000000000
53159  31.455  -28.221  62.989 0.0000000000
78021  53.681  -6.163  41.992 0.0000000000
75904  53.915  -7.034  41.059 0.0000000000
46632  31.510  -34.561  80.023 0.0000000000
46633  30.693  -34.304  80.421 0.0000000000
154942  29.888  -33.618  81.457 0.0000000000
47788  28.490  -33.817  80.664 0.0000000000
48867  31.953  -33.159  80.941 0.0000000000
47784  32.644  -33.509  80.464 0.0000000000
60414  44.918  -21.266  73.863 0.0000000000
157216  45.429  -21.042  74.269 0.0000000000
60430  45.254  -21.605  73.067 0.0000000000
134887  45.543  -22.039  70.958 0.0000000000
149038  45.907  -22.048  71.630 0.0000000000
59354  46.602  -22.128  71.311 0.0000000000
153733  47.004  -22.078  70.719 0.0000000000
59385  46.972  -21.938  70.047 0.0000000000
59386  45.814  -21.907  69.582 0.0000000000
59405  43.873  -22.732  68.238 0.0000000000
59419  44.631  -22.201  67.812 0.0000000000
59435  44.361  -22.308  66.894 0.0000000000
60485  45.049  -21.797  66.367 0.0000000000
59436  43.635  -22.822  66.544 0.0000000000
58336  42.572  -23.765  67.601 0.0000000000
58345  42.388  -23.673  66.758 0.0000000000
58346  41.616  -23.956  66.437 0.0000000000
58357  41.313  -23.793  65.527 0.0000000000
49016  28.198  -32.647  65.631 0.0000000000
50048  28.535  -32.091  65.168 0.0000000000
146057  28.200  -32.750  64.810 0.0000000000
75862  53.992  -7.055  47.942 0.0000000000
75849  53.151  -7.582  47.788 0.0000000000
74780  51.390  -8.558  46.380 0.0000000000
74779  51.964  -7.950  46.735 0.0000000000
74785  51.541  -8.535  45.531 0.0000000000
73603  51.417  -9.207  44.530 0.0000000000
46775  27.272  -34.848  69.632 0.0000000000
46767  26.846  -35.404  70.165 0.0000000000
45632  26.328  -35.691  70.153 0.0000000000
133989  26.139  -35.749  70.620 0.0000000000
46690  24.544  -34.042  75.781 0.0000000000
156490  24.151  -34.080  74.580 0.0000000000
47867  23.989  -33.894  75.179 0.0000000000
46723  21.963  -34.078  74.001 0.0000000000
46736  21.834  -34.564  73.323 0.0000000000
45595  21.525  -35.478  73.012 0.0000000000
44533  21.575  -36.423  72.802 0.0000000000
45584  21.173  -35.207  73.838 0.0000000000
46708  20.536  -34.739  75.359 0.0000000000
44518  20.804  -35.858  74.501 0.0000000000
44513  20.900  -36.639  75.070 0.0000000000
142768  20.546  -36.025  75.237 0.0000000000
58250  39.121  -23.650  78.410 0.0000000000
143772  40.720  -26.078  77.258 0.0000000000
56105  40.718  -25.257  77.350 0.0000000000
55014  40.942  -26.094  76.795 0.0000000000
56117  41.309  -25.489  76.377 0.0000000000
55045  40.798  -26.551  76.001 0.0000000000
55029  40.661  -26.642  76.664 0.0000000000
53034  39.205  -28.297  76.021 0.0000000000
53040  38.442  -28.303  75.265 0.0000000000
135551  37.790  -28.974  75.241 0.0000000000
47881  32.051  -33.414  74.650 0.0000000000
137000  32.466  -32.612  74.115 0.0000000000
48930  31.696  -33.038  73.773 0.0000000000
47904  30.336  -33.474  72.514 0.0000000000
135723  30.530  -32.918  71.797 0.0000000000
48949  30.330  -32.874  71.228 0.0000000000
48956  30.416  -32.543  70.508 0.0000000000
47923  28.598  -34.050  70.609 0.0000000000
69313  47.866  -13.598  47.651 0.0000000000
155789  47.889  -13.645  46.963 0.0000000000
69340  45.661  -14.155  46.307 0.0000000000
69339  46.268  -14.103  45.656 0.0000000000
68297  45.683  -14.865  44.574 0.0000000000
67192  45.786  -15.400  43.941 0.0000000000
67183  45.275  -15.589  44.535 0.0000000000
48843  18.629  -32.570  82.171 0.0000000000
48858  18.707  -32.718  81.428 0.0000000000
145054  18.429  -34.056  81.234 0.0000000000
46625  18.424  -34.654  80.660 0.0000000000
157509  18.475  -34.760  81.332 0.0000000000
69231  56.314  -14.527  52.340 0.0000000000
69216  54.254  -14.261  53.868 0.0000000000
69233  53.728  -14.393  53.123 0.0000000000
141154  53.240  -12.646  57.884 0.0000000000
70241  52.706  -12.572  58.546 0.0000000000
69167  50.758  -13.139  58.449 0.0000000000
135641  50.191  -13.283  57.942 0.0000000000
69175  49.576  -13.470  57.472 0.0000000000
68177  49.046  -13.909  57.800 0.0000000000
68169  48.633  -14.877  58.643 0.0000000000
68170  48.086  -14.989  58.188 0.0000000000
67085  46.713  -15.539  57.534 0.0000000000
67077  47.005  -15.839  58.165 0.0000000000
57386  48.482  -24.682  60.931 0.0000000000
141889  48.820  -24.157  60.619 0.0000000000
59523  46.983  -23.561  58.472 0.0000000000
59512  48.068  -23.498  59.460 0.0000000000
59513  47.309  -23.038  59.182 0.0000000000
60555  46.799  -22.077  59.681 0.0000000000
59514  46.431  -22.623  59.000 0.0000000000
60556  45.973  -21.643  59.449 0.0000000000
58484  44.113  -23.664  55.959 0.0000000000
59557  44.356  -23.396  56.650 0.0000000000
59558  43.543  -22.955  56.531 0.0000000000
58502  43.350  -23.814  54.832 0.0000000000
59587  42.475  -23.453  54.598 0.0000000000
56381  43.763  -25.593  54.640 0.0000000000
57481  43.352  -25.195  53.969 0.0000000000
56391  42.629  -25.642  53.705 0.0000000000
56404  41.434  -25.729  52.942 0.0000000000
59542  39.043  -23.036  56.989 0.0000000000
59543  38.101  -23.010  57.492 0.0000000000
58523  36.343  -23.139  54.532 0.0000000000
58538  36.553  -23.532  53.718 0.0000000000
58539  35.653  -23.350  54.071 0.0000000000
56211  35.817  -25.982  69.817 0.0000000000
56224  36.297  -25.409  69.173 0.0000000000
56225  35.610  -25.925  69.021 0.0000000000
55155  34.535  -26.774  67.504 0.0000000000
55154  35.061  -26.010  67.420 0.0000000000
81153  59.057  -2.805  43.322 0.0000000000
80119  58.340  -3.254  42.116 0.0000000000
80126  58.500  -3.367  41.324 0.0000000000
80127  57.804  -3.697  41.631 0.0000000000
46719  29.387  -35.113  74.456 0.0000000000
45579  28.708  -35.333  74.204 0.0000000000
146205  29.162  -35.236  74.815 0.0000000000
45569  28.740  -35.224  75.283 0.0000000000
45570  28.031  -35.114  75.383 0.0000000000
45571  27.376  -35.196  74.786 0.0000000000
133261  29.108  -34.494  78.894 0.0000000000
46660  26.925  -33.930  78.023 0.0000000000
46671  27.793  -34.312  77.430 0.0000000000
46688  26.653  -34.481  76.195 0.0000000000
46673  25.791  -34.075  76.810 0.0000000000
47841  25.185  -33.777  77.507 0.0000000000
141406  24.691  -33.579  77.990 0.0000000000
142816  23.976  -33.416  78.144 0.0000000000
51963  36.488  -29.380  80.229 0.0000000000
53999  36.121  -27.756  79.962 0.0000000000
51962  37.252  -29.144  79.892 0.0000000000
53005  37.273  -28.455  79.821 0.0000000000
51982  37.755  -29.564  79.435 0.0000000000
51999  38.091  -29.737  79.019 0.0000000000
50911  37.132  -30.962  79.256 0.0000000000
48893  35.653  -32.457  78.771 0.0000000000
49918  36.298  -32.017  78.200 0.0000000000
48900  35.515  -32.452  77.857 0.0000000000
48907  35.223  -32.224  76.855 0.0000000000
138340  34.756  -32.854  77.507 0.0000000000
151531  33.990  -33.303  79.439 0.0000000000
135970  33.896  -33.757  78.675 0.0000000000
47838  33.683  -33.955  77.875 0.0000000000
47852  32.840  -34.246  76.955 0.0000000000
47851  33.285  -33.654  76.621 0.0000000000
141981  32.710  -33.925  76.336 0.0000000000
137466  32.260  -33.864  75.618 0.0000000000
46717  31.005  -34.611  75.037 0.0000000000
69297  43.644  -14.142  48.347 0.0000000000
138681  55.054  -12.388  58.600 0.0000000000
70222  56.055  -11.897  59.793 0.0000000000
69139  56.273  -12.875  61.259 0.0000000000
70209  55.655  -12.435  60.401 0.0000000000
69147  53.873  -13.142  60.727 0.0000000000
145123  54.459  -13.649  61.391 0.0000000000
61463  46.666  -20.906  74.251 0.0000000000
59415  49.336  -22.683  67.629 0.0000000000
155742  50.144  -22.487  67.709 0.0000000000
59430  49.403  -22.831  67.027 0.0000000000
135695  49.538  -23.046  66.425 0.0000000000
58343  49.182  -23.091  66.489 0.0000000000
59417  47.826  -22.183  67.551 0.0000000000
59460  47.417  -22.559  64.600 0.0000000000
59459  48.255  -23.312  64.947 0.0000000000
59471  47.841  -23.413  64.075 0.0000000000
58367  48.494  -23.756  64.448 0.0000000000
58378  48.200  -24.009  63.511 0.0000000000
57368  48.336  -24.332  62.636 0.0000000000
148347  47.809  -24.080  62.720 0.0000000000
57389  46.154  -24.157  61.008 0.0000000000
57397  46.091  -24.787  60.244 0.0000000000
57408  46.107  -25.341  59.291 0.0000000000
57398  45.190  -24.592  59.832 0.0000000000
57409  45.039  -25.129  59.015 0.0000000000
58423  44.315  -24.365  59.487 0.0000000000
58413  43.565  -23.539  59.838 0.0000000000
133857  42.621  -22.852  60.250 0.0000000000
58426  42.113  -23.419  58.918 0.0000000000
59515  41.992  -22.951  59.752 0.0000000000
59474  42.947  -22.448  63.819 0.0000000000
59502  40.687  -22.805  61.658 0.0000000000
59501  41.552  -22.552  61.689 0.0000000000
159506  40.503  -22.833  61.127 0.0000000000
134095  40.971  -22.777  60.233 0.0000000000
133551  40.273  -22.908  60.598 0.0000000000
158022  39.632  -23.037  59.385 0.0000000000
59509  39.512  -23.090  60.765 0.0000000000
58405  38.503  -23.419  61.518 0.0000000000
146201  38.805  -23.251  60.865 0.0000000000
135307  38.152  -23.392  60.935 0.0000000000
58429  37.381  -23.343  59.649 0.0000000000
136349  37.534  -23.490  60.630 0.0000000000
52136  30.895  -29.831  65.097 0.0000000000
52156  31.325  -29.274  64.658 0.0000000000
52157  30.668  -29.657  64.317 0.0000000000
50070  28.932  -31.309  63.558 0.0000000000
51173  29.385  -30.604  63.295 0.0000000000
52177  29.836  -29.905  63.008 0.0000000000
156674  58.027  -4.806  47.087 0.0000000000
79023  58.293  -4.465  46.230 0.0000000000
148597  57.215  -4.675  46.320 0.0000000000
77999  54.992  -5.153  45.840 0.0000000000
79039  55.337  -4.702  45.198 0.0000000000
78010  53.977  -5.310  44.035 0.0000000000
75875  52.916  -6.866  46.390 0.0000000000
138573  53.248  -6.352  45.834 0.0000000000
76927  52.738  -6.899  45.542 0.0000000000
75885  53.083  -7.253  44.160 0.0000000000
46793  25.753  -35.349  67.869 0.0000000000
135060  27.625  -35.517  73.172 0.0000000000
133829  27.279  -35.520  72.984 0.0000000000
45606  25.893  -35.359  72.368 0.0000000000
134007  26.221  -35.562  71.789 0.0000000000
134026  25.445  -35.697  70.453 0.0000000000
45619  24.543  -35.283  70.867 0.0000000000
46745  24.073  -34.450  72.548 0.0000000000
46746  23.341  -34.441  72.410 0.0000000000
44554  22.417  -36.332  70.417 0.0000000000
45636  22.821  -35.523  70.726 0.0000000000
45652  22.920  -35.761  70.041 0.0000000000
59293  41.063  -21.901  77.909 0.0000000000
60360  41.404  -21.508  77.736 0.0000000000
149692  42.603  -21.748  76.128 0.0000000000
60373  42.298  -21.596  76.855 0.0000000000
60372  42.991  -20.896  76.565 0.0000000000
60386  43.315  -21.106  75.738 0.0000000000
60401  43.675  -21.155  74.925 0.0000000000
158088  43.181  -21.468  75.067 0.0000000000
58296  42.185  -23.627  73.294 0.0000000000
59345  42.690  -22.752  71.827 0.0000000000
57279  42.062  -24.307  71.657 0.0000000000
57293  42.132  -24.251  70.922 0.0000000000
56177  41.072  -25.447  72.774 0.0000000000
56192  40.806  -25.456  71.843 0.0000000000
145692  39.774  -25.451  71.707 0.0000000000
55076  39.570  -26.389  74.085 0.0000000000
55091  37.429  -26.407  72.820 0.0000000000
56180  37.466  -25.848  72.322 0.0000000000
56195  36.684  -25.669  71.085 0.0000000000
160614  35.827  -28.022  71.063 0.0000000000
54066  35.649  -27.719  70.585 0.0000000000
53077  34.723  -28.093  69.370 0.0000000000
53070  35.110  -28.317  70.147 0.0000000000
50954  37.714  -30.572  77.504 0.0000000000
52007  38.232  -29.888  77.147 0.0000000000
135852  35.603  -30.584  74.909 0.0000000000
152870  36.274  -30.208  75.116 0.0000000000
157196  35.935  -30.116  74.456 0.0000000000
49947  33.427  -31.620  73.804 0.0000000000
51023  34.244  -30.567  72.458 0.0000000000
136504  34.716  -30.048  71.898 0.0000000000
52046  34.466  -29.921  71.268 0.0000000000
52058  33.922  -29.865  70.271 0.0000000000
143628  33.714  -29.632  69.548 0.0000000000
52073  33.117  -29.968  69.110 0.0000000000
52086  32.910  -29.742  68.286 0.0000000000
51089  32.473  -30.327  68.697 0.0000000000
49988  31.281  -31.246  68.795 0.0000000000
149955  31.795  -30.691  68.323 0.0000000000
49989  30.697  -32.076  69.765 0.0000000000
48989  29.177  -32.320  67.804 0.0000000000
71431  50.896  -11.898  47.020 0.0000000000
72451  50.304  -11.029  46.618 0.0000000000
70396  48.998  -12.080  44.775 0.0000000000
71440  49.417  -11.873  45.288 0.0000000000
71446  48.803  -11.939  44.072 0.0000000000
141085  47.514  -13.423  44.999 0.0000000000
69347  47.228  -13.482  44.151 0.0000000000
68315  47.383  -14.387  42.669 0.0000000000
155784  48.613  -14.265  41.881 0.0000000000
68264  44.279  -14.552  46.830 0.0000000000
67175  43.820  -15.860  45.887 0.0000000000
50863  29.742  -30.966  81.673 0.0000000000
49854  28.288  -31.275  82.177 0.0000000000
48851  27.896  -32.542  82.145 0.0000000000
48840  27.344  -31.979  82.482 0.0000000000
155697  25.766  -32.227  82.393 0.0000000000
48853  26.044  -32.761  81.861 0.0000000000
48868  25.356  -32.936  81.248 0.0000000000
143571  23.504  -32.735  80.620 0.0000000000
47792  24.261  -33.037  80.292 0.0000000000
47793  23.685  -33.085  79.776 0.0000000000
47809  23.157  -33.136  79.268 0.0000000000
49860  20.769  -30.805  82.402 0.0000000000
139386  21.836  -30.940  82.517 0.0000000000
48856  21.815  -32.038  80.911 0.0000000000
47812  20.448  -32.990  79.111 0.0000000000
48884  21.885  -32.675  79.816 0.0000000000
47828  21.911  -33.150  78.373 0.0000000000
152045  20.713  -33.637  77.036 0.0000000000
148453  20.398  -33.529  77.760 0.0000000000
45552  19.492  -35.159  77.230 0.0000000000
137629  18.997  -36.128  78.861 0.0000000000
81117  61.439  -3.258  47.380 0.0000000000
79007  60.744  -4.349  47.347 0.0000000000
147219  61.067  -4.449  47.864 0.0000000000
77962  59.115  -5.456  48.610 0.0000000000
77950  58.564  -5.941  49.203 0.0000000000
76870  60.513  -6.397  50.823 0.0000000000
76859  60.422  -7.015  51.118 0.0000000000
75818  58.036  -7.759  50.663 0.0000000000
76872  58.530  -7.043  50.383 0.0000000000
75831  57.448  -7.147  50.106 0.0000000000
140403  56.953  -6.692  49.435 0.0000000000
75832  56.493  -7.293  49.790 0.0000000000
75833  55.735  -7.390  49.486 0.0000000000
75820  55.988  -7.937  50.063 0.0000000000
74741  55.413  -8.824  50.139 0.0000000000
73569  54.658  -9.525  49.910 0.0000000000
153989  57.701  -10.657  50.717 0.0000000000
72425  57.711  -11.532  50.649 0.0000000000
71420  55.035  -12.344  49.428 0.0000000000
71409  55.513  -11.480  49.864 0.0000000000
147453  54.606  -11.276  49.563 0.0000000000
148084  53.872  -11.041  49.367 0.0000000000
71425  53.486  -12.392  48.476 0.0000000000
70371  53.164  -13.040  48.083 0.0000000000
69289  52.681  -13.575  47.908 0.0000000000
156078  52.239  -13.844  47.923 0.0000000000
144648  52.391  -14.038  48.407 0.0000000000
68237  55.055  -15.010  51.356 0.0000000000
68246  54.169  -14.694  50.491 0.0000000000
69247  51.330  -13.473  50.688 0.0000000000
69276  51.478  -13.975  48.778 0.0000000000
69277  50.471  -13.584  49.341 0.0000000000
69263  49.074  -12.963  50.142 0.0000000000
70354  48.609  -12.709  50.882 0.0000000000
70355  47.762  -12.744  50.946 0.0000000000
70280  55.148  -13.409  55.473 0.0000000000
69194  53.766  -13.703  55.486 0.0000000000
133367  52.839  -13.344  55.088 0.0000000000
134630  52.115  -12.667  57.026 0.0000000000
70268  53.053  -13.068  56.477 0.0000000000
70294  51.074  -12.693  55.101 0.0000000000
158579  51.072  -12.689  54.438 0.0000000000
135306  50.669  -12.630  53.815 0.0000000000
70307  50.217  -12.580  52.969 0.0000000000
133428  49.745  -12.581  53.809 0.0000000000
70310  47.960  -12.692  52.856 0.0000000000
69265  46.875  -12.873  51.199 0.0000000000
70343  47.039  -12.867  52.096 0.0000000000
69248  46.311  -13.081  51.892 0.0000000000
69223  45.212  -13.715  52.890 0.0000000000
69239  45.016  -13.576  52.149 0.0000000000
155558  44.659  -13.865  52.615 0.0000000000
139993  43.542  -14.078  51.509 0.0000000000
68229  44.158  -14.211  52.834 0.0000000000
68198  46.468  -14.177  55.089 0.0000000000
139518  46.438  -14.516  55.706 0.0000000000
67107  44.134  -15.280  54.847 0.0000000000
68208  43.855  -14.965  54.086 0.0000000000
68219  42.826  -14.969  52.960 0.0000000000
67015  54.193  -15.589  62.927 0.0000000000
68112  53.587  -14.909  62.281 0.0000000000
150963  53.189  -14.441  61.757 0.0000000000
67030  52.566  -14.905  61.919 0.0000000000
61530  51.736  -20.717  64.502 0.0000000000
61523  52.457  -20.265  65.393 0.0000000000
61529  52.270  -20.043  64.632 0.0000000000
62649  53.242  -18.911  64.836 0.0000000000
147410  51.929  -19.538  64.024 0.0000000000
60542  49.332  -22.277  61.381 0.0000000000
60531  50.000  -21.723  62.359 0.0000000000
60532  49.574  -21.557  61.955 0.0000000000
63783  50.025  -18.882  62.919 0.0000000000
63768  50.952  -18.888  63.370 0.0000000000
63767  51.857  -18.681  63.719 0.0000000000
64879  51.208  -17.952  63.270 0.0000000000
64888  51.487  -17.274  63.127 0.0000000000
64889  50.653  -17.179  62.704 0.0000000000
65867  49.613  -16.611  61.632 0.0000000000
65854  50.202  -16.685  62.142 0.0000000000
67032  50.785  -15.647  61.549 0.0000000000
65879  49.245  -16.197  60.802 0.0000000000
67046  49.637  -15.503  60.388 0.0000000000
65880  48.488  -16.526  60.462 0.0000000000
64921  46.366  -17.545  59.438 0.0000000000
64933  46.112  -17.132  58.776 0.0000000000
60561  44.723  -21.118  58.803 0.0000000000
61578  45.006  -20.375  59.209 0.0000000000
61584  44.381  -20.176  58.685 0.0000000000
62734  42.754  -19.341  57.021 0.0000000000
62733  43.198  -19.546  57.516 0.0000000000
63878  43.230  -18.717  57.219 0.0000000000
63877  43.917  -18.206  57.609 0.0000000000
63894  42.896  -18.268  56.634 0.0000000000
64966  42.508  -17.995  56.104 0.0000000000
63895  42.389  -18.658  56.375 0.0000000000
61633  39.854  -20.363  54.329 0.0000000000
58536  41.599  -23.741  52.727 0.0000000000
57534  40.455  -24.130  51.292 0.0000000000
58560  41.003  -23.685  51.538 0.0000000000
58571  39.911  -23.541  49.850 0.0000000000
57439  43.500  -25.476  57.443 0.0000000000
56339  43.607  -25.892  56.763 0.0000000000
57459  42.744  -25.720  56.482 0.0000000000
57472  40.868  -25.037  55.486 0.0000000000
57471  41.735  -25.652  55.583 0.0000000000
56384  41.154  -26.278  54.146 0.0000000000
56385  40.304  -26.111  53.984 0.0000000000
58488  39.220  -23.663  55.431 0.0000000000
57506  38.205  -25.489  52.663 0.0000000000
57484  39.106  -25.031  53.886 0.0000000000
142764  41.645  -24.648  69.519 0.0000000000
152534  41.048  -24.913  69.112 0.0000000000
136350  39.818  -24.840  67.957 0.0000000000
57323  40.577  -24.814  68.388 0.0000000000
157411  40.399  -24.406  66.641 0.0000000000
57347  39.712  -24.554  66.668 0.0000000000
57338  36.979  -25.108  67.790 0.0000000000
146202  37.231  -25.072  67.212 0.0000000000
157414  37.270  -24.767  65.143 0.0000000000
134638  37.679  -24.897  66.074 0.0000000000
57356  37.833  -24.679  65.352 0.0000000000
57355  38.612  -24.503  65.380 0.0000000000
157382  38.552  -24.024  63.662 0.0000000000
58382  37.770  -24.294  63.834 0.0000000000
136798  35.539  -24.556  62.559 0.0000000000
57378  36.433  -24.327  62.658 0.0000000000
58408  35.945  -24.300  61.859 0.0000000000
133901  36.292  -23.978  61.125 0.0000000000
57390  35.399  -24.279  61.158 0.0000000000
141222  33.211  -28.283  66.408 0.0000000000
54109  33.331  -27.237  65.184 0.0000000000
55190  33.646  -26.574  64.768 0.0000000000
137256  33.500  -26.395  63.996 0.0000000000
54137  31.580  -27.648  62.447 0.0000000000
56306  32.655  -25.685  61.417 0.0000000000
55206  32.864  -26.041  62.296 0.0000000000
55197  33.358  -26.062  63.108 0.0000000000
56298  33.493  -25.564  62.410 0.0000000000
151639  33.599  -25.065  61.532 0.0000000000
57412  33.401  -24.442  59.754 0.0000000000
57400  33.691  -24.634  60.524 0.0000000000
58433  34.048  -23.964  59.215 0.0000000000
81169  60.642  -2.036  40.983 0.0000000000
79041  56.854  -4.281  44.770 0.0000000000
80114  57.147  -4.055  43.999 0.0000000000
79050  56.565  -4.126  43.414 0.0000000000
79056  56.221  -4.335  42.234 0.0000000000
79070  55.873  -4.905  40.921 0.0000000000
148961  56.646  -4.632  40.801 0.0000000000
72453  50.027  -10.615  45.869 0.0000000000
133186  50.298  -9.918  45.809 0.0000000000
72459  50.103  -10.134  45.106 0.0000000000
47772  31.039  -33.092  81.401 0.0000000000
47786  30.565  -33.711  81.260 0.0000000000
48849  29.647  -32.400  81.948 0.0000000000
59344  43.248  -22.044  72.405 0.0000000000
133900  44.390  -21.755  72.237 0.0000000000
59370  44.365  -22.096  70.647 0.0000000000
134006  45.102  -22.025  70.163 0.0000000000
59387  44.701  -22.161  69.450 0.0000000000
58335  43.218  -23.314  67.900 0.0000000000
58329  42.063  -24.223  68.125 0.0000000000
74761  52.928  -8.247  48.346 0.0000000000
74772  51.576  -8.743  47.418 0.0000000000
141532  51.003  -9.005  46.340 0.0000000000
46765  27.943  -34.835  71.028 0.0000000000
45616  27.349  -35.376  71.390 0.0000000000
150665  26.995  -35.598  71.655 0.0000000000
47868  23.149  -33.687  75.222 0.0000000000
47869  22.269  -33.638  75.311 0.0000000000
47886  21.730  -33.902  74.696 0.0000000000
46707  21.021  -34.241  74.970 0.0000000000
57181  38.720  -25.140  78.584 0.0000000000
154887  39.373  -24.569  78.326 0.0000000000
56090  39.624  -25.543  78.231 0.0000000000
54998  40.315  -26.667  77.586 0.0000000000
54021  40.288  -27.280  77.073 0.0000000000
53028  39.609  -28.268  76.789 0.0000000000
137846  39.097  -28.683  76.589 0.0000000000
47895  30.479  -33.931  73.447 0.0000000000
134036  47.069  -13.482  48.146 0.0000000000
136380  47.169  -13.655  47.244 0.0000000000
134693  45.753  -13.886  47.055 0.0000000000
46613  18.648  -33.805  82.863 0.0000000000
70322  55.884  -13.665  52.964 0.0000000000
69214  55.675  -14.215  52.973 0.0000000000
70226  52.299  -12.729  59.147 0.0000000000
69158  51.725  -13.159  59.478 0.0000000000
139508  50.921  -13.408  59.158 0.0000000000
69168  50.052  -13.745  58.756 0.0000000000
68159  49.084  -14.845  59.088 0.0000000000
67062  48.644  -15.423  59.259 0.0000000000
57395  47.834  -25.142  59.538 0.0000000000
58421  48.146  -24.423  59.333 0.0000000000
57406  47.660  -24.908  58.708 0.0000000000
58438  47.093  -24.531  58.122 0.0000000000
159688  46.704  -23.977  57.847 0.0000000000
58439  46.123  -23.892  57.444 0.0000000000
58482  45.496  -24.710  56.327 0.0000000000
58483  44.869  -24.398  55.871 0.0000000000
57470  44.537  -25.137  55.130 0.0000000000
56370  43.176  -26.065  55.178 0.0000000000
156666  35.221  -26.465  68.770 0.0000000000
54090  34.023  -27.383  67.122 0.0000000000
81151  60.258  -2.041  44.517 0.0000000000
81145  59.295  -3.028  44.155 0.0000000000
138387  58.681  -3.315  43.739 0.0000000000
136086  29.882  -35.151  75.839 0.0000000000
159953  29.585  -35.154  75.868 0.0000000000
45560  29.217  -35.148  75.888 0.0000000000
46686  28.808  -34.787  76.725 0.0000000000
154934  27.678  -33.923  79.178 0.0000000000
47840  26.035  -33.844  77.720 0.0000000000
47824  26.179  -33.691  78.613 0.0000000000
51964  35.685  -29.654  80.449 0.0000000000
50872  36.323  -30.253  80.225 0.0000000000
50887  36.826  -30.699  79.751 0.0000000000
49904  36.527  -31.362  79.547 0.0000000000
48894  35.082  -32.711  79.105 0.0000000000
47822  32.890  -34.492  79.163 0.0000000000
46653  33.204  -34.381  78.443 0.0000000000
46667  32.738  -34.723  77.945 0.0000000000
46683  32.394  -34.718  77.300 0.0000000000
46684  31.633  -34.846  76.763 0.0000000000
46701  31.458  -34.643  75.899 0.0000000000
46685  30.987  -34.924  76.382 0.0000000000
60411  47.438  -21.506  73.021 0.0000000000
61473  47.998  -21.269  72.923 0.0000000000
61472  48.626  -20.851  72.745 0.0000000000
60461  49.577  -21.767  69.744 0.0000000000
138199  49.925  -21.958  69.080 0.0000000000
156743  49.372  -22.170  69.176 0.0000000000
59399  49.231  -22.533  68.254 0.0000000000
59416  49.135  -22.617  67.990 0.0000000000
60484  46.123  -21.591  66.639 0.0000000000
60495  46.961  -21.776  66.070 0.0000000000
60506  46.741  -21.817  65.163 0.0000000000
59472  47.017  -22.577  63.755 0.0000000000
160481  46.651  -23.141  62.464 0.0000000000
59484  46.451  -22.525  63.034 0.0000000000
59497  45.405  -22.738  61.876 0.0000000000
58402  45.382  -23.313  61.290 0.0000000000
58412  44.393  -23.756  60.202 0.0000000000
58403  44.470  -23.104  60.923 0.0000000000
59499  43.526  -22.392  61.458 0.0000000000
59463  41.748  -23.226  64.331 0.0000000000
59475  42.138  -22.798  63.734 0.0000000000
59476  41.403  -23.093  63.651 0.0000000000
146849  40.980  -23.028  63.010 0.0000000000
59503  40.031  -23.050  61.841 0.0000000000
58392  39.621  -23.304  62.444 0.0000000000
134640  38.896  -23.434  62.111 0.0000000000
58393  38.197  -23.675  62.238 0.0000000000
51123  31.378  -30.274  66.684 0.0000000000
79024  56.304  -4.979  46.418 0.0000000000
77988  56.203  -5.349  47.001 0.0000000000
77989  55.509  -5.371  46.593 0.0000000000
78000  54.272  -5.462  45.638 0.0000000000
75886  52.579  -7.750  44.793 0.0000000000
45666  25.447  -35.669  68.920 0.0000000000
45593  26.923  -35.444  73.312 0.0000000000
45594  26.060  -35.290  73.071 0.0000000000
45608  22.145  -34.994  72.345 0.0000000000
46757  22.974  -34.681  71.941 0.0000000000
44542  22.233  -35.943  71.277 0.0000000000
58273  41.439  -23.080  77.207 0.0000000000
58278  41.675  -23.635  76.597 0.0000000000
59316  42.086  -22.688  76.406 0.0000000000
59324  42.314  -22.768  75.623 0.0000000000
59330  42.429  -22.638  74.689 0.0000000000
153449  42.181  -23.625  74.222 0.0000000000
57266  41.871  -24.451  73.098 0.0000000000
144931  41.810  -24.627  72.251 0.0000000000
57267  41.607  -24.944  72.928 0.0000000000
55061  38.165  -27.097  74.084 0.0000000000
55077  38.575  -26.483  73.762 0.0000000000
55078  37.684  -26.837  73.464 0.0000000000
55079  37.153  -27.007  72.925 0.0000000000
55092  36.888  -26.645  72.282 0.0000000000
55105  36.399  -26.589  71.399 0.0000000000
54057  36.433  -27.478  71.872 0.0000000000
53062  36.025  -28.166  71.518 0.0000000000
49924  36.326  -31.129  76.427 0.0000000000
49932  35.252  -31.183  75.411 0.0000000000
50996  34.967  -30.908  74.672 0.0000000000
49960  32.548  -31.688  72.385 0.0000000000
49959  33.210  -31.304  72.563 0.0000000000
49969  33.141  -31.134  71.898 0.0000000000
52047  34.059  -30.037  70.893 0.0000000000
51056  32.894  -30.760  70.282 0.0000000000
51074  32.680  -30.547  69.505 0.0000000000
158470  30.832  -31.729  69.158 0.0000000000
48965  29.028  -32.965  69.107 0.0000000000
48991  27.909  -33.112  66.936 0.0000000000
47976  27.488  -33.672  66.522 0.0000000000
70380  50.969  -13.062  46.842 0.0000000000
71434  50.341  -12.284  46.403 0.0000000000
70389  49.025  -12.678  45.428 0.0000000000
68306  46.746  -14.509  43.260 0.0000000000
48842  25.096  -31.886  82.625 0.0000000000
157093  24.560  -32.351  81.980 0.0000000000
48854  23.821  -32.321  81.598 0.0000000000
49880  19.480  -31.655  81.684 0.0000000000
49879  20.181  -31.387  81.592 0.0000000000
49895  20.717  -31.878  80.866 0.0000000000
150044  21.235  -32.305  80.268 0.0000000000
47830  19.978  -33.381  78.526 0.0000000000
47845  19.656  -33.902  77.978 0.0000000000
46661  19.148  -34.448  78.284 0.0000000000
78997  61.023  -4.827  48.417 0.0000000000
77960  60.937  -5.186  49.147 0.0000000000
77947  60.820  -5.510  49.771 0.0000000000
77948  60.523  -5.629  49.519 0.0000000000
75816  60.035  -7.382  51.119 0.0000000000
74739  57.681  -8.561  50.774 0.0000000000
73557  56.189  -9.708  50.401 0.0000000000
71407  57.659  -12.609  50.653 0.0000000000
145358  56.788  -12.848  50.245 0.0000000000
70363  54.592  -13.247  49.042 0.0000000000
69274  54.093  -14.052  48.930 0.0000000000
155760  53.532  -14.199  48.879 0.0000000000
69244  53.379  -14.375  52.215 0.0000000000
68239  53.231  -14.426  51.155 0.0000000000
69261  50.453  -13.219  50.326 0.0000000000
70339  50.383  -12.895  51.226 0.0000000000
70340  49.553  -12.629  51.737 0.0000000000
70266  55.236  -13.271  56.259 0.0000000000
151865  53.713  -13.500  56.052 0.0000000000
70270  50.289  -12.824  56.283 0.0000000000
133429  51.108  -12.666  55.873 0.0000000000
154177  49.680  -12.763  55.212 0.0000000000
159872  48.991  -12.650  53.783 0.0000000000
69220  47.703  -12.938  53.524 0.0000000000
69237  46.518  -13.171  52.680 0.0000000000
69221  46.792  -13.326  53.569 0.0000000000
69208  46.076  -13.740  53.894 0.0000000000
68191  46.038  -14.968  56.117 0.0000000000
67100  45.247  -15.304  55.825 0.0000000000
67101  44.465  -15.619  55.590 0.0000000000
67108  43.371  -15.592  54.568 0.0000000000
67109  42.609  -15.907  54.256 0.0000000000
65936  42.899  -16.283  55.004 0.0000000000
65937  42.170  -16.598  54.633 0.0000000000
66998  53.394  -16.184  63.111 0.0000000000
60493  51.214  -21.915  66.066 0.0000000000
61517  51.728  -21.241  66.528 0.0000000000
60494  50.895  -22.232  65.387 0.0000000000
60504  51.483  -21.428  65.050 0.0000000000
60518  50.881  -21.360  63.725 0.0000000000
60543  48.596  -21.592  61.125 0.0000000000
61547  49.245  -20.696  62.105 0.0000000000
151854  48.474  -20.536  61.643 0.0000000000
62680  48.857  -19.742  62.189 0.0000000000
145703  49.204  -18.921  62.490 0.0000000000
64890  49.595  -17.991  62.544 0.0000000000
64891  48.773  -18.212  62.094 0.0000000000
64902  48.385  -17.663  61.499 0.0000000000
64911  48.055  -17.240  60.850 0.0000000000
64912  47.343  -17.716  60.534 0.0000000000
137982  46.638  -17.955  60.079 0.0000000000
63843  46.030  -18.290  59.691 0.0000000000
60572  43.666  -21.707  57.692 0.0000000000
151536  43.436  -20.711  57.822 0.0000000000
60573  42.892  -20.934  57.324 0.0000000000
149340  42.290  -20.539  56.739 0.0000000000
61606  41.751  -20.128  56.254 0.0000000000
62750  41.373  -19.709  55.786 0.0000000000
61632  40.455  -20.374  54.978 0.0000000000
60610  39.758  -21.141  54.009 0.0000000000
59601  40.133  -22.214  52.724 0.0000000000
58547  41.852  -24.753  52.566 0.0000000000
58462  42.316  -24.481  57.611 0.0000000000
57441  42.171  -24.908  56.899 0.0000000000
160975  37.859  -23.914  53.803 0.0000000000
58521  38.389  -24.006  54.175 0.0000000000
57494  37.558  -24.641  52.994 0.0000000000
57309  40.309  -25.072  69.224 0.0000000000
133783  39.073  -24.899  68.079 0.0000000000
56261  36.387  -25.203  66.287 0.0000000000
57351  37.131  -25.058  66.543 0.0000000000
146498  36.752  -24.846  64.962 0.0000000000
57363  36.604  -24.683  64.259 0.0000000000
57369  37.089  -24.477  63.891 0.0000000000
57371  35.805  -24.636  63.286 0.0000000000
149401  32.020  -28.829  65.088 0.0000000000
136934  32.586  -28.286  65.202 0.0000000000
136020  32.594  -27.509  64.012 0.0000000000
55225  30.987  -26.990  60.677 0.0000000000
56305  33.219  -25.085  61.053 0.0000000000
79051  55.687  -4.374  43.499 0.0000000000
79057  55.320  -4.589  42.671 0.0000000000
72469  49.716  -10.796  43.859 0.0000000000
71454  49.866  -11.122  43.084 0.0000000000
71461  50.227  -11.681  42.334 0.0000000000
152551  31.128  -35.088  78.612 0.0000000000
46656  30.410  -35.000  78.456 0.0000000000
139347  29.816  -34.683  79.165 0.0000000000
46645  29.102  -34.229  79.943 0.0000000000
46634  29.906  -34.116  80.762 0.0000000000
47789  27.701  -33.598  80.627 0.0000000000
47801  33.365  -33.323  80.140 0.0000000000
47802  32.825  -34.083  79.862 0.0000000000
46642  32.277  -34.673  79.471 0.0000000000
46643  31.612  -34.979  79.164 0.0000000000
61431  45.160  -20.019  75.351 0.0000000000
61464  45.764  -20.716  74.573 0.0000000000
60412  46.912  -21.468  73.472 0.0000000000
59343  45.605  -21.883  72.252 0.0000000000
60429  46.313  -21.763  72.942 0.0000000000
60428  47.068  -21.875  72.649 0.0000000000
59353  47.191  -22.107  71.839 0.0000000000
59352  47.668  -22.014  71.426 0.0000000000
59367  47.989  -22.037  70.655 0.0000000000
59384  48.211  -22.036  69.855 0.0000000000
133779  47.839  -22.034  69.566 0.0000000000
59402  46.983  -21.871  69.208 0.0000000000
133029  46.874  -21.802  68.319 0.0000000000
59418  45.705  -21.781  67.997 0.0000000000
60476  46.504  -21.706  67.454 0.0000000000
60497  44.879  -21.783  65.501 0.0000000000
60509  44.104  -22.023  64.466 0.0000000000
60498  44.123  -22.213  65.188 0.0000000000
59461  43.380  -22.520  64.706 0.0000000000
59452  42.771  -23.121  65.355 0.0000000000
59437  42.962  -23.274  66.214 0.0000000000
59453  42.004  -23.421  65.064 0.0000000000
156179  41.368  -23.539  64.795 0.0000000000
58358  40.433  -24.051  65.477 0.0000000000
50047  29.135  -31.484  65.564 0.0000000000
149740  28.445  -32.246  64.431 0.0000000000
139893  28.280  -33.648  63.995 0.0000000000
76895  54.864  -6.765  48.287 0.0000000000
76904  54.567  -6.431  47.573 0.0000000000
75863  53.355  -6.977  47.190 0.0000000000
75876  52.383  -7.404  46.136 0.0000000000
74784  52.083  -8.169  45.188 0.0000000000
146602  26.901  -34.780  68.763 0.0000000000
158698  24.916  -35.771  69.389 0.0000000000
46705  25.709  -34.644  75.228 0.0000000000
46721  24.682  -34.391  74.173 0.0000000000
46722  23.845  -34.093  73.943 0.0000000000
47896  23.121  -33.899  73.890 0.0000000000
46747  22.663  -34.431  72.759 0.0000000000
149314  21.756  -35.742  72.378 0.0000000000
44525  21.177  -36.098  73.614 0.0000000000
57201  40.000  -23.945  78.113 0.0000000000
57200  40.660  -24.281  77.562 0.0000000000
58261  41.094  -23.633  77.359 0.0000000000
57223  41.433  -24.697  76.565 0.0000000000
137574  41.666  -25.022  75.987 0.0000000000
56127  41.480  -25.484  75.740 0.0000000000
56141  41.250  -25.832  74.722 0.0000000000
55057  41.248  -25.950  75.491 0.0000000000
55058  40.801  -26.410  75.229 0.0000000000
55059  39.938  -26.740  74.908 0.0000000000
54029  39.877  -27.744  76.298 0.0000000000
54036  38.324  -27.681  74.607 0.0000000000
53047  37.174  -28.402  73.799 0.0000000000
48923  33.466  -32.556  75.216 0.0000000000
49941  33.145  -32.238  74.388 0.0000000000
48929  32.285  -32.214  73.244 0.0000000000
48941  31.891  -32.190  72.551 0.0000000000
49971  31.815  -31.989  71.838 0.0000000000
48955  31.199  -31.965  70.421 0.0000000000
146899  29.687  -32.913  70.195 0.0000000000
47922  29.264  -33.469  70.592 0.0000000000
47931  28.997  -33.326  69.856 0.0000000000
142431  27.826  -34.081  69.225 0.0000000000
69312  49.324  -13.653  47.201 0.0000000000
69327  49.097  -13.470  46.579 0.0000000000
135777  48.549  -13.638  47.114 0.0000000000
149277  48.319  -13.523  46.441 0.0000000000
133926  47.090  -13.744  45.698 0.0000000000
68296  46.246  -14.399  44.425 0.0000000000
68307  46.210  -14.732  43.889 0.0000000000
49862  19.192  -31.467  82.412 0.0000000000
47795  18.576  -33.758  80.426 0.0000000000
45525  18.494  -35.299  80.113 0.0000000000
45515  18.986  -35.885  81.580 0.0000000000
68235  56.777  -14.658  51.057 0.0000000000
68244  56.054  -14.716  50.612 0.0000000000
68236  56.024  -14.974  51.162 0.0000000000
68228  54.849  -14.863  52.328 0.0000000000
69232  55.403  -14.610  52.795 0.0000000000
159505  54.102  -14.663  52.560 0.0000000000
70253  54.167  -12.939  57.425 0.0000000000
70256  51.150  -12.734  57.687 0.0000000000
69183  49.486  -13.262  56.651 0.0000000000
69185  48.102  -13.798  56.157 0.0000000000
68188  48.039  -14.098  56.760 0.0000000000
135966  47.515  -14.468  56.796 0.0000000000
137036  48.557  -14.438  58.008 0.0000000000
68179  47.907  -14.588  57.446 0.0000000000
68180  47.148  -14.921  57.153 0.0000000000
67092  46.395  -15.252  56.843 0.0000000000
67086  45.945  -15.900  57.280 0.0000000000
65919  45.223  -16.285  57.033 0.0000000000
64866  54.127  -17.766  64.724 0.0000000000
58376  49.357  -24.014  62.924 0.0000000000
153340  49.755  -23.235  62.450 0.0000000000
58386  49.384  -23.927  61.973 0.0000000000
59496  49.247  -23.502  61.129 0.0000000000
60549  48.819  -22.615  60.716 0.0000000000
58420  48.579  -23.927  59.931 0.0000000000
59505  48.408  -22.991  60.099 0.0000000000
60550  48.078  -21.998  60.511 0.0000000000
60551  47.207  -21.508  60.331 0.0000000000
61566  46.795  -20.439  60.597 0.0000000000
61567  46.047  -20.046  60.151 0.0000000000
60557  45.325  -21.186  59.232 0.0000000000
59524  44.537  -21.999  58.254 0.0000000000
134183  45.341  -23.026  57.880 0.0000000000
59540  44.468  -22.810  57.472 0.0000000000
60586  43.088  -22.010  57.037 0.0000000000
132927  42.785  -22.443  56.325 0.0000000000
143020  41.845  -22.713  55.048 0.0000000000
59588  41.648  -23.052  54.361 0.0000000000
58519  42.471  -23.853  53.700 0.0000000000
58534  42.871  -24.736  53.430 0.0000000000
56405  40.510  -26.070  52.870 0.0000000000
58465  39.783  -23.085  57.838 0.0000000000
135570  39.993  -23.360  56.871 0.0000000000
153135  38.858  -23.200  56.049 0.0000000000
59577  37.348  -22.931  55.918 0.0000000000
58522  37.400  -23.425  54.264 0.0000000000
56223  37.150  -25.072  69.649 0.0000000000
57325  37.970  -24.952  69.155 0.0000000000
56235  36.416  -25.281  68.191 0.0000000000
55144  35.375  -25.945  68.297 0.0000000000
56249  35.778  -25.528  67.773 0.0000000000
56262  35.718  -25.490  66.858 0.0000000000
56272  35.009  -25.644  65.567 0.0000000000
53160  30.767  -28.627  62.488 0.0000000000
53175  30.474  -28.412  61.644 0.0000000000
54151  30.733  -27.704  61.225 0.0000000000
53203  29.947  -28.259  59.724 0.0000000000
54163  30.418  -27.582  60.284 0.0000000000
82189  59.969  -1.597  42.975 0.0000000000
81158  59.456  -2.168  42.783 0.0000000000
141276  59.373  -2.329  42.090 0.0000000000
79068  57.341  -4.532  40.342 0.0000000000
74810  54.548  -8.231  41.698 0.0000000000
45590  28.709  -35.197  73.546 0.0000000000
151395  27.876  -35.580  73.702 0.0000000000
135311  28.756  -35.317  74.702 0.0000000000
45581  27.781  -35.503  74.081 0.0000000000
45582  26.441  -35.056  74.632 0.0000000000
46704  26.525  -34.802  75.409 0.0000000000
155462  25.189  -34.324  75.689 0.0000000000
47853  24.956  -33.897  76.889 0.0000000000
47854  24.382  -33.846  76.486 0.0000000000
133058  23.567  -33.618  76.679 0.0000000000
54980  37.198  -27.063  79.594 0.0000000000
53012  38.340  -28.199  79.141 0.0000000000
156006  38.518  -28.753  78.961 0.0000000000
51998  38.565  -29.510  78.462 0.0000000000
50909  38.056  -30.064  78.734 0.0000000000
153172  37.190  -31.247  77.819 0.0000000000
49911  36.879  -31.492  78.708 0.0000000000
160648  36.819  -31.678  78.034 0.0000000000
49917  36.552  -31.516  77.309 0.0000000000
48881  34.674  -32.639  79.658 0.0000000000
47837  34.330  -33.407  78.126 0.0000000000
48916  33.740  -32.940  76.134 0.0000000000
47882  31.365  -33.878  74.434 0.0000000000
47883  30.693  -34.317  74.239 0.0000000000
46730  30.024  -34.691  73.931 0.0000000000
46731  29.298  -34.933  73.678 0.0000000000
69295  44.957  -13.460  48.978 0.0000000000
153783  44.889  -13.648  48.318 0.0000000000
69296  44.301  -13.736  48.676 0.0000000000
157220  43.537  -15.240  46.678 0.0000000000
71332  55.808  -12.186  56.227 0.0000000000
70251  55.653  -12.613  57.223 0.0000000000
71321  56.011  -12.031  57.712 0.0000000000
70224  54.166  -12.391  59.398 0.0000000000
70211  53.431  -12.712  60.034 0.0000000000
69148  52.847  -13.317  60.494 0.0000000000
68144  52.314  -13.921  60.892 0.0000000000
60482  51.087  -21.963  66.889 0.0000000000
59445  50.337  -22.732  66.088 0.0000000000
59446  49.700  -23.272  65.694 0.0000000000
58364  49.797  -23.427  64.713 0.0000000000
59401  48.537  -22.236  69.112 0.0000000000
133596  48.812  -22.592  67.821 0.0000000000
59433  47.885  -22.432  66.502 0.0000000000
59448  48.611  -23.181  65.897 0.0000000000
59447  49.061  -23.135  66.443 0.0000000000
58354  48.942  -23.488  65.769 0.0000000000
58366  48.815  -23.810  64.845 0.0000000000
140963  49.190  -23.946  64.139 0.0000000000
58387  49.001  -24.425  62.325 0.0000000000
57377  48.433  -24.558  61.790 0.0000000000
57387  47.899  -24.723  61.365 0.0000000000
58389  47.192  -23.839  62.222 0.0000000000
57388  47.096  -24.459  61.410 0.0000000000
134533  47.717  -25.001  60.559 0.0000000000
57396  47.006  -25.253  59.888 0.0000000000
56319  46.326  -25.453  58.442 0.0000000000
156986  45.276  -25.714  57.586 0.0000000000
56337  44.903  -25.829  57.213 0.0000000000
56330  44.806  -25.590  58.101 0.0000000000
57422  43.795  -25.220  58.041 0.0000000000
58441  43.048  -24.839  57.835 0.0000000000
58424  43.606  -24.121  59.223 0.0000000000
58440  43.164  -24.315  58.626 0.0000000000
153642  42.495  -24.153  58.234 0.0000000000
136688  41.744  -23.685  58.160 0.0000000000
59525  41.064  -23.124  58.865 0.0000000000
60533  43.396  -22.037  63.052 0.0000000000
59487  42.959  -22.163  62.317 0.0000000000
59500  42.444  -22.355  61.661 0.0000000000
144499  41.720  -22.726  63.021 0.0000000000
134120  41.976  -22.505  60.998 0.0000000000
149883  41.448  -22.804  60.012 0.0000000000
58443  40.127  -23.027  58.777 0.0000000000
59526  39.265  -23.043  58.766 0.0000000000
59527  38.490  -23.114  58.876 0.0000000000
58414  39.022  -23.163  60.294 0.0000000000
58428  38.191  -23.203  59.462 0.0000000000
58444  37.855  -23.178  59.002 0.0000000000
58445  37.209  -23.214  58.680 0.0000000000
52085  33.299  -29.153  67.902 0.0000000000
153656  33.553  -28.592  67.632 0.0000000000
52134  32.126  -29.237  65.847 0.0000000000
52115  31.815  -29.726  66.231 0.0000000000
51147  29.609  -30.834  65.106 0.0000000000
52176  30.500  -29.480  63.552 0.0000000000
52195  30.352  -29.265  62.765 0.0000000000
79022  59.330  -4.241  46.103 0.0000000000
79036  58.598  -4.232  45.615 0.0000000000
79037  57.630  -4.341  45.451 0.0000000000
135593  56.004  -4.425  44.825 0.0000000000
79043  55.388  -4.501  44.310 0.0000000000
79052  54.704  -4.764  43.570 0.0000000000
78015  53.954  -5.406  43.178 0.0000000000
76915  54.268  -6.132  46.875 0.0000000000
77991  53.877  -5.904  46.148 0.0000000000
78001  53.600  -5.823  45.326 0.0000000000
76930  52.799  -7.016  44.810 0.0000000000
78004  53.486  -5.838  44.484 0.0000000000
76935  53.368  -6.572  43.371 0.0000000000
45689  25.835  -35.330  66.656 0.0000000000
45615  27.770  -35.453  72.666 0.0000000000
133828  26.810  -35.588  71.884 0.0000000000
45617  26.508  -35.624  71.290 0.0000000000
45650  24.090  -35.716  69.421 0.0000000000
160715  24.515  -34.730  72.161 0.0000000000
45635  23.611  -35.483  70.213 0.0000000000
45651  23.334  -35.872  69.519 0.0000000000
44566  23.104  -36.219  69.008 0.0000000000
140897  41.859  -21.410  77.406 0.0000000000
62507  43.877  -19.587  76.222 0.0000000000
61432  44.301  -19.872  75.832 0.0000000000
61448  44.154  -20.465  75.490 0.0000000000
60415  43.800  -21.343  74.043 0.0000000000
59336  43.054  -21.857  73.348 0.0000000000
59357  42.840  -22.869  71.066 0.0000000000
58312  42.614  -23.491  70.560 0.0000000000
57294  41.627  -24.785  70.525 0.0000000000
57281  41.261  -25.170  71.256 0.0000000000
153739  40.927  -25.219  70.532 0.0000000000
56209  38.260  -25.070  70.830 0.0000000000
56158  40.980  -25.708  73.769 0.0000000000
56178  40.161  -25.775  73.064 0.0000000000
56160  39.250  -25.975  73.342 0.0000000000
56179  39.132  -25.561  72.515 0.0000000000
56193  38.649  -25.280  71.659 0.0000000000
143017  37.296  -25.162  70.589 0.0000000000
55122  35.690  -26.860  70.175 0.0000000000
53078  34.292  -28.519  69.081 0.0000000000
52004  38.809  -29.437  77.706 0.0000000000
53030  38.710  -29.230  76.813 0.0000000000
135664  37.987  -29.516  76.119 0.0000000000
50975  36.679  -30.492  75.944 0.0000000000
52014  37.097  -29.712  75.370 0.0000000000
152261  37.134  -29.032  74.480 0.0000000000
52021  36.602  -29.083  73.690 0.0000000000
49940  33.880  -31.751  74.624 0.0000000000
137259  34.725  -30.729  73.990 0.0000000000
51024  33.719  -31.115  73.060 0.0000000000
51010  34.475  -30.646  73.260 0.0000000000
51009  35.165  -30.239  73.462 0.0000000000
136308  35.517  -29.774  72.968 0.0000000000
53054  36.074  -29.139  72.799 0.0000000000
53063  35.777  -28.888  71.833 0.0000000000
53071  34.874  -29.014  70.458 0.0000000000
135692  34.467  -29.590  70.697 0.0000000000
52071  34.021  -29.036  69.269 0.0000000000
51104  31.595  -30.482  67.501 0.0000000000
51105  30.855  -30.813  67.184 0.0000000000
48972  29.425  -32.506  68.666 0.0000000000
50009  29.638  -31.756  67.330 0.0000000000
49003  27.842  -33.143  66.086 0.0000000000
72447  51.371  -10.412  47.995 0.0000000000
72450  50.802  -10.704  47.384 0.0000000000
72460  49.632  -10.980  45.244 0.0000000000
71445  49.323  -11.367  44.497 0.0000000000
69338  48.737  -13.263  45.925 0.0000000000
70390  48.269  -13.059  45.191 0.0000000000
70408  47.691  -13.118  43.646 0.0000000000
69356  47.309  -13.705  43.293 0.0000000000
70419  47.944  -13.013  43.018 0.0000000000
69366  48.385  -13.828  42.162 0.0000000000
68276  44.887  -14.541  46.145 0.0000000000
68289  44.816  -15.016  45.518 0.0000000000
134414  44.578  -15.767  45.189 0.0000000000
49874  28.962  -31.771  82.073 0.0000000000
48850  28.806  -32.461  82.079 0.0000000000
47776  27.386  -33.167  81.470 0.0000000000
141437  26.713  -31.470  82.593 0.0000000000
47777  26.611  -33.080  81.421 0.0000000000
140393  25.924  -33.311  80.075 0.0000000000
47808  24.498  -33.217  79.549 0.0000000000
47844  22.357  -33.319  77.596 0.0000000000
49859  22.831  -31.091  82.780 0.0000000000
48855  22.874  -32.181  81.244 0.0000000000
48870  22.478  -32.492  80.439 0.0000000000
47810  22.381  -33.044  79.169 0.0000000000
157663  21.233  -33.496  76.959 0.0000000000
140654  20.206  -34.654  76.055 0.0000000000
46674  19.991  -33.969  77.212 0.0000000000
46691  19.840  -34.595  76.786 0.0000000000
45532  18.597  -35.119  79.328 0.0000000000
144357  19.028  -35.608  78.328 0.0000000000
81128  61.187  -3.330  46.617 0.0000000000
80077  61.296  -3.488  47.007 0.0000000000
79020  60.927  -3.841  46.762 0.0000000000
79021  60.138  -4.290  46.712 0.0000000000
79008  59.926  -4.663  47.362 0.0000000000
154888  59.038  -4.821  47.437 0.0000000000
77975  58.515  -5.164  47.883 0.0000000000
77976  57.441  -5.315  47.714 0.0000000000
77964  56.941  -5.768  48.273 0.0000000000
76893  56.499  -6.331  48.719 0.0000000000
77936  60.747  -5.624  50.487 0.0000000000
77937  60.622  -6.024  50.111 0.0000000000
76880  60.222  -6.132  49.861 0.0000000000
137148  59.500  -7.016  50.601 0.0000000000
76881  59.277  -6.435  49.940 0.0000000000
76894  55.667  -6.531  48.507 0.0000000000
75846  55.280  -7.114  48.950 0.0000000000
75834  54.173  -8.018  49.124 0.0000000000
74752  53.503  -8.584  49.050 0.0000000000
73571  53.049  -9.440  49.110 0.0000000000
72440  52.682  -10.300  48.940 0.0000000000
73542  59.810  -10.564  51.936 0.0000000000
147643  57.155  -9.839  50.620 0.0000000000
72427  55.902  -10.597  50.212 0.0000000000
71408  56.611  -11.725  50.227 0.0000000000
72438  54.194  -10.302  49.675 0.0000000000
72439  53.421  -10.281  49.355 0.0000000000
156235  52.394  -11.123  48.522 0.0000000000
71427  52.140  -11.863  47.885 0.0000000000
70372  52.506  -12.830  47.750 0.0000000000
69309  51.532  -13.449  47.347 0.0000000000
69310  50.900  -13.657  47.363 0.0000000000
135142  53.746  -14.387  49.425 0.0000000000
69275  53.047  -14.316  49.004 0.0000000000
69291  50.833  -13.861  48.251 0.0000000000
155702  50.136  -13.782  47.947 0.0000000000
160315  49.521  -13.695  47.759 0.0000000000
137340  49.303  -13.539  48.578 0.0000000000
134888  48.482  -13.369  48.771 0.0000000000
69262  49.820  -13.129  50.034 0.0000000000
69279  48.742  -13.191  49.414 0.0000000000
69280  47.908  -13.130  49.339 0.0000000000
69281  46.354  -13.141  49.558 0.0000000000
69218  52.216  -13.330  53.387 0.0000000000
70282  51.967  -12.837  55.463 0.0000000000
146204  51.605  -12.891  53.955 0.0000000000
70308  49.270  -12.563  53.101 0.0000000000
70326  48.701  -12.585  52.347 0.0000000000
70341  48.205  -12.628  51.602 0.0000000000
155646  45.745  -13.174  49.906 0.0000000000
69282  45.099  -13.327  49.754 0.0000000000
69267  44.541  -13.475  50.359 0.0000000000
69238  45.766  -13.384  52.421 0.0000000000
69250  44.770  -13.498  51.293 0.0000000000
69198  47.068  -13.804  55.005 0.0000000000
68206  45.888  -14.154  54.498 0.0000000000
68216  45.251  -14.075  53.768 0.0000000000
68207  44.611  -14.694  54.337 0.0000000000
139795  44.364  -14.437  53.585 0.0000000000
68129  52.624  -14.319  61.415 0.0000000000
63751  53.723  -18.449  65.030 0.0000000000
64867  53.364  -18.227  64.409 0.0000000000
59483  50.174  -22.389  62.723 0.0000000000
60530  50.405  -21.392  62.937 0.0000000000
61536  50.773  -20.604  63.392 0.0000000000
61545  50.250  -20.534  62.907 0.0000000000
62663  51.299  -19.861  63.651 0.0000000000
158041  51.520  -19.236  63.690 0.0000000000
63766  52.629  -18.294  63.940 0.0000000000
64877  53.031  -17.519  63.739 0.0000000000
156547  52.922  -16.728  63.321 0.0000000000
65852  52.347  -16.180  62.803 0.0000000000
67018  50.770  -16.340  62.213 0.0000000000
67017  51.491  -15.884  62.248 0.0000000000
67031  51.663  -15.228  61.706 0.0000000000
68131  51.145  -14.886  61.025 0.0000000000
68147  49.983  -14.812  60.012 0.0000000000
67063  47.950  -15.839  59.045 0.0000000000
65881  47.759  -16.887  60.143 0.0000000000
65891  47.521  -16.535  59.419 0.0000000000
65902  47.284  -16.181  58.759 0.0000000000
65903  46.567  -16.495  58.491 0.0000000000
65912  45.611  -16.576  57.705 0.0000000000
64950  44.914  -16.989  57.509 0.0000000000
62714  45.419  -19.722  59.582 0.0000000000
63844  45.346  -18.767  59.268 0.0000000000
63845  44.756  -18.853  58.742 0.0000000000
62725  43.670  -19.963  58.107 0.0000000000
62724  44.270  -19.330  58.477 0.0000000000
63861  45.014  -18.167  58.605 0.0000000000
64935  44.622  -17.754  57.934 0.0000000000
64951  44.202  -17.420  57.228 0.0000000000
64964  43.764  -17.098  56.526 0.0000000000
64965  43.087  -17.568  56.307 0.0000000000
64976  42.136  -17.696  55.558 0.0000000000
63906  41.264  -18.961  55.469 0.0000000000
56358  44.217  -26.032  56.132 0.0000000000
56359  43.393  -26.141  55.948 0.0000000000
56371  42.328  -26.136  54.989 0.0000000000
56383  42.066  -26.146  54.249 0.0000000000
56393  40.836  -26.198  53.492 0.0000000000
57473  39.970  -24.507  55.193 0.0000000000
57483  39.801  -25.300  54.352 0.0000000000
57493  39.687  -25.839  53.719 0.0000000000
58321  42.209  -24.234  68.984 0.0000000000
57322  41.248  -24.465  67.800 0.0000000000
58338  41.060  -24.322  66.948 0.0000000000
58359  39.772  -24.235  65.459 0.0000000000
136706  38.190  -24.941  68.303 0.0000000000
57336  38.518  -24.885  67.482 0.0000000000
57350  37.929  -24.922  66.811 0.0000000000
133782  38.867  -24.740  66.697 0.0000000000
57348  39.232  -24.486  65.899 0.0000000000
58360  39.209  -24.284  65.041 0.0000000000
58370  39.269  -23.952  64.138 0.0000000000
58383  37.188  -24.278  63.229 0.0000000000
58394  37.362  -23.986  62.402 0.0000000000
133995  36.991  -23.738  61.089 0.0000000000
58430  36.340  -23.534  59.627 0.0000000000
133781  35.709  -23.556  59.152 0.0000000000
53097  33.569  -28.171  67.051 0.0000000000
54099  33.911  -26.975  66.269 0.0000000000
54110  33.125  -27.925  65.676 0.0000000000
136627  33.530  -27.335  65.807 0.0000000000
55177  34.319  -25.979  65.027 0.0000000000
56280  34.542  -25.516  64.175 0.0000000000
151884  31.895  -27.658  62.935 0.0000000000
54127  32.378  -27.220  63.154 0.0000000000
55207  32.427  -26.700  62.528 0.0000000000
55198  32.930  -26.809  63.617 0.0000000000
56289  33.979  -25.719  63.643 0.0000000000
56288  34.611  -25.159  63.364 0.0000000000
57379  34.712  -24.810  62.504 0.0000000000
57391  34.621  -24.631  61.605 0.0000000000
135227  33.931  -24.793  61.251 0.0000000000
57399  34.531  -24.417  60.705 0.0000000000
58418  35.214  -24.095  60.409 0.0000000000
133327  34.968  -23.679  59.155 0.0000000000
80106  58.749  -3.675  44.495 0.0000000000
80113  58.002  -3.702  43.833 0.0000000000
149797  56.103  -4.254  42.901 0.0000000000
80121  56.827  -4.020  42.688 0.0000000000
80120  57.630  -3.663  42.421 0.0000000000
79061  57.243  -4.203  41.179 0.0000000000
78031  56.522  -5.632  39.290 0.0000000000
75899  54.139  -7.642  41.225 0.0000000000
73588  51.056  -9.707  47.534 0.0000000000
73593  50.634  -9.472  46.250 0.0000000000
73604  50.760  -9.592  44.553 0.0000000000
72478  50.351  -10.505  43.475 0.0000000000
73613  50.720  -9.979  43.834 0.0000000000
44503  18.790  -35.555  78.929 0.0000000000
46647  18.785  -34.430  79.032 0.0000000000
46654  32.521  -34.837  78.594 0.0000000000
47779  18.473  -33.414  81.912 0.0000000000
47871  20.698  -34.116  75.737 0.0000000000
50910  37.577  -30.293  79.286 0.0000000000
53006  36.630  -28.516  80.086 0.0000000000
53013  37.928  -28.812  79.450 0.0000000000
53019  38.867  -28.883  78.523 0.0000000000
53997  37.606  -27.952  79.568 0.0000000000
54003  39.444  -27.792  78.269 0.0000000000
54005  37.998  -27.336  79.265 0.0000000000
54010  40.157  -27.282  77.478 0.0000000000
54016  39.868  -27.890  77.449 0.0000000000
54028  40.337  -27.202  76.519 0.0000000000
54986  39.283  -27.037  78.426 0.0000000000
54999  39.835  -26.465  78.099 0.0000000000
55106  35.972  -26.969  70.800 0.0000000000
56089  40.327  -25.897  77.731 0.0000000000
56329  45.687  -25.611  57.912 0.0000000000
57235  41.756  -25.006  75.356 0.0000000000
57421  46.988  -25.184  58.196 0.0000000000
57460  41.988  -25.357  56.239 0.0000000000
58262  40.612  -23.298  77.868 0.0000000000
58377  48.786  -24.297  63.292 0.0000000000
58391  40.467  -23.022  62.388 0.0000000000
58431  35.476  -23.781  59.793 0.0000000000
58432  34.722  -24.050  59.895 0.0000000000
59285  38.930  -22.808  78.354 0.0000000000
59307  41.466  -22.164  77.531 0.0000000000
59368  47.383  -22.116  71.087 0.0000000000
59398  49.636  -22.573  67.976 0.0000000000
59428  50.587  -22.425  66.657 0.0000000000
59429  49.963  -22.799  66.862 0.0000000000
59488  42.059  -22.447  62.360 0.0000000000
59507  41.642  -22.705  60.392 0.0000000000
59518  39.604  -23.050  60.060 0.0000000000
59559  42.154  -21.965  56.134 0.0000000000
59574  43.378  -23.337  55.742 0.0000000000
60348  41.079  -21.307  77.919 0.0000000000
60349  40.405  -21.508  78.138 0.0000000000
60507  45.639  -21.628  64.922 0.0000000000
60517  51.294  -21.243  64.304 0.0000000000
60520  45.448  -21.714  64.097 0.0000000000
60541  49.798  -22.370  62.027 0.0000000000
61481  48.830  -21.083  72.066 0.0000000000
61535  51.337  -20.675  63.921 0.0000000000
61591  42.723  -20.045  57.192 0.0000000000
61605  42.298  -19.740  56.686 0.0000000000
62694  48.181  -19.475  61.786 0.0000000000
63804  47.413  -18.450  61.061 0.0000000000
63825  45.905  -19.108  59.971 0.0000000000
63863  43.728  -19.037  57.911 0.0000000000
63879  42.730  -18.830  56.786 0.0000000000
63896  41.906  -19.258  56.175 0.0000000000
64875  54.517  -17.189  64.486 0.0000000000
64901  49.128  -17.391  61.931 0.0000000000
64975  42.686  -17.414  55.808 0.0000000000
65841  52.186  -16.981  63.260 0.0000000000
66007  44.565  -16.732  44.929 0.0000000000
67033  49.959  -15.865  61.161 0.0000000000
67047  48.929  -15.802  60.043 0.0000000000
67076  47.687  -15.546  58.446 0.0000000000
67214  48.582  -15.016  41.803 0.0000000000
68197  47.037  -14.162  55.639 0.0000000000
68199  45.726  -14.653  55.279 0.0000000000
68288  45.471  -14.567  45.443 0.0000000000
68314  48.064  -14.375  42.181 0.0000000000
69176  49.041  -13.651  57.172 0.0000000000
69266  45.433  -13.253  50.640 0.0000000000
69348  46.713  -13.923  44.832 0.0000000000
70342  47.530  -12.723  51.631 0.0000000000
70397  48.497  -12.517  44.596 0.0000000000
72468  50.210  -10.233  44.209 0.0000000000
74730  58.416  -9.316  51.147 0.0000000000
74781  51.030  -8.949  45.847 0.0000000000
75895  53.950  -7.684  42.078 0.0000000000
76916  53.589  -6.455  46.634 0.0000000000
76945  53.993  -6.392  41.222 0.0000000000
76946  53.659  -6.804  41.743 0.0000000000
78011  53.473  -5.920  43.632 0.0000000000
78984  61.218  -4.618  48.832 0.0000000000
78998  60.575  -4.817  47.941 0.0000000000
79069  56.349  -5.165  40.136 0.0000000000
79078  57.065  -5.062  39.683 0.0000000000
80101  60.176  -3.434  45.501 0.0000000000
80107  57.806  -4.062  44.588 0.0000000000
80128  57.039  -4.012  41.921 0.0000000000
81171  58.975  -2.855  41.755 0.0000000000
82183  60.695  -1.581  44.815 0.0000000000
133743  46.269  -13.054  50.422 0.0000000000
134891  45.300  -13.748  47.702 0.0000000000
135063  54.030  -5.536  42.366 0.0000000000
135214  41.355  -23.933  76.942 0.0000000000
135636  49.742  -22.692  67.417 0.0000000000
136638  41.070  -25.423  76.899 0.0000000000
137048  48.547  -13.149  42.410 0.0000000000
137277  33.352  -33.946  77.269 0.0000000000
139947  50.306  -10.179  46.332 0.0000000000
141035  52.186  -15.526  62.260 0.0000000000
144325  44.394  -25.949  56.761 0.0000000000
146075  32.296  -34.961  77.893 0.0000000000
149796  52.054  -20.720  65.028 0.0000000000
150631  39.704  -28.202  77.294 0.0000000000
151675  49.032  -22.061  69.653 0.0000000000
151829  49.209  -23.349  66.000 0.0000000000
154057  40.177  -20.912  54.610 0.0000000000
156576  51.781  -11.000  48.218 0.0000000000
156722  54.624  -5.057  45.222 0.0000000000
156754  45.969  -16.738  58.240 0.0000000000
157616  36.107  -31.510  76.764 0.0000000000
157648  50.111  -17.582  62.629 0.0000000000
157943  38.568  -24.276  78.562 0.0000000000
158787  39.042  -23.788  63.506 0.0000000000
158974  48.865  -22.468  68.461 0.0000000000
160496  40.325  -24.282  55.744 0.0000000000
160590  45.175  -21.947  68.314 0.0000000000
