#!ascii label  , from subject sub-v1s4x0050687_ses-1 vox2ras=TkReg
1245
63850  31.652  -18.383  59.373 0.0000000000
81134  51.622  -2.931  46.462 0.0000000000
71413  39.464  -10.941  50.655 0.0000000000
52053  15.253  -29.750  70.959 0.0000000000
64858  26.273  -16.998  65.801 0.0000000000
76888  39.722  -6.824  49.670 0.0000000000
52141  22.728  -28.896  65.721 0.0000000000
52062  19.933  -29.804  70.125 0.0000000000
146461  26.799  -27.823  64.269 0.0000000000
85107  55.935  1.176  46.631 0.0000000000
67082  34.570  -16.082  58.205 0.0000000000
65931  36.823  -16.844  55.190 0.0000000000
62718  36.714  -19.282  59.620 0.0000000000
87971  55.302  5.106  52.782 0.0000000000
154657  50.208  3.246  46.703 0.0000000000
80086  46.835  -4.166  47.826 0.0000000000
75850  50.013  -6.939  48.799 0.0000000000
75880  44.715  -7.226  47.235 0.0000000000
72429  43.869  -9.907  50.632 0.0000000000
62674  29.986  -18.749  63.619 0.0000000000
47888  14.700  -33.510  74.635 0.0000000000
47862  11.128  -33.626  76.562 0.0000000000
48875  9.282  -31.685  79.842 0.0000000000
68125  28.838  -15.214  62.750 0.0000000000
137667  29.364  -23.089  63.472 0.0000000000
71367  35.392  -11.198  53.383 0.0000000000
69200  40.862  -13.352  55.428 0.0000000000
85171  46.539  1.190  40.672 0.0000000000
82173  53.600  -1.730  46.436 0.0000000000
79002  52.931  -4.882  47.786 0.0000000000
65908  32.668  -17.364  58.822 0.0000000000
63884  34.789  -18.479  57.323 0.0000000000
140767  33.916  -19.635  59.098 0.0000000000
82152  51.693  -1.792  48.327 0.0000000000
84091  55.649  0.637  51.527 0.0000000000
83157  53.745  -0.317  48.684 0.0000000000
87018  56.394  3.228  49.982 0.0000000000
45529  8.301  -35.632  80.315 0.0000000000
142454  45.455  -5.419  46.749 0.0000000000
79018  42.708  -4.885  47.994 0.0000000000
144478  39.477  -9.268  49.431 0.0000000000
73584  41.491  -9.039  48.699 0.0000000000
72431  41.708  -10.639  50.475 0.0000000000
71379  42.335  -11.582  52.853 0.0000000000
52079  17.732  -29.328  69.840 0.0000000000
51036  18.441  -30.195  72.193 0.0000000000
49973  17.006  -31.134  71.963 0.0000000000
48931  16.148  -32.546  73.660 0.0000000000
49964  14.704  -31.577  72.431 0.0000000000
50993  11.618  -30.945  75.840 0.0000000000
48905  10.086  -33.007  77.976 0.0000000000
66992  27.397  -15.603  64.254 0.0000000000
134678  27.103  -18.663  62.081 0.0000000000
62692  25.868  -19.530  62.630 0.0000000000
157931  25.890  -29.593  67.636 0.0000000000
53099  28.058  -27.972  67.629 0.0000000000
65914  39.592  -16.765  57.571 0.0000000000
67104  38.671  -15.326  55.166 0.0000000000
77944  41.338  -5.136  50.353 0.0000000000
75810  39.150  -7.392  51.687 0.0000000000
74734  37.692  -8.872  51.244 0.0000000000
51108  23.830  -30.358  67.583 0.0000000000
133793  22.853  -30.964  69.879 0.0000000000
52090  21.335  -29.810  67.987 0.0000000000
54085  18.532  -27.889  68.241 0.0000000000
155479  15.915  -27.028  69.307 0.0000000000
59492  26.385  -23.130  63.028 0.0000000000
56283  25.474  -25.179  63.818 0.0000000000
53117  24.943  -28.908  65.021 0.0000000000
68174  35.362  -14.646  58.441 0.0000000000
68204  34.415  -14.561  55.244 0.0000000000
145256  34.642  -16.683  56.156 0.0000000000
64955  37.494  -17.947  57.183 0.0000000000
85110  47.478  1.792  46.424 0.0000000000
88013  51.609  4.708  49.917 0.0000000000
89940  55.523  6.934  50.386 0.0000000000
80083  49.270  -3.585  47.026 0.0000000000
77993  50.496  -5.487  46.858 0.0000000000
76920  47.746  -6.076  46.642 0.0000000000
140122  46.851  -7.200  47.641 0.0000000000
74754  46.131  -7.933  49.524 0.0000000000
75872  41.865  -7.158  47.797 0.0000000000
74756  44.164  -8.646  49.033 0.0000000000
159260  30.519  -18.462  61.180 0.0000000000
61562  33.489  -19.777  61.088 0.0000000000
81105  49.739  -2.952  49.457 0.0000000000
53059  13.799  -28.893  72.819 0.0000000000
49953  13.053  -31.347  73.792 0.0000000000
47876  12.843  -33.613  75.268 0.0000000000
45554  12.648  -35.064  77.349 0.0000000000
45556  10.228  -35.309  77.854 0.0000000000
47835  8.843  -34.171  78.778 0.0000000000
47818  7.692  -33.633  79.980 0.0000000000
48860  5.974  -32.513  81.407 0.0000000000
65888  29.929  -16.863  60.497 0.0000000000
63811  28.525  -17.861  61.881 0.0000000000
61540  29.102  -20.408  64.030 0.0000000000
55208  28.264  -25.442  62.935 0.0000000000
71396  37.586  -11.093  51.512 0.0000000000
68222  35.825  -14.168  53.658 0.0000000000
69225  38.278  -13.430  53.704 0.0000000000
156669  40.364  -12.126  53.442 0.0000000000
61559  35.878  -19.806  61.594 0.0000000000
83237  49.301  -1.271  39.211 0.0000000000
84150  46.856  0.002  43.763 0.0000000000
81165  48.601  -2.499  42.412 0.0000000000
81133  52.431  -2.606  46.464 0.0000000000
80082  53.428  -3.488  46.728 0.0000000000
79026  52.628  -3.813  46.630 0.0000000000
65909  31.936  -17.398  59.175 0.0000000000
62731  32.945  -19.086  58.692 0.0000000000
62721  32.709  -19.368  59.292 0.0000000000
81121  51.144  -2.470  46.822 0.0000000000
83158  52.972  -0.900  48.086 0.0000000000
82174  52.361  -1.589  46.899 0.0000000000
83175  53.613  -0.528  46.893 0.0000000000
45530  7.673  -35.017  80.695 0.0000000000
136208  44.118  -4.119  49.066 0.0000000000
78991  43.370  -4.258  49.632 0.0000000000
72433  39.973  -10.560  50.144 0.0000000000
72443  40.489  -10.125  49.667 0.0000000000
71411  41.059  -11.084  50.893 0.0000000000
71391  42.162  -11.291  51.885 0.0000000000
71392  41.285  -11.365  51.636 0.0000000000
52066  16.321  -29.535  70.224 0.0000000000
51065  17.229  -30.190  70.845 0.0000000000
51052  15.730  -30.482  71.170 0.0000000000
49963  15.510  -31.707  72.307 0.0000000000
147854  14.849  -30.333  71.530 0.0000000000
66993  26.808  -15.977  64.710 0.0000000000
64897  25.771  -17.881  63.016 0.0000000000
63774  25.487  -18.518  63.501 0.0000000000
52075  25.914  -30.051  69.242 0.0000000000
70276  34.964  -12.489  56.855 0.0000000000
67088  40.567  -15.631  57.492 0.0000000000
75811  38.591  -7.792  51.274 0.0000000000
75801  37.930  -8.340  52.400 0.0000000000
51127  23.399  -29.988  66.891 0.0000000000
51110  22.143  -30.221  67.712 0.0000000000
52106  21.730  -29.524  67.116 0.0000000000
53103  19.748  -27.881  67.569 0.0000000000
55161  17.746  -26.718  67.799 0.0000000000
54087  17.058  -27.953  68.595 0.0000000000
59467  25.938  -22.135  64.761 0.0000000000
150772  23.212  -27.519  65.230 0.0000000000
53132  23.945  -27.986  64.730 0.0000000000
52140  23.547  -29.175  65.578 0.0000000000
52119  24.652  -29.640  66.326 0.0000000000
67097  34.540  -15.851  56.306 0.0000000000
65923  34.429  -16.718  56.906 0.0000000000
62735  35.823  -19.086  58.125 0.0000000000
63883  35.502  -18.565  57.255 0.0000000000
63865  37.242  -18.601  58.298 0.0000000000
63880  38.296  -17.994  58.172 0.0000000000
63847  38.171  -18.538  59.332 0.0000000000
86033  56.511  2.257  52.325 0.0000000000
87012  50.870  4.021  50.210 0.0000000000
87986  53.177  5.496  51.617 0.0000000000
85095  55.402  1.339  47.505 0.0000000000
88003  56.614  5.231  50.677 0.0000000000
148208  56.687  4.366  48.870 0.0000000000
80098  48.064  -4.160  47.096 0.0000000000
79030  48.883  -4.735  46.439 0.0000000000
147115  47.484  -4.918  46.594 0.0000000000
76923  44.622  -6.501  46.877 0.0000000000
75878  46.131  -6.486  46.824 0.0000000000
139533  45.788  -7.583  47.927 0.0000000000
75854  46.391  -7.577  48.479 0.0000000000
74763  45.571  -7.939  48.691 0.0000000000
77945  40.691  -5.545  50.046 0.0000000000
77969  41.323  -5.463  48.742 0.0000000000
76899  40.923  -6.581  48.339 0.0000000000
72430  43.068  -9.906  50.147 0.0000000000
158824  43.016  -9.008  48.899 0.0000000000
73561  43.729  -9.473  49.976 0.0000000000
73572  45.010  -8.796  50.130 0.0000000000
62688  30.526  -18.649  62.651 0.0000000000
62687  31.487  -18.990  62.309 0.0000000000
142726  47.315  -3.818  49.141 0.0000000000
80071  48.393  -3.646  48.338 0.0000000000
80070  49.107  -3.379  47.928 0.0000000000
140414  21.248  -30.623  70.280 0.0000000000
153179  21.060  -30.613  70.969 0.0000000000
48926  15.698  -32.973  74.007 0.0000000000
47872  16.192  -33.007  75.319 0.0000000000
143725  15.671  -33.540  75.498 0.0000000000
46709  14.593  -34.181  75.901 0.0000000000
52025  13.052  -29.141  74.183 0.0000000000
51021  13.067  -30.699  73.655 0.0000000000
51006  12.550  -30.743  74.323 0.0000000000
48911  11.140  -32.675  76.374 0.0000000000
47877  12.204  -33.182  75.352 0.0000000000
47861  11.675  -33.432  75.958 0.0000000000
46695  12.593  -34.427  76.315 0.0000000000
46696  11.804  -34.295  76.441 0.0000000000
45555  11.853  -35.266  77.517 0.0000000000
46697  11.041  -34.465  76.975 0.0000000000
48897  9.874  -32.524  78.694 0.0000000000
47834  9.487  -33.536  78.355 0.0000000000
48898  9.177  -33.053  78.975 0.0000000000
46650  8.226  -34.366  79.477 0.0000000000
48891  8.044  -32.874  79.709 0.0000000000
68123  30.317  -14.780  62.441 0.0000000000
68141  30.665  -14.958  61.682 0.0000000000
67042  29.454  -15.696  61.371 0.0000000000
64906  29.367  -17.158  60.975 0.0000000000
65876  28.531  -16.548  61.621 0.0000000000
61553  27.642  -20.389  62.192 0.0000000000
61552  28.205  -19.836  62.690 0.0000000000
60524  28.802  -21.183  63.258 0.0000000000
56300  26.737  -25.355  62.573 0.0000000000
57382  27.272  -24.716  62.357 0.0000000000
55200  27.741  -26.616  63.582 0.0000000000
54101  28.891  -26.883  66.701 0.0000000000
76898  50.332  -6.506  47.939 0.0000000000
76897  51.073  -6.192  48.071 0.0000000000
133061  50.767  -6.621  48.615 0.0000000000
73527  36.063  -9.890  53.319 0.0000000000
73547  36.744  -9.973  51.828 0.0000000000
146540  36.335  -11.221  52.475 0.0000000000
65942  35.530  -16.229  54.751 0.0000000000
68212  34.941  -14.840  54.286 0.0000000000
67111  36.885  -15.695  54.304 0.0000000000
68201  40.222  -14.106  55.625 0.0000000000
68203  38.847  -14.505  54.772 0.0000000000
69211  39.746  -13.060  54.426 0.0000000000
70312  39.623  -12.442  53.576 0.0000000000
69210  40.595  -12.888  54.783 0.0000000000
160024  41.754  -12.438  54.676 0.0000000000
61560  35.034  -19.885  61.386 0.0000000000
83239  47.833  -0.085  39.927 0.0000000000
86091  48.867  2.548  46.674 0.0000000000
158317  47.182  1.494  45.164 0.0000000000
139900  48.604  1.918  45.269 0.0000000000
82193  49.468  -1.423  43.387 0.0000000000
159200  50.546  -1.945  43.005 0.0000000000
53120  22.422  -28.031  65.536 0.0000000000
53112  21.624  -27.929  65.996 0.0000000000
139711  55.005  -0.702  46.212 0.0000000000
81129  55.868  -1.962  46.524 0.0000000000
151135  54.704  -2.728  46.697 0.0000000000
65907  33.454  -17.239  58.378 0.0000000000
142711  34.191  -17.302  57.296 0.0000000000
64957  33.637  -18.142  57.792 0.0000000000
62729  34.568  -19.430  58.576 0.0000000000
62719  35.230  -19.584  59.095 0.0000000000
83137  54.633  -0.654  51.835 0.0000000000
83145  53.232  -1.200  50.036 0.0000000000
141169  54.757  0.373  50.102 0.0000000000
86052  56.184  2.069  50.822 0.0000000000
86996  56.569  3.899  51.892 0.0000000000
148329  55.281  1.177  49.547 0.0000000000
149462  54.764  0.612  46.987 0.0000000000
145009  9.285  -36.402  79.966 0.0000000000
137024  46.457  -3.993  48.703 0.0000000000
79014  46.407  -4.512  47.215 0.0000000000
79003  45.115  -4.456  47.707 0.0000000000
79016  44.417  -4.842  47.347 0.0000000000
76924  43.812  -6.160  46.965 0.0000000000
75840  39.345  -7.679  49.590 0.0000000000
74768  40.610  -8.252  48.557 0.0000000000
73577  40.997  -9.632  49.190 0.0000000000
72441  42.197  -10.070  49.893 0.0000000000
72413  43.223  -10.444  51.015 0.0000000000
71390  42.991  -10.979  51.747 0.0000000000
71364  43.339  -11.498  53.318 0.0000000000
62658  29.990  -19.652  65.149 0.0000000000
52078  18.651  -29.308  69.759 0.0000000000
52050  19.712  -29.946  71.002 0.0000000000
52052  18.049  -29.971  71.171 0.0000000000
51050  17.539  -30.527  71.600 0.0000000000
49961  17.317  -31.314  72.896 0.0000000000
48943  15.844  -32.213  72.916 0.0000000000
48933  14.653  -32.645  73.477 0.0000000000
50992  12.008  -30.336  75.247 0.0000000000
50972  11.381  -30.694  76.851 0.0000000000
48903  10.877  -32.058  77.108 0.0000000000
47848  10.485  -33.637  77.227 0.0000000000
49922  10.717  -31.622  78.017 0.0000000000
48888  10.217  -31.607  79.111 0.0000000000
49909  9.948  -31.219  79.686 0.0000000000
67009  28.132  -15.436  63.042 0.0000000000
65863  27.399  -16.590  62.306 0.0000000000
65864  26.768  -16.934  62.503 0.0000000000
62691  26.619  -19.400  62.174 0.0000000000
60535  27.643  -21.651  62.116 0.0000000000
53110  26.727  -28.701  66.097 0.0000000000
54103  27.398  -28.144  65.941 0.0000000000
52102  27.078  -28.873  67.909 0.0000000000
75836  49.313  -7.197  49.545 0.0000000000
71368  34.901  -11.782  53.874 0.0000000000
64978  38.182  -16.813  55.993 0.0000000000
65939  37.974  -15.845  54.962 0.0000000000
67096  39.555  -15.843  56.481 0.0000000000
67095  40.240  -15.369  56.755 0.0000000000
86132  45.466  2.229  41.809 0.0000000000
46629  6.082  -34.529  81.768 0.0000000000
77931  41.514  -5.404  51.285 0.0000000000
76865  40.284  -6.060  50.765 0.0000000000
76877  39.670  -6.669  50.418 0.0000000000
75826  38.802  -7.840  50.402 0.0000000000
73562  38.361  -9.368  50.203 0.0000000000
72435  38.423  -10.112  50.356 0.0000000000
51078  24.531  -30.704  69.319 0.0000000000
51061  23.963  -31.061  70.744 0.0000000000
134050  23.140  -30.890  69.092 0.0000000000
51095  21.789  -30.445  68.591 0.0000000000
52076  20.202  -29.640  69.254 0.0000000000
150979  20.540  -28.232  67.125 0.0000000000
53090  20.125  -28.634  67.945 0.0000000000
52093  18.981  -28.880  69.080 0.0000000000
53081  18.197  -28.837  69.186 0.0000000000
53083  16.371  -28.349  69.287 0.0000000000
53074  15.370  -28.449  70.320 0.0000000000
62660  25.308  -19.665  64.121 0.0000000000
60512  25.653  -21.442  64.193 0.0000000000
58385  26.166  -23.528  63.798 0.0000000000
55202  25.663  -26.517  63.299 0.0000000000
56284  24.933  -25.829  64.451 0.0000000000
146744  25.085  -26.999  63.722 0.0000000000
53130  25.629  -28.416  64.543 0.0000000000
52138  25.172  -29.293  65.714 0.0000000000
52104  25.269  -29.858  67.592 0.0000000000
68184  35.381  -13.904  58.036 0.0000000000
70262  34.858  -13.226  56.979 0.0000000000
68195  34.449  -14.741  56.195 0.0000000000
67105  34.520  -15.390  55.471 0.0000000000
65932  35.935  -16.889  55.180 0.0000000000
63900  34.836  -17.854  56.734 0.0000000000
64969  35.941  -17.848  56.306 0.0000000000
64979  37.331  -17.221  55.853 0.0000000000
64954  38.199  -17.754  57.522 0.0000000000
64937  39.415  -17.499  58.582 0.0000000000
86068  48.545  2.230  48.811 0.0000000000
86078  49.258  2.933  48.090 0.0000000000
87027  51.146  4.299  48.384 0.0000000000
88971  55.652  6.065  51.551 0.0000000000
89002  53.076  5.895  50.026 0.0000000000
80095  50.481  -3.867  46.415 0.0000000000
77992  51.076  -4.909  46.647 0.0000000000
79029  49.641  -4.856  46.370 0.0000000000
76918  49.252  -5.873  46.695 0.0000000000
142173  49.023  -6.413  47.075 0.0000000000
153878  46.256  -5.673  46.635 0.0000000000
76908  47.372  -6.708  47.014 0.0000000000
75852  48.146  -7.219  48.576 0.0000000000
75838  47.598  -7.439  49.520 0.0000000000
74742  46.862  -7.725  50.065 0.0000000000
78993  41.846  -4.924  48.982 0.0000000000
77983  42.411  -5.561  47.703 0.0000000000
75870  43.282  -7.467  47.549 0.0000000000
74767  41.406  -8.323  48.346 0.0000000000
74775  42.713  -7.996  47.950 0.0000000000
74773  44.165  -8.223  48.325 0.0000000000
74755  45.321  -8.322  49.458 0.0000000000
63829  31.339  -18.689  60.029 0.0000000000
62710  32.590  -19.562  60.045 0.0000000000
62701  31.735  -19.211  61.361 0.0000000000
62686  32.972  -19.502  62.605 0.0000000000
81104  50.397  -2.571  48.822 0.0000000000
81112  50.333  -2.620  47.873 0.0000000000
54069  14.926  -28.165  70.908 0.0000000000
53058  14.228  -28.356  72.249 0.0000000000
139491  14.135  -29.234  72.051 0.0000000000
51038  13.820  -30.572  72.614 0.0000000000
49952  13.607  -31.719  73.381 0.0000000000
151521  13.424  -32.893  74.319 0.0000000000
49936  11.992  -31.291  74.974 0.0000000000
153203  12.812  -32.444  74.440 0.0000000000
47889  13.899  -33.480  74.687 0.0000000000
46710  13.793  -34.220  75.802 0.0000000000
46678  13.460  -34.817  77.096 0.0000000000
45545  10.525  -35.806  78.213 0.0000000000
47849  9.849  -34.039  77.774 0.0000000000
46681  9.726  -34.897  77.944 0.0000000000
45547  9.133  -35.632  78.909 0.0000000000
46665  8.640  -35.104  79.110 0.0000000000
46651  7.776  -34.480  80.072 0.0000000000
46639  7.229  -34.166  80.651 0.0000000000
48877  7.396  -32.637  80.293 0.0000000000
47798  6.954  -33.379  80.731 0.0000000000
46640  6.471  -33.935  81.283 0.0000000000
65898  31.481  -16.831  59.610 0.0000000000
67057  31.308  -15.808  60.346 0.0000000000
64926  30.547  -17.542  60.115 0.0000000000
63831  29.932  -17.566  60.730 0.0000000000
63809  30.138  -18.424  61.912 0.0000000000
63788  29.598  -18.549  62.713 0.0000000000
63790  27.968  -18.520  62.200 0.0000000000
63789  28.823  -18.463  62.471 0.0000000000
62675  29.344  -19.113  63.948 0.0000000000
147166  25.973  -21.082  62.820 0.0000000000
58397  27.346  -23.267  62.220 0.0000000000
58395  28.616  -24.040  62.634 0.0000000000
54111  28.183  -27.035  65.054 0.0000000000
56281  29.389  -25.584  64.935 0.0000000000
57365  29.755  -24.256  64.244 0.0000000000
77980  52.154  -5.232  47.584 0.0000000000
74724  37.441  -8.826  52.103 0.0000000000
72416  37.277  -10.300  51.325 0.0000000000
138049  38.946  -11.292  51.182 0.0000000000
147032  34.427  -12.864  55.512 0.0000000000
69229  34.854  -13.144  53.994 0.0000000000
138964  35.274  -12.706  53.606 0.0000000000
68211  37.463  -14.948  54.047 0.0000000000
68220  37.636  -14.100  53.754 0.0000000000
69241  36.858  -12.761  53.018 0.0000000000
70332  37.400  -12.149  52.615 0.0000000000
157665  39.187  -12.165  52.849 0.0000000000
71382  40.055  -11.649  51.878 0.0000000000
71366  41.638  -11.847  53.313 0.0000000000
61571  33.843  -19.841  60.465 0.0000000000
61569  35.616  -19.784  60.683 0.0000000000
62708  36.506  -19.533  60.412 0.0000000000
62698  37.671  -19.421  61.590 0.0000000000
62707  37.894  -19.149  60.876 0.0000000000
84194  50.448  -0.013  38.996 0.0000000000
157450  45.416  0.906  43.289 0.0000000000
145835  46.204  -0.238  41.966 0.0000000000
83186  48.713  -0.087  44.091 0.0000000000
82195  47.773  -1.303  43.131 0.0000000000
159296  47.398  -1.676  41.237 0.0000000000
81187  48.355  -2.711  40.733 0.0000000000
146610  50.203  -3.579  39.852 0.0000000000
140336  52.903  -3.127  46.440 0.0000000000
80093  52.108  -3.405  46.437 0.0000000000
64941  31.821  -17.886  59.082 0.0000000000
63869  32.096  -18.272  58.896 0.0000000000
82175  51.890  -2.229  46.675 0.0000000000
156570  52.367  -2.077  46.594 0.0000000000
46628  6.836  -34.648  81.425 0.0000000000
71412  40.269  -11.043  50.728 0.0000000000
71393  40.529  -11.381  51.399 0.0000000000
52067  15.649  -29.197  70.343 0.0000000000
51067  15.841  -29.837  70.637 0.0000000000
65823  26.352  -16.551  65.182 0.0000000000
65836  25.927  -17.040  64.564 0.0000000000
64871  25.715  -17.661  64.744 0.0000000000
51077  25.328  -30.522  69.716 0.0000000000
51076  26.129  -30.260  70.087 0.0000000000
135924  35.578  -12.107  57.467 0.0000000000
138822  23.026  -29.522  66.213 0.0000000000
51109  22.578  -29.856  66.946 0.0000000000
52121  22.215  -29.233  66.345 0.0000000000
53119  23.316  -28.438  65.253 0.0000000000
67090  34.529  -16.072  57.251 0.0000000000
65915  34.135  -16.870  57.750 0.0000000000
62727  36.061  -19.289  58.847 0.0000000000
63866  36.475  -18.872  58.188 0.0000000000
62726  36.938  -18.978  58.897 0.0000000000
63848  37.575  -18.689  58.940 0.0000000000
62717  37.496  -18.919  59.548 0.0000000000
86982  56.395  4.011  52.829 0.0000000000
86971  56.220  4.008  53.353 0.0000000000
87972  54.548  5.015  52.900 0.0000000000
87985  53.848  5.459  52.279 0.0000000000
152828  52.482  4.885  51.446 0.0000000000
88958  54.714  5.667  52.306 0.0000000000
142810  55.950  2.054  47.767 0.0000000000
86066  56.123  2.603  48.363 0.0000000000
86077  56.129  1.874  46.985 0.0000000000
87025  56.561  3.443  48.157 0.0000000000
44498  10.338  -36.364  79.225 0.0000000000
80085  47.727  -4.007  47.810 0.0000000000
79013  47.303  -4.404  47.054 0.0000000000
75879  45.384  -6.822  46.971 0.0000000000
75868  45.390  -7.347  47.443 0.0000000000
75855  44.943  -7.809  47.969 0.0000000000
76876  40.126  -6.094  49.829 0.0000000000
77956  40.710  -5.737  49.261 0.0000000000
76887  40.298  -6.440  49.007 0.0000000000
157954  43.257  -9.500  49.707 0.0000000000
137778  31.066  -18.842  63.289 0.0000000000
133532  30.751  -18.940  64.193 0.0000000000
160142  47.218  -3.976  48.454 0.0000000000
80072  47.762  -3.805  48.633 0.0000000000
51082  20.710  -30.163  69.772 0.0000000000
51064  20.489  -30.271  70.611 0.0000000000
47897  15.051  -33.116  74.002 0.0000000000
47887  15.549  -33.340  74.706 0.0000000000
135731  15.060  -33.811  75.305 0.0000000000
52034  12.976  -30.009  73.888 0.0000000000
48889  9.635  -32.076  79.313 0.0000000000
48890  8.803  -32.551  79.469 0.0000000000
156602  29.239  -14.959  63.160 0.0000000000
68103  29.936  -14.763  63.305 0.0000000000
68124  29.537  -14.963  62.555 0.0000000000
68142  29.851  -15.073  61.804 0.0000000000
67026  29.129  -15.366  62.053 0.0000000000
67043  28.788  -15.968  61.726 0.0000000000
59479  28.412  -21.899  62.577 0.0000000000
60534  28.200  -20.880  62.524 0.0000000000
59478  29.061  -22.305  63.210 0.0000000000
59466  29.565  -22.465  64.088 0.0000000000
55201  26.402  -26.865  63.171 0.0000000000
55210  26.905  -26.101  62.734 0.0000000000
157172  27.094  -27.287  63.702 0.0000000000
145879  49.506  -6.728  47.829 0.0000000000
72391  35.548  -10.463  53.728 0.0000000000
72406  35.846  -10.451  52.996 0.0000000000
71385  35.835  -11.005  52.774 0.0000000000
65941  36.376  -16.319  54.669 0.0000000000
67112  36.000  -15.602  54.177 0.0000000000
65940  37.224  -16.212  54.767 0.0000000000
68202  39.564  -13.893  54.950 0.0000000000
69201  40.196  -13.428  55.059 0.0000000000
69209  41.365  -12.803  55.080 0.0000000000
144291  47.244  1.418  40.256 0.0000000000
84188  47.865  0.814  39.886 0.0000000000
84175  47.057  0.453  40.412 0.0000000000
86090  49.553  2.848  46.394 0.0000000000
85109  48.318  2.177  46.075 0.0000000000
86098  49.262  2.429  45.785 0.0000000000
54112  22.530  -27.261  65.636 0.0000000000
54113  21.936  -27.435  65.832 0.0000000000
55184  21.969  -26.858  65.984 0.0000000000
158778  22.976  -27.046  65.532 0.0000000000
82172  54.491  -1.532  46.336 0.0000000000
81130  54.982  -2.106  46.428 0.0000000000
81131  54.079  -2.366  46.444 0.0000000000
79010  53.228  -4.199  47.171 0.0000000000
80081  54.133  -3.830  47.380 0.0000000000
64939  33.066  -17.862  58.261 0.0000000000
62720  33.292  -19.469  58.996 0.0000000000
62730  33.749  -19.210  58.414 0.0000000000
140038  34.578  -19.696  59.279 0.0000000000
154621  51.971  -1.820  49.107 0.0000000000
82142  52.549  -1.552  49.519 0.0000000000
83150  53.789  -0.568  49.747 0.0000000000
84105  54.317  0.091  49.533 0.0000000000
85064  55.810  1.165  50.933 0.0000000000
85074  55.239  0.877  50.170 0.0000000000
143041  55.710  1.563  50.064 0.0000000000
84108  54.473  0.408  48.711 0.0000000000
84113  54.154  0.099  47.275 0.0000000000
84122  54.411  -0.164  46.638 0.0000000000
45537  8.770  -35.863  79.626 0.0000000000
80061  45.742  -3.892  49.333 0.0000000000
80073  45.484  -4.093  48.488 0.0000000000
80074  44.940  -3.954  49.063 0.0000000000
79005  43.198  -4.449  48.597 0.0000000000
144087  43.985  -4.357  48.290 0.0000000000
79017  43.584  -4.713  47.755 0.0000000000
77982  43.731  -5.335  47.238 0.0000000000
160240  43.061  -5.177  47.579 0.0000000000
74757  39.374  -8.529  49.354 0.0000000000
73586  39.986  -8.777  48.978 0.0000000000
73578  40.197  -9.491  49.259 0.0000000000
72442  41.337  -10.178  49.741 0.0000000000
139189  42.506  -10.388  50.504 0.0000000000
72414  42.378  -10.816  51.108 0.0000000000
155566  42.888  -11.305  52.443 0.0000000000
71357  43.136  -11.932  54.290 0.0000000000
52064  18.380  -29.644  70.481 0.0000000000
156335  17.680  -29.757  70.503 0.0000000000
51051  16.679  -30.678  71.267 0.0000000000
49972  17.766  -30.741  72.369 0.0000000000
49962  16.403  -31.677  72.433 0.0000000000
48944  15.041  -32.222  72.858 0.0000000000
49951  14.302  -32.022  73.062 0.0000000000
49921  11.002  -31.173  77.441 0.0000000000
68080  28.089  -15.047  65.551 0.0000000000
68093  28.708  -15.014  65.019 0.0000000000
142655  28.638  -15.057  64.213 0.0000000000
68106  28.015  -15.306  63.820 0.0000000000
67010  27.441  -15.737  63.394 0.0000000000
65849  26.865  -16.337  62.955 0.0000000000
63793  25.668  -18.750  62.904 0.0000000000
63792  26.243  -18.553  62.421 0.0000000000
149263  26.305  -20.039  62.313 0.0000000000
61563  26.944  -20.169  62.024 0.0000000000
61554  26.445  -20.732  62.296 0.0000000000
52117  26.319  -29.118  66.586 0.0000000000
53101  26.883  -28.799  66.998 0.0000000000
52103  26.392  -29.259  67.332 0.0000000000
72375  34.884  -11.052  54.877 0.0000000000
71358  34.689  -11.672  54.545 0.0000000000
65922  38.645  -16.890  56.594 0.0000000000
65928  38.875  -16.304  56.219 0.0000000000
65921  39.258  -16.542  56.883 0.0000000000
68183  40.897  -14.862  57.035 0.0000000000
46630  5.613  -34.513  81.580 0.0000000000
76864  40.900  -5.875  51.325 0.0000000000
75825  39.144  -7.241  50.862 0.0000000000
149704  39.304  -7.212  50.196 0.0000000000
74733  38.231  -8.369  50.896 0.0000000000
74745  38.011  -8.938  50.636 0.0000000000
51092  24.365  -30.525  68.382 0.0000000000
154784  23.864  -30.803  68.967 0.0000000000
51093  23.474  -30.693  68.304 0.0000000000
51096  21.022  -29.983  68.916 0.0000000000
52091  20.530  -29.379  68.359 0.0000000000
53113  20.921  -27.737  66.495 0.0000000000
53102  21.393  -28.641  66.575 0.0000000000
53104  19.091  -27.660  67.855 0.0000000000
53091  19.266  -28.334  68.319 0.0000000000
52092  19.735  -29.040  68.778 0.0000000000
135437  18.586  -28.439  68.684 0.0000000000
156673  16.446  -27.479  68.808 0.0000000000
157353  16.064  -27.682  69.234 0.0000000000
53084  15.831  -28.602  69.867 0.0000000000
54077  15.690  -27.865  69.731 0.0000000000
62647  25.392  -19.832  65.010 0.0000000000
61521  25.553  -20.573  65.451 0.0000000000
140694  26.120  -22.823  64.358 0.0000000000
57374  25.983  -24.413  63.513 0.0000000000
157599  25.822  -25.007  63.165 0.0000000000
56292  25.676  -25.694  63.180 0.0000000000
53131  24.748  -28.289  64.523 0.0000000000
54123  24.579  -27.492  64.277 0.0000000000
54122  25.295  -27.752  63.986 0.0000000000
140036  25.577  -28.902  65.213 0.0000000000
51126  24.175  -29.961  66.925 0.0000000000
52105  24.842  -29.846  67.026 0.0000000000
51107  24.581  -30.148  67.606 0.0000000000
51106  25.022  -30.176  68.160 0.0000000000
69181  34.992  -13.699  57.388 0.0000000000
68185  34.835  -14.486  57.380 0.0000000000
138032  34.670  -16.108  55.628 0.0000000000
65933  35.120  -16.673  55.470 0.0000000000
64956  34.219  -17.947  57.288 0.0000000000
63897  36.831  -18.412  57.462 0.0000000000
63898  36.099  -18.320  56.942 0.0000000000
64968  36.868  -17.857  56.538 0.0000000000
64980  36.408  -17.397  55.749 0.0000000000
64967  37.960  -17.441  56.664 0.0000000000
63864  38.744  -18.028  58.869 0.0000000000
64938  38.837  -17.637  58.054 0.0000000000
134454  55.862  0.654  52.289 0.0000000000
85087  47.436  1.670  48.251 0.0000000000
86060  48.631  2.240  49.493 0.0000000000
87029  49.769  3.289  48.864 0.0000000000
87020  50.413  3.785  49.312 0.0000000000
87028  50.545  3.829  48.345 0.0000000000
87019  50.993  4.278  49.183 0.0000000000
87011  56.622  4.138  50.829 0.0000000000
87984  55.946  5.440  51.974 0.0000000000
88986  56.361  6.150  50.417 0.0000000000
88988  55.325  6.528  51.131 0.0000000000
89942  54.000  6.568  49.948 0.0000000000
160839  52.109  5.151  48.889 0.0000000000
80096  49.595  -4.120  46.487 0.0000000000
152945  50.192  -4.449  46.395 0.0000000000
77995  48.155  -5.326  46.505 0.0000000000
77994  49.047  -5.362  46.448 0.0000000000
76919  48.578  -5.959  46.634 0.0000000000
76907  48.203  -6.558  47.048 0.0000000000
79033  45.940  -4.919  46.850 0.0000000000
160279  46.683  -6.793  47.003 0.0000000000
75866  47.766  -7.043  47.715 0.0000000000
75853  47.271  -7.361  48.516 0.0000000000
75839  46.839  -7.573  49.243 0.0000000000
78980  42.694  -4.479  50.211 0.0000000000
78981  41.904  -4.762  49.830 0.0000000000
77984  41.517  -5.903  48.088 0.0000000000
76911  42.175  -6.449  47.594 0.0000000000
159863  42.659  -6.080  47.406 0.0000000000
75871  42.503  -7.273  47.630 0.0000000000
157595  41.028  -8.696  48.551 0.0000000000
73574  43.525  -9.115  49.329 0.0000000000
144008  42.882  -8.577  48.438 0.0000000000
74765  43.529  -8.617  48.668 0.0000000000
74774  43.447  -8.134  48.042 0.0000000000
74764  44.817  -8.282  48.802 0.0000000000
140186  44.713  -8.609  49.431 0.0000000000
62712  31.143  -18.810  60.833 0.0000000000
151696  32.064  -19.188  62.880 0.0000000000
134151  32.353  -19.403  61.966 0.0000000000
155826  50.514  -2.630  49.705 0.0000000000
81123  49.790  -3.074  47.459 0.0000000000
81136  50.045  -3.376  46.736 0.0000000000
158331  23.276  -31.047  70.450 0.0000000000
51045  23.200  -31.145  71.169 0.0000000000
52051  18.874  -29.838  71.250 0.0000000000
49943  16.812  -32.024  74.253 0.0000000000
54062  15.080  -27.258  70.969 0.0000000000
53051  13.532  -28.575  73.648 0.0000000000
54054  13.986  -28.008  73.087 0.0000000000
52043  13.739  -29.764  72.633 0.0000000000
52042  14.193  -30.091  71.982 0.0000000000
144406  13.417  -31.009  73.179 0.0000000000
48934  13.890  -32.451  73.679 0.0000000000
48935  13.206  -32.119  73.967 0.0000000000
48918  12.181  -32.311  74.951 0.0000000000
140034  12.756  -33.023  74.804 0.0000000000
47890  13.272  -33.386  74.844 0.0000000000
47875  13.517  -33.807  75.253 0.0000000000
46711  13.054  -34.140  75.757 0.0000000000
46679  12.826  -34.746  76.774 0.0000000000
46694  13.287  -34.507  76.351 0.0000000000
153996  10.971  -35.271  77.550 0.0000000000
150524  9.391  -34.370  78.236 0.0000000000
46664  9.171  -35.027  78.475 0.0000000000
45546  9.734  -35.645  78.389 0.0000000000
48876  8.274  -32.099  79.914 0.0000000000
49901  7.688  -31.727  80.523 0.0000000000
48878  6.679  -32.745  80.944 0.0000000000
47799  6.193  -33.243  81.339 0.0000000000
144341  32.304  -16.795  59.383 0.0000000000
67041  30.182  -15.438  61.082 0.0000000000
67040  31.122  -15.305  60.941 0.0000000000
67058  30.509  -16.080  60.404 0.0000000000
65899  30.717  -16.888  59.943 0.0000000000
63810  29.317  -17.612  61.366 0.0000000000
139614  29.348  -18.164  61.911 0.0000000000
64895  27.279  -17.364  62.067 0.0000000000
64908  28.010  -17.429  61.831 0.0000000000
63812  27.609  -17.975  62.023 0.0000000000
61541  28.657  -20.164  63.322 0.0000000000
62689  28.383  -18.988  62.734 0.0000000000
62676  28.782  -19.354  63.364 0.0000000000
63773  29.129  -18.791  63.234 0.0000000000
142774  29.040  -19.675  63.888 0.0000000000
62659  29.456  -19.698  64.459 0.0000000000
61532  25.600  -20.843  63.528 0.0000000000
145374  25.420  -20.132  63.629 0.0000000000
136267  26.292  -22.142  62.898 0.0000000000
57381  28.111  -24.777  62.507 0.0000000000
142572  27.762  -24.048  62.275 0.0000000000
58396  28.229  -23.338  62.360 0.0000000000
57373  28.895  -24.750  63.141 0.0000000000
53108  27.809  -27.955  66.832 0.0000000000
152745  27.654  -27.664  65.351 0.0000000000
54102  28.205  -27.428  66.134 0.0000000000
138746  29.270  -26.383  66.344 0.0000000000
55179  29.338  -26.045  65.719 0.0000000000
56290  29.368  -25.056  64.035 0.0000000000
79012  51.726  -4.879  46.980 0.0000000000
77981  51.294  -5.527  47.344 0.0000000000
74710  37.591  -8.652  52.926 0.0000000000
74725  37.097  -9.056  52.735 0.0000000000
71397  36.814  -10.758  51.880 0.0000000000
146868  38.267  -11.083  51.120 0.0000000000
71395  38.345  -11.542  51.703 0.0000000000
69202  34.401  -13.739  55.627 0.0000000000
70277  34.554  -13.042  56.235 0.0000000000
68223  35.043  -14.106  54.001 0.0000000000
69228  35.488  -13.359  53.618 0.0000000000
152358  37.561  -15.594  54.509 0.0000000000
67110  38.176  -15.127  54.553 0.0000000000
68210  38.258  -14.292  54.184 0.0000000000
69226  37.296  -13.494  53.371 0.0000000000
70314  37.830  -12.762  53.108 0.0000000000
70330  39.238  -11.755  51.995 0.0000000000
70329  40.005  -11.934  52.709 0.0000000000
70328  40.869  -11.869  52.978 0.0000000000
70311  41.713  -12.116  54.083 0.0000000000
62700  32.610  -19.598  60.992 0.0000000000
61572  33.160  -19.738  60.433 0.0000000000
61570  34.657  -19.877  60.575 0.0000000000
61568  36.380  -19.687  61.111 0.0000000000
62697  38.416  -19.121  61.418 0.0000000000
62706  38.618  -18.810  60.792 0.0000000000
137414  49.561  -0.167  39.269 0.0000000000
84186  50.185  0.496  39.260 0.0000000000
83246  50.047  -0.812  38.785 0.0000000000
82250  49.965  -1.734  38.666 0.0000000000
135451  46.708  1.553  46.679 0.0000000000
85134  46.878  1.107  44.704 0.0000000000
85135  45.925  1.113  44.516 0.0000000000
84151  45.990  0.304  43.372 0.0000000000
84158  45.565  0.664  42.670 0.0000000000
83201  46.591  -0.436  43.112 0.0000000000
82206  48.979  -2.083  42.970 0.0000000000
82194  48.596  -1.407  43.317 0.0000000000
82207  48.203  -1.908  42.801 0.0000000000
82209  46.993  -1.284  42.173 0.0000000000
81177  47.888  -2.369  41.722 0.0000000000
81188  47.722  -2.155  41.080 0.0000000000
80134  48.658  -3.083  41.351 0.0000000000
81132  53.222  -2.455  46.438 0.0000000000
157559  53.548  -2.913  46.501 0.0000000000
79011  52.403  -4.540  47.049 0.0000000000
64940  32.317  -17.864  58.755 0.0000000000
63868  32.620  -18.435  58.581 0.0000000000
82163  50.867  -2.370  47.405 0.0000000000
82151  52.407  -1.412  48.618 0.0000000000
82161  52.287  -1.420  47.671 0.0000000000
83165  52.941  -0.952  47.208 0.0000000000
83164  53.563  -0.402  47.628 0.0000000000
83176  53.165  -1.232  46.673 0.0000000000
158866  44.574  -3.972  49.487 0.0000000000
78990  44.260  -3.997  50.054 0.0000000000
72444  39.676  -9.957  49.689 0.0000000000
72432  40.807  -10.659  50.232 0.0000000000
71410  41.715  -11.063  51.172 0.0000000000
71380  41.505  -11.607  52.460 0.0000000000
52065  17.030  -29.729  70.257 0.0000000000
51066  16.471  -30.101  70.709 0.0000000000
49974  16.066  -31.218  71.730 0.0000000000
49975  15.168  -31.089  71.804 0.0000000000
51037  14.410  -30.860  72.133 0.0000000000
49914  10.796  -30.844  78.350 0.0000000000
152613  26.391  -16.606  63.516 0.0000000000
65835  26.317  -16.534  64.254 0.0000000000
64884  25.899  -17.152  63.740 0.0000000000
52089  25.726  -29.865  68.362 0.0000000000
52088  26.427  -29.417  68.145 0.0000000000
139885  26.374  -29.638  68.823 0.0000000000
71338  34.590  -12.101  55.899 0.0000000000
65906  39.862  -16.976  58.265 0.0000000000
65913  40.209  -16.358  57.900 0.0000000000
75800  38.591  -7.924  52.242 0.0000000000
75812  38.020  -8.305  51.674 0.0000000000
152731  22.994  -30.417  67.580 0.0000000000
54093  20.208  -27.428  66.956 0.0000000000
54094  19.333  -27.046  67.335 0.0000000000
54095  18.485  -27.204  67.770 0.0000000000
54086  17.766  -27.526  68.168 0.0000000000
57366  25.904  -24.341  64.263 0.0000000000
55193  23.985  -27.119  64.781 0.0000000000
53118  24.142  -28.737  65.052 0.0000000000
52139  24.374  -29.291  65.576 0.0000000000
52120  23.844  -29.640  66.203 0.0000000000
135088  34.603  -15.313  56.953 0.0000000000
68175  34.838  -15.355  57.815 0.0000000000
62736  35.239  -18.965  57.770 0.0000000000
63882  36.003  -18.758  57.578 0.0000000000
63881  37.671  -18.194  57.850 0.0000000000
137462  37.970  -18.366  58.583 0.0000000000
63828  38.922  -18.343  59.835 0.0000000000
85050  56.105  1.307  51.863 0.0000000000
87961  54.768  4.423  53.644 0.0000000000
87021  50.013  3.405  49.972 0.0000000000
88005  51.743  4.514  50.904 0.0000000000
88004  52.477  5.258  50.680 0.0000000000
139932  55.993  2.384  49.279 0.0000000000
87017  56.637  4.284  49.853 0.0000000000
88011  56.727  5.377  49.692 0.0000000000
89001  56.122  6.788  50.023 0.0000000000
80097  48.724  -4.122  46.779 0.0000000000
79031  48.090  -4.589  46.693 0.0000000000
76922  45.394  -6.116  46.709 0.0000000000
75867  46.083  -7.130  47.315 0.0000000000
157107  46.286  -7.407  47.818 0.0000000000
77955  41.256  -5.215  49.507 0.0000000000
77970  40.895  -5.962  48.634 0.0000000000
76912  41.513  -6.692  47.933 0.0000000000
73576  41.852  -9.621  49.261 0.0000000000
73583  42.366  -9.076  48.816 0.0000000000
73575  42.748  -9.486  49.417 0.0000000000
73573  44.260  -9.000  49.714 0.0000000000
73560  44.422  -9.374  50.379 0.0000000000
62702  30.963  -18.739  61.723 0.0000000000
80059  47.582  -3.696  49.847 0.0000000000
80058  48.187  -3.594  49.294 0.0000000000
81114  49.024  -3.331  48.907 0.0000000000
80084  48.541  -3.796  47.431 0.0000000000
134284  22.038  -30.876  70.039 0.0000000000
51062  22.589  -31.003  70.640 0.0000000000
51063  21.770  -30.871  70.835 0.0000000000
48925  16.234  -32.777  74.481 0.0000000000
47873  15.371  -33.948  76.054 0.0000000000
52033  13.389  -29.440  73.380 0.0000000000
142003  13.369  -30.266  73.198 0.0000000000
49929  11.238  -31.643  76.365 0.0000000000
49937  11.656  -31.732  75.513 0.0000000000
48919  11.602  -32.521  75.673 0.0000000000
46712  12.358  -33.902  75.807 0.0000000000
45564  12.217  -34.816  76.879 0.0000000000
139877  11.583  -34.862  77.053 0.0000000000
46680  10.366  -34.660  77.502 0.0000000000
47817  8.411  -33.483  79.346 0.0000000000
67059  29.777  -16.126  60.794 0.0000000000
65875  29.200  -16.509  61.160 0.0000000000
64907  28.661  -17.149  61.442 0.0000000000
62690  27.535  -19.427  62.223 0.0000000000
60523  29.308  -21.436  64.062 0.0000000000
57383  26.658  -24.616  62.564 0.0000000000
58398  26.642  -23.807  62.650 0.0000000000
56299  27.516  -25.444  62.574 0.0000000000
55199  28.314  -25.997  63.518 0.0000000000
54084  28.295  -28.060  68.465 0.0000000000
137681  28.443  -27.462  67.149 0.0000000000
54092  28.586  -27.590  67.876 0.0000000000
76905  50.610  -5.973  47.452 0.0000000000
141072  36.605  -9.431  52.981 0.0000000000
73537  36.340  -9.925  52.589 0.0000000000
72405  36.279  -10.528  52.408 0.0000000000
71384  37.029  -11.497  52.169 0.0000000000
67114  34.655  -15.150  54.750 0.0000000000
68213  34.638  -14.412  54.548 0.0000000000
67113  35.181  -15.517  54.407 0.0000000000
67121  35.453  -14.874  53.982 0.0000000000
67120  36.119  -14.847  53.794 0.0000000000
144121  39.390  -14.746  55.396 0.0000000000
68209  38.968  -13.676  54.335 0.0000000000
69224  39.063  -13.009  53.910 0.0000000000
70301  40.384  -12.463  54.091 0.0000000000
139770  40.991  -12.078  53.752 0.0000000000
70300  41.113  -12.431  54.423 0.0000000000
149272  33.872  -19.802  61.687 0.0000000000
61561  34.236  -19.864  61.197 0.0000000000
149241  34.499  -19.847  61.932 0.0000000000
61549  35.325  -19.830  62.270 0.0000000000
61548  36.131  -19.785  62.267 0.0000000000
84187  48.611  0.308  39.597 0.0000000000
147676  48.523  -1.382  39.653 0.0000000000
85111  46.763  1.556  45.839 0.0000000000
85119  47.736  1.789  45.526 0.0000000000
85133  47.881  1.371  44.841 0.0000000000
84136  47.368  0.623  44.332 0.0000000000
150953  49.888  -2.125  42.943 0.0000000000
158364  49.917  -2.696  42.522 0.0000000000
154755  49.865  -3.178  42.060 0.0000000000
80122  50.819  -3.201  41.886 0.0000000000
53111  22.051  -28.582  65.970 0.0000000000
54104  21.270  -27.136  66.193 0.0000000000
55182  23.528  -26.803  65.477 0.0000000000
83173  55.805  -0.236  46.051 0.0000000000
136810  55.818  -0.835  46.062 0.0000000000
82171  55.406  -1.395  46.229 0.0000000000
81120  55.425  -2.650  46.899 0.0000000000
80092  54.147  -3.134  46.742 0.0000000000
80080  54.894  -3.313  47.251 0.0000000000
65896  33.964  -16.581  58.643 0.0000000000
65916  33.769  -17.566  57.769 0.0000000000
62738  34.014  -18.623  57.790 0.0000000000
63867  33.303  -18.608  58.198 0.0000000000
62737  34.507  -19.029  57.944 0.0000000000
158611  34.875  -19.203  58.124 0.0000000000
62728  35.296  -19.298  58.392 0.0000000000
83144  53.917  -0.809  50.590 0.0000000000
83143  54.565  -0.415  51.145 0.0000000000
83151  53.127  -1.027  49.114 0.0000000000
84100  54.402  -0.172  50.353 0.0000000000
84099  55.115  0.316  50.860 0.0000000000
137108  56.261  1.862  51.494 0.0000000000
86032  56.518  2.733  51.678 0.0000000000
87969  56.201  4.659  52.352 0.0000000000
86051  56.456  3.056  50.874 0.0000000000
158351  55.833  1.942  49.671 0.0000000000
150220  54.126  0.096  48.027 0.0000000000
85085  55.119  1.130  48.706 0.0000000000
85084  55.671  1.845  48.509 0.0000000000
85108  55.384  0.815  46.713 0.0000000000
44499  9.587  -36.209  79.183 0.0000000000
80087  45.989  -4.261  47.843 0.0000000000
79015  45.724  -4.598  47.298 0.0000000000
79034  45.197  -4.897  47.045 0.0000000000
79004  44.673  -4.215  48.391 0.0000000000
142911  44.351  -4.485  47.846 0.0000000000
77997  44.624  -5.585  46.860 0.0000000000
76909  43.911  -6.968  47.122 0.0000000000
75858  39.865  -7.213  49.082 0.0000000000
74769  39.841  -7.985  48.885 0.0000000000
73585  40.674  -9.023  48.787 0.0000000000
72404  43.650  -10.690  51.763 0.0000000000
71378  43.571  -11.066  52.430 0.0000000000
71377  44.066  -11.106  52.962 0.0000000000
146159  29.984  -19.063  64.506 0.0000000000
133173  30.785  -19.255  65.012 0.0000000000
52063  19.159  -29.640  70.384 0.0000000000
49950  16.660  -31.944  73.273 0.0000000000
48932  15.399  -32.681  73.435 0.0000000000
48912  10.769  -32.874  76.920 0.0000000000
48904  10.522  -32.505  77.591 0.0000000000
48896  10.411  -32.057  78.423 0.0000000000
49915  10.511  -31.208  78.811 0.0000000000
68104  29.256  -14.907  63.801 0.0000000000
65862  28.116  -16.260  62.071 0.0000000000
67028  27.678  -15.947  62.667 0.0000000000
63791  26.907  -18.052  62.112 0.0000000000
65850  26.250  -17.039  62.957 0.0000000000
64896  26.487  -17.632  62.468 0.0000000000
158989  27.706  -20.984  62.125 0.0000000000
154586  28.541  -22.699  62.594 0.0000000000
53129  26.373  -28.205  64.503 0.0000000000
53115  26.998  -28.135  65.004 0.0000000000
160721  26.867  -28.436  65.540 0.0000000000
53109  27.274  -28.408  66.657 0.0000000000
53100  27.474  -28.394  67.357 0.0000000000
53089  27.625  -28.663  68.663 0.0000000000
142442  27.710  -28.387  68.017 0.0000000000
75851  49.036  -7.091  48.628 0.0000000000
72383  35.018  -11.070  54.130 0.0000000000
65930  37.669  -16.548  55.356 0.0000000000
65929  38.436  -16.094  55.566 0.0000000000
67103  39.132  -15.565  55.816 0.0000000000
67089  39.901  -16.101  57.184 0.0000000000
68194  39.858  -15.044  56.067 0.0000000000
68193  40.582  -14.569  56.360 0.0000000000
85165  45.916  1.481  41.235 0.0000000000
87045  51.216  3.662  46.625 0.0000000000
86089  50.070  2.784  45.957 0.0000000000
77943  42.059  -4.814  50.760 0.0000000000
77932  40.917  -5.561  50.734 0.0000000000
75841  38.900  -8.316  49.802 0.0000000000
74744  38.466  -8.603  50.235 0.0000000000
74758  38.846  -9.006  49.692 0.0000000000
73579  38.950  -9.713  49.844 0.0000000000
72434  39.171  -10.374  50.167 0.0000000000
51060  24.653  -30.840  70.213 0.0000000000
51079  23.751  -30.934  69.812 0.0000000000
51094  22.617  -30.687  68.395 0.0000000000
51080  22.315  -30.804  69.236 0.0000000000
51081  21.498  -30.564  69.455 0.0000000000
52107  20.911  -29.068  67.464 0.0000000000
52077  19.418  -29.402  69.569 0.0000000000
53092  17.885  -28.252  68.633 0.0000000000
53082  17.309  -28.702  69.145 0.0000000000
52080  16.803  -29.173  69.706 0.0000000000
52081  16.167  -29.008  69.839 0.0000000000
52068  14.983  -29.014  70.816 0.0000000000
63757  25.457  -18.392  64.316 0.0000000000
63744  25.663  -18.422  65.252 0.0000000000
61526  25.428  -20.553  64.402 0.0000000000
60525  25.884  -21.675  63.464 0.0000000000
60501  25.669  -21.345  65.053 0.0000000000
158576  25.892  -22.126  64.064 0.0000000000
58399  26.300  -23.898  63.149 0.0000000000
57384  26.233  -24.525  62.914 0.0000000000
55211  26.214  -25.981  62.864 0.0000000000
55192  24.602  -26.649  64.268 0.0000000000
55203  25.137  -26.145  63.700 0.0000000000
54129  25.680  -27.217  63.514 0.0000000000
53116  26.305  -28.626  65.192 0.0000000000
52137  25.943  -29.087  65.870 0.0000000000
52118  25.569  -29.512  66.735 0.0000000000
51091  25.158  -30.342  68.861 0.0000000000
70261  35.355  -13.073  57.690 0.0000000000
69190  34.602  -13.833  56.600 0.0000000000
65943  34.826  -15.940  54.962 0.0000000000
147398  34.516  -17.329  56.745 0.0000000000
64971  34.950  -17.297  56.168 0.0000000000
63899  35.405  -18.153  56.785 0.0000000000
64970  35.333  -17.708  56.344 0.0000000000
64981  35.582  -17.358  55.804 0.0000000000
64953  38.856  -17.206  57.305 0.0000000000
135889  39.340  -17.236  57.944 0.0000000000
144625  46.655  1.471  47.934 0.0000000000
85097  47.127  1.625  47.309 0.0000000000
86067  49.056  2.672  48.876 0.0000000000
155174  48.774  2.500  48.317 0.0000000000
85096  48.060  2.000  47.237 0.0000000000
86079  48.755  2.528  47.612 0.0000000000
87039  49.939  3.361  47.745 0.0000000000
87038  50.589  3.659  47.369 0.0000000000
88957  55.426  5.599  52.165 0.0000000000
88973  54.051  6.078  51.685 0.0000000000
88990  53.266  5.923  51.043 0.0000000000
88970  56.150  5.865  51.278 0.0000000000
140174  54.637  6.450  51.263 0.0000000000
88012  52.204  5.238  49.550 0.0000000000
88018  51.650  4.759  48.874 0.0000000000
87037  51.109  4.041  47.605 0.0000000000
81135  50.836  -3.160  46.547 0.0000000000
80094  51.284  -3.676  46.419 0.0000000000
79028  50.854  -4.360  46.435 0.0000000000
147562  50.343  -4.927  46.462 0.0000000000
76917  49.773  -5.443  46.573 0.0000000000
76906  49.870  -6.114  47.121 0.0000000000
79032  46.744  -4.910  46.699 0.0000000000
77996  47.224  -5.543  46.563 0.0000000000
76921  46.918  -6.248  46.696 0.0000000000
75865  48.631  -6.889  47.761 0.0000000000
75837  48.498  -7.295  49.432 0.0000000000
78992  42.538  -4.546  49.274 0.0000000000
154492  42.416  -4.784  48.570 0.0000000000
77968  42.001  -5.213  48.301 0.0000000000
76910  43.051  -6.603  47.287 0.0000000000
75869  44.077  -7.675  47.644 0.0000000000
75857  40.409  -7.313  48.588 0.0000000000
75856  41.224  -7.468  48.158 0.0000000000
74776  41.976  -7.803  48.007 0.0000000000
74766  42.154  -8.503  48.354 0.0000000000
134657  45.677  -8.374  50.116 0.0000000000
62722  32.007  -19.121  59.622 0.0000000000
62711  31.872  -19.266  60.445 0.0000000000
61551  33.208  -19.660  61.782 0.0000000000
82144  51.242  -2.208  49.175 0.0000000000
82153  50.977  -2.209  48.154 0.0000000000
81113  49.707  -2.960  48.431 0.0000000000
151753  15.279  -27.765  70.400 0.0000000000
53067  14.546  -28.690  71.488 0.0000000000
52054  14.629  -29.539  71.432 0.0000000000
49965  13.996  -31.311  72.760 0.0000000000
47898  14.268  -33.058  74.101 0.0000000000
49944  12.599  -31.730  74.361 0.0000000000
47874  14.280  -33.874  75.245 0.0000000000
46693  14.061  -34.515  76.483 0.0000000000
46677  14.343  -34.695  77.228 0.0000000000
44504  10.684  -36.145  78.727 0.0000000000
44505  10.163  -36.127  78.700 0.0000000000
45538  8.169  -35.139  79.817 0.0000000000
69172  35.703  -14.047  58.678 0.0000000000
64925  31.267  -17.581  59.541 0.0000000000
65887  31.139  -16.330  60.007 0.0000000000
63851  31.014  -18.124  59.827 0.0000000000
63830  30.592  -18.192  60.477 0.0000000000
155176  29.933  -18.085  61.205 0.0000000000
65877  27.957  -16.885  61.814 0.0000000000
153897  25.325  -19.001  63.944 0.0000000000
62677  25.464  -19.393  63.322 0.0000000000
61555  25.947  -20.327  62.612 0.0000000000
59491  26.745  -22.857  62.490 0.0000000000
60536  26.658  -21.717  62.281 0.0000000000
135795  27.907  -22.571  62.191 0.0000000000
59490  28.934  -23.259  62.858 0.0000000000
54120  27.424  -27.525  64.571 0.0000000000
54119  27.772  -27.019  64.204 0.0000000000
133398  28.321  -26.478  64.247 0.0000000000
55180  28.807  -26.679  65.844 0.0000000000
55191  28.844  -26.276  65.010 0.0000000000
56282  28.871  -25.805  64.199 0.0000000000
158227  29.367  -24.496  63.650 0.0000000000
58384  29.332  -23.917  63.341 0.0000000000
79027  51.720  -4.223  46.551 0.0000000000
76896  51.826  -5.831  48.228 0.0000000000
76886  50.844  -6.842  49.365 0.0000000000
75787  38.259  -8.296  53.026 0.0000000000
73536  36.869  -9.455  52.263 0.0000000000
73546  37.245  -9.439  51.580 0.0000000000
73563  37.683  -9.689  50.845 0.0000000000
72415  37.944  -10.541  50.892 0.0000000000
71414  38.683  -10.758  50.675 0.0000000000
71394  39.752  -11.369  51.274 0.0000000000
69212  34.418  -13.939  54.905 0.0000000000
148902  34.446  -13.169  54.784 0.0000000000
70289  34.452  -12.280  55.044 0.0000000000
70302  34.653  -12.406  54.288 0.0000000000
70317  34.955  -12.412  53.807 0.0000000000
70316  35.332  -12.064  53.446 0.0000000000
68221  36.763  -14.328  53.618 0.0000000000
69227  36.329  -13.458  53.357 0.0000000000
70315  35.902  -12.581  53.215 0.0000000000
70334  35.838  -11.676  52.983 0.0000000000
70333  36.523  -11.972  52.749 0.0000000000
71383  37.739  -11.699  52.085 0.0000000000
70313  38.723  -12.637  53.315 0.0000000000
70331  38.356  -12.090  52.547 0.0000000000
71381  40.713  -11.643  52.161 0.0000000000
71365  42.427  -11.858  53.735 0.0000000000
61581  33.356  -19.709  59.701 0.0000000000
61580  34.214  -19.827  59.821 0.0000000000
61579  35.021  -19.813  59.862 0.0000000000
62709  35.860  -19.580  59.750 0.0000000000
62685  36.729  -19.701  62.690 0.0000000000
62699  36.780  -19.689  61.801 0.0000000000
135517  37.107  -19.497  61.013 0.0000000000
140155  37.331  -19.219  60.277 0.0000000000
62716  38.184  -18.794  60.152 0.0000000000
158771  38.769  -18.593  60.351 0.0000000000
85120  46.353  1.359  45.124 0.0000000000
85155  45.146  1.370  42.908 0.0000000000
84168  45.428  1.368  42.125 0.0000000000
84167  45.859  0.494  41.812 0.0000000000
145920  46.297  -0.023  41.448 0.0000000000
85118  49.517  1.869  45.150 0.0000000000
84135  48.319  0.656  44.415 0.0000000000
83187  47.795  -0.080  44.000 0.0000000000
83198  49.078  -0.773  43.751 0.0000000000
83199  48.206  -0.749  43.647 0.0000000000
83200  47.328  -0.670  43.434 0.0000000000
83208  47.072  -1.073  42.849 0.0000000000
83217  46.598  -0.702  41.600 0.0000000000
83227  46.643  -0.223  40.935 0.0000000000
145998  47.427  -1.378  40.737 0.0000000000
82228  48.143  -1.969  40.189 0.0000000000
82240  48.874  -2.111  39.541 0.0000000000
80148  48.999  -3.259  40.557 0.0000000000
80161  49.473  -3.306  39.896 0.0000000000
81200  49.412  -2.808  39.434 0.0000000000
54121  26.185  -27.729  63.869 0.0000000000
55209  27.685  -26.088  62.976 0.0000000000
56291  28.778  -25.412  63.523 0.0000000000
56301  26.180  -25.218  62.817 0.0000000000
59480  26.123  -22.562  63.590 0.0000000000
60544  27.178  -20.954  62.014 0.0000000000
61542  25.640  -20.217  63.006 0.0000000000
63849  32.282  -18.849  59.003 0.0000000000
65824  26.009  -17.150  65.245 0.0000000000
67011  26.817  -16.078  63.816 0.0000000000
67027  28.432  -15.668  62.376 0.0000000000
67119  36.656  -15.135  53.932 0.0000000000
68094  28.023  -15.234  64.683 0.0000000000
68105  28.671  -15.125  63.456 0.0000000000
70299  42.373  -12.220  54.521 0.0000000000
80133  48.985  -3.085  41.989 0.0000000000
80162  48.811  -2.805  40.006 0.0000000000
80178  50.015  -3.261  39.327 0.0000000000
81122  50.445  -2.747  47.055 0.0000000000
81163  50.550  -2.565  42.570 0.0000000000
81164  49.361  -2.676  42.490 0.0000000000
81166  47.958  -2.234  42.251 0.0000000000
81176  48.346  -2.712  41.897 0.0000000000
82162  51.551  -1.953  47.353 0.0000000000
82170  56.280  -1.288  46.233 0.0000000000
82208  47.564  -1.631  42.538 0.0000000000
82219  47.473  -1.848  41.806 0.0000000000
82220  47.091  -1.312  41.405 0.0000000000
82229  46.917  -0.864  40.981 0.0000000000
82239  49.499  -2.138  39.108 0.0000000000
82241  47.870  -1.003  39.991 0.0000000000
83138  54.039  -0.999  51.369 0.0000000000
83174  53.990  -0.946  46.456 0.0000000000
83209  46.553  -0.683  42.432 0.0000000000
83226  47.246  -0.530  40.476 0.0000000000
83238  48.593  -0.598  39.576 0.0000000000
84104  54.847  0.696  49.472 0.0000000000
84112  54.669  0.648  47.844 0.0000000000
84120  55.858  0.473  46.263 0.0000000000
84121  55.176  0.166  46.399 0.0000000000
84137  46.379  0.635  44.107 0.0000000000
84138  45.613  0.926  43.859 0.0000000000
84157  46.075  -0.044  42.590 0.0000000000
84176  46.287  0.556  41.018 0.0000000000
85073  55.585  1.646  49.302 0.0000000000
85086  48.266  2.077  48.227 0.0000000000
85098  46.267  1.438  47.316 0.0000000000
85132  48.842  1.367  44.766 0.0000000000
85156  44.754  1.936  43.247 0.0000000000
86017  56.605  3.291  52.659 0.0000000000
86058  56.092  2.336  50.092 0.0000000000
86059  49.302  2.805  49.724 0.0000000000
86076  56.495  2.670  47.385 0.0000000000
86972  55.939  4.080  53.760 0.0000000000
87026  56.364  3.356  49.073 0.0000000000
87959  55.769  4.495  53.133 0.0000000000
87960  55.340  4.575  53.422 0.0000000000
87970  55.783  4.972  52.560 0.0000000000
87983  56.429  4.969  51.583 0.0000000000
88027  51.632  4.504  47.911 0.0000000000
88972  55.018  6.143  51.730 0.0000000000
88987  55.893  6.482  50.869 0.0000000000
88989  53.916  6.381  50.828 0.0000000000
89941  54.726  6.759  50.612 0.0000000000
134431  25.572  -17.798  63.873 0.0000000000
136131  45.850  1.426  46.511 0.0000000000
136884  49.396  2.978  47.178 0.0000000000
137087  25.394  -19.077  64.689 0.0000000000
137216  43.094  -5.793  47.297 0.0000000000
137873  52.831  -1.929  46.515 0.0000000000
141634  25.625  -19.195  65.609 0.0000000000
142468  27.181  -22.432  62.145 0.0000000000
144619  27.037  -23.994  62.314 0.0000000000
145399  27.179  -26.649  63.143 0.0000000000
149267  49.390  -3.397  41.306 0.0000000000
149549  48.163  -2.640  41.377 0.0000000000
153509  34.655  -13.770  54.415 0.0000000000
156021  56.494  3.589  53.301 0.0000000000
156112  56.072  4.425  52.886 0.0000000000
157830  25.735  -17.403  64.219 0.0000000000
158086  26.902  -23.499  62.373 0.0000000000
160725  37.205  -9.834  51.365 0.0000000000
