#!ascii label  , from subject sub-v1s4x0050690_ses-1 vox2ras=TkReg
860
48709  -11.920  -18.810  74.694 0.0000000000
60837  -33.725  -6.123  70.726 0.0000000000
64772  -38.780  -2.310  62.696 0.0000000000
59087  -48.116  -9.330  58.413 0.0000000000
57041  -30.528  -10.169  71.443 0.0000000000
61859  -44.587  -5.508  60.819 0.0000000000
65840  -47.325  -1.378  53.775 0.0000000000
70688  -51.465  3.677  51.657 0.0000000000
122485  -38.323  -8.849  69.028 0.0000000000
126176  -38.615  -5.631  67.169 0.0000000000
63708  -35.422  -2.651  66.858 0.0000000000
126799  -11.816  -14.427  79.390 0.0000000000
110850  -17.020  -14.613  78.766 0.0000000000
49699  -20.040  -17.191  76.557 0.0000000000
48734  -22.647  -18.998  73.349 0.0000000000
117010  -27.831  -18.352  73.301 0.0000000000
51686  -31.395  -15.226  72.116 0.0000000000
54959  -34.650  -11.975  70.901 0.0000000000
121317  -40.731  -6.931  63.887 0.0000000000
71650  -52.991  6.026  49.580 0.0000000000
59886  -35.408  -7.367  70.823 0.0000000000
62693  -36.627  -4.528  69.514 0.0000000000
126153  -34.636  -4.536  68.418 0.0000000000
54874  -12.542  -12.696  77.987 0.0000000000
52644  -14.808  -14.242  79.496 0.0000000000
121733  -27.846  -15.944  73.169 0.0000000000
50713  -29.747  -16.847  72.703 0.0000000000
117764  -29.584  -14.008  73.050 0.0000000000
58952  -32.283  -8.058  71.871 0.0000000000
55982  -32.575  -10.929  72.468 0.0000000000
121817  -34.544  -8.572  71.401 0.0000000000
57058  -36.189  -10.633  69.643 0.0000000000
64737  -39.456  -2.307  65.892 0.0000000000
61799  -38.901  -5.328  64.973 0.0000000000
63737  -41.649  -3.163  64.174 0.0000000000
59995  -45.802  -7.015  59.987 0.0000000000
59065  -44.622  -9.146  62.132 0.0000000000
57184  -47.057  -10.937  59.750 0.0000000000
56206  -47.902  -11.101  57.412 0.0000000000
65826  -50.117  -1.242  55.225 0.0000000000
63800  -48.919  -3.782  57.062 0.0000000000
54942  -29.004  -11.814  72.150 0.0000000000
60073  -44.590  -7.721  56.449 0.0000000000
67778  -49.363  1.197  53.009 0.0000000000
67771  -51.599  0.884  53.253 0.0000000000
110956  -53.897  3.552  48.423 0.0000000000
55007  -40.042  -12.083  67.129 0.0000000000
59915  -38.945  -7.464  68.362 0.0000000000
63695  -37.083  -2.732  68.028 0.0000000000
50657  -12.163  -16.787  77.302 0.0000000000
48678  -17.430  -19.138  77.559 0.0000000000
51624  -18.880  -15.686  78.335 0.0000000000
46659  -18.894  -20.934  76.818 0.0000000000
45750  -21.434  -21.526  76.165 0.0000000000
45771  -22.850  -21.469  74.058 0.0000000000
45780  -24.612  -21.624  72.910 0.0000000000
48737  -25.130  -18.927  74.216 0.0000000000
47695  -28.596  -19.720  71.123 0.0000000000
53787  -31.422  -12.884  72.706 0.0000000000
53811  -32.694  -13.617  71.857 0.0000000000
50755  -34.525  -15.956  69.701 0.0000000000
52768  -35.820  -14.551  69.164 0.0000000000
52782  -38.366  -14.191  68.406 0.0000000000
60906  -43.436  -6.135  63.304 0.0000000000
61886  -47.288  -5.564  55.776 0.0000000000
60074  -49.830  -7.801  57.188 0.0000000000
48687  -11.712  -18.706  76.434 0.0000000000
60839  -34.667  -6.100  71.035 0.0000000000
61751  -35.418  -5.659  70.583 0.0000000000
61758  -34.252  -5.282  69.691 0.0000000000
53800  -27.639  -13.408  72.792 0.0000000000
52708  -28.636  -14.408  73.037 0.0000000000
54915  -28.708  -12.864  72.968 0.0000000000
129334  -33.261  -7.075  71.549 0.0000000000
58953  -33.446  -7.958  72.047 0.0000000000
59873  -33.703  -7.261  71.716 0.0000000000
58962  -35.136  -8.164  70.997 0.0000000000
64739  -40.648  -2.563  64.804 0.0000000000
64766  -40.863  -2.080  63.574 0.0000000000
60026  -46.615  -8.026  58.982 0.0000000000
58170  -46.559  -9.367  60.009 0.0000000000
58177  -47.688  -9.627  58.970 0.0000000000
56177  -47.300  -11.511  58.938 0.0000000000
57191  -48.921  -9.846  58.219 0.0000000000
64850  -50.407  -2.247  54.312 0.0000000000
63834  -50.088  -3.195  55.041 0.0000000000
122788  -49.732  -3.308  53.585 0.0000000000
68780  -49.226  1.218  50.830 0.0000000000
69769  -50.252  2.227  52.267 0.0000000000
68763  -50.594  1.776  53.689 0.0000000000
69771  -51.490  2.832  52.673 0.0000000000
68782  -52.211  1.716  52.123 0.0000000000
69784  -52.468  3.348  51.654 0.0000000000
126019  -53.858  4.656  49.006 0.0000000000
57070  -39.173  -10.326  68.350 0.0000000000
58073  -39.574  -9.655  67.709 0.0000000000
58975  -38.783  -8.137  68.777 0.0000000000
63683  -35.839  -3.103  68.649 0.0000000000
62700  -36.834  -3.928  69.029 0.0000000000
63694  -36.355  -2.593  68.113 0.0000000000
64722  -37.414  -1.745  66.814 0.0000000000
64747  -35.683  -2.121  65.314 0.0000000000
50658  -12.690  -16.425  77.256 0.0000000000
125457  -13.098  -15.507  78.704 0.0000000000
52654  -15.800  -14.638  79.274 0.0000000000
51643  -19.419  -15.363  76.822 0.0000000000
49688  -19.915  -17.357  77.474 0.0000000000
48680  -19.206  -18.406  77.889 0.0000000000
47620  -20.339  -19.351  77.242 0.0000000000
46660  -19.950  -20.913  76.903 0.0000000000
47643  -20.934  -19.465  76.359 0.0000000000
46688  -22.678  -20.510  73.530 0.0000000000
45772  -23.699  -21.906  73.469 0.0000000000
46702  -23.718  -20.612  73.130 0.0000000000
49717  -26.977  -17.103  74.021 0.0000000000
48718  -26.028  -18.149  74.154 0.0000000000
48738  -26.625  -18.630  73.881 0.0000000000
46691  -25.998  -20.146  73.268 0.0000000000
47682  -26.797  -19.788  73.035 0.0000000000
46706  -27.150  -20.295  72.203 0.0000000000
47672  -28.002  -18.857  72.826 0.0000000000
50714  -30.397  -16.388  72.338 0.0000000000
49758  -29.866  -17.811  71.560 0.0000000000
50726  -30.856  -16.632  71.450 0.0000000000
50738  -31.520  -16.580  70.714 0.0000000000
55970  -30.405  -11.555  72.908 0.0000000000
57006  -30.802  -10.805  72.736 0.0000000000
55992  -33.758  -11.476  71.791 0.0000000000
53802  -33.029  -12.625  72.045 0.0000000000
53812  -33.467  -13.107  71.479 0.0000000000
52754  -33.546  -14.404  70.445 0.0000000000
52755  -34.176  -14.300  70.031 0.0000000000
54971  -35.000  -12.797  69.965 0.0000000000
120978  -36.704  -9.678  69.631 0.0000000000
56041  -36.818  -12.026  68.868 0.0000000000
121988  -37.770  -11.009  68.782 0.0000000000
53854  -39.573  -13.170  67.806 0.0000000000
52640  -10.919  -13.690  79.399 0.0000000000
51616  -11.021  -15.067  79.251 0.0000000000
50647  -11.344  -15.965  78.625 0.0000000000
59935  -38.147  -7.509  66.549 0.0000000000
60883  -37.601  -6.949  65.705 0.0000000000
60903  -39.501  -6.462  63.934 0.0000000000
123670  -43.204  -4.694  61.038 0.0000000000
111812  -43.480  -4.454  62.571 0.0000000000
61823  -44.284  -5.507  61.954 0.0000000000
57152  -44.339  -10.955  61.672 0.0000000000
58147  -43.694  -9.551  62.760 0.0000000000
61882  -49.901  -5.543  57.031 0.0000000000
116446  -47.927  -5.061  56.470 0.0000000000
61888  -50.021  -6.165  57.024 0.0000000000
60089  -49.625  -7.351  57.196 0.0000000000
60090  -50.038  -7.501  56.872 0.0000000000
58222  -49.195  -8.741  55.687 0.0000000000
70702  -51.222  3.714  49.880 0.0000000000
71635  -52.511  4.790  50.792 0.0000000000
70707  -51.802  4.764  49.036 0.0000000000
72501  -52.439  6.078  48.099 0.0000000000
58973  -36.711  -8.129  69.980 0.0000000000
121870  -37.622  -6.762  69.259 0.0000000000
61752  -36.346  -5.806  70.185 0.0000000000
62691  -35.266  -4.172  69.563 0.0000000000
63682  -35.326  -3.392  68.324 0.0000000000
53715  -12.306  -13.252  79.461 0.0000000000
52643  -13.762  -14.118  79.659 0.0000000000
111565  -16.348  -13.879  78.918 0.0000000000
50705  -27.411  -16.582  73.432 0.0000000000
48740  -28.351  -17.780  73.046 0.0000000000
117825  -28.782  -16.046  72.958 0.0000000000
50707  -29.781  -16.011  72.947 0.0000000000
51676  -30.798  -14.852  72.664 0.0000000000
57026  -31.168  -9.222  71.657 0.0000000000
57015  -31.368  -10.020  72.545 0.0000000000
58026  -32.735  -9.146  72.423 0.0000000000
57018  -33.914  -10.007  71.772 0.0000000000
57027  -34.478  -10.102  71.347 0.0000000000
56007  -35.029  -11.160  70.670 0.0000000000
57028  -35.130  -9.546  70.841 0.0000000000
58052  -36.210  -8.877  70.182 0.0000000000
53737  -11.672  -12.985  78.077 0.0000000000
62712  -39.035  -3.783  66.474 0.0000000000
126179  -38.528  -5.287  65.682 0.0000000000
62719  -39.519  -3.918  65.829 0.0000000000
62735  -40.837  -4.331  64.893 0.0000000000
129339  -41.651  -5.661  64.366 0.0000000000
60941  -45.031  -5.922  60.316 0.0000000000
60917  -44.812  -6.711  61.686 0.0000000000
59984  -45.717  -7.865  60.666 0.0000000000
127477  -45.335  -10.114  61.286 0.0000000000
128965  -49.048  -0.566  55.493 0.0000000000
64849  -47.429  -2.151  54.967 0.0000000000
64829  -49.419  -2.679  56.203 0.0000000000
121328  -49.920  -4.608  56.445 0.0000000000
59899  -33.360  -6.615  69.820 0.0000000000
58972  -32.379  -8.381  69.596 0.0000000000
63756  -40.363  -2.770  62.350 0.0000000000
61868  -43.828  -5.610  59.770 0.0000000000
60978  -44.986  -6.238  58.690 0.0000000000
60024  -45.425  -6.856  58.058 0.0000000000
60049  -46.009  -7.809  57.538 0.0000000000
66816  -48.131  -0.031  52.695 0.0000000000
67762  -49.818  0.662  54.683 0.0000000000
125153  -50.700  -0.030  54.379 0.0000000000
65849  -51.165  -1.081  52.746 0.0000000000
70698  -53.146  4.171  50.717 0.0000000000
69802  -53.505  3.030  49.585 0.0000000000
56067  -39.820  -11.155  66.959 0.0000000000
59001  -39.435  -8.955  67.630 0.0000000000
60871  -38.781  -6.440  67.757 0.0000000000
60850  -37.990  -6.191  68.884 0.0000000000
61771  -38.231  -4.791  68.116 0.0000000000
62704  -38.269  -4.011  67.610 0.0000000000
116086  -38.186  -2.597  67.049 0.0000000000
65734  -37.815  -1.112  65.590 0.0000000000
61779  -34.042  -5.653  67.539 0.0000000000
62710  -34.393  -4.200  66.744 0.0000000000
63736  -34.956  -2.659  64.783 0.0000000000
49694  -12.146  -18.159  76.084 0.0000000000
50678  -13.168  -16.870  76.059 0.0000000000
47642  -17.771  -20.475  75.534 0.0000000000
54878  -16.619  -12.928  77.820 0.0000000000
52655  -17.847  -14.248  78.534 0.0000000000
130888  -18.075  -15.290  78.499 0.0000000000
126033  -18.170  -19.748  77.484 0.0000000000
44875  -21.694  -22.758  75.869 0.0000000000
44883  -22.907  -23.148  75.405 0.0000000000
48715  -23.834  -18.070  74.221 0.0000000000
48716  -24.676  -18.202  74.384 0.0000000000
48736  -24.326  -18.813  73.979 0.0000000000
46690  -25.171  -20.097  73.476 0.0000000000
45781  -25.519  -21.770  72.610 0.0000000000
48754  -29.219  -18.199  71.940 0.0000000000
54916  -29.439  -12.611  73.014 0.0000000000
53785  -30.094  -13.481  73.015 0.0000000000
52725  -31.360  -14.349  72.456 0.0000000000
55972  -31.847  -11.390  72.625 0.0000000000
115167  -32.222  -12.844  72.362 0.0000000000
52726  -32.028  -14.434  71.951 0.0000000000
51712  -32.628  -15.108  70.695 0.0000000000
50740  -32.994  -16.540  70.027 0.0000000000
51726  -37.251  -15.821  68.937 0.0000000000
54973  -36.236  -12.662  68.995 0.0000000000
52781  -37.365  -14.232  68.641 0.0000000000
51738  -38.155  -15.642  68.580 0.0000000000
51740  -39.487  -15.623  67.659 0.0000000000
49676  -11.707  -17.420  77.557 0.0000000000
64767  -42.100  -3.021  63.205 0.0000000000
62737  -42.634  -4.790  63.835 0.0000000000
60905  -42.574  -6.989  63.809 0.0000000000
59973  -44.300  -7.217  62.516 0.0000000000
59050  -43.119  -8.494  63.438 0.0000000000
120374  -41.833  -8.477  63.569 0.0000000000
59142  -45.759  -8.291  55.743 0.0000000000
122524  -48.138  -8.437  57.540 0.0000000000
63816  -46.936  -3.631  55.568 0.0000000000
62830  -46.328  -4.192  55.151 0.0000000000
61009  -46.747  -6.933  55.291 0.0000000000
59115  -48.949  -7.822  57.375 0.0000000000
59096  -49.221  -8.757  57.437 0.0000000000
57206  -49.000  -9.952  56.672 0.0000000000
47652  -11.419  -19.247  74.145 0.0000000000
60838  -34.169  -5.955  71.078 0.0000000000
61749  -34.228  -5.565  70.454 0.0000000000
123376  -33.822  -5.819  70.028 0.0000000000
53783  -28.230  -13.595  73.028 0.0000000000
54928  -28.208  -12.790  72.926 0.0000000000
59884  -33.181  -6.743  70.970 0.0000000000
60826  -33.701  -6.589  71.297 0.0000000000
60827  -34.184  -6.627  71.386 0.0000000000
64764  -39.328  -1.494  63.453 0.0000000000
65758  -40.170  -1.572  64.025 0.0000000000
64765  -40.190  -1.656  63.534 0.0000000000
112365  -47.514  -8.844  58.498 0.0000000000
59086  -47.023  -8.849  59.083 0.0000000000
58181  -48.434  -9.840  58.520 0.0000000000
58182  -48.884  -9.318  58.011 0.0000000000
64857  -50.485  -2.184  53.505 0.0000000000
63851  -50.150  -3.011  54.243 0.0000000000
126825  -50.798  3.095  51.082 0.0000000000
69783  -50.871  3.045  52.009 0.0000000000
69770  -50.991  2.795  52.775 0.0000000000
70675  -51.540  3.344  52.293 0.0000000000
70676  -52.020  3.342  52.207 0.0000000000
70689  -51.968  3.921  51.820 0.0000000000
58063  -38.797  -9.577  68.679 0.0000000000
58064  -39.169  -8.835  68.478 0.0000000000
63693  -35.670  -2.787  67.844 0.0000000000
64703  -36.185  -2.191  67.355 0.0000000000
64735  -35.884  -2.028  66.375 0.0000000000
51618  -12.418  -15.402  78.804 0.0000000000
52652  -12.927  -14.669  79.320 0.0000000000
111035  -16.332  -15.550  79.016 0.0000000000
50672  -19.724  -16.431  77.315 0.0000000000
48690  -20.025  -18.334  77.491 0.0000000000
49689  -20.336  -17.883  76.979 0.0000000000
48691  -20.544  -18.596  76.714 0.0000000000
47666  -22.511  -19.743  73.411 0.0000000000
46701  -23.197  -20.060  73.231 0.0000000000
48739  -27.251  -18.321  73.665 0.0000000000
48719  -26.814  -17.846  73.997 0.0000000000
47670  -26.375  -19.342  73.679 0.0000000000
47671  -27.253  -19.016  73.390 0.0000000000
47683  -27.542  -19.539  72.559 0.0000000000
50715  -31.002  -15.987  72.034 0.0000000000
50737  -31.049  -17.140  70.753 0.0000000000
51696  -31.475  -15.885  71.355 0.0000000000
55991  -29.990  -10.744  72.025 0.0000000000
57014  -30.685  -10.268  72.383 0.0000000000
54944  -34.176  -11.694  71.439 0.0000000000
54943  -33.660  -12.226  71.707 0.0000000000
54958  -34.087  -12.576  71.178 0.0000000000
53826  -33.925  -13.524  70.699 0.0000000000
114854  -34.509  -12.815  70.571 0.0000000000
53827  -34.576  -13.553  70.033 0.0000000000
132645  -34.818  -12.413  70.474 0.0000000000
127106  -37.765  -9.624  69.122 0.0000000000
57059  -37.251  -10.431  69.134 0.0000000000
57069  -38.281  -10.352  68.763 0.0000000000
56043  -38.724  -11.167  68.476 0.0000000000
52641  -11.644  -13.629  79.524 0.0000000000
51611  -10.937  -14.188  79.510 0.0000000000
51617  -11.728  -15.414  78.897 0.0000000000
60878  -38.277  -6.449  66.622 0.0000000000
59958  -39.012  -7.194  63.443 0.0000000000
114095  -39.850  -7.232  63.548 0.0000000000
59959  -40.466  -7.847  63.466 0.0000000000
61839  -44.092  -4.960  61.331 0.0000000000
62764  -44.076  -4.873  61.927 0.0000000000
61840  -44.471  -5.475  61.406 0.0000000000
65839  -46.732  -1.856  53.646 0.0000000000
61010  -50.160  -6.676  56.342 0.0000000000
61003  -50.105  -6.884  56.915 0.0000000000
59900  -36.288  -7.383  70.316 0.0000000000
60840  -35.922  -6.557  70.521 0.0000000000
61759  -34.715  -4.902  70.057 0.0000000000
61760  -35.281  -4.770  70.182 0.0000000000
62699  -35.502  -3.643  68.954 0.0000000000
124582  -34.967  -3.932  68.836 0.0000000000
53725  -12.179  -12.933  79.249 0.0000000000
54877  -15.751  -12.843  78.197 0.0000000000
52706  -27.143  -14.440  73.319 0.0000000000
51672  -27.246  -15.124  73.324 0.0000000000
49733  -28.298  -16.862  73.099 0.0000000000
127298  -29.613  -14.565  72.979 0.0000000000
51674  -29.189  -15.226  73.060 0.0000000000
51675  -30.096  -15.153  72.940 0.0000000000
52709  -30.237  -14.401  72.930 0.0000000000
58951  -31.685  -8.566  71.379 0.0000000000
58038  -31.774  -8.734  72.234 0.0000000000
58942  -32.587  -8.412  72.208 0.0000000000
58943  -33.969  -8.533  71.822 0.0000000000
128049  -33.288  -8.574  72.193 0.0000000000
58039  -34.365  -9.252  71.469 0.0000000000
128820  -34.759  -9.555  71.124 0.0000000000
58040  -34.848  -9.025  71.119 0.0000000000
58963  -35.787  -8.144  70.572 0.0000000000
54865  -12.129  -12.785  78.700 0.0000000000
53724  -11.627  -12.937  79.006 0.0000000000
64724  -38.744  -2.447  66.481 0.0000000000
63710  -39.250  -3.121  66.261 0.0000000000
63724  -41.091  -3.115  64.684 0.0000000000
63723  -40.567  -3.067  65.181 0.0000000000
62721  -40.892  -3.621  64.947 0.0000000000
61800  -40.771  -5.313  64.601 0.0000000000
61801  -41.570  -4.865  64.518 0.0000000000
60961  -45.442  -6.394  59.653 0.0000000000
60942  -45.322  -6.431  60.415 0.0000000000
57172  -46.466  -10.365  60.219 0.0000000000
58163  -45.883  -9.574  60.774 0.0000000000
56123  -46.160  -11.178  60.376 0.0000000000
56122  -45.490  -11.195  60.806 0.0000000000
55114  -46.352  -11.977  59.631 0.0000000000
132440  -49.263  -0.944  55.752 0.0000000000
65824  -48.826  -1.270  55.824 0.0000000000
65818  -49.740  -1.919  55.783 0.0000000000
61897  -50.216  -5.387  56.067 0.0000000000
59914  -33.020  -7.713  68.911 0.0000000000
114251  -44.095  -5.975  58.895 0.0000000000
60047  -44.146  -6.916  56.977 0.0000000000
60048  -45.066  -7.262  57.169 0.0000000000
68781  -49.399  1.331  51.949 0.0000000000
67777  -48.727  0.615  52.303 0.0000000000
67776  -48.020  0.143  51.742 0.0000000000
67769  -48.847  0.503  53.319 0.0000000000
67761  -49.119  0.354  54.342 0.0000000000
67770  -49.580  1.004  53.938 0.0000000000
68764  -51.157  1.611  53.432 0.0000000000
68750  -50.621  1.122  54.016 0.0000000000
66809  -51.232  0.082  53.684 0.0000000000
65842  -51.089  -0.811  53.474 0.0000000000
130637  -51.450  -0.484  52.976 0.0000000000
117073  -51.592  -0.476  52.291 0.0000000000
66817  -51.727  0.126  52.774 0.0000000000
68789  -52.590  1.774  51.142 0.0000000000
71644  -52.493  5.284  50.039 0.0000000000
71640  -52.941  4.813  50.695 0.0000000000
71645  -53.008  5.322  50.170 0.0000000000
70703  -53.716  3.950  49.464 0.0000000000
53882  -39.871  -13.478  66.793 0.0000000000
55039  -39.504  -13.216  66.330 0.0000000000
131090  -39.992  -11.637  67.079 0.0000000000
58988  -39.548  -8.831  68.027 0.0000000000
59000  -39.349  -7.997  67.967 0.0000000000
59926  -39.012  -7.051  68.047 0.0000000000
126249  -37.159  -6.014  69.556 0.0000000000
61761  -37.385  -5.387  69.148 0.0000000000
63685  -37.493  -3.754  68.318 0.0000000000
61770  -37.486  -4.674  68.760 0.0000000000
63696  -37.874  -3.081  67.598 0.0000000000
64705  -37.545  -2.328  67.302 0.0000000000
65733  -37.183  -1.237  65.299 0.0000000000
65722  -37.278  -1.357  66.124 0.0000000000
49686  -12.230  -17.465  76.665 0.0000000000
49695  -12.683  -17.524  75.818 0.0000000000
50668  -12.659  -16.909  76.582 0.0000000000
51641  -13.379  -16.236  77.242 0.0000000000
52653  -14.515  -14.896  79.468 0.0000000000
48688  -16.634  -18.771  77.075 0.0000000000
48689  -16.949  -19.378  76.516 0.0000000000
47641  -17.289  -19.958  76.013 0.0000000000
126073  -17.500  -19.811  76.883 0.0000000000
120702  -17.255  -12.835  77.413 0.0000000000
112196  -17.193  -13.730  78.513 0.0000000000
50651  -18.406  -15.709  78.447 0.0000000000
49670  -18.056  -16.993  78.403 0.0000000000
50652  -18.865  -16.656  78.291 0.0000000000
47619  -19.278  -19.355  77.670 0.0000000000
48679  -18.416  -18.861  77.945 0.0000000000
123020  -18.743  -20.241  77.314 0.0000000000
47628  -17.975  -20.425  76.657 0.0000000000
45755  -18.845  -21.422  75.973 0.0000000000
46661  -20.830  -21.048  76.616 0.0000000000
131821  -20.080  -21.956  76.231 0.0000000000
45757  -20.673  -21.942  76.247 0.0000000000
44874  -20.881  -22.710  75.854 0.0000000000
127573  -21.370  -22.201  76.058 0.0000000000
132520  -22.340  -20.809  74.245 0.0000000000
46677  -21.874  -20.572  75.018 0.0000000000
46678  -22.320  -21.372  75.085 0.0000000000
44876  -22.323  -22.680  75.665 0.0000000000
45764  -22.694  -22.170  75.244 0.0000000000
45765  -23.303  -22.480  74.617 0.0000000000
44891  -23.990  -22.937  74.170 0.0000000000
44892  -24.536  -22.608  73.356 0.0000000000
44893  -25.246  -23.187  73.177 0.0000000000
44900  -25.106  -22.391  72.871 0.0000000000
131322  -25.391  -18.433  74.264 0.0000000000
48717  -25.304  -17.737  74.301 0.0000000000
111677  -24.792  -19.468  73.823 0.0000000000
47668  -24.447  -19.956  73.411 0.0000000000
46705  -26.029  -21.040  72.511 0.0000000000
44901  -25.773  -22.732  72.640 0.0000000000
47694  -27.864  -20.033  71.660 0.0000000000
46714  -27.626  -20.967  71.465 0.0000000000
111208  -28.418  -20.576  71.065 0.0000000000
49734  -29.063  -17.302  72.826 0.0000000000
48741  -28.921  -17.993  72.669 0.0000000000
49745  -29.503  -17.533  72.349 0.0000000000
54929  -28.881  -12.172  72.913 0.0000000000
55980  -29.415  -11.631  72.657 0.0000000000
54918  -30.897  -12.158  72.995 0.0000000000
54917  -30.115  -12.380  72.942 0.0000000000
112891  -30.719  -12.895  72.991 0.0000000000
53786  -31.068  -13.580  72.782 0.0000000000
57016  -32.166  -9.926  72.590 0.0000000000
57007  -31.582  -10.691  72.678 0.0000000000
52740  -32.611  -14.461  71.297 0.0000000000
51697  -32.049  -15.146  71.353 0.0000000000
51714  -33.865  -15.080  69.904 0.0000000000
51713  -33.206  -15.085  70.261 0.0000000000
119776  -33.556  -15.852  69.911 0.0000000000
52769  -36.817  -14.917  68.894 0.0000000000
56023  -35.513  -11.351  69.973 0.0000000000
54972  -35.544  -12.249  69.637 0.0000000000
56024  -36.156  -11.704  69.321 0.0000000000
54986  -37.268  -12.684  68.650 0.0000000000
53852  -37.835  -13.445  68.510 0.0000000000
52770  -37.810  -14.975  68.633 0.0000000000
51739  -38.893  -15.042  68.240 0.0000000000
52783  -39.291  -14.040  68.039 0.0000000000
54989  -39.792  -12.286  67.564 0.0000000000
52784  -39.808  -13.833  67.481 0.0000000000
52795  -40.009  -13.793  67.118 0.0000000000
126850  -11.701  -16.610  78.000 0.0000000000
126493  -39.130  -4.727  65.536 0.0000000000
61791  -37.945  -6.149  65.542 0.0000000000
61798  -38.204  -5.877  64.932 0.0000000000
63757  -41.322  -2.870  62.420 0.0000000000
64775  -41.700  -2.608  62.999 0.0000000000
61812  -43.555  -5.179  63.016 0.0000000000
62751  -43.081  -4.600  63.328 0.0000000000
61803  -42.979  -5.394  63.630 0.0000000000
61802  -42.275  -5.420  64.131 0.0000000000
60894  -42.750  -6.205  63.809 0.0000000000
59974  -44.885  -7.543  61.802 0.0000000000
122942  -44.464  -8.260  62.429 0.0000000000
58131  -43.556  -8.913  63.108 0.0000000000
59063  -42.366  -9.471  63.151 0.0000000000
59049  -42.455  -8.830  63.467 0.0000000000
59062  -41.721  -9.135  63.222 0.0000000000
112767  -47.025  -8.184  56.664 0.0000000000
64840  -47.935  -2.462  56.004 0.0000000000
64839  -47.138  -2.897  55.361 0.0000000000
63817  -47.834  -3.443  56.400 0.0000000000
117823  -46.892  -4.801  55.688 0.0000000000
61895  -46.179  -5.076  55.111 0.0000000000
116469  -46.501  -6.055  55.104 0.0000000000
61001  -47.777  -6.415  56.071 0.0000000000
59116  -49.280  -8.250  57.295 0.0000000000
59117  -49.663  -8.294  57.128 0.0000000000
58197  -49.413  -9.108  57.283 0.0000000000
117651  -49.490  -8.920  56.587 0.0000000000
125864  -35.224  -6.500  70.881 0.0000000000
61750  -34.676  -5.460  70.587 0.0000000000
61769  -34.687  -4.614  69.279 0.0000000000
52707  -27.678  -14.478  73.106 0.0000000000
51673  -28.228  -15.183  73.043 0.0000000000
53784  -29.131  -13.453  73.042 0.0000000000
59872  -32.763  -7.414  71.412 0.0000000000
124627  -32.976  -7.583  71.976 0.0000000000
58954  -34.171  -7.929  71.727 0.0000000000
58955  -34.696  -8.091  71.339 0.0000000000
59874  -34.392  -7.390  71.507 0.0000000000
59885  -34.772  -6.919  71.195 0.0000000000
114993  -39.123  -1.217  65.166 0.0000000000
65736  -39.580  -1.656  65.247 0.0000000000
65746  -39.563  -1.370  64.518 0.0000000000
129735  -40.550  -1.905  64.042 0.0000000000
64750  -41.016  -2.413  64.232 0.0000000000
60007  -46.284  -7.840  59.593 0.0000000000
59081  -46.471  -8.545  59.738 0.0000000000
58176  -46.968  -9.303  59.386 0.0000000000
57173  -47.161  -10.033  59.538 0.0000000000
56163  -47.041  -11.396  59.635 0.0000000000
56164  -47.815  -11.005  59.244 0.0000000000
56178  -48.176  -11.025  58.766 0.0000000000
57197  -48.585  -10.574  58.140 0.0000000000
65834  -50.589  -1.364  54.423 0.0000000000
64842  -50.103  -2.325  55.146 0.0000000000
120867  -49.774  1.763  51.285 0.0000000000
126169  -49.883  1.788  52.864 0.0000000000
68774  -50.071  1.630  53.592 0.0000000000
68775  -50.536  2.189  53.227 0.0000000000
69747  -50.978  2.399  53.227 0.0000000000
67772  -51.818  1.698  52.919 0.0000000000
67780  -51.949  0.857  52.423 0.0000000000
69772  -51.963  2.568  52.666 0.0000000000
124143  -52.401  2.656  51.934 0.0000000000
69793  -52.804  2.816  51.178 0.0000000000
72497  -53.136  6.338  48.943 0.0000000000
72492  -53.372  5.736  49.344 0.0000000000
71651  -53.965  5.256  48.522 0.0000000000
70715  -54.160  3.570  47.538 0.0000000000
129298  -39.498  -10.969  68.025 0.0000000000
56056  -39.828  -11.325  67.389 0.0000000000
57071  -39.626  -10.374  67.802 0.0000000000
125894  -36.273  -3.821  69.350 0.0000000000
63684  -36.482  -3.270  68.773 0.0000000000
64704  -36.869  -2.094  67.511 0.0000000000
64736  -36.492  -1.621  65.813 0.0000000000
64748  -36.352  -1.760  64.815 0.0000000000
51628  -12.114  -16.087  78.091 0.0000000000
51629  -12.856  -15.947  77.996 0.0000000000
51630  -13.535  -15.959  78.182 0.0000000000
49678  -17.719  -18.192  78.126 0.0000000000
49680  -19.409  -17.510  77.898 0.0000000000
47629  -19.694  -20.194  77.283 0.0000000000
47630  -20.581  -20.208  76.943 0.0000000000
47631  -21.119  -20.315  76.465 0.0000000000
46689  -23.299  -20.949  73.239 0.0000000000
45779  -23.889  -21.161  73.020 0.0000000000
50700  -26.715  -16.291  73.978 0.0000000000
49716  -26.113  -17.162  74.144 0.0000000000
118840  -25.862  -18.869  74.091 0.0000000000
47669  -25.591  -19.481  73.856 0.0000000000
127767  -26.526  -20.462  72.618 0.0000000000
47684  -28.216  -19.250  71.992 0.0000000000
49746  -30.146  -17.098  71.985 0.0000000000
49759  -30.503  -17.424  71.124 0.0000000000
50739  -32.181  -16.749  70.259 0.0000000000
56003  -29.578  -11.359  71.513 0.0000000000
55981  -30.010  -11.093  72.694 0.0000000000
55971  -31.117  -11.380  72.878 0.0000000000
55983  -33.501  -10.835  72.056 0.0000000000
54931  -33.222  -11.710  72.128 0.0000000000
52741  -33.224  -13.950  71.115 0.0000000000
52767  -34.893  -14.386  69.580 0.0000000000
53839  -35.252  -13.639  69.481 0.0000000000
56025  -36.938  -11.267  69.007 0.0000000000
56042  -37.775  -11.826  68.644 0.0000000000
54987  -38.306  -12.651  68.441 0.0000000000
53853  -38.828  -13.345  68.271 0.0000000000
121107  -38.746  -11.987  68.370 0.0000000000
56044  -39.427  -11.701  68.019 0.0000000000
60891  -39.585  -5.565  64.526 0.0000000000
60890  -38.669  -6.010  64.408 0.0000000000
60902  -38.465  -6.692  63.885 0.0000000000
62778  -42.479  -3.925  61.713 0.0000000000
62763  -42.892  -3.669  62.561 0.0000000000
116634  -43.522  -4.290  61.887 0.0000000000
61813  -43.923  -5.749  62.597 0.0000000000
58149  -44.791  -9.970  61.778 0.0000000000
59064  -44.061  -8.985  62.746 0.0000000000
62804  -49.458  -4.801  57.083 0.0000000000
62803  -48.443  -4.441  56.872 0.0000000000
61881  -49.300  -5.343  57.114 0.0000000000
61887  -48.852  -5.860  56.855 0.0000000000
61002  -49.474  -6.677  57.039 0.0000000000
59144  -49.924  -8.115  56.754 0.0000000000
70695  -51.312  3.795  50.822 0.0000000000
70696  -51.925  4.311  51.275 0.0000000000
120246  -51.855  4.565  50.570 0.0000000000
71649  -52.517  5.745  49.113 0.0000000000
72496  -52.948  6.361  48.988 0.0000000000
72502  -53.042  6.708  48.421 0.0000000000
58062  -37.230  -8.878  69.541 0.0000000000
58974  -37.755  -8.130  69.329 0.0000000000
59901  -37.211  -7.414  69.635 0.0000000000
60849  -36.753  -6.647  69.955 0.0000000000
131283  -36.696  -5.292  69.774 0.0000000000
122240  -36.017  -4.933  70.131 0.0000000000
62692  -35.838  -4.195  69.765 0.0000000000
63675  -35.837  -3.625  69.260 0.0000000000
63692  -34.990  -3.298  67.359 0.0000000000
52642  -12.585  -13.716  79.606 0.0000000000
53716  -13.191  -13.343  79.478 0.0000000000
53728  -15.344  -13.518  79.162 0.0000000000
49730  -22.197  -17.975  73.513 0.0000000000
49732  -27.571  -17.594  73.597 0.0000000000
50706  -29.220  -16.631  72.910 0.0000000000
51685  -30.636  -15.637  72.559 0.0000000000
126734  -30.838  -9.686  71.506 0.0000000000
58023  -30.828  -9.687  72.022 0.0000000000
58024  -31.318  -9.517  72.326 0.0000000000
58025  -31.915  -9.196  72.497 0.0000000000
57017  -33.140  -9.989  72.338 0.0000000000
55993  -34.115  -10.835  71.616 0.0000000000
56006  -34.597  -10.996  71.203 0.0000000000
57044  -35.392  -10.393  70.437 0.0000000000
122619  -34.901  -8.574  71.125 0.0000000000
58051  -35.339  -8.846  70.793 0.0000000000
57045  -35.784  -9.638  70.312 0.0000000000
53713  -10.957  -13.327  78.905 0.0000000000
53714  -11.591  -13.262  79.324 0.0000000000
62711  -38.710  -4.201  66.977 0.0000000000
61787  -38.643  -4.988  66.666 0.0000000000
62718  -38.927  -4.457  66.198 0.0000000000
63722  -39.904  -3.087  65.684 0.0000000000
62720  -40.295  -3.757  65.334 0.0000000000
62734  -39.802  -4.646  65.110 0.0000000000
124225  -40.424  -6.049  64.245 0.0000000000
60892  -41.349  -6.220  64.255 0.0000000000
129409  -44.546  -5.598  60.257 0.0000000000
61841  -44.961  -5.918  60.915 0.0000000000
60928  -45.139  -6.473  61.034 0.0000000000
124901  -45.181  -7.063  61.237 0.0000000000
119464  -45.380  -7.700  61.188 0.0000000000
59075  -46.064  -8.539  60.391 0.0000000000
59071  -45.589  -8.523  61.054 0.0000000000
123569  -45.214  -9.313  61.488 0.0000000000
57153  -45.012  -10.758  61.376 0.0000000000
66807  -47.979  -0.865  54.146 0.0000000000
65833  -47.714  -1.497  54.582 0.0000000000
65823  -48.148  -1.711  55.522 0.0000000000
64841  -48.667  -2.080  56.204 0.0000000000
123844  -49.206  -3.273  56.816 0.0000000000
63803  -49.806  -2.790  55.819 0.0000000000
63802  -49.724  -3.609  56.282 0.0000000000
63801  -49.556  -4.252  56.869 0.0000000000
62805  -49.870  -5.172  56.895 0.0000000000
61896  -50.186  -5.987  56.337 0.0000000000
60848  -33.837  -5.993  69.106 0.0000000000
120229  -33.571  -6.937  68.521 0.0000000000
57042  -30.991  -9.796  70.747 0.0000000000
58060  -31.441  -9.237  70.466 0.0000000000
58050  -31.841  -8.655  70.337 0.0000000000
58961  -32.179  -7.997  70.900 0.0000000000
59898  -32.724  -7.391  70.327 0.0000000000
63755  -38.736  -3.232  62.097 0.0000000000
64773  -39.923  -2.001  62.828 0.0000000000
63764  -40.741  -3.544  61.795 0.0000000000
119736  -43.250  -5.259  60.318 0.0000000000
60960  -44.787  -5.864  59.613 0.0000000000
60979  -45.623  -6.681  58.866 0.0000000000
60025  -46.104  -7.388  58.506 0.0000000000
59094  -46.771  -8.274  58.160 0.0000000000
113714  -47.379  -0.426  52.142 0.0000000000
66815  -47.523  -0.760  53.141 0.0000000000
119751  -48.707  -0.325  54.719 0.0000000000
66802  -49.400  0.061  55.099 0.0000000000
67754  -49.930  0.184  55.072 0.0000000000
68749  -50.231  1.212  54.189 0.0000000000
67763  -50.270  0.658  54.545 0.0000000000
65827  -50.480  -0.546  54.770 0.0000000000
129595  -50.874  -1.096  53.898 0.0000000000
65841  -50.804  -1.473  53.619 0.0000000000
123951  -50.761  -1.684  52.926 0.0000000000
67779  -51.923  0.139  51.920 0.0000000000
125373  -52.244  4.281  51.262 0.0000000000
69785  -52.815  3.696  51.172 0.0000000000
69794  -53.231  3.134  50.481 0.0000000000
71641  -53.292  4.643  50.254 0.0000000000
129413  -53.451  3.772  50.107 0.0000000000
57079  -39.685  -10.418  67.305 0.0000000000
58083  -39.495  -9.728  67.274 0.0000000000
58096  -39.012  -9.271  66.845 0.0000000000
59015  -38.932  -8.236  67.273 0.0000000000
59936  -38.873  -7.262  67.554 0.0000000000
59902  -38.204  -7.442  69.011 0.0000000000
60851  -38.399  -6.865  68.712 0.0000000000
60861  -38.192  -5.582  68.471 0.0000000000
60862  -38.680  -6.513  68.276 0.0000000000
112859  -38.651  -5.763  67.991 0.0000000000
61781  -38.535  -4.846  67.523 0.0000000000
63709  -38.600  -3.313  66.959 0.0000000000
65723  -37.989  -1.376  66.133 0.0000000000
65724  -38.827  -1.575  65.934 0.0000000000
64763  -38.266  -1.682  63.394 0.0000000000
61780  -34.365  -4.861  67.593 0.0000000000
63707  -34.713  -3.293  66.280 0.0000000000
63721  -35.135  -2.620  65.813 0.0000000000
126008  -38.048  -2.965  62.356 0.0000000000
48698  -12.349  -18.269  75.244 0.0000000000
49707  -12.932  -17.836  74.924 0.0000000000
51619  -13.815  -15.345  79.172 0.0000000000
54869  -16.254  -13.205  78.514 0.0000000000
51622  -17.344  -15.439  78.666 0.0000000000
49679  -18.644  -17.813  78.172 0.0000000000
45756  -19.548  -21.820  76.082 0.0000000000
46668  -21.515  -20.770  76.074 0.0000000000
45758  -22.089  -21.956  75.867 0.0000000000
49714  -22.999  -17.377  74.177 0.0000000000
49731  -22.943  -18.282  73.608 0.0000000000
49701  -24.545  -17.372  74.594 0.0000000000
132220  -24.241  -17.747  74.512 0.0000000000
48735  -23.450  -18.755  73.577 0.0000000000
47667  -23.790  -19.479  73.430 0.0000000000
46703  -24.444  -20.632  73.107 0.0000000000
46704  -25.313  -20.844  72.938 0.0000000000
132860  -28.363  -18.336  72.859 0.0000000000
48753  -28.602  -18.567  72.352 0.0000000000
48764  -28.888  -18.900  71.497 0.0000000000
54941  -28.390  -12.454  72.403 0.0000000000
55969  -29.655  -11.837  72.950 0.0000000000
52710  -30.767  -14.150  72.799 0.0000000000
54919  -31.659  -12.105  72.647 0.0000000000
54930  -32.446  -11.956  72.391 0.0000000000
53801  -31.836  -13.654  72.357 0.0000000000
51711  -32.171  -15.883  70.560 0.0000000000
52753  -33.023  -14.583  70.738 0.0000000000
122422  -32.876  -15.661  70.232 0.0000000000
54960  -35.083  -12.005  70.292 0.0000000000
121309  -35.545  -12.974  69.385 0.0000000000
53840  -35.990  -13.604  69.012 0.0000000000
119176  -36.551  -14.194  68.841 0.0000000000
115060  -39.685  -16.042  67.244 0.0000000000
113379  -39.834  -15.202  67.162 0.0000000000
112110  -11.916  -18.062  76.811 0.0000000000
64774  -40.849  -2.128  62.925 0.0000000000
64751  -41.601  -2.742  63.598 0.0000000000
63738  -42.119  -3.349  63.623 0.0000000000
63747  -42.569  -3.472  63.172 0.0000000000
62750  -42.577  -4.027  63.642 0.0000000000
124073  -42.042  -3.763  64.059 0.0000000000
60893  -42.108  -6.297  64.125 0.0000000000
60904  -41.844  -7.033  63.942 0.0000000000
60927  -44.737  -5.997  61.504 0.0000000000
122948  -44.358  -6.248  62.151 0.0000000000
59963  -43.631  -7.081  63.213 0.0000000000
59051  -43.769  -8.118  63.088 0.0000000000
128260  -43.132  -6.814  63.585 0.0000000000
59961  -42.396  -7.916  63.696 0.0000000000
59960  -41.429  -7.817  63.723 0.0000000000
59114  -45.756  -8.221  56.553 0.0000000000
120665  -46.899  -8.343  57.283 0.0000000000
126348  -47.639  -8.603  57.929 0.0000000000
65832  -47.141  -1.857  54.222 0.0000000000
64848  -46.688  -2.472  54.327 0.0000000000
63832  -46.405  -3.309  54.754 0.0000000000
62816  -47.294  -4.251  56.085 0.0000000000
63831  -45.686  -3.704  54.292 0.0000000000
112996  -46.026  -7.354  54.799 0.0000000000
60100  -46.548  -7.732  55.466 0.0000000000
60088  -48.059  -7.179  56.369 0.0000000000
59143  -47.744  -7.797  56.567 0.0000000000
59095  -48.643  -8.830  57.868 0.0000000000
58189  -49.199  -9.331  57.754 0.0000000000
57198  -49.152  -9.867  57.633 0.0000000000
118451  -48.617  -10.477  57.282 0.0000000000
57205  -47.943  -10.773  56.552 0.0000000000
43892  -21.219  -23.378  75.490 0.0000000000
45749  -20.101  -21.530  76.501 0.0000000000
46667  -18.273  -20.958  76.055 0.0000000000
47681  -23.888  -20.166  73.213 0.0000000000
50787  -39.619  -16.744  67.167 0.0000000000
53841  -36.847  -13.490  68.708 0.0000000000
53855  -39.983  -13.022  67.247 0.0000000000
54988  -39.202  -12.526  68.135 0.0000000000
55025  -39.878  -12.650  66.774 0.0000000000
55990  -29.589  -11.302  72.310 0.0000000000
57043  -34.893  -10.229  70.954 0.0000000000
57089  -39.466  -10.251  66.874 0.0000000000
57135  -44.432  -10.404  61.883 0.0000000000
57154  -45.737  -10.627  60.825 0.0000000000
57185  -47.895  -10.360  59.116 0.0000000000
57190  -48.382  -10.431  58.689 0.0000000000
58027  -33.626  -9.208  71.996 0.0000000000
58072  -39.448  -9.565  68.167 0.0000000000
58130  -43.088  -9.336  63.168 0.0000000000
58148  -44.233  -9.764  62.302 0.0000000000
58987  -39.274  -8.252  68.228 0.0000000000
59048  -41.061  -8.564  63.326 0.0000000000
59061  -40.124  -8.588  62.963 0.0000000000
59070  -45.032  -8.398  61.712 0.0000000000
59962  -43.140  -7.594  63.528 0.0000000000
59972  -39.545  -7.885  63.169 0.0000000000
59983  -45.523  -7.116  60.637 0.0000000000
59996  -45.998  -7.745  60.164 0.0000000000
60006  -46.018  -7.122  59.337 0.0000000000
60907  -43.928  -6.497  62.793 0.0000000000
61786  -38.325  -5.678  66.291 0.0000000000
61822  -43.931  -5.079  62.396 0.0000000000
61858  -44.026  -5.201  60.607 0.0000000000
61889  -50.068  -5.717  56.816 0.0000000000
62703  -34.762  -3.990  67.890 0.0000000000
62736  -41.517  -3.889  64.546 0.0000000000
63748  -43.040  -3.931  63.098 0.0000000000
63819  -49.913  -3.234  55.642 0.0000000000
64721  -36.681  -1.754  66.740 0.0000000000
64723  -38.127  -1.936  66.682 0.0000000000
64738  -40.101  -2.384  65.253 0.0000000000
64776  -42.330  -3.136  62.879 0.0000000000
64827  -48.661  -2.879  56.694 0.0000000000
64828  -48.985  -2.530  56.545 0.0000000000
65735  -38.494  -1.100  65.411 0.0000000000
65737  -40.248  -1.877  64.540 0.0000000000
65817  -49.182  -1.740  56.027 0.0000000000
65825  -49.620  -1.044  55.656 0.0000000000
65835  -50.842  -0.629  54.110 0.0000000000
66795  -49.558  -0.439  55.411 0.0000000000
66796  -50.024  -0.408  55.273 0.0000000000
66801  -48.399  -1.011  55.105 0.0000000000
66808  -48.372  -0.206  53.700 0.0000000000
67755  -50.336  0.123  54.775 0.0000000000
67764  -50.679  0.533  54.260 0.0000000000
69748  -51.478  2.309  53.002 0.0000000000
70690  -52.274  3.892  51.538 0.0000000000
70697  -52.656  4.357  50.995 0.0000000000
71646  -53.478  4.989  49.744 0.0000000000
112013  -46.382  -11.554  60.113 0.0000000000
114693  -53.620  2.822  48.334 0.0000000000
115089  -51.117  0.903  53.845 0.0000000000
119515  -39.910  -11.880  66.863 0.0000000000
120661  -42.121  -4.477  64.162 0.0000000000
123001  -39.633  -14.681  67.611 0.0000000000
123852  -43.329  -9.937  62.698 0.0000000000
124884  -39.485  -2.776  62.338 0.0000000000
125220  -38.827  -6.496  68.054 0.0000000000
128964  -34.882  -7.639  71.197 0.0000000000
131699  -50.067  -5.271  56.495 0.0000000000
