#!ascii label  , from subject sub-v1s4x0050690_ses-1 vox2ras=TkReg
1282
118523  -18.768  -13.245  -6.759 0.5555555820
55887  -19.543  -12.460  -7.871 0.6666666865
111001  -20.317  -11.758  -9.088 0.7777777910
55910  -21.072  -11.936  -9.219 0.7777777910
57955  -21.229  -10.176  -10.484 0.8888888955
125984  -23.739  -9.164  -9.616 0.8888888955
54800  -17.855  -12.965  -6.260 0.5555555820
55876  -18.277  -12.472  -6.891 0.5555555820
56921  -19.136  -11.861  -7.959 0.6666666865
56939  -18.827  -11.076  -8.322 0.8888888955
56957  -21.952  -10.909  -9.805 0.8888888955
59796  -22.832  -8.592  -10.566 1.0000000000
59788  -24.225  -8.683  -9.250 0.8888888955
60720  -23.815  -7.465  -9.804 1.0000000000
56919  -17.514  -11.024  -7.236 0.7777777910
57947  -18.917  -9.875  -9.316 1.0000000000
59786  -18.465  -8.247  -10.008 1.0000000000
130040  -19.903  -9.618  -10.420 1.0000000000
58864  -20.161  -8.182  -11.624 1.0000000000
126660  -18.942  -8.790  -10.165 1.0000000000
59800  -21.254  -8.225  -11.808 1.0000000000
60736  -19.605  -7.530  -11.686 1.0000000000
59804  -20.987  -7.567  -12.183 1.0000000000
60738  -21.543  -7.566  -11.931 1.0000000000
61626  -23.471  -6.232  -10.444 1.0000000000
61641  -21.203  -6.914  -12.277 1.0000000000
61634  -22.370  -6.449  -11.521 1.0000000000
126039  -23.952  -5.684  -10.055 1.0000000000
63533  -23.607  -4.729  -10.694 1.0000000000
60718  -17.246  -7.377  -9.251 0.8888888955
59793  -19.017  -8.252  -10.597 1.0000000000
60742  -19.929  -7.033  -12.234 1.0000000000
61625  -18.236  -6.683  -10.900 1.0000000000
61633  -19.335  -6.717  -12.036 1.0000000000
124596  -21.302  -5.578  -12.437 1.0000000000
63552  -21.943  -5.183  -11.969 1.0000000000
63541  -22.614  -4.710  -11.534 1.0000000000
64532  -23.930  -4.067  -10.632 1.0000000000
64533  -24.550  -3.915  -10.077 0.8888888955
65522  -24.295  -3.302  -10.571 1.0000000000
64534  -25.050  -3.094  -10.066 0.7777777910
65506  -26.662  -2.477  -9.497 0.7777777910
62557  -16.043  -5.556  -9.128 0.5555555820
63539  -16.513  -4.178  -10.649 0.7777777910
63532  -16.789  -4.935  -10.456 0.8888888955
61638  -19.110  -5.828  -12.447 1.0000000000
62580  -18.464  -4.944  -12.372 0.8888888955
62586  -19.276  -4.941  -12.944 1.0000000000
63551  -20.887  -4.755  -12.822 1.0000000000
64550  -22.095  -3.515  -12.100 1.0000000000
126136  -24.055  -2.805  -10.908 0.8888888955
65538  -22.981  -2.511  -11.693 1.0000000000
65540  -24.197  -2.181  -11.036 0.8888888955
66485  -26.382  -1.203  -10.059 0.7777777910
66504  -28.558  -1.707  -10.881 0.6666666865
66487  -28.126  -1.304  -10.344 0.6666666865
64514  -14.373  -3.504  -8.409 0.4444444478
64530  -15.421  -3.696  -9.646 0.7777777910
65498  -14.313  -2.639  -8.867 0.6666666865
65552  -16.924  -3.070  -11.906 0.7777777910
64547  -17.580  -3.701  -12.273 0.8888888955
63555  -19.340  -4.309  -13.312 0.8888888955
112851  -21.455  -4.084  -12.530 1.0000000000
64560  -20.297  -3.529  -13.500 1.0000000000
64561  -20.749  -3.134  -13.248 1.0000000000
65555  -22.272  -2.703  -12.148 1.0000000000
66519  -22.646  -1.890  -12.057 0.8888888955
66503  -24.425  -1.387  -11.092 0.7777777910
67426  -26.105  -0.524  -10.369 0.7777777910
116782  -28.774  -1.770  -11.743 0.5555555820
117817  -26.415  0.164  -10.498 0.7777777910
67445  -28.420  -0.378  -11.354 0.6666666865
130833  -13.992  -1.841  -8.761 0.6666666865
65537  -16.270  -2.749  -11.263 0.7777777910
118668  -15.080  -1.772  -10.315 0.7777777910
65553  -17.473  -3.041  -12.615 0.8888888955
64572  -19.307  -3.071  -13.794 0.8888888955
65565  -17.689  -2.634  -13.206 1.0000000000
65580  -19.680  -2.496  -13.990 1.0000000000
65567  -21.008  -2.380  -13.104 1.0000000000
65554  -21.788  -2.130  -12.548 0.8888888955
67455  -23.347  -0.209  -11.841 0.8888888955
68388  -24.918  0.340  -11.087 0.8888888955
67443  -25.507  -0.142  -10.668 0.7777777910
67454  -22.524  -0.285  -12.394 0.8888888955
128371  -24.127  0.019  -11.466 0.7777777910
68374  -25.796  0.705  -10.722 0.7777777910
67444  -28.124  0.291  -11.188 0.7777777910
68390  -28.501  0.085  -11.985 0.6666666865
66440  -13.309  -1.524  -8.348 0.6666666865
66457  -14.516  -1.653  -9.611 0.7777777910
66501  -15.970  -1.926  -11.513 0.8888888955
127570  -17.337  -1.948  -13.292 0.8888888955
66533  -18.636  -1.567  -14.378 1.0000000000
65579  -18.985  -2.322  -14.132 1.0000000000
121078  -20.935  -0.838  -13.431 1.0000000000
66528  -21.337  -1.482  -12.958 0.8888888955
69345  -25.173  1.179  -11.129 0.7777777910
116244  -25.422  1.989  -11.236 0.7777777910
69359  -28.181  1.386  -12.483 0.6666666865
68411  -28.441  0.359  -13.404 0.5555555820
67465  -28.439  -0.383  -13.803 0.5555555820
66456  -14.039  -1.021  -9.091 0.7777777910
67403  -13.556  -0.465  -8.873 0.6666666865
66477  -14.842  -1.062  -10.387 0.8888888955
66526  -17.418  -1.394  -13.770 1.0000000000
123447  -19.575  -0.901  -14.464 1.0000000000
113787  -21.799  0.209  -12.842 0.8888888955
68398  -21.801  1.056  -12.910 0.8888888955
68386  -23.601  0.552  -11.766 0.8888888955
71307  -27.028  3.017  -11.772 0.7777777910
70339  -27.273  2.308  -11.597 0.7777777910
69370  -28.309  1.098  -13.224 0.5555555820
70349  -24.233  2.919  -11.875 0.7777777910
115922  -27.676  2.874  -13.021 0.5555555820
69380  -28.134  1.383  -13.916 0.5555555820
71321  -27.310  3.373  -12.531 0.6666666865
122145  -11.252  1.595  -7.879 0.4444444478
68350  -13.348  -0.145  -8.810 0.5555555820
118967  -15.111  0.069  -11.318 0.7777777910
67461  -16.973  -0.672  -13.812 1.0000000000
67451  -15.569  -0.356  -12.020 0.8888888955
67481  -17.872  -0.193  -14.986 1.0000000000
67470  -19.188  -0.030  -14.938 0.8888888955
68409  -20.549  1.008  -14.148 0.8888888955
68410  -21.182  0.600  -13.405 0.8888888955
69355  -22.526  1.449  -12.581 0.8888888955
111502  -23.259  1.792  -12.240 0.8888888955
71306  -26.152  3.264  -11.553 0.6666666865
70360  -27.744  2.749  -13.819 0.5555555820
69365  -15.641  1.668  -12.969 0.6666666865
68369  -14.658  0.738  -10.789 0.6666666865
69376  -16.499  1.211  -14.267 0.7777777910
68428  -18.212  0.510  -15.509 0.8888888955
69388  -18.662  1.172  -16.009 0.7777777910
69378  -19.669  1.303  -15.934 0.7777777910
69379  -20.041  1.410  -14.918 0.8888888955
114956  -20.252  1.907  -15.815 0.7777777910
69368  -21.169  1.491  -13.594 0.8888888955
70359  -21.970  2.846  -13.403 0.7777777910
70347  -22.615  2.335  -12.669 0.7777777910
71318  -24.447  3.575  -11.977 0.6666666865
72204  -22.706  4.122  -13.256 0.6666666865
124475  -24.719  4.663  -12.330 0.6666666865
72196  -24.951  4.102  -11.943 0.6666666865
71319  -25.772  4.007  -11.841 0.5555555820
73067  -25.254  6.049  -13.134 0.6666666865
73049  -24.948  5.316  -12.601 0.5555555820
72221  -27.173  4.642  -13.591 0.5555555820
71332  -27.473  3.664  -13.487 0.4444444478
73069  -26.788  5.330  -13.648 0.5555555820
71299  -15.497  2.582  -12.608 0.3333333433
71315  -15.708  2.817  -13.336 0.3333333433
70356  -15.819  2.281  -13.480 0.5555555820
121936  -16.276  2.118  -14.258 0.6666666865
70366  -16.642  2.737  -15.133 0.5555555820
70374  -17.416  1.961  -15.844 0.7777777910
123823  -18.367  1.704  -16.414 0.7777777910
71340  -20.058  3.276  -17.034 0.6666666865
70369  -20.740  2.727  -15.279 0.6666666865
111890  -20.315  2.530  -16.608 0.6666666865
71330  -21.332  3.281  -14.437 0.6666666865
72218  -22.251  4.615  -14.117 0.6666666865
131541  -22.828  5.231  -13.890 0.6666666865
73066  -24.342  5.817  -13.029 0.6666666865
73085  -26.572  5.963  -14.021 0.5555555820
73092  -26.902  6.082  -14.829 0.5555555820
73900  -25.800  6.445  -13.761 0.6666666865
71328  -16.053  3.503  -14.183 0.4444444478
123795  -15.533  4.017  -12.511 0.4444444478
71329  -16.356  3.514  -14.734 0.4444444478
72228  -16.539  4.414  -14.906 0.5555555820
71337  -16.804  3.756  -15.562 0.5555555820
71338  -17.645  3.880  -16.208 0.6666666865
71348  -18.446  3.044  -16.727 0.6666666865
128943  -19.251  3.371  -16.856 0.6666666865
71342  -21.044  3.540  -15.594 0.6666666865
72217  -21.387  4.203  -15.075 0.6666666865
73920  -24.537  7.043  -14.076 0.6666666865
74785  -26.023  7.413  -14.947 0.5555555820
73922  -26.262  6.721  -14.461 0.6666666865
117791  -16.950  5.267  -14.950 0.4444444478
72230  -18.888  4.487  -16.062 0.6666666865
115529  -19.567  3.961  -16.709 0.6666666865
72231  -20.021  4.511  -16.638 0.6666666865
118143  -20.857  4.108  -16.425 0.6666666865
114832  -20.332  4.010  -16.895 0.6666666865
112412  -23.787  6.626  -14.070 0.6666666865
56955  -20.650  -10.635  -10.035 0.8888888955
57940  -19.303  -10.682  -9.057 1.0000000000
58849  -19.287  -9.414  -9.974 1.0000000000
58856  -20.335  -9.291  -10.898 1.0000000000
60731  -22.847  -7.685  -10.821 1.0000000000
65497  -13.608  -2.501  -8.284 0.5555555820
127311  -23.024  -1.037  -11.954 0.8888888955
67392  -13.092  -0.769  -8.410 0.5555555820
69302  -12.801  1.728  -8.601 0.5555555820
67418  -15.086  -0.629  -10.915 0.7777777910
112106  -18.218  -0.862  -14.655 1.0000000000
69356  -23.783  1.324  -11.773 0.8888888955
124727  -11.271  2.803  -7.433 0.2222222239
72209  -27.007  4.212  -12.816 0.6666666865
70377  -19.229  1.604  -16.625 0.7777777910
72234  -27.449  4.278  -14.301 0.4444444478
66423  -12.809  -1.425  -8.190 0.4444444478
73934  -26.646  6.873  -15.250 0.5555555820
73935  -27.141  6.178  -15.701 0.5555555820
119107  -15.662  4.672  -13.184 0.2222222239
73947  -26.957  6.987  -16.094 0.5555555820
53665  -18.960  -14.065  -6.288 0.5555555820
54801  -19.592  -13.745  -6.907 0.5555555820
54818  -19.544  -13.052  -7.453 0.6666666865
55888  -20.110  -12.755  -8.063 0.5555555820
55907  -21.359  -12.543  -8.756 0.5555555820
57950  -23.228  -10.531  -9.506 0.7777777910
58851  -24.126  -9.443  -9.160 0.8888888955
53657  -18.465  -14.402  -5.715 0.5555555820
56950  -22.275  -11.372  -9.482 0.6666666865
57949  -22.547  -10.747  -9.755 0.8888888955
59773  -24.712  -8.962  -8.667 0.7777777910
121170  -24.778  -8.140  -8.760 0.7777777910
60705  -24.812  -7.299  -8.859 0.8888888955
54787  -17.143  -13.421  -5.528 0.4444444478
55875  -17.476  -12.233  -6.479 0.5555555820
61613  -24.033  -6.489  -9.765 1.0000000000
57908  -16.754  -10.620  -6.678 0.2222222239
57938  -17.734  -9.828  -8.097 0.6666666865
62559  -25.446  -4.969  -9.121 0.8888888955
63509  -26.108  -4.576  -8.873 0.6666666865
64522  -25.995  -3.287  -9.454 0.7777777910
64523  -27.154  -3.154  -9.120 0.6666666865
59772  -17.131  -8.194  -8.534 0.5555555820
65508  -28.392  -2.790  -9.849 0.6666666865
60717  -16.499  -6.715  -8.854 0.4444444478
65526  -28.370  -2.134  -10.229 0.5555555820
65568  -28.463  -2.580  -13.491 0.5555555820
63501  -14.511  -4.099  -8.206 0.2222222239
66520  -28.745  -1.858  -12.685 0.5555555820
65479  -13.858  -3.173  -8.152 0.4444444478
66537  -28.164  -1.188  -14.409 0.5555555820
66402  -8.826  -1.297  -6.300 0.3333333433
125214  -27.578  -0.982  -15.113 0.5555555820
68336  -11.485  0.453  -8.137 0.4444444478
68432  -27.479  -0.033  -15.216 0.4444444478
109958  -10.223  2.371  -7.198 0.3333333433
118092  -27.733  1.547  -14.687 0.5555555820
132496  -27.457  2.949  -15.139 0.4444444478
71298  -15.281  3.453  -11.349 0.3333333433
70330  -15.343  2.196  -12.167 0.3333333433
69338  -15.119  1.682  -11.665 0.4444444478
113974  -27.518  3.979  -14.969 0.4444444478
73093  -27.306  5.380  -15.313 0.4444444478
73955  -27.199  6.146  -16.635 0.2222222239
122656  -17.808  4.972  -15.341 0.6666666865
73081  -20.617  4.973  -16.575 0.6666666865
72233  -21.078  4.850  -16.505 0.6666666865
73082  -21.548  5.350  -16.101 0.6666666865
73933  -23.145  7.023  -15.492 0.6666666865
74799  -23.780  7.689  -15.527 0.6666666865
74783  -24.627  7.543  -14.745 0.6666666865
74784  -25.353  7.664  -14.930 0.6666666865
74802  -26.385  7.582  -15.673 0.4444444478
112786  -27.122  7.014  -17.037 0.3333333433
73079  -18.727  4.842  -15.305 0.5555555820
54817  -18.974  -12.533  -7.400 0.6666666865
55905  -19.861  -12.148  -8.458 0.7777777910
55906  -20.575  -12.376  -8.672 0.7777777910
56940  -19.595  -11.464  -8.758 0.7777777910
56947  -20.069  -11.071  -9.470 0.8888888955
56948  -20.824  -11.301  -9.613 0.8888888955
58857  -21.033  -9.505  -10.980 1.0000000000
57954  -20.531  -9.964  -10.492 1.0000000000
56956  -21.373  -10.798  -9.986 0.8888888955
57948  -19.814  -10.230  -9.863 1.0000000000
58860  -23.176  -9.314  -10.080 1.0000000000
57957  -22.816  -10.081  -10.001 0.8888888955
54788  -18.166  -13.744  -5.957 0.5555555820
118497  -17.101  -12.662  -5.961 0.5555555820
56908  -17.895  -11.774  -7.035 0.6666666865
120056  -18.541  -12.021  -7.389 0.6666666865
56920  -18.334  -11.415  -7.645 0.5555555820
57956  -22.003  -10.295  -10.243 0.8888888955
58859  -22.433  -9.509  -10.510 1.0000000000
59787  -23.633  -8.440  -9.862 1.0000000000
58866  -21.462  -8.909  -11.340 1.0000000000
59801  -21.838  -8.266  -11.567 1.0000000000
60721  -24.265  -7.851  -9.301 1.0000000000
119724  -23.398  -7.092  -10.346 1.0000000000
57923  -18.018  -10.629  -7.872 0.6666666865
56907  -17.090  -11.440  -6.582 0.6666666865
58838  -18.185  -9.467  -8.763 0.8888888955
58848  -18.496  -8.986  -9.501 0.8888888955
57939  -18.507  -10.273  -8.576 1.0000000000
58847  -17.844  -8.787  -8.882 0.8888888955
59785  -17.858  -8.220  -9.350 1.0000000000
126756  -20.065  -8.724  -11.206 1.0000000000
59794  -19.586  -8.236  -11.144 1.0000000000
58865  -20.729  -8.747  -11.457 1.0000000000
60739  -22.244  -7.439  -11.490 1.0000000000
60730  -19.114  -7.731  -11.064 1.0000000000
60735  -18.876  -7.116  -11.367 1.0000000000
60740  -22.904  -6.817  -10.975 1.0000000000
62558  -24.637  -5.524  -9.493 0.8888888955
61635  -22.974  -5.931  -11.006 1.0000000000
61642  -21.870  -6.019  -12.006 1.0000000000
113055  -20.951  -6.218  -12.532 1.0000000000
62575  -22.476  -5.573  -11.520 1.0000000000
62567  -23.545  -5.412  -10.557 1.0000000000
63519  -24.903  -4.524  -9.595 0.8888888955
64521  -25.190  -3.784  -9.650 0.7777777910
60728  -17.752  -6.994  -10.116 1.0000000000
60729  -18.485  -7.537  -10.569 1.0000000000
60704  -16.493  -7.379  -8.383 0.5555555820
61632  -18.654  -6.340  -11.685 1.0000000000
61624  -17.539  -6.181  -10.431 0.8888888955
62574  -18.424  -5.639  -11.867 1.0000000000
62581  -19.940  -5.489  -12.854 1.0000000000
131280  -21.509  -4.810  -12.376 1.0000000000
115493  -22.038  -4.346  -11.983 1.0000000000
64540  -22.794  -3.769  -11.577 1.0000000000
65523  -24.593  -2.605  -10.582 0.8888888955
126327  -26.280  -1.926  -9.789 0.7777777910
65507  -27.682  -2.400  -9.520 0.6666666865
62544  -15.541  -5.611  -8.332 0.5555555820
61611  -16.423  -6.114  -9.239 0.5555555820
62556  -15.642  -5.037  -8.977 0.6666666865
63531  -16.160  -4.817  -9.767 0.6666666865
61612  -17.035  -6.491  -9.636 0.7777777910
61623  -16.746  -5.638  -9.932 0.7777777910
63530  -15.894  -4.098  -9.980 0.7777777910
64531  -15.942  -3.375  -10.495 0.6666666865
120717  -16.556  -3.456  -11.156 0.8888888955
63540  -17.237  -4.661  -11.131 0.8888888955
63549  -17.726  -4.435  -11.917 0.8888888955
61631  -18.011  -5.908  -11.217 0.8888888955
62573  -17.853  -5.180  -11.574 1.0000000000
63550  -18.134  -4.188  -12.558 0.8888888955
63556  -20.320  -4.302  -13.277 1.0000000000
64549  -21.414  -3.117  -12.655 1.0000000000
66502  -23.552  -1.778  -11.530 0.8888888955
67425  -25.341  -1.068  -10.562 0.8888888955
66484  -25.610  -1.830  -10.196 0.7777777910
66463  -27.038  -1.744  -9.650 0.7777777910
67427  -26.943  -0.420  -10.236 0.6666666865
65556  -28.813  -2.815  -12.469 0.5555555820
67429  -28.502  -1.045  -11.110 0.6666666865
121040  -14.883  -3.239  -9.271 0.5555555820
65478  -13.414  -3.152  -8.029 0.3333333433
64515  -14.965  -3.976  -8.799 0.4444444478
63518  -15.523  -4.404  -9.255 0.6666666865
65499  -14.974  -2.454  -9.810 0.6666666865
120932  -15.354  -3.041  -10.014 0.7777777910
64548  -18.128  -3.509  -13.045 0.8888888955
63557  -20.832  -3.866  -13.094 1.0000000000
65566  -20.319  -2.657  -13.673 1.0000000000
67441  -23.881  -0.832  -11.526 0.7777777910
113440  -28.684  -0.906  -12.177 0.5555555820
126444  -16.494  -2.328  -11.924 0.8888888955
66527  -20.631  -1.725  -13.559 1.0000000000
69346  -26.110  1.544  -10.879 0.7777777910
68389  -27.662  1.024  -11.136 0.7777777910
68401  -28.220  0.887  -11.836 0.6666666865
66439  -12.870  -1.878  -8.057 0.4444444478
66517  -16.334  -1.629  -12.262 0.8888888955
128314  -19.827  -1.397  -14.255 1.0000000000
66535  -20.216  -1.034  -14.058 0.8888888955
69344  -24.571  1.642  -11.475 0.7777777910
69358  -27.808  1.706  -11.804 0.6666666865
68419  -27.972  0.675  -14.504 0.5555555820
67472  -28.074  -0.251  -14.517 0.5555555820
67417  -14.616  -0.165  -10.431 0.6666666865
66516  -15.757  -1.135  -11.835 0.8888888955
67471  -19.858  -0.284  -14.441 1.0000000000
68399  -22.478  0.620  -12.510 0.8888888955
70336  -24.801  2.450  -11.518 0.8888888955
69369  -27.991  2.004  -13.138 0.6666666865
116275  -27.896  2.042  -14.068 0.5555555820
68349  -12.102  1.026  -8.449 0.5555555820
68361  -13.806  0.259  -9.394 0.5555555820
67452  -16.410  -0.512  -13.217 1.0000000000
68397  -15.863  0.101  -12.801 0.7777777910
119091  -15.415  0.375  -12.042 0.7777777910
68429  -18.791  0.603  -15.560 0.8888888955
68415  -17.254  -0.109  -14.522 0.7777777910
69390  -27.312  1.793  -15.480 0.5555555820
69337  -14.754  1.295  -11.062 0.5555555820
126041  -15.114  1.046  -11.610 0.5555555820
69353  -15.351  1.712  -12.200 0.4444444478
121660  -15.510  0.982  -12.486 0.6666666865
69314  -13.312  1.346  -9.072 0.7777777910
69315  -14.074  0.839  -9.879 0.6666666865
69377  -17.185  1.171  -15.164 0.7777777910
127400  -16.998  0.560  -14.621 0.7777777910
69367  -20.589  1.864  -14.542 0.7777777910
71316  -22.792  3.344  -12.800 0.6666666865
72205  -23.403  4.144  -12.695 0.6666666865
72219  -23.107  4.773  -13.260 0.6666666865
73048  -24.023  4.960  -12.694 0.6666666865
72207  -25.427  4.684  -12.268 0.5555555820
72208  -26.256  4.542  -12.401 0.5555555820
73086  -27.202  5.223  -14.358 0.4444444478
71349  -27.331  3.408  -15.498 0.4444444478
70346  -15.523  2.298  -12.716 0.4444444478
70357  -16.101  2.881  -14.127 0.5555555820
70375  -18.051  2.358  -16.528 0.6666666865
73897  -23.828  6.138  -13.541 0.6666666865
73899  -25.114  6.705  -13.691 0.6666666865
123731  -17.956  4.462  -16.022 0.6666666865
73064  -21.633  4.895  -15.227 0.6666666865
73083  -22.242  5.319  -14.801 0.6666666865
73919  -23.079  6.536  -14.987 0.6666666865
67379  -11.206  -0.608  -7.935 0.4444444478
70305  -13.410  2.428  -8.942 0.3333333433
121629  -11.367  -2.977  -7.198 0.4444444478
66422  -10.571  -2.066  -7.257 0.4444444478
73103  -27.017  5.216  -17.152 0.3333333433
57951  -23.902  -10.179  -9.060 0.6666666865
128453  -17.630  -14.377  -5.234 0.4444444478
61614  -24.757  -6.463  -9.092 0.7777777910
54772  -16.622  -14.122  -4.813 0.3333333433
63521  -26.578  -3.929  -8.921 0.6666666865
58837  -17.451  -9.064  -8.304 0.7777777910
115962  -15.193  -4.822  -8.420 0.3333333433
113059  -15.250  -5.852  -7.715 0.1111111119
64497  -13.902  -3.661  -7.956 0.1111111119
66401  -8.497  -0.620  -6.923 0.3333333433
109999  -10.300  0.715  -7.772 0.3333333433
70306  -14.146  3.157  -9.399 0.3333333433
74800  -24.851  8.025  -15.381 0.6666666865
74818  -26.097  8.139  -16.032 0.4444444478
53689  -23.085  -14.459  -7.258 0.4444444478
53672  -25.355  -15.799  -6.719 0.2222222239
121211  -20.256  -14.769  -6.521 0.4444444478
53667  -20.301  -14.197  -6.934 0.4444444478
53687  -21.007  -14.033  -7.375 0.4444444478
54821  -22.631  -13.788  -7.737 0.4444444478
112075  -24.130  -13.393  -7.220 0.4444444478
120809  -26.221  -13.329  -6.472 0.2222222239
54837  -21.601  -13.158  -8.283 0.4444444478
112132  -22.263  -12.666  -8.662 0.4444444478
55889  -23.626  -12.854  -7.900 0.4444444478
55879  -27.315  -12.818  -6.632 0.1111111119
55880  -28.088  -13.112  -6.997 0.1111111119
56943  -23.899  -12.088  -8.177 0.4444444478
56923  -25.429  -11.511  -7.190 0.3333333433
55908  -23.148  -12.414  -8.539 0.4444444478
56922  -24.597  -11.734  -7.663 0.3333333433
56924  -26.273  -11.119  -7.001 0.3333333433
56911  -27.768  -11.894  -6.796 0.2222222239
121489  -24.163  -11.328  -8.365 0.4444444478
57924  -24.855  -10.946  -7.816 0.3333333433
56941  -22.668  -11.909  -9.049 0.5555555820
56942  -23.417  -11.652  -8.770 0.4444444478
125126  -27.236  -10.151  -7.204 0.2222222239
57928  -28.719  -10.799  -7.441 0.1111111119
119822  -29.626  -10.828  -8.706 0.1111111119
58826  -25.883  -9.774  -7.643 0.3333333433
58827  -26.782  -9.566  -7.453 0.3333333433
59774  -25.408  -8.484  -8.342 0.4444444478
126860  -26.040  -8.036  -8.191 0.5555555820
60707  -26.250  -7.324  -8.339 0.6666666865
60709  -28.546  -7.568  -8.156 0.4444444478
61605  -25.576  -6.729  -8.631 0.6666666865
60732  -29.548  -7.480  -10.476 0.3333333433
117125  -26.215  -6.001  -8.587 0.6666666865
62550  -28.455  -5.957  -8.620 0.5555555820
61615  -25.410  -5.800  -8.875 0.6666666865
63511  -27.875  -5.036  -8.619 0.5555555820
121632  -28.732  -5.240  -9.000 0.5555555820
62560  -29.185  -5.810  -9.312 0.4444444478
63535  -29.365  -5.200  -10.745 0.3333333433
63510  -26.891  -4.673  -8.666 0.5555555820
117367  -29.165  -3.857  -10.965 0.4444444478
112658  -28.825  -2.968  -10.607 0.5555555820
63534  -29.117  -4.326  -10.099 0.4444444478
123893  -29.014  -3.402  -11.715 0.4444444478
113648  -21.064  5.276  -16.926 0.5555555820
73918  -22.159  5.912  -15.687 0.5555555820
73932  -22.388  6.481  -16.099 0.5555555820
74817  -23.283  7.893  -16.520 0.5555555820
53668  -21.922  -15.015  -6.888 0.4444444478
120587  -24.532  -15.347  -6.642 0.2222222239
54819  -20.334  -13.485  -7.576 0.4444444478
56910  -26.870  -11.786  -6.707 0.2222222239
57910  -28.107  -11.143  -7.029 0.2222222239
56925  -28.632  -11.924  -7.348 0.1111111119
59765  -27.318  -8.803  -7.611 0.4444444478
58841  -29.162  -9.117  -7.994 0.3333333433
59764  -26.211  -8.820  -7.852 0.4444444478
123242  -27.171  -6.941  -8.249 0.6666666865
61606  -28.225  -6.801  -8.293 0.4444444478
63543  -29.267  -4.654  -11.190 0.3333333433
122849  -28.966  -4.597  -12.236 0.4444444478
74781  -20.941  6.100  -17.063 0.5555555820
54836  -20.832  -12.983  -8.231 0.4444444478
130123  -29.676  -8.839  -9.561 0.2222222239
75655  -24.302  8.312  -16.095 0.5555555820
51555  -20.514  -16.621  -5.557 0.4444444478
51574  -21.912  -16.443  -6.204 0.4444444478
52595  -22.393  -15.882  -6.585 0.4444444478
52597  -24.118  -16.497  -6.730 0.2222222239
110127  -24.722  -16.825  -6.973 0.2222222239
52598  -25.747  -17.478  -7.074 0.1111111119
52573  -19.233  -15.508  -5.501 0.4444444478
52574  -20.100  -15.833  -5.747 0.4444444478
54804  -26.393  -14.914  -6.634 0.1111111119
54805  -27.329  -14.587  -6.949 0.1111111119
118094  -26.092  -16.931  -7.421 0.1111111119
54806  -27.980  -14.764  -7.522 0.1111111119
55909  -29.417  -12.674  -8.844 0.1111111119
115058  -29.687  -11.254  -9.600 0.1111111119
57952  -29.725  -10.392  -9.520 0.1111111119
118032  -29.628  -9.032  -10.367 0.2222222239
61627  -29.484  -6.691  -10.927 0.1111111119
128313  -29.632  -8.185  -9.683 0.2222222239
62569  -29.363  -6.027  -11.358 0.2222222239
62577  -28.687  -5.758  -12.713 0.2222222239
64562  -28.278  -3.838  -13.503 0.4444444478
64575  -27.727  -3.471  -14.298 0.3333333433
64574  -26.801  -4.235  -15.029 0.3333333433
66529  -28.564  -1.330  -13.439 0.4444444478
65581  -27.081  -3.120  -14.982 0.3333333433
69326  -14.383  1.065  -10.370 0.4444444478
115487  -27.407  0.914  -15.336 0.4444444478
71355  -27.106  3.870  -16.168 0.3333333433
75656  -25.337  8.380  -16.021 0.5555555820
119703  -19.355  5.179  -14.916 0.5555555820
73915  -20.037  5.899  -15.030 0.5555555820
118550  -21.773  6.479  -16.935 0.5555555820
74816  -22.387  7.444  -17.217 0.5555555820
75666  -23.010  8.032  -17.207 0.5555555820
53658  -19.086  -14.763  -5.880 0.4444444478
53666  -19.659  -14.442  -6.441 0.4444444478
56951  -22.994  -11.231  -9.346 0.5555555820
57941  -23.668  -10.918  -8.945 0.5555555820
58840  -25.285  -9.300  -8.124 0.6666666865
60706  -25.459  -7.664  -8.503 0.6666666865
63522  -27.722  -3.979  -8.834 0.5555555820
110255  -28.503  -3.859  -9.396 0.5555555820
64535  -28.746  -3.458  -9.972 0.4444444478
66536  -27.520  -1.969  -15.023 0.4444444478
72244  -27.328  4.644  -15.832 0.3333333433
57943  -25.064  -10.125  -7.951 0.3333333433
57942  -24.373  -10.548  -8.471 0.3333333433
53688  -22.304  -14.423  -7.310 0.4444444478
53690  -23.888  -14.497  -6.905 0.4444444478
53670  -23.530  -15.385  -6.837 0.3333333433
54822  -23.380  -13.662  -7.581 0.4444444478
53669  -22.760  -15.188  -6.917 0.4444444478
53671  -24.107  -15.738  -6.770 0.3333333433
52592  -19.811  -15.103  -6.067 0.4444444478
52593  -20.585  -15.354  -6.297 0.4444444478
114328  -21.004  -14.758  -6.824 0.4444444478
52594  -21.457  -15.583  -6.487 0.4444444478
114128  -21.099  -13.512  -7.867 0.4444444478
126875  -21.596  -14.403  -7.240 0.4444444478
54820  -21.792  -13.814  -7.739 0.4444444478
54838  -22.263  -13.320  -8.180 0.4444444478
54839  -22.911  -13.162  -8.221 0.4444444478
54802  -24.700  -14.175  -6.609 0.4444444478
119294  -24.883  -13.007  -6.826 0.4444444478
55890  -24.358  -12.517  -7.490 0.4444444478
54803  -25.540  -13.824  -6.466 0.2222222239
112741  -24.972  -12.190  -7.113 0.4444444478
122936  -26.834  -13.512  -6.514 0.1111111119
55878  -26.518  -12.536  -6.591 0.2222222239
57926  -26.486  -10.342  -7.260 0.3333333433
57925  -25.639  -10.610  -7.453 0.3333333433
58828  -27.726  -9.586  -7.355 0.2222222239
57929  -29.306  -10.396  -8.006 0.1111111119
56926  -29.273  -11.305  -7.982 0.1111111119
57944  -29.610  -10.022  -8.673 0.1111111119
116032  -29.546  -11.720  -8.746 0.1111111119
59775  -26.951  -7.920  -7.988 0.4444444478
60708  -27.783  -7.452  -8.034 0.4444444478
60723  -29.444  -7.223  -9.300 0.3333333433
59776  -27.989  -8.122  -7.775 0.4444444478
59778  -29.524  -8.717  -8.786 0.3333333433
61616  -29.143  -6.474  -8.941 0.4444444478
62548  -26.932  -5.462  -8.523 0.5555555820
131654  -27.676  -6.312  -8.367 0.5555555820
63523  -28.598  -4.533  -9.167 0.5555555820
62561  -29.441  -5.865  -10.296 0.3333333433
64551  -28.749  -3.837  -12.630 0.4444444478
73917  -21.215  5.689  -16.798 0.5555555820
73916  -20.792  5.589  -16.640 0.5555555820
74798  -22.597  7.099  -16.463 0.5555555820
55892  -29.211  -12.294  -8.029 0.1111111119
74780  -20.327  6.561  -15.759 0.5555555820
58852  -29.707  -9.477  -9.399 0.2222222239
51556  -21.363  -16.862  -5.755 0.4444444478
51573  -20.991  -16.091  -6.000 0.4444444478
52596  -23.297  -16.200  -6.666 0.4444444478
51576  -24.004  -16.914  -6.539 0.2222222239
55891  -28.673  -13.218  -7.624 0.1111111119
45666  -20.775  -22.022  -0.185 0.1111111119
47543  -18.841  -20.833  -2.550 0.3333333433
46582  -20.268  -21.309  -2.143 0.2222222239
46573  -20.475  -21.515  -1.450 0.2222222239
46561  -20.950  -21.360  -0.572 0.1111111119
128366  -20.987  -20.842  -1.030 0.1111111119
49588  -17.679  -18.819  -2.659 0.3333333433
48599  -17.942  -19.638  -2.509 0.3333333433
47542  -18.264  -20.312  -2.415 0.3333333433
47555  -20.195  -20.257  -3.300 0.3333333433
48601  -20.858  -20.034  -3.051 0.3333333433
47535  -20.759  -20.810  -1.801 0.2222222239
47536  -21.348  -20.244  -1.275 0.1111111119
47546  -21.107  -20.187  -2.210 0.2222222239
122500  -17.444  -16.774  -3.312 0.2222222239
50557  -17.343  -17.411  -2.795 0.2222222239
110344  -17.626  -18.065  -2.984 0.2222222239
112513  -18.097  -18.611  -3.144 0.3333333433
49589  -18.372  -19.257  -3.046 0.3333333433
47554  -19.541  -20.110  -3.307 0.3333333433
48602  -21.430  -19.508  -2.611 0.1111111119
51534  -17.430  -16.177  -3.782 0.2222222239
50568  -17.760  -17.410  -3.421 0.3333333433
51535  -17.873  -16.116  -4.365 0.3333333433
50582  -18.441  -17.449  -4.009 0.3333333433
51536  -18.588  -16.693  -4.498 0.3333333433
49597  -18.240  -18.076  -3.511 0.3333333433
50583  -19.439  -17.496  -4.575 0.3333333433
116903  -20.742  -18.661  -4.543 0.3333333433
50584  -20.400  -17.957  -4.817 0.3333333433
49618  -21.391  -18.581  -4.521 0.3333333433
49617  -21.148  -18.173  -4.992 0.3333333433
49619  -21.987  -18.308  -4.323 0.3333333433
49601  -22.156  -18.313  -3.473 0.1111111119
52555  -17.309  -15.497  -4.216 0.2222222239
51553  -18.575  -15.882  -4.906 0.3333333433
51554  -19.508  -16.458  -5.143 0.3333333433
50598  -20.862  -17.676  -5.214 0.3333333433
49635  -21.808  -18.113  -4.983 0.3333333433
50585  -22.388  -17.865  -4.779 0.1111111119
52554  -16.743  -15.072  -3.925 0.3333333433
53641  -17.025  -14.772  -4.512 0.3333333433
51557  -22.198  -17.150  -5.825 0.3333333433
51575  -22.970  -16.829  -6.301 0.3333333433
115200  -28.308  -5.370  -13.337 0.2222222239
125538  -27.451  -4.481  -14.368 0.2222222239
63558  -27.697  -5.068  -13.949 0.2222222239
67482  -26.720  -0.974  -15.876 0.3333333433
132186  -26.954  -1.715  -15.528 0.2222222239
47544  -19.596  -20.751  -2.909 0.3333333433
47545  -20.412  -20.742  -2.630 0.3333333433
48591  -21.665  -19.549  -1.680 0.1111111119
49599  -19.505  -18.999  -3.868 0.3333333433
48628  -20.334  -19.184  -4.096 0.3333333433
48613  -20.613  -19.671  -3.662 0.3333333433
49600  -21.586  -18.833  -3.895 0.3333333433
50581  -17.923  -16.817  -3.955 0.3333333433
52556  -17.945  -15.519  -4.693 0.3333333433
114362  -22.889  -17.273  -5.764 0.3333333433
45647  -20.546  -22.761  0.071 0.1111111119
45648  -21.221  -22.239  0.554 0.1111111119
47534  -18.204  -20.850  -2.060 0.3333333433
46571  -18.823  -21.488  -2.179 0.3333333433
45682  -19.440  -21.811  -2.105 0.3333333433
46572  -19.970  -21.853  -1.962 0.3333333433
46545  -21.434  -21.455  0.226 0.1111111119
128771  -21.681  -20.524  -0.255 0.1111111119
48579  -21.969  -19.666  -0.791 0.1111111119
51519  -17.317  -16.230  -3.277 0.2222222239
48603  -21.970  -18.863  -2.100 0.1111111119
50569  -22.542  -17.822  -3.943 0.1111111119
52538  -17.139  -15.668  -3.572 0.2222222239
50586  -22.948  -17.477  -4.527 0.1111111119
50601  -22.754  -17.528  -5.196 0.1111111119
122301  -23.693  -17.227  -6.136 0.1111111119
53640  -16.440  -14.541  -4.256 0.1111111119
66550  -25.699  -1.751  -16.600 0.2222222239
122927  -25.479  -2.641  -16.724 0.2222222239
119549  -16.139  -13.412  -4.932 0.2222222239
55864  -16.450  -12.694  -5.465 0.3333333433
52571  -17.642  -15.045  -4.771 0.4444444478
52572  -18.375  -15.068  -5.243 0.4444444478
117298  -26.211  -3.608  -15.649 0.2222222239
46560  -20.476  -21.942  -0.871 0.1111111119
48600  -18.788  -20.091  -2.934 0.3333333433
46580  -19.355  -21.278  -2.466 0.3333333433
46581  -19.885  -21.362  -2.439 0.3333333433
49587  -17.176  -18.197  -2.363 0.2222222239
48590  -17.162  -19.188  -1.957 0.2222222239
47533  -17.629  -20.129  -1.985 0.3333333433
48612  -19.904  -19.685  -3.673 0.3333333433
48614  -21.219  -19.412  -3.472 0.2222222239
49598  -18.717  -18.794  -3.514 0.3333333433
49590  -21.768  -18.864  -3.019 0.1111111119
49615  -19.029  -18.223  -3.991 0.3333333433
49616  -19.906  -18.456  -4.361 0.3333333433
48629  -21.041  -19.200  -4.158 0.3333333433
50597  -20.264  -17.248  -5.155 0.3333333433
50599  -21.543  -17.591  -5.391 0.3333333433
50600  -22.271  -17.603  -5.351 0.3333333433
44764  -20.310  -23.567  0.292 0.1111111119
45675  -20.060  -22.257  -1.393 0.2222222239
46570  -18.159  -21.521  -1.658 0.3333333433
116297  -17.543  -20.773  -1.504 0.2222222239
45673  -18.856  -22.260  -1.730 0.3333333433
45674  -19.523  -22.370  -1.633 0.3333333433
63560  -27.216  -5.030  -14.710 0.1111111119
62589  -27.420  -5.388  -14.897 0.1111111119
117914  -29.976  -4.849  -16.738 0.1111111119
62596  -28.239  -5.204  -15.911 0.1111111119
64594  -27.189  -4.219  -16.561 0.1111111119
121175  -29.034  -3.822  -17.450 0.1111111119
65590  -26.526  -2.659  -15.540 0.1111111119
64598  -28.037  -3.699  -17.328 0.1111111119
64583  -25.882  -3.548  -16.217 0.1111111119
64597  -26.730  -3.587  -17.020 0.1111111119
69389  -26.817  1.178  -16.086 0.2222222239
65589  -25.711  -3.114  -16.108 0.1111111119
64592  -25.793  -3.305  -16.780 0.1111111119
70384  -26.307  2.333  -16.942 0.1111111119
70385  -26.827  2.998  -16.370 0.2222222239
71354  -26.681  3.661  -16.945 0.1111111119
69394  -26.193  1.449  -16.810 0.1111111119
70390  -25.835  2.607  -17.608 0.1111111119
121139  -19.614  4.832  -16.014 0.4444444478
72243  -27.034  4.486  -16.682 0.1111111119
73913  -17.885  6.327  -14.479 0.4444444478
72256  -26.221  4.408  -18.374 0.1111111119
75669  -26.029  8.599  -16.767 0.3333333433
74829  -26.846  8.017  -17.446 0.2222222239
73963  -27.130  6.929  -18.018 0.1111111119
111940  -26.658  5.100  -18.050 0.1111111119
73117  -26.391  5.657  -19.394 0.1111111119
74797  -21.124  6.387  -17.271 0.4444444478
74814  -20.811  7.162  -17.172 0.4444444478
75665  -20.974  7.393  -17.668 0.4444444478
74815  -21.543  6.906  -17.335 0.4444444478
75680  -22.278  7.962  -17.778 0.4444444478
75681  -23.309  8.514  -17.596 0.4444444478
122923  -23.694  8.944  -18.017 0.4444444478
75697  -24.571  9.227  -18.224 0.2222222239
75698  -25.702  9.191  -18.329 0.2222222239
75699  -26.543  8.668  -18.604 0.2222222239
75710  -26.616  8.677  -19.541 0.2222222239
74849  -27.002  7.867  -19.268 0.2222222239
77461  -21.944  9.919  -23.885 0.1111111119
77452  -24.261  10.366  -22.388 0.1111111119
74865  -26.701  7.586  -21.396 0.1111111119
114399  -18.472  7.455  -14.487 0.4444444478
75651  -19.874  7.689  -15.207 0.4444444478
74779  -19.373  7.095  -14.771 0.4444444478
75654  -20.271  7.988  -16.438 0.4444444478
130059  -20.782  8.031  -17.713 0.4444444478
75694  -21.579  8.245  -18.472 0.4444444478
75696  -22.720  8.650  -18.349 0.4444444478
76544  -23.562  9.219  -18.615 0.4444444478
76542  -20.683  9.061  -19.160 0.3333333433
76557  -23.491  9.507  -19.342 0.3333333433
76572  -23.541  9.841  -20.162 0.1111111119
76558  -24.398  9.707  -19.617 0.1111111119
77427  -24.592  10.011  -20.553 0.1111111119
76546  -25.985  9.241  -19.182 0.2222222239
76573  -25.634  9.620  -20.621 0.1111111119
77441  -25.224  9.988  -21.348 0.1111111119
76528  -20.025  8.853  -16.576 0.3333333433
75678  -20.860  8.267  -18.174 0.3333333433
75695  -21.961  8.520  -18.975 0.4444444478
76554  -20.725  9.438  -20.004 0.2222222239
76555  -21.568  9.217  -19.897 0.2222222239
76571  -22.643  9.817  -20.669 0.2222222239
77426  -23.515  10.222  -21.015 0.1111111119
76570  -21.125  9.448  -20.634 0.1111111119
76583  -21.752  9.694  -21.106 0.1111111119
77439  -23.436  10.352  -21.941 0.1111111119
76582  -20.772  9.474  -21.501 0.1111111119
77438  -21.553  9.704  -22.036 0.1111111119
77425  -22.555  10.090  -21.534 0.1111111119
132881  -20.013  8.096  -15.728 0.3333333433
76524  -19.759  8.993  -15.708 0.3333333433
125429  -19.470  9.502  -15.022 0.3333333433
76527  -19.683  9.701  -16.039 0.3333333433
76533  -20.321  8.929  -17.449 0.3333333433
75693  -20.565  8.980  -18.358 0.3333333433
77424  -19.857  9.789  -20.558 0.1111111119
76581  -19.843  9.545  -21.966 0.1111111119
77449  -21.235  9.679  -23.151 0.1111111119
77459  -19.441  9.707  -24.523 0.1111111119
77335  -19.034  10.857  -13.700 0.1111111119
77348  -19.457  10.699  -14.426 0.1111111119
117740  -19.601  10.472  -15.766 0.2222222239
78200  -19.660  11.267  -16.005 0.2222222239
77387  -19.642  10.336  -16.429 0.3333333433
111136  -19.549  11.044  -16.977 0.2222222239
123563  -20.221  9.692  -17.924 0.3333333433
78235  -19.409  11.408  -18.755 0.1111111119
78245  -18.780  11.260  -19.906 0.1111111119
124601  -19.130  10.250  -20.970 0.1111111119
76569  -20.295  9.593  -21.012 0.1111111119
76580  -19.151  9.921  -22.010 0.1111111119
76588  -19.099  9.806  -22.740 0.1111111119
76590  -20.488  9.480  -22.475 0.1111111119
114910  -21.476  9.774  -24.984 0.1111111119
112193  -22.464  9.888  -24.799 0.1111111119
77349  -19.945  10.989  -13.697 0.1111111119
116229  -20.631  11.521  -13.796 0.1111111119
78181  -20.057  11.269  -14.453 0.1111111119
128866  -20.596  11.807  -14.437 0.1111111119
79149  -20.228  12.672  -16.281 0.1111111119
78219  -19.653  11.658  -17.725 0.2222222239
79156  -19.747  12.474  -17.697 0.1111111119
80029  -19.380  13.466  -18.674 0.1111111119
79193  -18.577  12.238  -19.427 0.1111111119
79173  -18.431  13.362  -19.451 0.1111111119
78261  -18.245  10.995  -21.099 0.1111111119
78182  -21.211  12.097  -13.990 0.1111111119
79139  -21.609  12.714  -14.297 0.1111111119
80013  -20.932  13.164  -15.924 0.1111111119
80020  -21.159  13.880  -16.292 0.1111111119
80019  -20.443  13.362  -16.589 0.1111111119
80802  -20.564  14.076  -16.886 0.1111111119
80806  -19.821  14.033  -18.427 0.1111111119
80015  -22.163  13.981  -14.906 0.1111111119
80008  -22.459  13.811  -14.292 0.1111111119
80799  -22.079  14.389  -15.320 0.1111111119
62593  -28.185  -5.753  -15.285 0.1111111119
63563  -26.974  -4.726  -15.286 0.1111111119
63567  -27.707  -4.732  -16.192 0.1111111119
63572  -29.519  -4.292  -17.153 0.1111111119
129174  -25.269  -2.218  -17.097 0.1111111119
65607  -25.271  -2.668  -17.357 0.1111111119
67491  -25.153  -1.475  -17.303 0.1111111119
71362  -26.152  3.384  -17.637 0.1111111119
73914  -18.791  6.292  -14.613 0.4444444478
75668  -24.853  8.759  -16.715 0.4444444478
75683  -25.335  9.023  -17.487 0.3333333433
126051  -26.685  8.377  -18.016 0.2222222239
74839  -27.008  7.823  -18.388 0.1111111119
73971  -26.873  6.725  -19.110 0.1111111119
72265  -26.194  4.892  -19.011 0.1111111119
74828  -21.686  7.422  -17.613 0.4444444478
126551  -26.604  8.686  -20.232 0.2222222239
77440  -24.338  10.289  -21.506 0.1111111119
76585  -26.310  9.087  -22.008 0.1111111119
77450  -22.481  10.145  -22.665 0.1111111119
79145  -21.287  12.964  -15.127 0.1111111119
80024  -20.145  13.538  -17.152 0.1111111119
80798  -21.722  14.514  -15.955 0.1111111119
63570  -31.028  -4.337  -16.331 0.1111111119
63569  -30.598  -4.662  -16.622 0.1111111119
68431  -26.821  0.200  -15.977 0.2222222239
70378  -26.817  2.073  -16.232 0.2222222239
71369  -25.895  3.744  -18.291 0.1111111119
123544  -18.233  5.555  -14.773 0.4444444478
75679  -21.378  7.768  -17.997 0.4444444478
75664  -20.555  8.018  -17.184 0.4444444478
76543  -22.677  9.079  -19.061 0.4444444478
76556  -22.540  9.369  -19.861 0.2222222239
79118  -21.904  12.179  -12.777 0.1111111119
79140  -22.223  13.134  -13.917 0.1111111119
80014  -21.625  13.743  -15.471 0.1111111119
63564  -30.812  -5.068  -16.166 0.1111111119
110357  -27.824  -5.752  -13.970 0.1111111119
62590  -27.973  -5.994  -14.616 0.1111111119
62598  -30.471  -5.317  -16.238 0.1111111119
64576  -31.352  -3.316  -15.000 0.1111111119
114337  -31.249  -4.191  -15.439 0.1111111119
65612  -30.964  -2.644  -17.179 0.1111111119
65610  -29.034  -3.112  -17.940 0.1111111119
65617  -29.518  -2.271  -18.287 0.1111111119
65609  -27.648  -2.986  -17.790 0.1111111119
66556  -24.662  -2.160  -17.871 0.1111111119
65614  -25.159  -2.454  -18.031 0.1111111119
124656  -26.077  -2.295  -18.111 0.1111111119
67498  -24.428  -1.271  -17.956 0.1111111119
68449  -24.000  -0.075  -18.970 0.1111111119
121438  -24.097  1.766  -19.152 0.1111111119
70396  -24.634  2.572  -19.028 0.1111111119
71368  -25.206  3.345  -18.988 0.1111111119
72264  -25.492  4.377  -19.572 0.1111111119
73997  -25.932  5.988  -22.268 0.1111111119
74868  -26.594  7.584  -22.239 0.1111111119
75648  -18.453  8.634  -14.285 0.2222222239
75650  -18.910  8.469  -14.584 0.3333333433
76521  -19.088  9.539  -14.540 0.2222222239
115400  -25.488  9.738  -23.079 0.1111111119
76513  -18.732  10.704  -13.763 0.1111111119
77374  -19.525  10.077  -15.244 0.2222222239
77473  -23.560  9.942  -24.902 0.1111111119
78155  -18.552  11.480  -11.412 0.1111111119
78174  -20.657  11.246  -13.050 0.1111111119
78158  -21.355  11.752  -12.476 0.1111111119
77470  -20.599  10.098  -25.785 0.1111111119
78151  -21.456  12.114  -11.445 0.1111111119
79119  -22.505  12.786  -12.609 0.1111111119
80044  -17.757  13.806  -20.431 0.1111111119
79206  -17.470  12.895  -21.630 0.1111111119
77446  -18.300  11.005  -23.992 0.1111111119
78307  -18.629  11.241  -24.326 0.1111111119
80002  -22.754  13.624  -13.573 0.1111111119
80808  -20.596  14.828  -17.311 0.1111111119
81612  -19.461  15.377  -19.265 0.1111111119
81600  -22.198  15.062  -15.513 0.1111111119
68438  -26.109  0.461  -16.700 0.1111111119
73109  -26.762  5.864  -18.542 0.1111111119
75682  -24.270  8.907  -17.439 0.4444444478
64584  -26.383  -4.137  -15.752 0.1111111119
114157  -26.375  3.003  -17.106 0.2222222239
74796  -20.538  7.053  -16.390 0.4444444478
64593  -26.202  -4.003  -16.279 0.1111111119
64599  -29.838  -3.658  -17.639 0.1111111119
68446  -25.292  0.686  -17.503 0.1111111119
69401  -25.611  1.763  -17.501 0.1111111119
72255  -25.686  4.082  -18.972 0.1111111119
73116  -25.671  4.996  -19.986 0.1111111119
124488  -24.229  9.480  -18.924 0.2222222239
76545  -25.080  9.432  -19.000 0.2222222239
76559  -25.345  9.543  -19.822 0.1111111119
115100  -26.951  8.041  -20.084 0.2222222239
112506  -26.798  7.131  -19.958 0.1111111119
77462  -23.065  10.199  -23.680 0.1111111119
76591  -25.625  9.751  -22.191 0.1111111119
77451  -23.507  10.362  -22.790 0.1111111119
77463  -24.205  10.250  -23.492 0.1111111119
77453  -24.987  10.170  -22.786 0.1111111119
73990  -26.445  6.811  -21.822 0.1111111119
121059  -26.539  6.922  -21.118 0.1111111119
75716  -26.736  8.319  -20.871 0.2222222239
75708  -21.325  8.754  -19.162 0.3333333433
113808  -26.445  8.892  -21.320 0.2222222239
131475  -21.927  9.464  -20.424 0.2222222239
110785  -19.553  8.737  -15.062 0.3333333433
110292  -19.289  10.097  -14.667 0.1111111119
77388  -19.845  9.558  -16.716 0.3333333433
77404  -20.214  9.733  -18.710 0.2222222239
77413  -20.070  9.762  -19.666 0.1111111119
77412  -19.300  10.427  -20.231 0.1111111119
76589  -19.672  9.555  -22.881 0.1111111119
77448  -19.999  9.449  -23.560 0.1111111119
76595  -19.016  9.726  -23.787 0.1111111119
77460  -20.585  9.639  -24.529 0.1111111119
77458  -18.564  10.520  -24.252 0.1111111119
114997  -19.005  11.081  -13.277 0.1111111119
77336  -19.856  10.913  -13.021 0.1111111119
78190  -19.672  10.963  -15.187 0.1111111119
77399  -19.858  10.037  -17.203 0.3333333433
77398  -19.892  10.616  -18.033 0.2222222239
77403  -19.641  10.522  -19.207 0.1111111119
128811  -19.460  12.105  -18.426 0.1111111119
77423  -18.681  10.360  -21.666 0.1111111119
77447  -18.527  10.390  -23.405 0.1111111119
77422  -17.943  11.159  -22.236 0.1111111119
79138  -20.935  12.307  -14.754 0.1111111119
78191  -20.180  11.763  -15.184 0.1111111119
78201  -19.988  12.063  -15.945 0.1111111119
79144  -20.602  12.484  -15.556 0.1111111119
79157  -19.848  12.930  -16.986 0.1111111119
79148  -19.646  12.062  -16.730 0.1111111119
80023  -19.939  13.276  -17.933 0.1111111119
79174  -19.329  12.776  -18.600 0.1111111119
80812  -19.014  14.086  -19.141 0.1111111119
78244  -17.826  12.016  -20.732 0.1111111119
79192  -17.721  12.997  -20.482 0.1111111119
78260  -17.506  11.978  -21.948 0.1111111119
78175  -21.351  11.775  -13.248 0.1111111119
79133  -21.958  12.480  -13.451 0.1111111119
80007  -21.910  13.373  -14.657 0.1111111119
80803  -21.185  14.693  -16.635 0.1111111119
80807  -20.247  14.091  -17.656 0.1111111119
81606  -20.197  14.882  -18.348 0.1111111119
126524  -29.384  -6.097  -15.532 0.1111111119
64595  -30.740  -4.062  -16.959 0.1111111119
68437  -25.264  -0.414  -17.329 0.1111111119
73123  -26.284  6.032  -20.156 0.1111111119
75721  -26.622  8.341  -21.725 0.1111111119
75724  -26.455  8.438  -22.614 0.1111111119
80811  -18.058  14.342  -20.049 0.1111111119
81602  -21.775  15.460  -16.310 0.1111111119
64596  -31.031  -3.448  -16.763 0.1111111119
78159  -22.019  12.394  -11.977 0.1111111119
68445  -24.595  -0.324  -17.950 0.1111111119
120960  -24.396  1.274  -18.623 0.1111111119
73989  -26.121  6.113  -21.211 0.1111111119
74870  -26.446  7.611  -23.265 0.1111111119
76596  -25.518  9.363  -24.027 0.1111111119
76518  -18.921  10.428  -14.079 0.1111111119
76512  -17.440  10.118  -12.307 0.1111111119
77474  -24.533  9.857  -24.587 0.1111111119
80059  -17.537  13.805  -21.297 0.1111111119
81607  -20.615  15.670  -17.895 0.1111111119
81611  -18.720  14.906  -19.687 0.1111111119
45664  -18.485  -22.867  -1.179 0.2222222239
59771  -16.377  -7.884  -7.793 0.2222222239
60703  -15.963  -6.805  -8.055 0.2222222239
73078  -17.428  5.723  -14.624 0.3333333433
73077  -16.927  5.758  -14.549 0.2222222239
74773  -16.727  7.798  -13.362 0.1111111119
70318  -14.622  3.072  -10.280 0.2222222239
110021  -12.871  2.983  -8.256 0.1111111119
58825  -17.096  -9.377  -7.713 0.2222222239
123869  -15.473  3.904  -11.726 0.1111111119
72191  -15.633  4.467  -11.747 0.1111111119
73063  -15.734  6.083  -12.656 0.1111111119
74763  -16.318  7.347  -11.811 0.1111111119
74770  -16.418  8.047  -12.139 0.1111111119
75647  -16.751  8.759  -12.661 0.1111111119
72203  -15.616  4.763  -12.271 0.1111111119
55865  -16.617  -11.908  -5.934 0.2222222239
57921  -16.478  -9.930  -6.698 0.2222222239
57922  -17.116  -10.099  -7.355 0.3333333433
72227  -16.666  5.274  -14.629 0.1111111119
65460  -11.928  -3.526  -7.359 0.3333333433
73912  -17.282  6.076  -14.436 0.3333333433
74772  -16.375  7.049  -13.449 0.1111111119
58824  -16.459  -9.226  -7.092 0.2222222239
74769  -16.105  7.286  -12.519 0.1111111119
73046  -15.784  5.033  -11.800 0.1111111119
73896  -15.917  6.679  -12.984 0.1111111119
73047  -15.847  5.837  -11.886 0.1111111119
73883  -15.926  6.672  -12.085 0.1111111119
73062  -15.672  5.369  -12.469 0.1111111119
115558  -29.630  -9.991  -10.448 0.1111111119
44788  -19.130  -23.028  -1.305 0.1111111119
44780  -19.353  -23.610  -0.801 0.1111111119
45646  -17.330  -22.700  -0.279 0.1111111119
46559  -17.413  -21.505  -1.000 0.1111111119
47532  -17.001  -20.004  -1.380 0.1111111119
118760  -16.147  -12.101  -5.414 0.1111111119
60702  -15.665  -6.960  -7.334 0.1111111119
131685  -16.052  -7.278  -7.717 0.1111111119
59763  -16.745  -8.676  -7.777 0.1111111119
110035  -7.670  0.357  -6.932 0.2222222239
109738  -8.449  1.767  -7.125 0.2222222239
109736  -7.908  2.781  -5.631 0.2222222239
124728  -9.495  3.095  -6.290 0.2222222239
45662  -16.975  -21.971  -0.314 0.1111111119
61603  -15.481  -6.354  -7.614 0.1111111119
61604  -15.977  -6.171  -8.508 0.1111111119
45645  -16.705  -22.544  0.309 0.1111111119
44778  -17.946  -23.232  -0.618 0.1111111119
44779  -18.746  -23.732  -0.785 0.1111111119
44789  -19.680  -22.903  -1.139 0.1111111119
46544  -16.277  -21.600  0.278 0.1111111119
112306  -16.540  -20.979  -0.346 0.1111111119
47522  -16.479  -20.066  -0.686 0.1111111119
49575  -16.807  -18.429  -1.636 0.1111111119
50556  -17.143  -17.525  -2.162 0.1111111119
51504  -17.296  -16.737  -2.826 0.1111111119
55858  -15.926  -12.823  -5.007 0.1111111119
56897  -16.131  -11.273  -5.613 0.1111111119
60695  -15.931  -7.534  -7.214 0.1111111119
109737  -6.927  1.502  -4.419 0.2222222239
110001  -10.676  3.582  -5.279 0.2222222239
109978  -11.058  3.659  -6.600 0.1111111119
45665  -20.242  -22.567  -0.730 0.1111111119
43799  -18.016  -24.066  -0.229 0.1111111119
109743  -12.242  3.507  -7.467 0.1111111119
56906  -16.336  -10.978  -6.065 0.1111111119
66389  -8.016  -0.973  -5.516 0.2222222239
51518  -17.180  -15.958  -2.971 0.1111111119
52537  -16.880  -15.276  -3.304 0.1111111119
47523  -16.971  -20.659  -0.977 0.1111111119
45672  -18.127  -22.148  -1.321 0.1111111119
124363  -16.200  -8.273  -7.155 0.1111111119
45663  -17.705  -22.426  -0.816 0.1111111119
44763  -17.347  -23.295  0.028 0.1111111119
56881  -15.729  -11.591  -4.088 0.1111111119
109966  -8.763  2.244  -3.833 0.1111111119
48589  -16.603  -19.265  -1.132 0.1111111119
55843  -15.877  -13.403  -4.367 0.1111111119
56854  -16.196  -11.716  -3.147 0.1111111119
109741  -11.947  3.763  -5.775 0.1111111119
123558  -12.403  4.156  -6.675 0.1111111119
71286  -15.024  3.655  -10.509 0.1111111119
66390  -9.269  -1.669  -5.554 0.1111111119
71260  -14.470  3.794  -8.754 0.1111111119
48611  -19.133  -19.519  -3.431 0.3333333433
55877  -25.670  -12.513  -6.721 0.2222222239
55911  -21.869  -12.011  -9.196 0.5555555820
56909  -26.140  -11.830  -6.806 0.2222222239
56949  -21.560  -11.393  -9.571 0.6666666865
57909  -27.246  -10.932  -6.929 0.2222222239
57927  -27.985  -10.383  -7.169 0.2222222239
58829  -28.710  -9.822  -7.569 0.1111111119
58830  -29.320  -9.730  -8.099 0.1111111119
58839  -24.562  -9.754  -8.556 0.6666666865
58842  -29.509  -9.399  -8.555 0.1111111119
58850  -23.495  -9.814  -9.600 0.8888888955
58855  -19.582  -8.926  -10.641 1.0000000000
58858  -21.703  -9.577  -10.807 1.0000000000
58867  -22.098  -8.903  -11.072 1.0000000000
59766  -28.342  -8.936  -7.627 0.3333333433
59777  -28.887  -8.331  -8.044 0.3333333433
59795  -22.344  -8.219  -11.149 1.0000000000
59799  -20.718  -8.076  -11.885 1.0000000000
60710  -29.303  -7.819  -8.675 0.4444444478
60719  -17.969  -7.674  -9.857 1.0000000000
60722  -28.986  -7.031  -8.564 0.3333333433
60737  -20.336  -7.559  -12.062 1.0000000000
61617  -29.461  -6.557  -9.832 0.4444444478
61639  -19.875  -6.343  -12.495 1.0000000000
61640  -20.562  -6.821  -12.406 1.0000000000
61652  -28.875  -6.421  -15.004 0.1111111119
62547  -26.132  -5.229  -8.711 0.5555555820
62549  -27.574  -5.771  -8.467 0.5555555820
62566  -17.376  -5.411  -10.786 0.8888888955
62568  -24.148  -4.828  -10.141 1.0000000000
62576  -23.110  -5.107  -11.085 1.0000000000
62582  -20.638  -5.511  -12.722 1.0000000000
62583  -21.393  -6.341  -12.288 1.0000000000
62592  -27.344  -5.111  -15.466 0.1111111119
62594  -30.402  -5.979  -15.859 0.1111111119
62597  -29.398  -5.487  -16.063 0.1111111119
63520  -25.680  -4.179  -9.267 0.6666666865
63524  -29.174  -5.111  -9.703 0.5555555820
63542  -23.309  -4.291  -11.124 1.0000000000
63544  -29.198  -5.397  -11.795 0.3333333433
63554  -18.725  -4.302  -13.043 0.8888888955
63561  -27.632  -5.588  -14.431 0.1111111119
63565  -31.106  -5.095  -15.802 0.1111111119
63566  -26.761  -4.542  -15.834 0.1111111119
63568  -28.910  -4.806  -16.523 0.1111111119
63571  -28.422  -4.272  -16.895 0.1111111119
63573  -30.295  -4.197  -17.180 0.1111111119
64524  -28.092  -3.214  -9.323 0.6666666865
64539  -17.118  -3.901  -11.486 0.8888888955
64541  -23.624  -3.408  -11.114 1.0000000000
64558  -18.941  -3.679  -13.500 1.0000000000
64559  -19.728  -3.843  -13.550 1.0000000000
64571  -18.476  -2.784  -13.671 1.0000000000
64573  -19.885  -3.161  -13.767 1.0000000000
64585  -31.249  -3.440  -15.886 0.1111111119
64600  -30.534  -3.379  -17.438 0.1111111119
65477  -13.158  -2.376  -8.049 0.4444444478
65505  -25.761  -2.485  -9.840 0.7777777910
65518  -15.577  -2.381  -10.661 0.7777777910
65524  -25.169  -2.392  -10.291 0.8888888955
65525  -27.747  -1.686  -9.845 0.7777777910
65536  -15.396  -1.367  -11.027 0.8888888955
65539  -23.628  -2.623  -11.322 1.0000000000
65541  -28.838  -2.435  -11.239 0.5555555820
65577  -17.865  -2.079  -13.748 0.8888888955
65578  -18.391  -2.060  -14.056 1.0000000000
65582  -28.074  -2.264  -14.321 0.4444444478
65598  -25.166  -2.581  -17.481 0.1111111119
65599  -25.548  -2.990  -16.790 0.1111111119
65600  -31.252  -2.574  -16.256 0.1111111119
65608  -26.159  -2.856  -17.583 0.1111111119
65613  -24.890  -2.394  -17.753 0.1111111119
66403  -9.774  -2.221  -6.212 0.3333333433
66421  -9.365  -1.320  -7.083 0.3333333433
66476  -14.420  -0.806  -9.849 0.7777777910
66483  -24.857  -1.898  -10.600 0.7777777910
66486  -27.376  -1.092  -10.010 0.6666666865
66518  -16.992  -2.286  -12.621 0.8888888955
66525  -16.750  -1.336  -13.097 1.0000000000
66532  -17.985  -1.504  -14.245 1.0000000000
66534  -19.396  -1.663  -14.322 1.0000000000
66542  -26.070  -2.194  -16.018 0.2222222239
66555  -24.499  -1.427  -18.252 0.1111111119
66559  -24.608  -2.008  -18.088 0.1111111119
67377  -8.887  0.031  -7.436 0.3333333433
67378  -10.119  -0.684  -7.553 0.4444444478
67404  -14.127  -0.203  -9.579 0.6666666865
67428  -27.897  -0.459  -10.560 0.6666666865
67437  -15.379  -0.683  -11.437 0.8888888955
67442  -24.687  -0.523  -11.080 0.7777777910
67453  -21.654  -0.623  -12.854 1.0000000000
67456  -28.589  -0.240  -12.907 0.6666666865
67462  -17.608  -0.810  -14.386 1.0000000000
67463  -20.516  -0.008  -13.894 1.0000000000
67464  -21.237  -0.136  -13.285 0.8888888955
67469  -18.475  -0.136  -15.084 1.0000000000
67492  -25.999  -0.617  -16.608 0.2222222239
68362  -14.245  0.534  -10.039 0.7777777910
68375  -26.764  0.961  -10.687 0.7777777910
68376  -27.352  0.303  -10.616 0.7777777910
68387  -24.353  0.834  -11.456 0.7777777910
68400  -23.021  0.330  -12.151 0.8888888955
68402  -28.424  0.618  -12.622 0.6666666865
68408  -15.953  0.952  -13.337 0.6666666865
68416  -17.595  0.483  -15.158 0.7777777910
68417  -19.271  0.725  -15.517 0.8888888955
68418  -19.807  0.626  -14.768 0.8888888955
68420  -28.340  0.250  -14.027 0.5555555820
68430  -19.145  1.085  -16.044 0.7777777910
68444  -24.389  0.388  -18.437 0.1111111119
69347  -27.083  1.729  -11.079 0.7777777910
69354  -21.854  1.939  -13.099 0.8888888955
69357  -23.986  2.123  -11.816 0.8888888955
69366  -16.012  1.656  -13.649 0.6666666865
69381  -28.304  0.765  -13.816 0.5555555820
69387  -16.753  1.835  -14.972 0.7777777910
69400  -24.943  1.258  -18.040 0.1111111119
69406  -23.872  0.905  -19.207 0.1111111119
69407  -25.015  2.047  -18.307 0.1111111119
70292  -13.654  3.581  -8.486 0.1111111119
70329  -14.921  2.861  -11.065 0.3333333433
70337  -25.578  2.692  -11.382 0.8888888955
70338  -26.410  2.396  -11.276 0.7777777910
70348  -23.443  2.637  -12.287 0.8888888955
70350  -27.620  2.479  -12.286 0.7777777910
70358  -21.184  2.410  -13.945 0.7777777910
70367  -19.518  2.480  -17.004 0.7777777910
70368  -19.882  1.891  -16.614 0.6666666865
70370  -27.598  2.441  -14.786 0.5555555820
70376  -18.760  2.187  -16.827 0.7777777910
70379  -27.244  2.609  -15.614 0.4444444478
71305  -25.127  3.320  -11.613 0.6666666865
71317  -23.753  3.440  -12.309 0.6666666865
71320  -26.652  3.786  -12.083 0.6666666865
71331  -22.058  3.735  -13.793 0.6666666865
71339  -18.622  3.922  -16.463 0.6666666865
71341  -20.642  3.365  -16.494 0.6666666865
71343  -27.570  3.363  -14.556 0.4444444478
71347  -17.403  2.976  -16.129 0.5555555820
71361  -25.468  2.968  -18.283 0.1111111119
72206  -24.216  4.140  -12.294 0.6666666865
72220  -26.591  4.998  -13.038 0.5555555820
72229  -17.160  4.582  -15.631 0.6666666865
72232  -20.573  4.549  -16.827 0.6666666865
72240  -27.453  4.636  -15.023 0.4444444478
72249  -26.533  4.276  -17.594 0.1111111119
72263  -24.896  4.201  -20.199 0.1111111119
73050  -25.804  5.289  -12.706 0.5555555820
73065  -23.526  5.508  -13.362 0.6666666865
73068  -26.155  5.727  -13.324 0.5555555820
73080  -20.078  5.235  -15.971 0.5555555820
73084  -23.069  5.919  -14.247 0.6666666865
73099  -27.271  5.351  -16.231 0.4444444478
73898  -24.487  6.458  -13.520 0.6666666865
73921  -25.405  7.162  -14.303 0.6666666865
73931  -21.510  6.146  -16.841 0.5555555820
73980  -26.519  6.708  -20.599 0.1111111119
74782  -23.812  7.173  -14.708 0.6666666865
74801  -25.727  7.913  -15.463 0.6666666865
74819  -26.672  7.799  -16.469 0.4444444478
74859  -26.770  7.478  -20.661 0.1111111119
75667  -23.819  8.496  -16.868 0.4444444478
75684  -26.262  8.770  -17.729 0.3333333433
75709  -21.950  8.884  -19.417 0.4444444478
76560  -26.146  9.229  -19.997 0.2222222239
76568  -19.527  9.829  -21.354 0.1111111119
76574  -26.330  9.098  -20.719 0.2222222239
76584  -25.998  9.478  -21.357 0.2222222239
76592  -26.063  9.227  -22.916 0.1111111119
77436  -18.199  11.064  -23.092 0.1111111119
77437  -18.520  10.412  -22.513 0.1111111119
77457  -18.688  10.927  -24.799 0.1111111119
77464  -25.035  9.989  -23.685 0.1111111119
77472  -22.757  9.754  -25.879 0.1111111119
79134  -22.510  13.053  -13.280 0.1111111119
109739  -9.413  3.177  -4.899 0.2222222239
109740  -12.100  2.231  -8.001 0.2222222239
109742  -13.004  4.175  -7.334 0.1111111119
109956  -6.980  0.082  -5.726 0.2222222239
110148  -6.956  1.580  -6.357 0.2222222239
111596  -7.616  -0.227  -4.344 0.2222222239
112391  -22.187  -1.240  -12.480 0.8888888955
112551  -18.903  -0.887  -14.683 1.0000000000
114098  -27.091  6.028  -17.592 0.1111111119
114493  -23.173  -3.077  -11.515 0.8888888955
116532  -23.119  1.001  -12.185 0.8888888955
118416  -20.051  -1.871  -14.062 1.0000000000
118693  -16.538  0.205  -13.800 0.7777777910
119096  -22.653  -3.098  -11.772 1.0000000000
120010  -16.077  -0.817  -12.555 0.8888888955
120476  -29.399  -8.086  -11.413 0.1111111119
120777  -20.416  -6.058  -12.605 1.0000000000
120783  -24.933  10.218  -22.012 0.1111111119
121233  -19.540  14.617  -18.926 0.1111111119
122854  -21.747  -6.818  -11.961 1.0000000000
123120  -19.853  -4.670  -13.249 1.0000000000
123625  -26.975  -6.177  -8.408 0.6666666865
124745  -7.925  -0.569  -6.337 0.2222222239
124916  -20.322  -4.966  -13.032 1.0000000000
125124  -20.987  8.458  -18.749 0.3333333433
125528  -24.335  -7.097  -9.347 0.8888888955
126466  -27.379  4.111  -15.510 0.4444444478
127308  -26.414  -6.639  -8.446 0.6666666865
128707  -23.331  -7.867  -10.309 1.0000000000
129281  -20.912  -17.223  -5.454 0.3333333433
130025  -25.023  9.703  -24.412 0.1111111119
130149  -27.944  1.906  -12.413 0.6666666865
130466  -28.444  -4.558  -13.155 0.4444444478
130759  -28.739  -6.549  -8.587 0.4444444478
131563  -17.902  1.133  -15.791 0.7777777910
131719  -18.454  10.995  -24.404 0.1111111119
