#!ascii label  , from subject sub-v1s4x0050690_ses-1 vox2ras=TkReg
692
14384  -36.960  -59.098  -2.840 0.5000000000
13023  -35.999  -60.043  -2.660 0.8000000119
13685  -34.416  -59.391  -2.094 0.8000000119
13020  -35.062  -59.835  -2.303 0.8000000119
13686  -35.660  -59.545  -2.566 0.8000000119
112068  -38.287  -59.818  -3.365 0.5000000000
13689  -36.546  -59.839  -2.842 0.5000000000
13680  -33.056  -58.998  -1.400 0.6999999881
13684  -33.681  -59.002  -1.893 0.6999999881
14378  -34.820  -59.122  -2.416 0.8000000119
14379  -35.506  -58.447  -2.568 0.6999999881
13690  -37.441  -59.429  -3.076 0.5000000000
127411  -36.943  -58.559  -2.808 0.6000000238
13675  -32.480  -59.160  -0.754 0.6999999881
13687  -36.334  -58.948  -2.703 0.6000000238
14380  -36.503  -58.101  -2.718 0.6000000238
13676  -33.208  -59.396  -0.873 0.6999999881
125642  -34.177  -58.881  -2.237 0.6999999881
15116  -35.942  -57.417  -2.595 0.6000000238
122426  -34.506  -58.341  -2.395 0.8000000119
15115  -34.974  -57.528  -2.456 0.8000000119
119110  -35.383  -56.639  -2.456 0.6999999881
113214  -38.493  -58.082  -3.384 0.4000000060
14381  -37.374  -57.975  -2.972 0.6000000238
14368  -31.683  -58.727  -0.354 0.6999999881
15852  -36.355  -56.527  -2.659 0.6000000238
15104  -32.274  -57.943  -0.494 0.6999999881
14373  -32.748  -58.477  -1.206 0.6999999881
14374  -33.213  -58.380  -1.729 0.6999999881
15113  -33.418  -57.582  -1.974 0.6999999881
15114  -34.094  -57.549  -2.289 0.6000000238
17533  -34.490  -54.547  -1.834 0.5000000000
15846  -33.294  -56.848  -1.678 0.6000000238
15850  -33.758  -56.768  -2.071 0.6000000238
16678  -34.102  -56.125  -2.140 0.6000000238
16675  -34.215  -55.416  -2.018 0.6000000238
16674  -33.690  -55.914  -1.769 0.6000000238
113736  -33.878  -54.908  -1.629 0.5000000000
15856  -38.443  -56.325  -3.511 0.4000000060
15118  -37.960  -57.186  -3.223 0.5000000000
15100  -31.188  -58.522  0.123 0.6999999881
15853  -37.337  -56.450  -2.999 0.6000000238
15108  -32.614  -57.806  -1.017 0.6999999881
15845  -32.906  -57.005  -1.264 0.6999999881
17534  -35.606  -54.640  -2.207 0.5000000000
18352  -35.093  -53.791  -1.828 0.6000000238
15842  -33.288  -56.212  -1.325 0.6999999881
18351  -34.171  -53.661  -1.536 0.5000000000
16668  -33.539  -55.264  -1.323 0.5000000000
14359  -29.493  -58.954  0.345 0.6000000238
15079  -29.946  -57.369  1.760 0.6000000238
15119  -39.480  -57.022  -3.758 0.5000000000
16685  -38.759  -55.523  -3.695 0.5000000000
15091  -30.905  -57.996  0.862 0.6999999881
14360  -30.384  -59.128  0.158 0.6999999881
16682  -37.693  -55.682  -3.222 0.5000000000
17536  -37.518  -54.335  -3.045 0.4000000060
15101  -31.902  -57.942  0.071 0.6999999881
123044  -37.155  -55.054  -2.880 0.5000000000
15836  -32.481  -57.264  -0.023 0.6999999881
17535  -36.618  -54.422  -2.557 0.5000000000
15837  -32.936  -56.542  -0.256 0.6999999881
123233  -33.263  -55.735  -0.733 0.6000000238
16662  -33.483  -54.975  -0.149 0.5000000000
127144  -33.410  -54.814  -0.945 0.5000000000
17528  -33.678  -54.167  -1.269 0.5000000000
19216  -34.129  -52.624  -1.430 0.5000000000
18350  -33.776  -53.235  -1.270 0.5000000000
121891  -38.997  -53.833  -3.772 0.3000000119
15099  -28.638  -58.587  0.549 0.6000000238
15089  -29.286  -58.013  0.921 0.6000000238
122171  -38.887  -54.887  -3.767 0.4000000060
17539  -38.424  -54.337  -3.556 0.4000000060
15081  -31.527  -57.287  1.713 0.6000000238
18357  -37.015  -53.608  -2.651 0.5000000000
15092  -31.653  -57.688  0.843 0.6999999881
117766  -32.247  -57.327  0.646 0.6999999881
18356  -36.067  -53.755  -2.161 0.5000000000
19224  -35.569  -53.052  -1.802 0.5000000000
19217  -35.012  -52.371  -1.614 0.4000000060
117495  -34.746  -53.100  -1.620 0.3000000119
20038  -34.460  -51.657  -1.438 0.4000000060
18343  -33.494  -53.277  -1.005 0.5000000000
19215  -33.680  -52.565  -1.153 0.4000000060
15088  -28.428  -57.648  0.886 0.6000000238
15827  -29.089  -57.121  1.645 0.6000000238
15816  -30.502  -56.832  2.543 0.6000000238
15817  -31.298  -56.822  2.530 0.6000000238
19226  -37.447  -52.608  -2.738 0.3000000119
118740  -36.718  -52.186  -2.201 0.3000000119
15828  -32.263  -57.026  1.432 0.6000000238
15829  -32.816  -56.612  0.766 0.6999999881
20040  -36.438  -51.449  -1.905 0.3000000119
19225  -36.466  -52.929  -2.199 0.3000000119
15819  -32.884  -56.277  1.794 0.6000000238
20855  -36.006  -50.431  -1.668 0.3000000119
19218  -35.968  -52.271  -1.788 0.3000000119
16642  -33.382  -55.316  1.998 0.5000000000
126374  -33.265  -55.842  1.208 0.5000000000
122621  -33.287  -55.833  0.310 0.5000000000
20854  -34.847  -50.701  -1.455 0.3000000119
20039  -35.440  -51.490  -1.616 0.3000000119
17521  -33.484  -54.093  -0.647 0.5000000000
20853  -34.095  -50.962  -1.214 0.3000000119
17516  -33.646  -54.200  0.414 0.5000000000
20028  -33.578  -51.970  -0.995 0.4000000060
20848  -33.714  -51.299  -0.938 0.3000000119
15826  -28.250  -56.767  1.410 0.5000000000
15814  -28.720  -56.286  2.309 0.6000000238
15815  -29.643  -56.584  2.569 0.5000000000
15806  -31.799  -56.189  3.210 0.5000000000
122911  -35.969  -49.279  -1.606 0.3000000119
15818  -32.173  -56.589  2.388 0.6000000238
119870  -35.847  -48.388  -1.393 0.3000000119
128490  -35.206  -49.854  -1.481 0.3000000119
16654  -33.552  -55.106  0.920 0.5000000000
18334  -33.753  -53.379  1.035 0.5000000000
19209  -33.536  -52.514  -0.648 0.4000000060
19202  -33.706  -52.365  0.496 0.4000000060
131632  -29.152  -56.126  2.893 0.5000000000
16626  -29.606  -55.923  3.414 0.5000000000
15804  -30.241  -56.373  3.146 0.5000000000
16627  -30.441  -55.916  3.721 0.5000000000
122898  -36.776  -48.265  -1.386 0.3000000119
132571  -32.341  -56.106  2.914 0.6000000238
16641  -32.801  -55.874  2.606 0.6000000238
17511  -33.660  -54.314  1.523 0.5000000000
20842  -33.729  -50.948  -0.302 0.4000000060
20835  -33.962  -50.771  0.587 0.4000000060
16625  -28.701  -55.582  3.102 0.5000000000
17491  -29.157  -55.161  3.904 0.5000000000
16614  -29.960  -55.404  4.176 0.5000000000
114830  -37.651  -48.280  -1.404 0.4000000060
22556  -37.156  -47.909  -0.616 0.4000000060
16628  -31.221  -55.813  3.825 0.5000000000
113424  -31.962  -55.499  3.871 0.5000000000
121071  -36.631  -47.868  -1.017 0.4000000060
130952  -36.091  -47.889  -1.169 0.3000000119
16617  -32.011  -54.957  4.371 0.4000000060
22560  -34.987  -48.458  -1.131 0.3000000119
16629  -32.494  -55.625  3.284 0.5000000000
16630  -33.135  -55.114  3.007 0.4000000060
17500  -33.498  -54.353  2.533 0.4000000060
20008  -33.955  -51.542  1.355 0.4000000060
17490  -28.413  -54.730  3.528 0.5000000000
17474  -29.638  -54.653  4.619 0.5000000000
22557  -38.082  -48.223  -0.909 0.4000000060
16615  -30.708  -55.416  4.314 0.5000000000
17475  -30.912  -54.895  4.802 0.4000000060
23432  -36.494  -47.611  -0.410 0.4000000060
17476  -31.556  -54.663  4.804 0.4000000060
17492  -32.624  -54.847  3.844 0.4000000060
23431  -35.943  -47.573  -0.629 0.4000000060
17478  -32.873  -54.067  4.096 0.4000000060
17493  -33.213  -54.234  3.405 0.4000000060
18318  -33.533  -53.528  2.988 0.4000000060
18327  -33.704  -53.489  2.091 0.4000000060
19178  -33.703  -52.772  2.648 0.4000000060
19992  -34.173  -51.033  2.309 0.4000000060
20009  -34.221  -50.610  1.497 0.4000000060
123633  -28.266  -54.054  3.740 0.5000000000
17473  -28.798  -54.372  4.198 0.4000000060
22549  -38.549  -48.511  0.062 0.4000000060
22548  -37.650  -48.102  0.194 0.4000000060
18283  -29.834  -54.033  5.132 0.5000000000
17455  -30.383  -54.476  5.048 0.4000000060
17477  -32.274  -54.295  4.657 0.4000000060
23425  -36.140  -47.322  0.152 0.4000000060
18305  -32.726  -53.506  4.621 0.4000000060
18306  -33.235  -53.383  3.824 0.4000000060
20836  -34.291  -49.946  0.779 0.3000000119
19991  -33.886  -51.941  2.401 0.4000000060
18303  -28.493  -53.576  4.176 0.4000000060
18304  -29.161  -53.836  4.757 0.5000000000
130801  -30.247  -53.162  5.719 0.4000000060
23417  -37.387  -47.654  1.208 0.4000000060
19131  -30.852  -52.946  6.070 0.4000000060
17456  -31.074  -54.323  5.244 0.4000000060
18285  -31.363  -53.647  5.628 0.4000000060
17457  -31.688  -54.157  5.191 0.4000000060
19155  -32.586  -52.861  5.273 0.4000000060
19156  -33.097  -52.775  4.471 0.4000000060
19167  -33.416  -52.665  3.830 0.4000000060
123279  -33.696  -52.175  3.323 0.4000000060
20821  -34.476  -49.829  1.798 0.4000000060
115543  -34.370  -50.273  2.583 0.4000000060
19154  -29.240  -52.308  5.165 0.4000000060
19130  -30.006  -52.605  5.801 0.4000000060
19112  -31.339  -52.136  6.397 0.4000000060
19132  -31.859  -52.818  5.992 0.4000000060
19134  -33.056  -52.140  5.086 0.4000000060
19964  -33.443  -52.093  4.220 0.4000000060
20802  -33.480  -51.436  4.797 0.4000000060
19965  -33.828  -51.334  3.844 0.4000000060
19977  -34.187  -50.795  3.181 0.4000000060
19945  -29.685  -51.697  5.745 0.4000000060
115443  -30.484  -52.013  6.251 0.4000000060
19926  -30.915  -51.379  6.592 0.4000000060
19927  -31.609  -51.492  6.603 0.4000000060
19113  -32.024  -51.915  6.382 0.4000000060
19928  -32.160  -51.098  6.635 0.4000000060
19133  -32.502  -52.141  5.870 0.4000000060
19946  -33.043  -51.386  5.742 0.4000000060
20789  -33.577  -50.731  5.325 0.4000000060
21664  -34.623  -49.421  2.750 0.3000000119
20803  -34.119  -50.511  3.986 0.4000000060
20812  -34.369  -50.035  3.392 0.4000000060
20787  -29.483  -50.755  5.573 0.4000000060
118944  -30.132  -51.119  6.256 0.4000000060
20788  -29.900  -50.232  6.151 0.4000000060
20768  -30.614  -50.546  6.622 0.4000000060
122697  -31.422  -50.791  6.828 0.4000000060
19929  -32.729  -51.027  6.332 0.4000000060
20770  -33.214  -50.477  6.233 0.4000000060
22520  -34.963  -48.520  2.476 0.4000000060
21656  -34.608  -49.390  3.664 0.4000000060
20790  -34.003  -50.215  4.829 0.5000000000
21635  -29.380  -49.753  5.301 0.4000000060
21636  -29.885  -49.376  6.075 0.4000000060
21617  -30.371  -49.829  6.556 0.4000000060
22470  -30.506  -49.116  6.671 0.4000000060
122255  -31.091  -49.861  7.043 0.4000000060
21637  -33.801  -49.944  5.728 0.4000000060
21647  -34.369  -49.763  4.253 0.5000000000
22486  -29.511  -48.846  5.329 0.4000000060
22487  -30.032  -48.512  6.037 0.4000000060
23352  -30.694  -48.225  6.705 0.4000000060
21638  -34.309  -49.460  5.179 0.5000000000
23378  -29.210  -47.579  4.451 0.4000000060
23366  -29.603  -47.970  5.256 0.4000000060
23367  -30.212  -47.602  5.944 0.4000000060
21620  -34.149  -49.158  6.123 0.5000000000
25137  -29.359  -45.576  4.013 0.4000000060
118585  -29.227  -46.866  4.320 0.4000000060
24286  -29.539  -46.228  4.516 0.4000000060
24271  -29.741  -46.990  5.085 0.4000000060
126263  -30.115  -46.117  5.178 0.4000000060
24273  -30.685  -45.908  5.819 0.5000000000
24300  -28.944  -46.372  3.703 0.4000000060
116328  -33.746  -51.458  0.357 0.4000000060
124786  -37.289  -60.136  -3.157 0.5000000000
13017  -35.265  -60.461  -1.634 0.8000000119
13013  -34.652  -59.979  -1.207 0.8000000119
13677  -33.965  -59.646  -0.927 0.6999999881
118805  -38.879  -60.740  -3.528 0.5000000000
13671  -32.878  -59.574  -0.147 0.6999999881
13025  -39.499  -59.787  -3.575 0.5000000000
13670  -31.941  -59.574  -0.127 0.6999999881
13691  -39.445  -58.849  -3.597 0.4000000060
15090  -30.118  -58.156  0.872 0.6999999881
115631  -39.919  -57.862  -3.754 0.4000000060
15857  -39.805  -56.037  -3.988 0.4000000060
14366  -28.977  -59.270  0.508 0.6000000238
17540  -39.500  -54.373  -3.944 0.4000000060
15835  -27.654  -57.104  0.791 0.6000000238
132669  -27.620  -56.420  1.256 0.5000000000
16653  -27.942  -56.037  1.876 0.5000000000
125102  -28.169  -55.644  2.486 0.5000000000
17489  -27.821  -54.164  3.211 0.4000000060
18317  -27.964  -53.412  3.517 0.4000000060
120359  -28.031  -52.071  3.483 0.4000000060
19962  -28.506  -51.945  4.256 0.4000000060
20801  -28.985  -50.379  4.691 0.4000000060
21646  -29.148  -49.122  4.690 0.4000000060
22496  -29.166  -48.425  4.550 0.4000000060
22508  -28.814  -48.088  3.737 0.4000000060
128907  -35.993  -60.844  -2.441 0.8000000119
111407  -38.187  -58.973  -3.283 0.5000000000
120055  -33.557  -59.300  -1.402 0.6999999881
15109  -32.963  -57.669  -1.523 0.6999999881
15117  -36.909  -57.269  -2.825 0.6000000238
16680  -35.739  -55.687  -2.434 0.6999999881
15851  -34.492  -56.750  -2.304 0.6999999881
16681  -36.778  -55.749  -2.752 0.6000000238
119931  -34.930  -55.235  -2.159 0.6000000238
16679  -34.785  -55.959  -2.263 0.6000000238
125331  -36.381  -55.107  -2.536 0.5000000000
15080  -30.750  -57.420  1.772 0.6000000238
123979  -37.998  -54.986  -3.384 0.5000000000
18358  -38.100  -53.507  -3.310 0.3000000119
15805  -30.931  -56.392  3.226 0.6000000238
126937  -33.590  -53.297  -0.114 0.5000000000
122981  -33.806  -52.586  1.692 0.4000000060
19976  -34.006  -51.476  3.013 0.4000000060
19963  -29.039  -51.326  4.934 0.4000000060
131767  -33.803  -50.847  4.542 0.4000000060
24272  -30.429  -46.710  5.871 0.4000000060
5376  -32.922  -72.611  -1.974 0.4000000060
5387  -34.015  -72.616  -2.806 0.4000000060
5918  -35.082  -71.717  -1.382 0.4000000060
5925  -35.330  -72.162  -2.775 0.4000000060
5909  -35.104  -71.208  -0.227 0.4000000060
6500  -35.971  -71.047  -0.768 0.4000000060
5919  -35.925  -71.546  -1.876 0.4000000060
126045  -36.422  -70.590  -1.050 0.4000000060
6502  -36.723  -70.433  -2.175 0.5000000000
6486  -35.523  -70.560  0.251 0.4000000060
6487  -36.172  -70.222  -0.196 0.4000000060
7121  -36.689  -69.103  -0.586 0.5000000000
8466  -37.052  -67.788  -0.916 0.6000000238
7100  -35.385  -69.443  1.408 0.4000000060
7119  -35.795  -69.801  0.638 0.4000000060
7795  -36.589  -68.546  0.372 0.4000000060
7815  -36.848  -68.751  -1.647 0.5000000000
15120  -41.095  -57.202  -3.980 0.4000000060
15858  -41.167  -55.744  -4.061 0.3000000119
8475  -37.024  -67.942  -2.260 0.5000000000
125564  -39.250  -62.087  -3.571 0.5000000000
13026  -40.356  -60.262  -3.642 0.4000000060
9043  -36.271  -66.013  2.558 0.4000000060
8453  -36.910  -67.749  0.138 0.5000000000
7796  -36.831  -68.383  -0.470 0.5000000000
8417  -35.801  -67.417  2.294 0.4000000060
7776  -36.236  -68.246  1.234 0.4000000060
113619  -37.154  -67.206  -2.941 0.6000000238
114056  -37.354  -66.290  -3.253 0.6999999881
12365  -38.818  -61.622  -3.543 0.5000000000
9701  -37.935  -65.655  -3.948 0.6999999881
11026  -38.316  -63.294  -3.611 0.6999999881
125483  -37.589  -65.521  -3.461 0.6999999881
125461  -37.866  -64.684  -3.470 0.6999999881
8433  -36.882  -67.109  0.844 0.5000000000
9057  -37.234  -66.857  -0.096 0.6000000238
120550  -37.434  -66.129  -0.772 0.6000000238
117548  -37.619  -65.377  -1.277 0.6000000238
117861  -36.269  -66.707  2.082 0.4000000060
128916  -36.681  -66.684  1.457 0.5000000000
117272  -37.359  -65.953  0.154 0.6000000238
9062  -37.255  -67.032  -1.467 0.6000000238
128920  -37.536  -65.448  -2.517 0.6000000238
16686  -40.082  -55.117  -4.092 0.3000000119
118922  -37.456  -66.255  -2.018 0.6000000238
10357  -37.510  -64.594  -2.946 0.6999999881
12364  -37.921  -61.557  -3.461 0.6000000238
10298  -36.476  -64.703  2.414 0.6000000238
10314  -36.805  -64.643  1.784 0.6000000238
10992  -36.983  -63.931  1.443 0.6999999881
9674  -37.300  -65.326  0.647 0.6000000238
10325  -37.454  -64.607  0.267 0.6000000238
10346  -37.701  -64.554  -1.780 0.6000000238
9667  -36.567  -65.334  2.161 0.5000000000
9051  -37.101  -66.193  0.943 0.6000000238
11018  -37.491  -63.736  -2.352 0.6000000238
11023  -37.436  -63.746  -3.117 0.6999999881
11693  -37.198  -62.893  -3.110 0.6999999881
13024  -37.628  -60.760  -3.337 0.6000000238
11696  -37.362  -62.256  -3.318 0.6999999881
118239  -36.438  -63.165  2.326 0.6000000238
125631  -36.743  -63.378  1.770 0.6999999881
11663  -37.076  -63.174  1.141 0.6999999881
10993  -37.337  -63.826  0.601 0.6999999881
123247  -37.565  -64.029  -0.145 0.6000000238
121229  -36.762  -60.711  -3.100 0.5000000000
11690  -37.305  -62.982  -1.773 0.6999999881
124231  -37.135  -63.112  -2.787 0.6999999881
12363  -37.018  -61.478  -3.241 0.6000000238
12344  -36.094  -60.874  -0.163 0.6999999881
12353  -35.876  -60.972  -1.233 0.6999999881
11672  -36.971  -62.363  0.791 0.6999999881
12354  -36.537  -61.559  -0.738 0.6000000238
11673  -37.328  -62.969  0.297 0.6999999881
11683  -37.396  -62.910  -0.647 0.6000000238
127990  -36.457  -61.224  -2.862 0.5000000000
11010  -37.635  -63.719  -1.030 0.6000000238
11692  -36.774  -62.331  -2.492 0.6999999881
11695  -36.775  -61.987  -2.982 0.6000000238
13014  -35.327  -60.405  -0.671 0.6999999881
13006  -34.608  -59.958  -0.273 0.6999999881
124190  -36.343  -61.511  -2.506 0.6000000238
12358  -35.799  -61.034  -2.043 0.6999999881
12366  -39.977  -61.336  -3.632 0.5000000000
12359  -36.302  -61.634  -1.815 0.6000000238
5917  -34.066  -72.000  -1.182 0.4000000060
7139  -36.739  -69.592  -1.545 0.4000000060
7775  -35.630  -68.672  1.681 0.4000000060
7120  -36.385  -69.438  0.125 0.4000000060
129668  -36.650  -67.814  0.852 0.4000000060
8418  -36.365  -67.414  1.526 0.4000000060
122822  -38.559  -64.221  -3.716 0.6999999881
11025  -37.748  -63.653  -3.399 0.6999999881
9679  -37.520  -65.320  -0.210 0.6000000238
10336  -37.650  -64.583  -0.641 0.6000000238
9668  -36.972  -65.360  1.423 0.6999999881
11002  -37.491  -63.482  -0.145 0.6000000238
12345  -36.642  -61.594  0.326 0.6999999881
11689  -36.935  -62.252  -1.292 0.6000000238
11662  -36.643  -62.603  1.709 0.5000000000
10285  -36.220  -64.317  2.946 0.4000000060
10976  -36.247  -63.612  2.814 0.5000000000
125507  -35.969  -61.217  1.666 0.6000000238
10284  -35.834  -64.681  3.645 0.4000000060
11644  -35.603  -62.878  3.775 0.5000000000
10975  -35.855  -63.733  3.550 0.5000000000
11645  -36.059  -62.886  3.027 0.5000000000
12325  -35.611  -61.311  2.465 0.5000000000
12990  -34.882  -60.626  2.332 0.5000000000
11654  -36.277  -62.515  2.399 0.5000000000
12335  -36.130  -60.994  0.820 0.6000000238
132853  -35.617  -60.727  1.256 0.5000000000
13001  -35.451  -60.818  1.866 0.5000000000
13000  -34.433  -60.008  0.661 0.6999999881
119243  -34.189  -60.140  1.589 0.6000000238
12999  -33.506  -59.838  0.716 0.6000000238
10967  -35.386  -63.491  4.328 0.5000000000
12305  -35.228  -62.129  3.955 0.5000000000
12315  -34.868  -61.364  3.622 0.5000000000
12324  -35.106  -61.093  2.998 0.5000000000
12316  -35.423  -61.693  3.213 0.5000000000
11632  -34.803  -62.439  4.738 0.5000000000
12304  -34.586  -61.674  4.386 0.5000000000
12970  -34.245  -60.974  3.958 0.5000000000
12979  -34.514  -60.757  3.166 0.5000000000
12989  -33.971  -60.305  2.494 0.5000000000
13005  -33.772  -59.706  -0.122 0.6000000238
13664  -33.181  -59.991  1.612 0.5000000000
111326  -32.544  -59.825  0.560 0.6000000238
11619  -34.471  -62.833  5.506 0.5000000000
12303  -33.949  -61.282  4.767 0.5000000000
12969  -33.512  -60.690  4.250 0.5000000000
12968  -32.701  -60.453  4.525 0.5000000000
13638  -32.040  -60.130  3.735 0.6000000238
12977  -32.903  -60.288  3.541 0.4000000060
13646  -30.500  -59.858  3.227 0.4000000060
13654  -32.128  -60.114  2.540 0.5000000000
12978  -33.748  -60.489  3.374 0.4000000060
117546  -29.812  -59.870  2.624 0.4000000060
118980  -30.347  -60.179  1.920 0.5000000000
13653  -31.173  -60.229  1.678 0.5000000000
13652  -29.393  -59.995  1.619 0.4000000060
125282  -31.800  -60.158  1.352 0.6000000238
132224  -32.321  -60.025  1.131 0.6000000238
13663  -31.703  -59.986  0.463 0.6000000238
14367  -31.035  -59.390  -0.081 0.6000000238
13647  -31.254  -60.046  2.861 0.5000000000
13661  -29.891  -60.106  0.790 0.5000000000
126046  -30.539  -60.267  0.948 0.5000000000
13659  -28.345  -59.483  0.895 0.4000000060
13660  -29.053  -59.716  0.737 0.5000000000
110128  -30.422  -59.989  0.260 0.6000000238
13662  -31.048  -60.185  0.624 0.6000000238
114465  -30.506  -59.703  0.075 0.6000000238
15097  -27.108  -57.260  0.603 0.3000000119
14363  -27.159  -57.923  0.591 0.4000000060
13658  -27.831  -59.043  0.745 0.4000000060
14365  -28.196  -58.861  0.539 0.5000000000
13668  -29.869  -59.655  0.339 0.5000000000
17498  -27.249  -54.354  2.471 0.3000000119
16640  -27.605  -55.314  2.187 0.4000000060
16652  -27.341  -55.763  1.517 0.4000000060
19177  -27.738  -51.793  2.834 0.3000000119
20800  -28.546  -50.900  4.041 0.3000000119
19975  -28.138  -51.355  3.348 0.3000000119
21645  -28.656  -49.987  3.814 0.3000000119
129540  -28.976  -49.638  4.459 0.3000000119
21655  -28.793  -49.039  3.847 0.3000000119
23390  -28.564  -47.709  2.931 0.3000000119
23391  -28.835  -47.244  3.708 0.3000000119
15098  -27.778  -58.037  0.579 0.5000000000
19166  -27.747  -52.606  3.166 0.3000000119
13007  -35.363  -60.416  0.448 0.5000000000
129047  -35.666  -62.316  3.359 0.5000000000
13655  -32.520  -60.074  1.875 0.5000000000
13669  -31.039  -59.728  0.026 0.6000000238
112434  -38.398  -65.091  -3.911 0.6000000238
14383  -42.119  -58.295  -3.357 0.3000000119
14388  -42.051  -58.450  -3.513 0.3000000119
13693  -41.875  -58.738  -3.596 0.3000000119
14386  -41.262  -58.160  -3.805 0.3000000119
124630  -41.964  -60.140  -3.395 0.3000000119
115744  -41.581  -59.705  -3.577 0.3000000119
13692  -40.770  -59.246  -3.725 0.3000000119
10363  -39.289  -64.952  -3.892 0.6000000238
123156  -39.624  -63.999  -3.608 0.5000000000
15121  -42.068  -57.935  -3.634 0.3000000119
14387  -42.075  -58.074  -3.605 0.3000000119
13027  -41.244  -60.684  -3.561 0.3000000119
12367  -41.037  -61.592  -3.524 0.3000000119
110206  -39.985  -63.143  -3.587 0.4000000060
9655  -36.174  -65.218  2.992 0.4000000060
14376  -41.617  -57.846  -2.538 0.3000000119
14382  -41.933  -57.324  -3.581 0.3000000119
15849  -41.815  -56.287  -3.501 0.3000000119
128658  -41.696  -56.565  -3.786 0.3000000119
5398  -36.284  -72.975  -3.526 0.5000000000
130363  -37.161  -72.258  -3.294 0.5000000000
5397  -34.930  -72.912  -3.517 0.4000000060
5936  -35.851  -72.588  -3.430 0.4000000060
4890  -36.264  -73.685  -3.421 0.5000000000
6538  -37.842  -69.732  -3.864 0.5000000000
129105  -37.390  -71.371  -3.221 0.5000000000
6514  -36.919  -71.283  -3.109 0.5000000000
5926  -36.205  -71.854  -2.957 0.4000000060
8495  -38.857  -67.511  -3.993 0.6000000238
7837  -38.180  -68.310  -4.105 0.6000000238
7828  -37.515  -68.569  -3.919 0.5000000000
7157  -37.476  -69.535  -3.766 0.5000000000
6501  -36.428  -71.153  -1.915 0.3000000119
6515  -37.229  -70.389  -3.422 0.5000000000
9090  -39.139  -66.660  -3.981 0.6000000238
8493  -37.707  -67.781  -4.117 0.6000000238
8485  -37.372  -67.782  -3.696 0.6000000238
7149  -36.884  -69.630  -2.856 0.4000000060
9703  -39.304  -65.848  -3.969 0.6000000238
13028  -41.743  -60.977  -3.341 0.3000000119
11028  -40.527  -63.500  -3.361 0.4000000060
9706  -38.026  -66.315  -4.279 0.6000000238
121907  -37.150  -68.085  -3.318 0.4000000060
126877  -42.025  -60.549  -3.209 0.3000000119
124530  -42.173  -59.896  -3.240 0.3000000119
11699  -40.950  -62.479  -3.407 0.3000000119
9078  -37.453  -67.067  -3.849 0.6000000238
9096  -38.627  -66.457  -4.205 0.6000000238
8494  -38.195  -67.491  -4.253 0.6000000238
11029  -41.223  -62.919  -3.127 0.3000000119
7830  -38.942  -68.308  -3.671 0.5000000000
9079  -39.462  -66.912  -3.430 0.5000000000
9694  -39.695  -66.008  -3.481 0.5000000000
9080  -39.935  -66.346  -2.633 0.4000000060
9070  -39.730  -67.300  -2.517 0.5000000000
8486  -39.334  -67.663  -3.347 0.5000000000
9071  -40.236  -66.908  -1.361 0.4000000060
9688  -40.381  -65.766  -1.766 0.4000000060
10358  -40.603  -64.607  -2.876 0.4000000060
9704  -40.061  -65.023  -3.429 0.5000000000
7158  -38.168  -69.633  -3.854 0.5000000000
10359  -40.780  -63.942  -3.104 0.4000000060
5319  -33.449  -72.352  4.465 0.3000000119
5855  -33.078  -71.919  5.074 0.3000000119
5320  -34.244  -72.266  4.275 0.3000000119
5326  -35.241  -72.391  3.296 0.3000000119
5869  -35.675  -71.823  3.654 0.4000000060
5325  -34.484  -72.600  3.589 0.3000000119
5335  -34.733  -72.910  2.847 0.3000000119
111293  -36.377  -71.495  3.247 0.4000000060
5878  -35.982  -72.106  2.896 0.4000000060
5336  -35.508  -72.673  2.518 0.3000000119
4830  -35.008  -73.221  2.048 0.3000000119
6453  -37.099  -71.105  2.881 0.4000000060
5880  -37.554  -71.313  2.248 0.4000000060
5337  -36.301  -72.471  2.113 0.4000000060
5349  -35.808  -73.002  1.722 0.4000000060
4844  -35.330  -73.591  1.173 0.4000000060
4845  -36.225  -73.363  0.842 0.4000000060
111331  -39.388  -69.756  2.369 0.3000000119
5881  -38.346  -71.171  1.800 0.4000000060
5894  -37.790  -71.796  1.602 0.4000000060
5364  -37.159  -73.038  0.687 0.4000000060
4856  -35.704  -74.040  0.155 0.4000000060
7102  -40.843  -70.254  1.362 0.3000000119
6468  -39.405  -71.086  1.370 0.4000000060
5910  -39.217  -72.197  0.262 0.4000000060
5895  -38.818  -71.735  1.055 0.4000000060
5366  -38.795  -72.862  -0.136 0.4000000060
5378  -38.935  -72.828  -0.868 0.4000000060
5365  -37.956  -73.321  -0.092 0.4000000060
113935  -38.411  -73.291  -0.651 0.4000000060
4857  -36.866  -73.826  -0.258 0.4000000060
4871  -35.971  -74.491  -1.021 0.4000000060
6488  -40.364  -71.137  0.326 0.4000000060
6503  -40.210  -71.308  -0.197 0.4000000060
5390  -39.103  -72.277  -1.342 0.4000000060
5377  -38.207  -73.386  -1.467 0.4000000060
4872  -36.863  -74.278  -1.511 0.4000000060
4873  -37.749  -73.808  -0.962 0.4000000060
127371  -40.183  -71.099  -0.576 0.4000000060
5920  -39.732  -71.682  -0.834 0.4000000060
5927  -38.574  -72.189  -2.249 0.4000000060
5399  -37.754  -72.368  -2.938 0.4000000060
4378  -36.609  -74.232  -2.560 0.4000000060
4891  -37.079  -73.665  -2.909 0.4000000060
6516  -39.603  -70.987  -1.581 0.4000000060
128103  -39.075  -70.464  -2.631 0.4000000060
114596  -38.009  -70.932  -3.434 0.4000000060
8477  -39.975  -67.827  -1.566 0.4000000060
114482  -39.636  -70.123  -1.812 0.4000000060
7159  -38.916  -69.711  -3.146 0.4000000060
113940  -40.678  -64.837  -2.120 0.3000000119
114497  -39.568  -69.247  -2.109 0.4000000060
10348  -41.033  -64.039  -2.422 0.3000000119
6529  -38.287  -70.286  -3.531 0.4000000060
5879  -36.861  -71.802  2.372 0.4000000060
5893  -37.134  -72.396  1.479 0.4000000060
5350  -36.512  -72.820  1.390 0.4000000060
6456  -39.962  -70.448  1.671 0.4000000060
6455  -38.837  -70.512  2.066 0.4000000060
7086  -40.490  -69.947  1.928 0.3000000119
5351  -38.171  -72.515  0.692 0.4000000060
7122  -41.118  -69.949  0.509 0.3000000119
6469  -40.355  -70.903  1.013 0.4000000060
5896  -39.753  -71.504  0.616 0.4000000060
5367  -39.327  -72.398  -0.297 0.4000000060
6504  -40.620  -70.690  0.027 0.4000000060
4881  -37.471  -73.892  -2.008 0.4000000060
5938  -38.224  -71.617  -2.914 0.4000000060
7150  -40.257  -69.722  -0.924 0.4000000060
7070  -37.683  -69.622  3.491 0.3000000119
7052  -36.551  -69.838  4.574 0.3000000119
6438  -35.903  -70.402  4.879 0.3000000119
6439  -36.330  -70.592  4.248 0.3000000119
6445  -37.392  -70.402  3.199 0.3000000119
5870  -36.054  -71.240  3.959 0.3000000119
124226  -36.691  -70.835  3.583 0.3000000119
7084  -38.225  -70.001  2.755 0.3000000119
6454  -37.852  -70.724  2.480 0.3000000119
7816  -40.900  -69.283  -0.113 0.3000000119
7822  -40.095  -68.735  -1.204 0.3000000119
5379  -39.444  -72.212  -0.622 0.4000000060
5388  -37.727  -73.231  -2.534 0.4000000060
5389  -38.466  -72.779  -1.923 0.4000000060
5911  -39.828  -71.818  -0.115 0.4000000060
5928  -39.063  -71.679  -1.946 0.4000000060
5937  -36.710  -72.256  -3.313 0.5000000000
5939  -38.714  -71.031  -2.767 0.4000000060
6467  -35.096  -70.195  1.067 0.4000000060
6470  -40.860  -70.499  0.744 0.4000000060
6517  -40.273  -70.515  -0.746 0.3000000119
6528  -37.677  -70.269  -3.590 0.5000000000
7101  -36.059  -69.035  0.953 0.4000000060
7103  -41.275  -69.900  1.178 0.3000000119
7138  -36.568  -69.908  -0.808 0.4000000060
7140  -40.747  -70.098  -0.179 0.4000000060
7165  -37.865  -69.197  -3.991 0.5000000000
7754  -35.860  -67.993  1.845 0.4000000060
7821  -37.024  -68.791  -3.164 0.4000000060
7829  -38.440  -69.030  -3.811 0.5000000000
8476  -39.522  -68.276  -2.549 0.4000000060
9050  -36.674  -66.053  1.802 0.4000000060
9088  -37.767  -66.781  -4.209 0.6000000238
9089  -38.580  -67.037  -4.206 0.6000000238
9095  -38.138  -66.908  -4.341 0.6000000238
9695  -40.261  -65.393  -2.828 0.4000000060
9702  -38.580  -65.742  -4.161 0.6000000238
10315  -37.187  -64.608  1.058 0.6000000238
10983  -36.573  -63.964  2.213 0.6000000238
11027  -39.105  -63.532  -3.656 0.6000000238
11633  -35.232  -62.814  4.371 0.5000000000
11653  -35.931  -62.075  2.792 0.5000000000
11682  -37.100  -62.231  -0.179 0.6000000238
11697  -38.269  -62.389  -3.559 0.6999999881
11698  -40.132  -62.272  -3.593 0.3000000119
12291  -34.290  -62.000  5.207 0.5000000000
12326  -36.234  -61.872  2.097 0.5000000000
12336  -36.509  -61.736  1.273 0.6000000238
12361  -36.207  -60.523  -2.717 0.5000000000
12368  -41.528  -61.701  -3.280 0.3000000119
12988  -33.103  -60.165  2.615 0.5000000000
13016  -34.760  -59.972  -1.938 0.8000000119
13021  -35.696  -60.240  -2.459 0.8000000119
13651  -28.556  -59.698  1.563 0.4000000060
13667  -28.485  -59.310  0.646 0.5000000000
13674  -31.696  -59.285  -0.341 0.6999999881
13681  -34.146  -59.523  -1.613 0.8000000119
13688  -42.177  -59.132  -3.320 0.3000000119
13694  -42.070  -59.272  -3.395 0.3000000119
14358  -27.219  -58.421  0.818 0.4000000060
14364  -27.649  -58.478  0.645 0.4000000060
14371  -32.267  -58.622  -0.680 0.6999999881
14377  -33.769  -58.324  -2.159 0.6999999881
14385  -37.546  -58.686  -3.032 0.5000000000
15841  -32.666  -57.166  -0.732 0.6999999881
16616  -31.415  -55.237  4.376 0.4000000060
17499  -27.937  -54.986  2.879 0.5000000000
18284  -30.489  -53.735  5.516 0.4000000060
18286  -32.131  -53.615  5.327 0.4000000060
18316  -27.454  -53.362  2.885 0.3000000119
19114  -32.495  -51.537  6.245 0.4000000060
19153  -28.199  -52.753  3.896 0.4000000060
20018  -33.597  -51.739  -0.400 0.4000000060
20037  -33.853  -51.846  -1.223 0.3000000119
23430  -35.359  -47.685  -0.473 0.4000000060
23436  -35.475  -47.889  -1.009 0.3000000119
111855  -30.319  -55.008  4.648 0.4000000060
112221  -41.947  -57.534  -3.716 0.3000000119
112543  -40.106  -64.338  -3.449 0.5000000000
114927  -39.110  -68.928  -3.200 0.4000000060
115839  -34.729  -49.015  1.915 0.4000000060
115976  -29.639  -53.266  5.325 0.4000000060
116465  -35.413  -60.408  -2.167 0.8000000119
117782  -37.636  -66.297  -3.947 0.6000000238
119821  -39.157  -62.803  -3.611 0.5000000000
122165  -37.012  -72.937  -3.352 0.5000000000
123682  -37.654  -62.941  -3.440 0.6999999881
125356  -35.798  -70.993  4.516 0.3000000119
125399  -35.590  -73.323  -3.650 0.4000000060
126510  -37.817  -67.230  -4.255 0.6000000238
126695  -33.534  -52.903  3.326 0.4000000060
127205  -35.019  -60.399  1.386 0.5000000000
128315  -28.817  -52.955  4.654 0.4000000060
128877  -32.973  -56.517  -0.944 0.6000000238
129709  -34.341  -50.455  2.059 0.4000000060
130233  -33.991  -54.295  -1.559 0.5000000000
130573  -34.649  -71.589  -0.618 0.4000000060
