#!ascii label  , from subject sub-v1s4x0050710_ses-1 vox2ras=TkReg
512
16658  -28.092  -62.209  -4.883 0.6999999881
17503  -29.318  -61.221  -4.257 0.6000000238
18309  -30.162  -61.025  -3.703 0.6000000238
18311  -31.685  -60.738  -3.578 0.4000000060
123619  -21.504  -60.163  -8.995 0.6999999881
18371  -22.195  -60.140  -8.872 0.6999999881
18384  -21.755  -60.798  -9.629 0.6999999881
18385  -22.582  -60.872  -9.618 0.6000000238
16709  -22.460  -62.538  -10.110 0.6999999881
17553  -22.939  -61.916  -10.179 0.6000000238
16698  -22.917  -63.088  -9.687 0.6000000238
16710  -23.370  -62.627  -10.030 0.6000000238
16689  -25.121  -62.975  -8.565 0.6000000238
16700  -24.745  -62.838  -9.525 0.6000000238
16713  -26.350  -62.319  -9.812 0.5000000000
16690  -26.070  -62.849  -8.365 0.5000000000
16702  -26.568  -62.589  -9.128 0.5000000000
17523  -28.002  -61.832  -7.584 0.6000000238
16667  -28.112  -61.977  -5.942 0.6000000238
17524  -28.325  -61.590  -6.729 0.6000000238
107367  -28.604  -61.377  -5.923 0.6000000238
17514  -29.142  -60.833  -5.293 0.6000000238
19155  -22.022  -59.515  -7.481 0.6000000238
19169  -23.409  -59.757  -8.198 0.6000000238
18372  -23.017  -60.135  -8.848 0.6000000238
18386  -23.430  -60.972  -9.661 0.6000000238
115505  -25.152  -61.216  -10.081 0.6000000238
17554  -23.858  -62.065  -10.131 0.6000000238
16712  -25.314  -62.478  -9.889 0.6000000238
17556  -26.701  -61.734  -10.109 0.6000000238
17557  -27.458  -61.859  -9.504 0.6000000238
17542  -27.719  -61.952  -8.545 0.6000000238
17543  -28.030  -61.444  -9.163 0.6999999881
17535  -28.147  -61.513  -8.303 0.6000000238
125564  -28.772  -60.639  -7.631 0.6000000238
109441  -30.672  -59.608  -4.355 0.5000000000
123928  -31.380  -59.489  -4.098 0.5000000000
19156  -22.890  -59.616  -7.521 0.6000000238
19157  -23.827  -59.688  -7.564 0.6000000238
19170  -24.417  -59.748  -8.414 0.6000000238
18373  -23.917  -60.144  -9.048 0.6000000238
18374  -25.013  -60.192  -9.420 0.6000000238
18388  -26.057  -60.852  -10.066 0.6000000238
118246  -25.773  -61.971  -10.194 0.6000000238
112419  -27.380  -61.482  -9.928 0.6999999881
17525  -28.814  -60.855  -6.575 0.6000000238
19135  -29.616  -59.532  -5.966 0.6000000238
19120  -31.885  -59.948  -3.865 0.4000000060
19131  -22.816  -59.680  -6.308 0.6000000238
115297  -22.573  -59.552  -6.976 0.6000000238
19171  -25.460  -59.541  -8.625 0.6000000238
19183  -26.001  -59.865  -9.459 0.6000000238
18397  -27.797  -60.374  -10.045 0.6999999881
19173  -29.294  -59.591  -9.340 0.6000000238
18375  -28.278  -60.863  -9.498 0.6000000238
18363  -28.511  -60.921  -8.615 0.6000000238
18355  -29.173  -59.985  -7.067 0.6000000238
19974  -30.502  -58.315  -5.235 0.6000000238
19136  -30.196  -59.133  -5.105 0.6000000238
107579  -32.004  -59.076  -4.166 0.4000000060
19966  -31.059  -58.814  -4.515 0.5000000000
18340  -23.172  -59.917  -5.440 0.5000000000
19132  -23.641  -59.765  -6.100 0.6000000238
19145  -24.233  -59.719  -6.766 0.6000000238
19158  -25.066  -59.608  -7.538 0.5000000000
19159  -26.011  -59.305  -7.764 0.5000000000
105233  -26.689  -59.508  -9.645 0.6000000238
19994  -27.478  -58.355  -9.606 0.6000000238
20005  -27.435  -59.202  -9.898 0.6999999881
19192  -28.651  -59.729  -9.965 0.6999999881
18390  -27.835  -60.811  -9.946 0.6999999881
20813  -30.576  -57.598  -10.241 0.6000000238
19186  -28.998  -59.682  -9.879 0.6999999881
20007  -29.603  -58.954  -9.891 0.6000000238
19995  -29.786  -58.842  -9.061 0.6000000238
19160  -29.419  -59.405  -8.126 0.6000000238
19985  -29.748  -58.668  -7.815 0.6000000238
19979  -29.792  -58.545  -6.823 0.6000000238
125456  -31.091  -58.214  -4.746 0.5000000000
19967  -31.735  -58.169  -4.533 0.4000000060
18341  -24.053  -59.996  -5.212 0.6000000238
106399  -24.608  -59.848  -5.891 0.6000000238
19146  -25.271  -59.701  -6.533 0.6000000238
113677  -26.420  -59.174  -6.922 0.5000000000
19984  -26.463  -58.769  -7.841 0.6000000238
20792  -26.853  -58.025  -7.956 0.5000000000
19172  -26.197  -59.208  -8.776 0.6000000238
20800  -27.081  -57.774  -8.845 0.5000000000
19993  -26.694  -58.603  -9.066 0.5000000000
20811  -28.358  -57.454  -9.867 0.5000000000
20006  -28.181  -58.845  -10.046 0.6000000238
22390  -29.740  -56.062  -10.379 0.5000000000
20812  -29.191  -57.482  -10.297 0.5000000000
20012  -28.787  -59.085  -10.116 0.6000000238
22391  -30.795  -56.201  -10.585 0.4000000060
20013  -29.942  -58.265  -10.197 0.6999999881
21596  -30.889  -56.745  -10.547 0.4000000060
21588  -31.070  -56.762  -9.681 0.5000000000
20802  -30.728  -57.487  -9.720 0.6000000238
113077  -30.677  -56.409  -8.453 0.5000000000
109659  -30.561  -57.208  -8.673 0.6000000238
22375  -30.598  -55.500  -8.014 0.5000000000
105104  -29.938  -58.022  -7.278 0.6000000238
20771  -31.861  -57.426  -4.707 0.5000000000
21578  -30.343  -56.853  -7.502 0.6000000238
20786  -30.227  -57.375  -6.594 0.6000000238
20779  -31.116  -57.650  -4.959 0.6000000238
19123  -25.010  -59.981  -5.056 0.5000000000
19133  -25.545  -59.792  -5.692 0.5000000000
19147  -26.114  -59.531  -6.275 0.5000000000
121752  -26.854  -58.365  -6.814 0.4000000060
117564  -26.968  -57.113  -8.105 0.4000000060
122902  -27.297  -57.073  -8.777 0.5000000000
20801  -27.615  -57.553  -9.404 0.5000000000
21587  -27.753  -56.619  -9.300 0.5000000000
23218  -30.932  -54.042  -10.683 0.4000000060
23209  -30.684  -54.854  -10.597 0.4000000060
110169  -31.188  -55.483  -10.578 0.4000000060
108497  -31.431  -55.360  -10.201 0.5000000000
23203  -31.474  -54.375  -9.773 0.5000000000
116734  -31.191  -55.208  -9.287 0.5000000000
23194  -30.689  -54.414  -8.025 0.5000000000
111188  -31.803  -56.131  -5.072 0.5000000000
21566  -31.485  -56.887  -5.007 0.5000000000
21572  -30.493  -56.458  -6.420 0.6000000238
20778  -30.708  -57.048  -5.602 0.5000000000
21586  -27.065  -56.368  -8.386 0.4000000060
23207  -27.788  -54.808  -8.985 0.5000000000
22389  -28.424  -55.789  -9.585 0.5000000000
112978  -29.747  -54.109  -10.240 0.5000000000
123241  -31.575  -53.740  -10.639 0.4000000060
24061  -31.026  -53.577  -8.515 0.5000000000
109914  -31.513  -54.865  -5.562 0.5000000000
108373  -32.694  -55.953  -5.131 0.3000000119
24074  -31.783  -53.226  -9.817 0.5000000000
119052  -30.562  -54.921  -7.036 0.5000000000
23179  -30.864  -54.990  -6.103 0.5000000000
24082  -28.320  -53.970  -9.298 0.4000000060
24083  -28.950  -53.248  -9.681 0.4000000060
24957  -31.607  -52.258  -11.083 0.4000000060
24956  -30.781  -52.773  -10.751 0.4000000060
24086  -32.096  -53.143  -10.786 0.4000000060
25840  -32.521  -51.765  -11.031 0.4000000060
125662  -32.444  -51.733  -10.340 0.5000000000
23180  -32.179  -54.388  -5.499 0.4000000060
22361  -32.036  -55.303  -5.233 0.4000000060
24050  -30.849  -53.426  -7.321 0.5000000000
115713  -31.379  -54.190  -5.858 0.5000000000
24936  -31.098  -52.621  -8.057 0.5000000000
24921  -31.299  -52.639  -6.921 0.5000000000
23186  -30.799  -54.202  -6.678 0.5000000000
26727  -32.369  -50.094  -10.799 0.4000000060
25832  -32.759  -51.009  -10.637 0.4000000060
24042  -31.920  -53.500  -5.828 0.4000000060
108294  -31.761  -52.892  -6.247 0.5000000000
24949  -31.634  -51.985  -9.102 0.5000000000
26728  -32.846  -50.110  -10.507 0.4000000060
24912  -32.295  -52.830  -6.165 0.4000000060
24052  -32.965  -52.832  -6.278 0.3000000119
113115  -32.057  -51.099  -9.095 0.5000000000
24937  -31.628  -51.710  -7.734 0.5000000000
24922  -31.920  -52.154  -6.663 0.5000000000
27593  -32.492  -49.323  -10.263 0.4000000060
24923  -32.888  -51.959  -6.653 0.3000000119
126989  -33.153  -49.741  -9.836 0.4000000060
25812  -32.404  -51.276  -7.243 0.5000000000
120146  -33.244  -49.952  -8.980 0.4000000060
25824  -32.351  -50.738  -8.285 0.5000000000
26710  -33.117  -50.402  -7.821 0.5000000000
28406  -32.837  -48.461  -8.572 0.4000000060
25814  -34.021  -51.304  -6.961 0.3000000119
25816  -35.419  -51.557  -6.676 0.3000000119
26729  -32.970  -49.291  -9.949 0.4000000060
26698  -33.761  -50.325  -7.297 0.4000000060
26722  -33.201  -49.336  -9.291 0.4000000060
107050  -32.319  -48.209  -7.987 0.5000000000
109027  -34.265  -50.592  -6.869 0.3000000119
26700  -35.187  -50.891  -6.248 0.4000000060
26677  -36.317  -50.678  -5.397 0.4000000060
25802  -35.889  -51.174  -5.990 0.4000000060
28392  -33.217  -48.740  -7.839 0.4000000060
27567  -33.816  -49.903  -7.169 0.5000000000
26686  -34.922  -50.286  -5.883 0.4000000060
27555  -33.573  -49.176  -6.919 0.5000000000
26711  -33.392  -49.601  -8.269 0.5000000000
27568  -34.264  -49.818  -6.306 0.5000000000
27556  -34.677  -49.639  -5.378 0.4000000060
27557  -35.366  -49.974  -5.155 0.4000000060
27558  -36.700  -49.958  -4.902 0.4000000060
26688  -37.116  -50.635  -5.352 0.3000000119
106743  -33.113  -48.714  -6.962 0.5000000000
28376  -33.250  -48.850  -5.991 0.5000000000
29176  -36.567  -47.791  -4.381 0.4000000060
28378  -37.092  -48.367  -4.662 0.3000000119
28359  -32.061  -48.389  -4.988 0.5000000000
28362  -35.346  -48.790  -4.262 0.4000000060
27543  -35.145  -49.406  -4.735 0.4000000060
116440  -36.667  -49.126  -4.568 0.4000000060
27545  -37.368  -49.302  -4.897 0.4000000060
28379  -37.856  -48.636  -5.264 0.3000000119
28375  -32.568  -48.551  -6.164 0.5000000000
28377  -33.937  -49.217  -5.672 0.5000000000
28360  -33.489  -48.599  -4.690 0.5000000000
117826  -36.504  -47.230  -4.404 0.4000000060
29177  -37.038  -47.447  -4.764 0.4000000060
29155  -32.383  -47.283  -3.786 0.5000000000
29190  -38.206  -48.108  -5.731 0.3000000119
107928  -32.834  -48.544  -5.198 0.5000000000
28344  -34.076  -48.258  -3.976 0.5000000000
29158  -35.149  -47.460  -3.716 0.5000000000
28361  -34.479  -48.926  -4.597 0.5000000000
30047  -36.948  -46.206  -5.201 0.4000000060
30018  -32.150  -46.327  -3.679 0.5000000000
30827  -34.971  -46.121  -3.721 0.5000000000
30056  -37.868  -46.446  -6.396 0.3000000119
29189  -37.664  -47.778  -5.273 0.3000000119
30019  -33.060  -46.554  -3.535 0.5000000000
30826  -33.696  -45.879  -3.524 0.5000000000
30020  -33.915  -46.739  -3.459 0.5000000000
17513  -28.641  -61.581  -5.067 0.6000000238
18310  -30.968  -60.871  -3.494 0.5000000000
16701  -25.737  -62.722  -9.371 0.6000000238
125452  -26.645  -60.225  -9.965 0.6999999881
19149  -29.875  -58.776  -6.000 0.6000000238
19185  -28.128  -59.709  -10.081 0.6999999881
106979  -30.457  -57.685  -5.655 0.6000000238
21597  -31.018  -57.015  -10.312 0.5000000000
20793  -30.167  -57.492  -7.717 0.6000000238
21595  -28.895  -56.727  -10.056 0.5000000000
23208  -29.321  -55.029  -10.049 0.5000000000
20819  -29.681  -57.860  -10.379 0.4000000060
22368  -30.547  -55.618  -6.749 0.5000000000
22359  -30.767  -55.765  -5.982 0.5000000000
24963  -31.743  -52.959  -11.058 0.4000000060
24085  -31.781  -53.691  -10.527 0.5000000000
24084  -30.185  -53.384  -10.470 0.4000000060
25813  -33.271  -51.035  -7.152 0.4000000060
26687  -35.596  -50.575  -5.593 0.4000000060
29174  -32.625  -48.096  -4.344 0.5000000000
30021  -34.699  -46.769  -3.566 0.5000000000
13102  -23.408  -66.608  -5.228 0.5000000000
12231  -24.395  -66.949  -3.820 0.5000000000
13078  -24.178  -66.711  -4.688 0.5000000000
13035  -26.602  -67.083  -0.928 0.5000000000
107567  -25.246  -67.850  -1.897 0.5000000000
12195  -24.880  -67.353  -2.372 0.4000000060
13057  -23.089  -66.009  -3.692 0.5000000000
113064  -24.126  -66.413  -2.845 0.6000000238
114197  -23.721  -66.475  -3.698 0.6000000238
13034  -25.683  -67.012  -1.253 0.5000000000
122847  -24.650  -66.860  -2.409 0.5000000000
13037  -28.326  -66.634  -1.728 0.4000000060
14927  -20.644  -64.876  -5.389 0.6999999881
14914  -21.715  -65.296  -4.554 0.6999999881
14009  -22.669  -65.498  -3.818 0.6999999881
13994  -24.320  -65.528  -2.283 0.5000000000
13993  -23.775  -64.963  -2.723 0.6999999881
110911  -26.958  -65.995  -1.001 0.5000000000
13973  -25.508  -65.512  -1.419 0.5000000000
125498  -24.887  -65.722  -1.747 0.5000000000
13977  -28.653  -65.836  -1.939 0.5000000000
13976  -27.947  -65.702  -1.300 0.5000000000
15851  -18.913  -63.989  -6.544 0.5000000000
15852  -19.767  -63.847  -6.843 0.6999999881
15853  -20.674  -63.847  -6.829 0.6999999881
14941  -20.277  -64.301  -6.050 0.6999999881
14942  -20.948  -64.234  -5.969 0.6999999881
14025  -22.181  -65.630  -4.290 0.6000000238
14891  -24.482  -64.593  -2.382 0.6999999881
14904  -24.048  -64.211  -2.962 0.6000000238
13975  -27.242  -65.104  -1.114 0.5000000000
14871  -26.533  -64.374  -1.447 0.6000000238
14892  -25.259  -64.257  -2.117 0.6000000238
109571  -28.562  -64.925  -1.488 0.5000000000
14893  -29.388  -64.941  -1.956 0.5000000000
15866  -18.965  -63.147  -7.728 0.5000000000
14928  -21.389  -64.504  -5.229 0.6999999881
15837  -22.233  -63.901  -5.458 0.6999999881
15836  -21.605  -63.800  -6.484 0.6999999881
14916  -23.021  -64.322  -3.855 0.8000000119
15825  -23.491  -63.729  -4.451 0.6999999881
15801  -25.697  -63.709  -2.584 0.6000000238
15800  -24.849  -63.909  -2.755 0.6999999881
14872  -27.354  -64.298  -1.314 0.6999999881
15784  -26.914  -63.714  -1.730 0.6000000238
14873  -28.269  -64.169  -1.300 0.6000000238
14894  -30.358  -64.395  -2.204 0.6000000238
16687  -17.488  -60.914  -8.687 0.5000000000
108958  -18.561  -61.894  -8.814 0.6000000238
16688  -19.584  -62.609  -8.847 0.6000000238
15867  -20.091  -63.429  -7.913 0.6000000238
15868  -21.098  -63.565  -7.802 0.6999999881
15854  -22.664  -63.555  -6.620 0.6999999881
15869  -22.089  -63.534  -7.737 0.6000000238
15824  -22.646  -64.068  -4.570 0.6999999881
15838  -23.280  -63.558  -5.563 0.6999999881
15814  -24.572  -63.689  -3.504 0.6999999881
16633  -28.284  -62.942  -2.003 0.6999999881
14875  -29.832  -64.152  -1.679 0.6999999881
15786  -28.694  -63.482  -1.541 0.6999999881
16695  -18.402  -60.610  -9.233 0.5000000000
16696  -19.298  -61.553  -9.375 0.6000000238
15879  -20.557  -63.081  -8.912 0.6000000238
15880  -21.534  -63.333  -8.880 0.6000000238
15839  -24.197  -63.453  -5.173 0.8000000119
111758  -24.868  -63.281  -5.824 0.5000000000
15870  -23.028  -63.430  -7.814 0.6000000238
15828  -26.112  -63.269  -4.057 0.6999999881
118161  -26.722  -63.104  -4.592 0.6999999881
115695  -28.728  -62.491  -2.516 0.6999999881
16648  -27.559  -62.761  -3.391 0.6999999881
15803  -30.967  -63.630  -2.325 0.5000000000
16635  -30.549  -62.842  -2.236 0.6999999881
16650  -31.577  -62.423  -2.915 0.5000000000
18360  -17.746  -59.591  -8.675 0.5000000000
123321  -18.583  -59.693  -8.982 0.5000000000
18369  -19.289  -60.351  -9.433 0.6000000238
17541  -19.996  -61.396  -9.699 0.6000000238
109684  -21.073  -62.745  -9.668 0.6000000238
119825  -21.219  -61.547  -10.072 0.6000000238
16697  -21.993  -63.034  -9.718 0.6000000238
15857  -26.356  -63.062  -5.997 0.6000000238
110894  -24.697  -63.228  -6.698 0.5000000000
15881  -22.495  -63.369  -8.868 0.5000000000
16657  -27.412  -62.745  -4.565 0.6000000238
16665  -26.946  -62.973  -5.373 0.6000000238
16649  -28.331  -62.342  -3.266 0.6000000238
106727  -28.008  -62.372  -4.026 0.6000000238
17488  -30.659  -61.520  -3.085 0.5000000000
105252  -18.563  -59.129  -8.243 0.5000000000
18361  -19.313  -59.410  -8.619 0.6000000238
108868  -20.994  -60.619  -9.571 0.6000000238
15871  -24.482  -63.185  -7.705 0.5000000000
15883  -24.207  -63.158  -8.783 0.5000000000
16677  -27.122  -62.730  -6.361 0.4000000060
16676  -26.458  -62.854  -7.192 0.5000000000
15872  -25.424  -63.043  -7.468 0.5000000000
17502  -28.698  -61.864  -3.968 0.6000000238
105803  -18.776  -59.119  -7.223 0.5000000000
19141  -19.462  -59.145  -7.561 0.6000000238
19142  -20.326  -59.319  -7.981 0.6000000238
19166  -20.836  -59.829  -8.749 0.6000000238
16678  -27.896  -62.047  -6.849 0.5000000000
116591  -27.393  -62.382  -7.534 0.4000000060
18335  -18.492  -59.524  -6.238 0.5000000000
18336  -19.554  -59.576  -6.270 0.5000000000
18351  -20.376  -59.342  -6.900 0.6000000238
19154  -21.214  -59.504  -7.890 0.6000000238
18318  -18.850  -60.614  -4.467 0.5000000000
118693  -19.209  -60.156  -5.228 0.5000000000
18337  -20.553  -59.753  -5.878 0.6000000238
19143  -21.198  -59.405  -7.236 0.6000000238
17483  -19.132  -61.208  -3.573 0.5000000000
17499  -19.620  -60.685  -4.379 0.5000000000
18319  -20.019  -60.195  -5.141 0.5000000000
18338  -21.462  -59.803  -5.730 0.6000000238
18352  -21.133  -59.529  -6.471 0.6000000238
17484  -20.069  -61.152  -3.697 0.5000000000
17500  -20.394  -60.660  -4.358 0.5000000000
17469  -19.840  -61.680  -2.982 0.5000000000
18353  -21.966  -59.545  -6.579 0.5000000000
124548  -20.747  -61.011  -3.804 0.5000000000
18320  -20.876  -60.221  -5.019 0.5000000000
16630  -20.379  -62.114  -2.431 0.5000000000
17470  -20.740  -61.535  -3.142 0.5000000000
17501  -21.198  -60.616  -4.285 0.5000000000
18339  -22.344  -59.847  -5.633 0.4000000060
116322  -21.086  -61.971  -2.487 0.5000000000
17485  -21.469  -61.041  -3.612 0.5000000000
18304  -22.076  -60.562  -4.132 0.4000000060
18321  -21.785  -60.175  -4.901 0.4000000060
17471  -21.661  -61.482  -2.889 0.4000000060
17486  -22.294  -60.929  -3.378 0.4000000060
18305  -22.897  -60.476  -3.911 0.4000000060
16666  -27.578  -62.524  -5.620 0.6000000238
120234  -29.680  -61.626  -3.233 0.5000000000
17489  -31.459  -61.579  -3.192 0.4000000060
121715  -23.761  -63.307  -7.996 0.6000000238
18323  -23.505  -60.191  -4.537 0.4000000060
15826  -24.361  -63.545  -4.302 0.6999999881
16632  -27.426  -63.126  -2.306 0.6999999881
15816  -26.250  -63.341  -3.217 0.6999999881
115451  -23.719  -63.357  -6.886 0.6000000238
16616  -29.118  -62.889  -1.891 0.6999999881
15840  -25.058  -63.328  -5.013 0.6999999881
16656  -26.857  -63.088  -3.840 0.6999999881
16634  -29.638  -62.361  -2.415 0.6000000238
17476  -31.002  -62.188  -2.682 0.6000000238
12212  -24.602  -67.190  -3.017 0.5000000000
13033  -25.262  -66.309  -1.494 0.5000000000
13044  -23.761  -65.654  -2.810 0.6999999881
13045  -24.653  -66.327  -2.047 0.5000000000
13046  -25.059  -67.047  -1.803 0.5000000000
13077  -23.186  -66.430  -4.355 0.5000000000
13972  -24.950  -64.993  -1.801 0.6000000238
13974  -26.387  -65.208  -1.160 0.5000000000
14010  -23.282  -65.390  -3.276 0.6999999881
14870  -25.741  -64.666  -1.575 0.6000000238
14874  -29.136  -64.224  -1.447 0.6000000238
14895  -31.124  -64.259  -2.816 0.6000000238
14902  -22.867  -64.925  -3.579 0.6999999881
14903  -23.406  -64.603  -3.287 0.6000000238
14915  -22.352  -64.896  -4.076 0.6000000238
14929  -22.001  -64.514  -4.680 0.6999999881
15783  -26.070  -63.956  -1.885 0.6000000238
15785  -27.807  -63.534  -1.602 0.6999999881
15787  -29.541  -63.569  -1.621 0.6999999881
15788  -30.271  -63.645  -1.863 0.6999999881
15802  -26.526  -63.482  -2.395 0.6999999881
15804  -31.647  -63.398  -2.906 0.5000000000
15813  -23.737  -63.916  -3.645 0.6999999881
15815  -25.441  -63.518  -3.384 0.6999999881
15817  -26.920  -63.146  -3.030 0.6999999881
15827  -25.268  -63.400  -4.213 0.6999999881
15841  -26.052  -63.226  -4.994 0.6999999881
15855  -24.139  -63.348  -6.009 0.5000000000
15856  -25.592  -63.132  -6.451 0.5000000000
15882  -23.371  -63.302  -8.884 0.6000000238
16617  -29.878  -63.042  -1.883 0.6999999881
16636  -31.197  -62.886  -2.518 0.5000000000
16691  -26.798  -62.640  -8.252 0.5000000000
16699  -23.813  -62.998  -9.623 0.5000000000
16703  -27.189  -62.350  -8.832 0.5000000000
16707  -20.731  -62.012  -9.955 0.6000000238
16708  -21.563  -62.338  -10.096 0.6000000238
16711  -24.324  -62.581  -9.921 0.6000000238
16714  -26.954  -62.267  -9.546 0.6000000238
17475  -30.360  -62.069  -2.647 0.6000000238
17490  -32.188  -61.387  -3.503 0.4000000060
17551  -20.578  -61.276  -9.852 0.6000000238
17552  -22.053  -61.727  -10.225 0.6999999881
17555  -24.796  -62.095  -10.161 0.6000000238
17558  -27.870  -61.167  -9.752 0.6999999881
18322  -22.657  -60.175  -4.750 0.4000000060
18325  -29.758  -60.662  -4.391 0.6000000238
18326  -30.420  -60.332  -4.009 0.6000000238
18342  -29.300  -60.243  -5.953 0.6000000238
18343  -29.817  -59.998  -4.947 0.6000000238
18354  -28.441  -61.255  -7.554 0.6000000238
18362  -19.970  -59.733  -8.945 0.6000000238
18364  -28.997  -60.157  -8.437 0.6000000238
18370  -20.209  -60.513  -9.491 0.6000000238
18376  -28.749  -60.285  -9.445 0.6000000238
18387  -24.323  -61.070  -9.816 0.6000000238
18389  -27.179  -60.870  -10.135 0.6999999881
18391  -28.335  -60.385  -9.809 0.6999999881
18398  -28.180  -60.234  -9.954 0.6999999881
19126  -31.209  -60.138  -3.806 0.5000000000
19144  -23.263  -59.645  -6.890 0.6000000238
19148  -29.581  -59.155  -6.940 0.6000000238
19167  -21.719  -59.738  -8.287 0.6000000238
19168  -22.547  -59.692  -8.116 0.6000000238
19184  -27.353  -60.029  -10.090 0.6999999881
19193  -29.256  -59.069  -10.012 0.6999999881
19986  -30.201  -58.032  -8.652 0.6000000238
19996  -30.247  -58.216  -9.820 0.6000000238
20820  -30.273  -57.548  -10.430 0.4000000060
20821  -30.678  -57.147  -10.509 0.5000000000
21565  -31.007  -56.305  -5.496 0.5000000000
22360  -31.289  -55.552  -5.540 0.5000000000
22385  -31.196  -55.947  -9.539 0.5000000000
22392  -31.200  -56.233  -10.365 0.5000000000
23210  -31.414  -54.523  -10.488 0.4000000060
24051  -31.304  -53.438  -6.334 0.5000000000
24094  -31.298  -53.414  -10.853 0.4000000060
24095  -31.933  -53.286  -10.902 0.4000000060
24924  -33.804  -52.424  -6.712 0.3000000119
24958  -32.278  -52.519  -10.605 0.4000000060
24964  -32.251  -52.619  -11.094 0.4000000060
25815  -34.734  -51.088  -6.722 0.3000000119
25839  -32.324  -51.645  -11.176 0.4000000060
26699  -34.542  -50.490  -6.508 0.3000000119
26709  -32.912  -50.316  -9.722 0.4000000060
27544  -35.939  -49.453  -4.587 0.4000000060
27559  -37.488  -49.998  -5.149 0.3000000119
27574  -33.274  -48.925  -8.657 0.4000000060
27585  -33.008  -48.760  -9.331 0.4000000060
28345  -34.815  -48.206  -3.912 0.5000000000
28363  -36.178  -48.454  -4.245 0.4000000060
28391  -32.750  -48.463  -7.477 0.5000000000
29156  -33.389  -47.625  -3.744 0.5000000000
29157  -34.330  -47.521  -3.637 0.5000000000
29173  -31.755  -47.784  -4.334 0.5000000000
30035  -36.759  -46.731  -4.752 0.4000000060
30048  -37.416  -46.845  -5.455 0.4000000060
107191  -26.012  -66.188  -1.056 0.5000000000
107264  -32.657  -50.947  -11.076 0.4000000060
109800  -30.136  -57.008  -10.576 0.4000000060
111052  -20.195  -62.275  -9.524 0.6000000238
111613  -20.923  -62.461  -1.876 0.5000000000
111724  -30.503  -55.557  -10.571 0.4000000060
112966  -27.904  -64.820  -1.249 0.5000000000
113778  -27.025  -62.021  -9.872 0.6000000238
114036  -32.187  -50.811  -11.134 0.4000000060
116278  -30.064  -58.111  -6.227 0.6000000238
119644  -28.059  -62.682  -2.647 0.6999999881
120069  -28.062  -58.106  -9.888 0.6000000238
120203  -18.578  -60.144  -5.187 0.5000000000
120454  -34.344  -46.171  -3.538 0.5000000000
120618  -28.838  -58.253  -10.201 0.6000000238
120686  -33.400  -49.207  -7.904 0.5000000000
120952  -28.994  -62.067  -3.060 0.6000000238
121080  -29.352  -58.554  -10.187 0.6000000238
121260  -26.870  -64.725  -1.218 0.5000000000
121989  -25.608  -63.228  -5.648 0.6000000238
122490  -23.559  -65.994  -3.203 0.6000000238
124083  -30.459  -56.157  -7.385 0.5000000000
124419  -32.665  -48.474  -9.190 0.4000000060
125395  -35.984  -50.180  -5.043 0.4000000060
126397  -25.458  -67.465  -1.503 0.5000000000
126584  -27.630  -62.342  -6.466 0.5000000000
127123  -25.878  -59.508  -7.006 0.6000000238
