#!ascii label  , from subject sub-v1s4x0050710_ses-1 vox2ras=TkReg
1765
54756  59.242  -21.183  44.299 0.0000000000
38623  42.533  -37.411  55.209 0.0000000000
33899  28.935  -42.378  61.212 0.0000000000
33802  22.988  -42.332  65.482 0.0000000000
119469  39.697  -42.615  61.774 0.0000000000
37820  32.803  -38.223  53.457 0.0000000000
54737  51.582  -20.357  44.315 0.0000000000
121160  57.198  -18.547  36.716 0.0000000000
53577  51.471  -21.604  52.807 0.0000000000
45368  43.673  -30.686  48.300 0.0000000000
39642  33.686  -36.761  44.386 0.0000000000
34786  30.726  -41.942  65.446 0.0000000000
32849  27.225  -43.917  63.036 0.0000000000
31893  27.999  -44.542  69.064 0.0000000000
33861  34.432  -43.075  61.823 0.0000000000
57462  54.974  -17.101  52.538 0.0000000000
39442  44.521  -36.755  60.908 0.0000000000
41419  48.088  -34.383  56.790 0.0000000000
45320  48.617  -30.887  53.050 0.0000000000
123333  43.650  -35.147  50.826 0.0000000000
106718  38.338  -32.607  46.537 0.0000000000
106845  39.164  -36.567  49.189 0.0000000000
36953  27.619  -39.850  53.137 0.0000000000
125509  27.514  -37.195  48.925 0.0000000000
115227  59.899  -18.433  39.586 0.0000000000
54823  60.651  -20.617  36.700 0.0000000000
34932  26.582  -41.607  56.501 0.0000000000
33930  25.072  -43.500  58.330 0.0000000000
35848  41.801  -40.648  58.043 0.0000000000
36947  37.640  -40.269  53.186 0.0000000000
34914  36.620  -41.930  57.520 0.0000000000
35871  31.739  -40.872  57.384 0.0000000000
55713  56.055  -19.686  44.289 0.0000000000
32738  23.803  -42.605  71.448 0.0000000000
113787  19.482  -42.028  68.153 0.0000000000
123214  58.525  -15.277  42.492 0.0000000000
57537  58.027  -17.047  46.042 0.0000000000
55656  55.676  -18.884  48.877 0.0000000000
54695  51.691  -20.631  48.681 0.0000000000
51760  47.210  -23.456  47.596 0.0000000000
50758  52.986  -25.211  55.193 0.0000000000
49027  48.021  -26.316  50.826 0.0000000000
48287  43.316  -27.350  44.797 0.0000000000
107016  37.778  -28.848  44.004 0.0000000000
37877  33.150  -38.989  47.861 0.0000000000
35738  31.141  -40.236  68.579 0.0000000000
33773  29.369  -43.192  67.265 0.0000000000
34746  29.188  -41.417  69.537 0.0000000000
35771  33.272  -40.692  66.260 0.0000000000
118267  44.370  -36.606  57.788 0.0000000000
114756  45.760  -35.677  56.080 0.0000000000
41460  46.233  -35.049  53.162 0.0000000000
40534  43.832  -35.826  51.969 0.0000000000
40550  40.943  -36.005  49.372 0.0000000000
39528  40.332  -36.575  52.375 0.0000000000
117619  25.246  -40.414  53.235 0.0000000000
35948  25.130  -40.270  51.016 0.0000000000
119672  59.443  -19.100  42.160 0.0000000000
54797  60.044  -20.660  40.478 0.0000000000
53738  59.236  -22.023  42.687 0.0000000000
34901  27.863  -41.908  58.597 0.0000000000
33943  25.732  -43.402  57.397 0.0000000000
32894  26.955  -43.594  60.075 0.0000000000
33820  25.324  -42.426  64.470 0.0000000000
126164  24.697  -41.507  61.766 0.0000000000
109022  22.971  -41.262  62.587 0.0000000000
34813  20.704  -41.383  63.399 0.0000000000
37760  39.928  -38.351  59.895 0.0000000000
35832  40.428  -41.255  59.522 0.0000000000
34913  39.681  -42.529  57.295 0.0000000000
32901  38.104  -43.917  58.822 0.0000000000
109523  32.208  -41.981  61.250 0.0000000000
34877  33.068  -41.807  59.407 0.0000000000
106670  29.998  -41.038  58.953 0.0000000000
35874  28.702  -40.937  56.913 0.0000000000
55715  53.999  -19.790  44.514 0.0000000000
53701  55.037  -21.462  43.861 0.0000000000
53724  52.307  -20.965  43.058 0.0000000000
32752  18.209  -43.104  70.079 0.0000000000
56571  57.391  -18.777  47.554 0.0000000000
58400  56.479  -16.697  49.578 0.0000000000
55618  53.356  -19.038  53.091 0.0000000000
55638  53.506  -19.457  50.374 0.0000000000
123186  51.011  -20.838  50.341 0.0000000000
53625  49.127  -22.106  48.164 0.0000000000
52625  49.071  -22.812  50.098 0.0000000000
45341  45.926  -30.770  50.302 0.0000000000
47374  48.401  -28.916  51.929 0.0000000000
47406  46.194  -28.870  49.020 0.0000000000
49042  45.839  -27.240  47.730 0.0000000000
46469  43.370  -29.238  46.481 0.0000000000
48290  41.131  -28.011  44.121 0.0000000000
46471  40.971  -30.014  45.866 0.0000000000
44392  35.637  -31.812  45.072 0.0000000000
36948  35.639  -40.051  52.979 0.0000000000
36977  35.853  -39.856  50.948 0.0000000000
38645  33.184  -37.808  50.508 0.0000000000
39626  28.200  -37.029  45.720 0.0000000000
56737  55.858  -18.148  33.603 0.0000000000
56726  58.182  -18.486  35.204 0.0000000000
32859  30.008  -43.314  63.638 0.0000000000
32873  27.892  -43.636  61.961 0.0000000000
31950  28.855  -44.448  64.070 0.0000000000
31939  27.490  -44.479  65.963 0.0000000000
32784  25.410  -43.685  67.474 0.0000000000
34789  37.999  -42.360  64.496 0.0000000000
117912  36.940  -44.574  62.318 0.0000000000
33815  35.576  -42.894  64.633 0.0000000000
34806  32.790  -41.726  63.384 0.0000000000
59304  55.792  -15.174  51.199 0.0000000000
55588  53.721  -18.943  55.300 0.0000000000
42352  49.098  -33.305  54.884 0.0000000000
43317  46.315  -32.685  51.885 0.0000000000
43346  43.306  -32.527  49.858 0.0000000000
44369  40.920  -31.489  47.157 0.0000000000
42418  40.372  -34.047  48.512 0.0000000000
40562  39.341  -35.722  47.939 0.0000000000
38717  36.524  -36.939  46.111 0.0000000000
37823  29.763  -39.083  53.034 0.0000000000
38648  30.380  -37.591  51.267 0.0000000000
37850  28.208  -38.428  51.080 0.0000000000
56685  59.421  -18.438  38.369 0.0000000000
56717  60.250  -18.873  36.510 0.0000000000
55783  60.559  -19.731  38.584 0.0000000000
33887  26.001  -42.523  60.969 0.0000000000
120077  42.541  -37.314  58.881 0.0000000000
37795  42.741  -39.087  56.747 0.0000000000
37815  39.964  -38.183  54.176 0.0000000000
36925  39.791  -40.460  55.365 0.0000000000
34952  37.541  -41.352  54.721 0.0000000000
36927  34.533  -39.296  55.377 0.0000000000
33911  35.646  -43.267  59.708 0.0000000000
35869  34.194  -40.604  57.405 0.0000000000
36929  32.503  -39.592  55.483 0.0000000000
36931  29.933  -40.121  55.053 0.0000000000
35920  26.800  -40.566  54.584 0.0000000000
55711  58.318  -20.147  44.770 0.0000000000
52688  59.041  -22.834  44.405 0.0000000000
53699  57.208  -21.394  44.287 0.0000000000
31885  25.766  -43.883  70.251 0.0000000000
32775  23.503  -43.200  68.833 0.0000000000
33751  21.300  -42.085  69.874 0.0000000000
33776  21.331  -42.346  67.174 0.0000000000
57600  58.252  -17.569  40.137 0.0000000000
57577  59.318  -16.641  41.417 0.0000000000
57561  59.049  -17.727  43.339 0.0000000000
56599  58.468  -18.541  45.502 0.0000000000
55675  57.993  -19.158  46.664 0.0000000000
106969  55.163  -19.249  45.844 0.0000000000
128562  53.283  -19.792  46.587 0.0000000000
122559  55.430  -18.484  50.597 0.0000000000
55670  53.138  -19.963  48.214 0.0000000000
54712  51.305  -20.539  46.363 0.0000000000
53651  49.306  -21.450  46.679 0.0000000000
52675  46.774  -22.527  45.309 0.0000000000
52592  52.502  -22.718  54.024 0.0000000000
125842  50.743  -27.912  54.021 0.0000000000
49009  50.497  -26.378  53.083 0.0000000000
50810  49.969  -24.244  51.955 0.0000000000
123091  47.379  -24.778  49.400 0.0000000000
49947  45.085  -25.793  46.054 0.0000000000
45409  37.707  -30.783  45.257 0.0000000000
38635  37.734  -37.898  51.925 0.0000000000
38682  35.417  -38.062  48.232 0.0000000000
38720  33.944  -38.291  45.991 0.0000000000
39548  31.205  -36.764  48.815 0.0000000000
37913  31.177  -38.449  45.958 0.0000000000
35739  30.215  -40.677  68.547 0.0000000000
35707  30.478  -39.811  70.772 0.0000000000
117625  43.735  -37.510  56.308 0.0000000000
39492  44.577  -36.719  56.623 0.0000000000
39506  44.470  -36.269  55.442 0.0000000000
124449  44.354  -35.747  53.650 0.0000000000
39522  42.890  -36.201  53.637 0.0000000000
39525  42.247  -36.118  52.103 0.0000000000
38627  41.118  -36.869  53.794 0.0000000000
55729  59.291  -19.687  43.124 0.0000000000
55743  59.488  -20.353  42.463 0.0000000000
54755  59.503  -21.926  44.017 0.0000000000
34864  28.684  -42.029  60.340 0.0000000000
33928  27.112  -42.884  58.785 0.0000000000
33900  27.967  -42.933  60.814 0.0000000000
33801  23.917  -42.416  65.386 0.0000000000
34795  23.920  -41.861  63.872 0.0000000000
34796  22.992  -41.759  64.005 0.0000000000
34812  21.656  -41.389  63.405 0.0000000000
33824  21.795  -41.926  64.853 0.0000000000
35796  37.327  -40.706  62.086 0.0000000000
35817  37.947  -40.366  60.646 0.0000000000
36898  38.451  -40.108  59.864 0.0000000000
34859  39.735  -41.726  60.720 0.0000000000
119798  40.403  -42.875  59.514 0.0000000000
32890  39.591  -43.894  60.274 0.0000000000
33898  30.677  -41.837  61.367 0.0000000000
34862  31.046  -41.501  60.524 0.0000000000
34863  29.820  -41.648  60.693 0.0000000000
119117  29.186  -41.219  58.921 0.0000000000
111356  52.496  -20.287  43.981 0.0000000000
54760  52.667  -20.649  43.445 0.0000000000
54761  51.752  -20.666  43.414 0.0000000000
60208  56.795  -13.910  48.397 0.0000000000
58410  56.755  -16.149  48.728 0.0000000000
59319  56.590  -14.797  49.147 0.0000000000
111772  52.237  -20.167  52.789 0.0000000000
54653  52.102  -19.982  51.945 0.0000000000
54665  51.481  -20.602  51.793 0.0000000000
53605  49.979  -21.859  50.153 0.0000000000
52623  50.103  -22.089  51.060 0.0000000000
45351  44.681  -30.928  49.374 0.0000000000
117438  45.769  -29.897  49.307 0.0000000000
124852  44.940  -29.738  48.203 0.0000000000
46454  44.686  -29.240  47.429 0.0000000000
46456  42.945  -29.934  46.910 0.0000000000
46470  42.536  -29.545  46.281 0.0000000000
45395  42.126  -30.232  46.669 0.0000000000
37818  34.427  -38.769  52.896 0.0000000000
37829  34.478  -38.833  52.087 0.0000000000
37831  33.094  -37.901  52.575 0.0000000000
56727  56.763  -18.375  35.186 0.0000000000
107851  57.555  -18.495  35.949 0.0000000000
33818  30.382  -43.137  64.273 0.0000000000
32847  29.373  -43.997  63.870 0.0000000000
32809  29.889  -43.786  64.788 0.0000000000
32782  28.870  -44.534  67.864 0.0000000000
31921  28.971  -44.768  66.442 0.0000000000
120335  27.792  -44.845  67.444 0.0000000000
32794  26.605  -43.825  66.354 0.0000000000
31911  27.095  -44.565  67.820 0.0000000000
34771  36.745  -41.376  66.026 0.0000000000
32807  36.699  -43.189  64.862 0.0000000000
33782  35.680  -42.001  65.894 0.0000000000
35785  31.934  -40.717  65.803 0.0000000000
35790  33.126  -40.957  64.539 0.0000000000
115810  31.839  -41.618  64.283 0.0000000000
33842  31.488  -42.324  63.346 0.0000000000
40456  47.197  -34.847  58.106 0.0000000000
41381  48.695  -34.283  58.465 0.0000000000
42303  49.751  -33.441  57.605 0.0000000000
42319  50.008  -33.000  56.250 0.0000000000
42338  48.918  -33.772  55.410 0.0000000000
41480  45.249  -34.828  51.970 0.0000000000
42367  47.052  -34.085  53.057 0.0000000000
43319  44.907  -33.551  51.341 0.0000000000
43330  44.773  -32.433  50.751 0.0000000000
43332  43.413  -33.463  50.353 0.0000000000
43348  41.803  -33.030  49.222 0.0000000000
42413  42.221  -34.337  49.711 0.0000000000
114486  39.805  -36.404  48.998 0.0000000000
40554  39.941  -35.891  48.456 0.0000000000
127001  39.019  -36.473  48.362 0.0000000000
40564  37.921  -36.399  47.241 0.0000000000
39580  37.648  -36.576  47.310 0.0000000000
37824  29.013  -39.371  53.047 0.0000000000
124795  29.176  -38.504  51.777 0.0000000000
37836  28.042  -39.167  52.074 0.0000000000
57598  59.658  -18.231  39.247 0.0000000000
56684  60.091  -18.713  38.196 0.0000000000
121124  60.297  -19.196  39.241 0.0000000000
53751  59.939  -21.325  39.429 0.0000000000
34942  25.620  -41.505  55.544 0.0000000000
33964  25.210  -42.331  56.015 0.0000000000
32863  27.567  -43.895  62.460 0.0000000000
123801  27.056  -43.564  60.646 0.0000000000
33867  26.866  -43.505  62.244 0.0000000000
34845  23.491  -41.139  61.691 0.0000000000
34866  24.672  -41.497  60.350 0.0000000000
37785  40.826  -39.128  58.386 0.0000000000
38570  41.483  -37.823  59.191 0.0000000000
37784  41.929  -39.221  58.122 0.0000000000
123143  43.030  -38.691  57.412 0.0000000000
36914  42.021  -40.118  56.854 0.0000000000
36923  41.359  -39.887  56.094 0.0000000000
35881  41.002  -41.179  56.887 0.0000000000
33952  38.002  -42.618  56.804 0.0000000000
34928  38.296  -42.195  56.151 0.0000000000
34940  37.147  -41.646  55.757 0.0000000000
35902  36.229  -40.544  54.654 0.0000000000
35884  35.646  -40.390  56.498 0.0000000000
32870  35.879  -44.169  61.720 0.0000000000
32869  36.176  -44.289  60.923 0.0000000000
124916  34.849  -43.392  60.826 0.0000000000
35851  32.146  -41.079  58.125 0.0000000000
34896  33.362  -41.509  58.749 0.0000000000
35870  32.517  -40.833  57.454 0.0000000000
36917  32.957  -40.074  56.201 0.0000000000
36918  31.950  -40.212  56.053 0.0000000000
114937  30.758  -39.989  55.241 0.0000000000
35904  30.198  -40.448  55.825 0.0000000000
34931  27.363  -41.341  56.808 0.0000000000
35892  27.902  -40.874  56.050 0.0000000000
34941  26.352  -41.263  55.787 0.0000000000
55712  56.972  -20.007  44.180 0.0000000000
54735  57.711  -20.726  44.356 0.0000000000
54757  56.217  -20.683  43.861 0.0000000000
52711  54.850  -22.636  44.525 0.0000000000
32737  25.132  -43.103  71.209 0.0000000000
32761  24.259  -43.450  69.366 0.0000000000
115375  23.547  -42.764  70.623 0.0000000000
33752  20.076  -42.020  70.213 0.0000000000
33765  20.846  -42.063  69.184 0.0000000000
115020  21.196  -42.255  68.233 0.0000000000
33777  20.156  -42.065  67.398 0.0000000000
33790  20.103  -42.034  66.282 0.0000000000
33791  19.273  -42.021  66.619 0.0000000000
56670  57.390  -18.174  39.421 0.0000000000
58492  58.716  -16.284  41.275 0.0000000000
58478  59.063  -16.055  41.598 0.0000000000
57569  59.311  -16.814  42.227 0.0000000000
57570  59.129  -15.883  42.349 0.0000000000
58443  58.314  -15.792  45.175 0.0000000000
57551  58.572  -17.319  44.581 0.0000000000
57536  58.339  -17.290  45.360 0.0000000000
56600  58.196  -19.137  46.211 0.0000000000
56583  58.013  -19.007  46.875 0.0000000000
109783  56.278  -18.991  48.303 0.0000000000
120840  56.630  -19.038  47.797 0.0000000000
55667  55.619  -19.103  48.059 0.0000000000
55679  53.960  -19.520  46.068 0.0000000000
55668  54.513  -19.420  48.021 0.0000000000
58366  55.281  -16.140  52.279 0.0000000000
111560  55.907  -17.385  51.027 0.0000000000
123668  55.414  -18.263  51.215 0.0000000000
54675  52.483  -19.974  50.026 0.0000000000
55649  53.334  -19.721  49.551 0.0000000000
54694  52.416  -20.284  48.416 0.0000000000
54703  52.490  -20.241  47.595 0.0000000000
54704  51.213  -20.763  47.247 0.0000000000
54714  49.963  -20.953  46.194 0.0000000000
54705  50.518  -21.119  47.485 0.0000000000
52654  48.440  -22.458  47.869 0.0000000000
52662  48.234  -22.277  47.225 0.0000000000
51763  47.086  -23.133  46.956 0.0000000000
51764  46.470  -23.517  46.461 0.0000000000
51684  52.910  -23.929  54.608 0.0000000000
45300  50.057  -30.413  54.394 0.0000000000
46355  51.254  -29.288  55.234 0.0000000000
46357  49.846  -29.859  53.912 0.0000000000
48220  48.201  -27.717  51.332 0.0000000000
48208  49.337  -27.809  52.512 0.0000000000
49019  49.298  -26.394  52.017 0.0000000000
50799  50.189  -25.000  52.366 0.0000000000
49904  48.404  -25.554  51.036 0.0000000000
50821  48.259  -24.790  50.566 0.0000000000
49915  47.305  -25.551  49.676 0.0000000000
48267  44.950  -27.340  46.505 0.0000000000
49066  45.283  -26.573  46.655 0.0000000000
49077  44.519  -26.371  45.572 0.0000000000
49957  44.637  -25.484  45.302 0.0000000000
49092  43.531  -26.586  44.479 0.0000000000
48296  42.305  -27.310  43.804 0.0000000000
126449  39.489  -28.694  44.324 0.0000000000
48299  39.715  -27.700  43.364 0.0000000000
128272  39.581  -32.147  46.904 0.0000000000
111518  39.526  -31.658  46.510 0.0000000000
44380  37.844  -32.091  46.056 0.0000000000
44401  35.121  -31.068  44.439 0.0000000000
37816  39.101  -38.748  53.771 0.0000000000
38630  38.840  -38.007  53.108 0.0000000000
37827  37.492  -38.924  52.231 0.0000000000
37857  34.544  -39.279  49.498 0.0000000000
37855  35.736  -38.964  49.947 0.0000000000
37875  34.369  -39.140  48.468 0.0000000000
128281  34.492  -38.542  47.345 0.0000000000
37895  33.545  -39.045  47.413 0.0000000000
38660  29.371  -37.025  49.934 0.0000000000
39541  31.038  -36.731  49.711 0.0000000000
106406  29.500  -36.551  49.098 0.0000000000
125720  29.522  -37.424  45.925 0.0000000000
37934  31.123  -38.487  44.898 0.0000000000
56716  60.618  -19.479  36.537 0.0000000000
56724  60.149  -18.877  35.609 0.0000000000
52709  59.181  -22.775  44.080 0.0000000000
35774  30.843  -40.802  66.918 0.0000000000
33784  30.157  -42.670  65.935 0.0000000000
34766  29.951  -41.146  67.908 0.0000000000
33762  29.069  -42.661  68.183 0.0000000000
33749  28.451  -43.007  69.624 0.0000000000
35755  32.476  -40.322  67.530 0.0000000000
125734  44.642  -36.097  59.376 0.0000000000
40421  45.794  -36.074  60.455 0.0000000000
40458  45.557  -35.628  58.514 0.0000000000
40486  45.924  -35.599  56.732 0.0000000000
40485  46.571  -35.187  56.254 0.0000000000
40500  47.618  -34.574  55.177 0.0000000000
40516  45.768  -35.420  54.279 0.0000000000
40532  45.197  -35.354  52.613 0.0000000000
40539  44.013  -35.601  51.597 0.0000000000
41485  42.373  -35.755  50.017 0.0000000000
40540  42.961  -36.004  50.781 0.0000000000
39532  41.340  -36.226  50.529 0.0000000000
106846  40.331  -36.368  50.626 0.0000000000
36955  26.138  -40.157  53.030 0.0000000000
36965  26.206  -39.939  52.243 0.0000000000
35941  25.506  -40.242  52.422 0.0000000000
55751  59.719  -19.476  41.187 0.0000000000
55767  60.096  -19.306  40.017 0.0000000000
54787  59.689  -20.983  41.797 0.0000000000
115838  59.507  -21.477  41.488 0.0000000000
34920  27.109  -41.990  57.625 0.0000000000
33953  26.143  -42.468  56.959 0.0000000000
33941  26.875  -42.674  58.189 0.0000000000
33929  26.481  -43.350  58.510 0.0000000000
32896  26.284  -43.493  59.161 0.0000000000
33819  26.245  -42.931  64.078 0.0000000000
34808  25.473  -42.055  62.682 0.0000000000
34809  24.707  -41.854  63.318 0.0000000000
34825  23.744  -41.400  62.544 0.0000000000
35798  20.672  -40.922  62.060 0.0000000000
36896  39.541  -39.450  58.928 0.0000000000
35849  41.312  -41.259  58.595 0.0000000000
34912  40.520  -42.147  57.579 0.0000000000
34892  40.450  -42.632  58.834 0.0000000000
33923  38.651  -43.547  58.420 0.0000000000
107245  37.456  -42.943  57.918 0.0000000000
33881  32.994  -42.288  61.470 0.0000000000
33895  33.494  -42.397  60.469 0.0000000000
34861  32.126  -41.794  60.394 0.0000000000
34879  31.498  -41.413  59.625 0.0000000000
35853  30.455  -41.008  58.115 0.0000000000
35890  29.509  -40.756  56.576 0.0000000000
34900  29.554  -41.007  58.203 0.0000000000
112565  28.034  -41.365  57.590 0.0000000000
55734  54.418  -19.932  44.056 0.0000000000
54758  55.261  -20.531  43.738 0.0000000000
109515  54.198  -20.696  43.519 0.0000000000
53723  53.217  -20.827  43.308 0.0000000000
33731  18.860  -42.553  71.226 0.0000000000
124949  18.610  -42.497  68.946 0.0000000000
33792  18.434  -42.278  66.748 0.0000000000
32777  18.146  -42.862  68.501 0.0000000000
121227  57.615  -15.360  46.711 0.0000000000
57525  57.918  -18.263  46.894 0.0000000000
58409  57.088  -17.267  48.303 0.0000000000
127394  57.165  -17.914  48.829 0.0000000000
56554  56.289  -18.466  49.228 0.0000000000
56532  54.007  -18.533  52.637 0.0000000000
55628  54.302  -18.707  51.647 0.0000000000
55629  53.590  -19.184  51.242 0.0000000000
54664  52.533  -19.742  51.004 0.0000000000
54686  51.498  -20.597  49.623 0.0000000000
53623  50.410  -21.336  48.274 0.0000000000
53614  49.873  -21.798  49.342 0.0000000000
52642  49.244  -22.213  48.967 0.0000000000
51750  48.245  -23.089  48.895 0.0000000000
45332  47.033  -30.782  51.434 0.0000000000
46387  48.689  -29.430  52.456 0.0000000000
46402  47.572  -29.587  51.320 0.0000000000
47391  46.939  -28.949  50.119 0.0000000000
47404  47.213  -28.095  50.124 0.0000000000
49034  46.711  -26.832  49.172 0.0000000000
48243  45.907  -27.946  48.010 0.0000000000
47434  44.884  -28.557  47.049 0.0000000000
126852  43.247  -28.359  45.542 0.0000000000
48289  41.928  -27.835  44.215 0.0000000000
47458  41.682  -28.742  45.092 0.0000000000
47459  40.921  -29.040  45.103 0.0000000000
46483  39.228  -29.253  44.702 0.0000000000
126225  37.142  -33.613  46.360 0.0000000000
43381  37.029  -32.337  45.831 0.0000000000
42442  35.896  -33.478  45.714 0.0000000000
43384  34.547  -32.706  44.873 0.0000000000
42456  33.060  -33.032  43.643 0.0000000000
35940  36.413  -40.495  52.758 0.0000000000
36968  36.170  -40.071  51.584 0.0000000000
36969  35.601  -39.921  51.478 0.0000000000
37848  34.535  -39.254  50.354 0.0000000000
38656  33.279  -38.220  49.583 0.0000000000
39586  27.544  -36.622  47.668 0.0000000000
38725  26.187  -37.163  46.602 0.0000000000
56733  55.891  -18.048  34.731 0.0000000000
56732  56.678  -18.382  34.111 0.0000000000
56735  57.567  -18.835  33.688 0.0000000000
33866  29.479  -42.987  62.679 0.0000000000
33885  28.263  -43.206  61.638 0.0000000000
32872  28.623  -43.492  62.508 0.0000000000
31971  28.284  -44.356  63.536 0.0000000000
31962  27.961  -44.476  63.600 0.0000000000
31920  29.301  -44.474  66.085 0.0000000000
114352  28.163  -44.753  64.849 0.0000000000
31953  27.374  -44.230  64.538 0.0000000000
32830  26.070  -42.941  64.975 0.0000000000
33800  24.964  -42.634  65.405 0.0000000000
33786  24.279  -42.806  66.079 0.0000000000
34822  38.730  -42.207  62.995 0.0000000000
32867  39.283  -44.164  61.857 0.0000000000
31948  38.030  -44.043  63.900 0.0000000000
32843  36.402  -43.988  63.569 0.0000000000
33839  34.950  -42.946  63.221 0.0000000000
34782  34.392  -41.383  65.670 0.0000000000
34791  34.368  -41.782  64.352 0.0000000000
33862  33.550  -42.582  61.975 0.0000000000
33863  32.634  -42.197  62.247 0.0000000000
115185  31.059  -42.341  62.564 0.0000000000
54738  50.057  -20.640  44.238 0.0000000000
114447  50.875  -20.899  43.174 0.0000000000
54762  50.177  -20.875  43.428 0.0000000000
60196  55.724  -13.481  50.363 0.0000000000
116237  54.558  -16.774  53.457 0.0000000000
57441  54.076  -17.760  54.126 0.0000000000
55600  53.561  -19.132  54.065 0.0000000000
54640  52.166  -20.933  53.399 0.0000000000
44272  50.296  -31.645  55.339 0.0000000000
43295  49.158  -32.161  54.175 0.0000000000
42353  47.892  -33.929  53.932 0.0000000000
43307  47.795  -32.598  53.000 0.0000000000
44307  47.795  -31.690  52.622 0.0000000000
44317  46.109  -31.928  51.377 0.0000000000
44338  44.654  -31.650  50.091 0.0000000000
44353  43.289  -31.325  48.741 0.0000000000
44367  42.134  -31.288  47.801 0.0000000000
44355  41.757  -31.915  48.198 0.0000000000
43359  40.626  -32.963  48.281 0.0000000000
42425  39.309  -33.529  47.595 0.0000000000
41488  41.090  -35.670  49.227 0.0000000000
41492  39.874  -35.020  48.244 0.0000000000
42426  38.646  -34.014  47.382 0.0000000000
41508  37.484  -35.136  46.655 0.0000000000
40588  36.290  -35.910  45.660 0.0000000000
39624  35.726  -36.648  45.325 0.0000000000
37821  31.785  -38.489  53.570 0.0000000000
38637  32.057  -37.584  52.062 0.0000000000
38639  29.978  -38.225  51.906 0.0000000000
38649  29.542  -37.891  51.226 0.0000000000
38662  27.882  -37.713  49.933 0.0000000000
36979  26.358  -39.380  50.897 0.0000000000
37852  26.803  -38.739  50.353 0.0000000000
56706  58.884  -18.498  37.535 0.0000000000
107128  58.429  -18.513  36.622 0.0000000000
56705  59.947  -18.610  37.454 0.0000000000
56704  60.467  -19.176  37.315 0.0000000000
54813  60.682  -20.566  37.425 0.0000000000
54800  60.517  -20.618  38.845 0.0000000000
54806  60.621  -20.565  38.173 0.0000000000
32884  27.001  -43.507  60.703 0.0000000000
32885  26.921  -43.574  60.176 0.0000000000
33903  25.990  -43.077  59.853 0.0000000000
113630  25.123  -41.644  61.106 0.0000000000
34865  25.385  -42.063  60.374 0.0000000000
39443  43.740  -36.920  60.491 0.0000000000
38584  43.436  -37.812  57.571 0.0000000000
38598  43.597  -38.154  57.107 0.0000000000
38621  42.120  -38.276  55.545 0.0000000000
38624  41.623  -37.553  54.784 0.0000000000
37806  41.253  -38.402  55.134 0.0000000000
36934  40.209  -39.311  54.967 0.0000000000
36936  38.727  -40.275  54.327 0.0000000000
35882  39.974  -41.561  56.401 0.0000000000
35900  38.592  -41.326  55.109 0.0000000000
35926  37.331  -40.829  53.564 0.0000000000
35916  36.437  -40.723  53.855 0.0000000000
36937  35.726  -40.030  53.996 0.0000000000
37803  34.003  -38.816  54.767 0.0000000000
123918  37.629  -44.514  60.069 0.0000000000
33910  36.629  -43.663  59.301 0.0000000000
34893  36.216  -42.298  58.376 0.0000000000
34876  33.887  -42.003  59.415 0.0000000000
34894  35.195  -41.770  58.555 0.0000000000
35868  35.243  -40.645  57.311 0.0000000000
35885  34.665  -40.118  56.718 0.0000000000
36928  33.518  -39.331  55.503 0.0000000000
37811  32.469  -38.664  54.207 0.0000000000
37812  30.949  -39.108  53.969 0.0000000000
36950  30.203  -39.428  53.966 0.0000000000
36943  28.878  -39.903  53.912 0.0000000000
35905  29.329  -40.514  55.636 0.0000000000
35918  28.275  -40.330  54.586 0.0000000000
35929  27.224  -40.226  53.841 0.0000000000
35931  25.774  -40.447  53.691 0.0000000000
55710  58.978  -20.674  44.627 0.0000000000
128417  59.311  -22.016  44.355 0.0000000000
54734  58.802  -21.194  44.594 0.0000000000
53700  56.151  -21.510  44.097 0.0000000000
52710  56.059  -22.784  44.814 0.0000000000
53725  51.459  -21.150  42.891 0.0000000000
35697  29.483  -40.148  71.644 0.0000000000
34735  28.524  -41.510  71.151 0.0000000000
32748  28.047  -43.586  70.151 0.0000000000
32735  26.871  -43.444  71.168 0.0000000000
109276  27.155  -44.428  69.791 0.0000000000
31903  26.049  -44.187  68.920 0.0000000000
32785  24.518  -43.497  67.720 0.0000000000
33774  23.049  -42.931  67.269 0.0000000000
33727  22.853  -42.314  71.332 0.0000000000
32776  22.597  -42.684  69.214 0.0000000000
33775  22.118  -42.616  67.686 0.0000000000
33788  22.247  -42.377  65.975 0.0000000000
123059  21.023  -41.962  65.128 0.0000000000
124186  56.708  -18.452  38.078 0.0000000000
56686  57.951  -18.453  38.435 0.0000000000
56669  58.869  -18.056  39.318 0.0000000000
57599  59.240  -17.495  40.157 0.0000000000
57589  57.605  -16.897  40.766 0.0000000000
116408  58.845  -16.885  40.682 0.0000000000
113640  59.473  -17.256  40.824 0.0000000000
56646  59.543  -17.814  41.464 0.0000000000
56638  59.293  -18.343  42.676 0.0000000000
56630  59.106  -19.142  43.764 0.0000000000
58457  58.795  -15.904  43.703 0.0000000000
109263  58.806  -17.179  43.820 0.0000000000
55730  59.050  -20.081  44.491 0.0000000000
55691  58.369  -19.579  45.039 0.0000000000
55692  58.145  -19.430  45.740 0.0000000000
109752  57.257  -19.569  44.921 0.0000000000
55665  57.662  -18.998  47.231 0.0000000000
110191  56.377  -19.213  46.237 0.0000000000
55694  56.171  -19.300  45.192 0.0000000000
55695  54.307  -19.499  45.190 0.0000000000
55696  53.645  -19.689  45.193 0.0000000000
54719  52.279  -20.157  44.968 0.0000000000
58389  56.005  -16.216  50.687 0.0000000000
56546  56.111  -18.378  49.975 0.0000000000
112931  55.466  -18.776  49.494 0.0000000000
108896  54.512  -18.943  50.657 0.0000000000
55647  54.830  -19.052  49.533 0.0000000000
120887  55.010  -19.162  48.668 0.0000000000
121081  53.152  -19.914  47.369 0.0000000000
55680  52.628  -20.089  46.708 0.0000000000
54720  51.429  -20.370  45.371 0.0000000000
54722  49.981  -20.701  45.240 0.0000000000
53664  49.333  -21.134  45.724 0.0000000000
53639  48.870  -21.930  47.390 0.0000000000
53653  48.190  -21.827  45.923 0.0000000000
53567  53.245  -21.170  54.680 0.0000000000
53576  51.991  -22.081  53.487 0.0000000000
48988  52.120  -26.344  54.636 0.0000000000
47359  49.524  -28.521  52.990 0.0000000000
115831  50.601  -26.915  53.424 0.0000000000
49876  52.103  -25.791  54.350 0.0000000000
50786  51.889  -24.418  53.686 0.0000000000
51708  50.965  -23.551  52.705 0.0000000000
52604  50.675  -22.759  52.278 0.0000000000
51721  49.218  -23.284  50.781 0.0000000000
51741  48.185  -23.509  49.436 0.0000000000
50851  47.079  -24.026  48.135 0.0000000000
49053  46.159  -26.491  48.018 0.0000000000
49937  46.064  -25.648  47.602 0.0000000000
50853  46.020  -24.803  47.099 0.0000000000
50871  45.340  -24.287  45.507 0.0000000000
48297  41.505  -27.504  43.630 0.0000000000
127009  39.911  -27.030  42.457 0.0000000000
45385  40.977  -30.961  46.693 0.0000000000
45407  39.377  -30.418  45.566 0.0000000000
46479  38.060  -30.072  44.942 0.0000000000
44391  36.536  -31.689  45.348 0.0000000000
45416  37.167  -30.148  44.698 0.0000000000
38633  40.244  -36.991  53.251 0.0000000000
38642  38.708  -37.189  52.031 0.0000000000
38653  37.745  -37.080  50.558 0.0000000000
38644  36.697  -38.524  51.025 0.0000000000
38655  36.422  -38.111  50.269 0.0000000000
39547  37.031  -36.893  48.528 0.0000000000
38681  36.128  -37.262  47.541 0.0000000000
38718  35.782  -37.337  45.964 0.0000000000
38759  34.224  -37.290  44.852 0.0000000000
38646  32.306  -37.327  50.997 0.0000000000
38657  32.546  -37.389  49.988 0.0000000000
38684  32.019  -37.668  48.357 0.0000000000
110478  29.864  -36.605  47.442 0.0000000000
38706  31.061  -37.632  47.060 0.0000000000
37897  32.172  -38.691  46.890 0.0000000000
37921  32.258  -38.672  45.749 0.0000000000
38742  32.782  -38.269  45.215 0.0000000000
56725  59.341  -18.629  35.344 0.0000000000
56730  59.044  -18.721  34.660 0.0000000000
56734  58.744  -18.993  33.990 0.0000000000
53722  59.346  -22.347  43.747 0.0000000000
38619  43.352  -37.175  55.548 0.0000000000
39507  43.960  -36.854  55.765 0.0000000000
39516  43.024  -36.611  54.633 0.0000000000
39515  43.867  -36.283  54.863 0.0000000000
107205  42.121  -36.291  53.230 0.0000000000
39517  42.160  -36.748  54.287 0.0000000000
121704  59.269  -20.259  43.972 0.0000000000
109172  59.432  -20.940  43.590 0.0000000000
33915  27.797  -42.748  59.964 0.0000000000
33822  23.444  -42.100  64.683 0.0000000000
33823  22.596  -41.998  64.732 0.0000000000
111235  39.024  -41.946  62.164 0.0000000000
34842  38.154  -41.060  61.553 0.0000000000
34841  39.366  -41.840  61.404 0.0000000000
34860  38.799  -41.146  60.888 0.0000000000
33892  40.153  -42.889  61.006 0.0000000000
33878  39.728  -43.416  61.624 0.0000000000
113746  29.787  -42.120  61.545 0.0000000000
59312  56.301  -13.995  49.769 0.0000000000
54654  51.670  -20.731  52.492 0.0000000000
53586  51.045  -21.297  52.008 0.0000000000
53596  50.644  -21.497  51.338 0.0000000000
53587  50.550  -22.060  51.806 0.0000000000
45367  44.432  -30.426  48.597 0.0000000000
46441  44.163  -30.024  47.854 0.0000000000
45382  43.331  -30.319  47.599 0.0000000000
45383  42.510  -30.624  47.353 0.0000000000
37819  33.690  -38.316  53.268 0.0000000000
121164  33.911  -38.302  52.585 0.0000000000
56719  56.346  -18.427  36.269 0.0000000000
34794  31.012  -42.291  64.497 0.0000000000
33799  30.345  -42.995  65.063 0.0000000000
31900  28.459  -44.669  68.075 0.0000000000
31910  28.364  -44.848  67.433 0.0000000000
31901  27.830  -44.784  68.318 0.0000000000
112276  36.530  -40.215  66.195 0.0000000000
113085  36.306  -41.682  65.986 0.0000000000
119286  35.762  -41.264  66.262 0.0000000000
34775  31.124  -41.004  66.020 0.0000000000
34785  31.489  -41.308  65.114 0.0000000000
41402  47.989  -34.492  57.795 0.0000000000
41401  48.690  -34.151  57.470 0.0000000000
41380  49.245  -33.833  58.048 0.0000000000
41400  49.197  -33.814  57.119 0.0000000000
41418  49.065  -33.847  56.280 0.0000000000
108041  48.337  -34.263  55.872 0.0000000000
41482  44.103  -35.245  51.332 0.0000000000
113919  44.761  -34.702  51.571 0.0000000000
42396  44.072  -34.266  50.982 0.0000000000
42406  43.396  -34.516  50.509 0.0000000000
42407  42.792  -34.178  50.068 0.0000000000
120177  39.351  -36.423  48.644 0.0000000000
39558  38.518  -36.467  47.944 0.0000000000
39545  38.704  -36.600  48.526 0.0000000000
36962  28.239  -39.455  52.723 0.0000000000
36963  27.646  -39.525  52.468 0.0000000000
56668  60.170  -18.794  38.753 0.0000000000
34933  25.887  -41.956  56.273 0.0000000000
34867  23.834  -41.058  60.535 0.0000000000
36902  41.676  -40.101  58.267 0.0000000000
36901  42.165  -39.993  57.922 0.0000000000
36907  42.226  -39.951  57.466 0.0000000000
35880  41.688  -40.656  57.329 0.0000000000
35897  41.388  -40.541  56.649 0.0000000000
33940  37.390  -42.480  57.219 0.0000000000
34929  37.596  -42.127  56.329 0.0000000000
34930  36.916  -41.798  56.645 0.0000000000
35883  36.475  -41.041  56.150 0.0000000000
35867  36.180  -41.116  57.037 0.0000000000
32858  35.191  -43.653  61.780 0.0000000000
32871  35.352  -43.801  61.190 0.0000000000
33879  34.633  -43.288  61.284 0.0000000000
35887  32.230  -40.566  56.749 0.0000000000
35888  31.396  -40.630  56.664 0.0000000000
35903  31.074  -40.347  55.941 0.0000000000
35889  30.517  -40.686  56.612 0.0000000000
35893  27.075  -41.009  55.977 0.0000000000
55732  56.013  -20.113  43.884 0.0000000000
55731  56.748  -20.463  43.997 0.0000000000
32725  24.807  -42.625  71.979 0.0000000000
123519  24.450  -42.790  71.531 0.0000000000
108886  24.330  -43.023  70.898 0.0000000000
115466  20.064  -41.978  69.450 0.0000000000
33766  20.175  -42.000  68.572 0.0000000000
57601  56.133  -17.744  39.262 0.0000000000
57602  55.634  -16.657  39.473 0.0000000000
59397  57.804  -15.383  42.150 0.0000000000
58479  58.605  -15.672  41.894 0.0000000000
58470  58.896  -15.562  42.262 0.0000000000
56582  58.254  -18.455  46.247 0.0000000000
57474  55.506  -17.515  51.634 0.0000000000
56530  55.132  -18.043  51.960 0.0000000000
54685  52.413  -20.189  49.205 0.0000000000
119214  51.811  -20.592  47.839 0.0000000000
107165  51.114  -20.953  48.075 0.0000000000
52655  47.733  -22.840  47.529 0.0000000000
50773  52.963  -24.584  54.845 0.0000000000
45308  49.586  -30.627  53.922 0.0000000000
45319  49.134  -30.031  53.183 0.0000000000
48227  47.697  -27.240  50.638 0.0000000000
116543  48.266  -26.972  51.222 0.0000000000
49020  48.631  -26.344  51.440 0.0000000000
49914  47.822  -25.528  50.390 0.0000000000
49028  47.486  -26.338  50.172 0.0000000000
48278  43.766  -27.814  45.535 0.0000000000
48277  44.436  -27.251  45.872 0.0000000000
49078  43.928  -26.926  45.207 0.0000000000
49093  42.965  -27.019  44.088 0.0000000000
47465  38.720  -28.754  44.185 0.0000000000
47464  39.195  -28.218  43.785 0.0000000000
47471  38.314  -28.239  43.571 0.0000000000
121466  39.084  -32.317  46.734 0.0000000000
36946  38.439  -39.798  53.718 0.0000000000
37817  38.118  -39.123  53.002 0.0000000000
36958  37.244  -39.967  52.444 0.0000000000
117464  34.158  -39.239  48.821 0.0000000000
123394  34.620  -39.268  49.017 0.0000000000
37876  33.804  -39.191  48.156 0.0000000000
37894  34.157  -39.015  47.712 0.0000000000
124931  29.032  -36.872  49.521 0.0000000000
39550  28.654  -36.796  49.155 0.0000000000
55803  60.780  -20.022  36.198 0.0000000000
54836  60.564  -20.489  35.824 0.0000000000
35756  31.426  -40.391  67.623 0.0000000000
110933  30.149  -41.305  67.195 0.0000000000
35757  30.591  -40.688  67.769 0.0000000000
35722  29.813  -40.755  69.347 0.0000000000
117421  29.439  -41.455  68.548 0.0000000000
114368  28.863  -42.285  69.050 0.0000000000
124661  28.697  -42.067  69.782 0.0000000000
35737  32.066  -40.109  68.367 0.0000000000
35736  33.000  -40.096  68.450 0.0000000000
35773  31.673  -40.541  66.714 0.0000000000
40439  44.151  -36.341  58.788 0.0000000000
124216  44.792  -36.003  58.549 0.0000000000
39505  45.003  -36.145  55.949 0.0000000000
39491  45.227  -36.178  56.781 0.0000000000
122626  46.264  -35.317  55.520 0.0000000000
112489  45.702  -35.529  55.263 0.0000000000
39521  43.677  -35.877  53.032 0.0000000000
40527  44.896  -35.584  53.082 0.0000000000
40528  44.363  -35.677  52.654 0.0000000000
40533  44.601  -35.517  52.223 0.0000000000
127492  43.499  -35.828  51.277 0.0000000000
40535  43.099  -36.048  51.444 0.0000000000
106847  41.309  -36.232  51.865 0.0000000000
39533  40.622  -36.343  51.430 0.0000000000
35942  24.605  -40.541  52.623 0.0000000000
54775  59.448  -21.598  43.037 0.0000000000
128122  59.385  -21.640  42.254 0.0000000000
34902  27.394  -42.123  58.166 0.0000000000
33916  27.086  -43.410  59.600 0.0000000000
33917  26.674  -43.426  59.093 0.0000000000
32903  26.319  -43.502  58.831 0.0000000000
32895  26.742  -43.453  59.607 0.0000000000
33845  25.627  -42.359  63.530 0.0000000000
33846  24.761  -42.066  63.996 0.0000000000
34810  23.357  -41.545  63.258 0.0000000000
113939  24.036  -41.620  63.120 0.0000000000
34846  22.572  -41.000  61.888 0.0000000000
35804  22.054  -40.740  61.290 0.0000000000
34826  22.140  -41.178  62.665 0.0000000000
34827  21.236  -41.109  62.584 0.0000000000
34828  20.265  -41.160  62.643 0.0000000000
37762  38.284  -38.849  60.365 0.0000000000
35833  39.357  -40.589  59.594 0.0000000000
36897  38.945  -39.839  59.312 0.0000000000
35850  39.814  -40.289  58.986 0.0000000000
117378  41.015  -40.977  59.033 0.0000000000
34873  40.979  -41.741  59.185 0.0000000000
34891  40.925  -42.037  58.418 0.0000000000
32900  38.979  -43.957  59.365 0.0000000000
33909  39.723  -43.366  58.912 0.0000000000
33924  37.734  -43.451  58.331 0.0000000000
33896  32.913  -42.165  60.756 0.0000000000
34880  30.461  -41.234  59.756 0.0000000000
34899  30.946  -41.160  58.875 0.0000000000
34882  28.427  -41.779  59.329 0.0000000000
111248  28.669  -41.294  58.368 0.0000000000
110980  54.480  -20.237  43.773 0.0000000000
54759  53.574  -20.291  43.807 0.0000000000
53703  52.869  -21.610  43.238 0.0000000000
33742  18.800  -42.561  70.405 0.0000000000
33754  18.726  -42.520  69.610 0.0000000000
32764  18.158  -43.031  69.289 0.0000000000
58417  57.351  -16.228  47.417 0.0000000000
59326  57.087  -15.475  48.009 0.0000000000
57502  56.842  -17.670  49.022 0.0000000000
109015  56.720  -18.351  48.879 0.0000000000
57492  56.530  -18.077  49.563 0.0000000000
108146  53.501  -18.999  52.143 0.0000000000
118721  51.722  -20.271  51.299 0.0000000000
54676  51.664  -20.339  50.570 0.0000000000
54687  50.556  -21.254  49.704 0.0000000000
52633  49.405  -22.315  49.728 0.0000000000
52634  48.745  -22.812  49.404 0.0000000000
45339  47.215  -30.100  51.159 0.0000000000
45340  46.643  -30.268  50.630 0.0000000000
46425  46.170  -29.460  49.412 0.0000000000
46414  46.588  -29.546  50.053 0.0000000000
114509  46.521  -29.068  49.601 0.0000000000
47405  46.623  -28.492  49.480 0.0000000000
47419  46.277  -28.178  48.731 0.0000000000
47420  45.817  -28.628  48.305 0.0000000000
47435  44.206  -28.874  46.716 0.0000000000
47448  44.483  -28.077  46.356 0.0000000000
47449  43.720  -28.548  46.051 0.0000000000
47457  42.557  -28.560  45.328 0.0000000000
47450  42.935  -28.904  45.886 0.0000000000
121555  41.742  -29.802  46.068 0.0000000000
46476  41.331  -29.384  45.538 0.0000000000
46477  40.551  -29.568  45.365 0.0000000000
46482  40.142  -29.005  44.793 0.0000000000
110518  39.736  -29.732  45.204 0.0000000000
125751  36.295  -34.138  46.025 0.0000000000
43373  36.693  -33.305  46.064 0.0000000000
125828  35.297  -33.752  45.441 0.0000000000
42450  34.057  -33.193  44.670 0.0000000000
43393  33.597  -32.793  44.206 0.0000000000
36960  35.919  -40.242  52.131 0.0000000000
36961  35.151  -39.637  52.274 0.0000000000
37830  33.821  -38.232  51.869 0.0000000000
37840  34.479  -38.996  51.266 0.0000000000
37841  33.842  -38.405  50.913 0.0000000000
37849  33.877  -38.726  50.000 0.0000000000
56731  57.831  -18.559  34.423 0.0000000000
33865  30.177  -42.870  63.003 0.0000000000
32860  29.265  -43.586  63.214 0.0000000000
32828  29.412  -44.247  64.479 0.0000000000
32848  28.700  -44.116  63.467 0.0000000000
31951  28.376  -44.640  64.307 0.0000000000
33785  29.723  -43.246  66.424 0.0000000000
32810  29.761  -43.770  65.707 0.0000000000
32793  29.466  -44.074  66.608 0.0000000000
31938  28.134  -44.842  65.560 0.0000000000
116739  28.573  -44.856  65.991 0.0000000000
31952  27.868  -44.566  64.312 0.0000000000
32829  26.792  -43.627  64.403 0.0000000000
32811  26.857  -43.796  65.321 0.0000000000
118485  25.630  -43.447  66.686 0.0000000000
32812  25.892  -43.156  65.872 0.0000000000
32795  25.030  -43.054  66.193 0.0000000000
32796  24.611  -43.263  66.855 0.0000000000
35782  37.236  -41.089  64.809 0.0000000000
35789  36.656  -40.409  64.232 0.0000000000
34790  37.739  -41.704  64.265 0.0000000000
34804  37.890  -41.555  63.352 0.0000000000
34803  38.358  -42.353  63.817 0.0000000000
32842  38.544  -43.713  63.634 0.0000000000
126946  38.160  -43.462  64.102 0.0000000000
32808  36.160  -43.140  64.915 0.0000000000
32826  36.581  -43.646  64.305 0.0000000000
32827  35.979  -43.505  64.153 0.0000000000
32844  35.687  -43.683  63.207 0.0000000000
33838  35.454  -43.116  63.859 0.0000000000
34765  34.047  -40.921  66.843 0.0000000000
34773  34.578  -41.296  66.365 0.0000000000
34774  33.889  -41.002  65.908 0.0000000000
34783  33.867  -41.158  64.922 0.0000000000
34792  33.495  -41.484  63.852 0.0000000000
34805  34.252  -42.186  63.413 0.0000000000
33840  33.327  -42.110  62.796 0.0000000000
33841  32.309  -42.087  62.932 0.0000000000
33843  30.810  -42.702  63.294 0.0000000000
119942  30.266  -42.354  62.219 0.0000000000
57440  54.362  -17.459  53.583 0.0000000000
56501  53.860  -18.309  54.693 0.0000000000
55601  52.846  -19.853  53.494 0.0000000000
55589  53.435  -19.816  54.486 0.0000000000
40437  46.316  -35.530  59.606 0.0000000000
42337  49.511  -33.167  55.474 0.0000000000
43268  49.953  -32.525  55.528 0.0000000000
43281  49.481  -32.642  54.858 0.0000000000
124169  49.708  -31.892  54.672 0.0000000000
41444  47.078  -34.845  54.424 0.0000000000
111234  47.670  -34.444  54.597 0.0000000000
41459  46.890  -34.699  53.522 0.0000000000
42381  46.547  -33.667  52.445 0.0000000000
42380  47.246  -33.368  52.839 0.0000000000
43308  47.032  -32.682  52.415 0.0000000000
44316  46.808  -31.751  51.821 0.0000000000
43345  44.035  -32.298  50.211 0.0000000000
44339  43.822  -31.655  49.478 0.0000000000
44340  42.906  -31.991  49.175 0.0000000000
44354  42.513  -31.621  48.487 0.0000000000
42417  41.144  -33.483  48.857 0.0000000000
43358  41.380  -32.599  48.560 0.0000000000
42424  39.945  -33.238  47.933 0.0000000000
40549  41.609  -35.916  49.703 0.0000000000
41497  39.269  -34.596  47.784 0.0000000000
41498  38.697  -35.258  47.482 0.0000000000
41507  38.049  -34.614  47.053 0.0000000000
41499  38.120  -35.790  47.052 0.0000000000
39601  37.205  -36.600  46.677 0.0000000000
40577  36.820  -36.487  46.126 0.0000000000
39623  36.323  -36.737  45.761 0.0000000000
39602  36.048  -37.028  45.674 0.0000000000
111328  30.949  -38.664  53.288 0.0000000000
37832  31.377  -38.161  52.765 0.0000000000
37833  30.384  -38.561  52.697 0.0000000000
37842  28.461  -38.709  51.639 0.0000000000
38650  28.809  -38.184  51.146 0.0000000000
38661  28.365  -37.919  50.550 0.0000000000
37851  27.616  -38.405  50.620 0.0000000000
36973  25.803  -39.958  51.530 0.0000000000
36972  26.629  -39.584  51.708 0.0000000000
37853  26.115  -39.126  50.054 0.0000000000
37862  25.796  -38.853  49.240 0.0000000000
37861  26.491  -38.420  49.532 0.0000000000
56683  60.429  -19.164  38.058 0.0000000000
55793  60.713  -19.849  37.717 0.0000000000
55796  60.817  -19.952  36.941 0.0000000000
55766  60.405  -20.159  39.418 0.0000000000
53750  60.295  -21.006  39.500 0.0000000000
53765  60.371  -21.093  38.722 0.0000000000
33954  25.527  -42.902  56.693 0.0000000000
32883  27.504  -43.337  61.167 0.0000000000
32874  27.420  -43.446  61.490 0.0000000000
33886  26.788  -43.374  61.212 0.0000000000
33902  26.758  -43.458  60.354 0.0000000000
32886  26.747  -43.502  59.775 0.0000000000
34843  25.393  -41.859  61.856 0.0000000000
34885  24.117  -41.457  59.419 0.0000000000
34883  25.052  -42.197  59.594 0.0000000000
38555  40.463  -38.133  60.842 0.0000000000
107175  42.135  -37.792  58.602 0.0000000000
107780  42.134  -37.497  59.708 0.0000000000
38569  42.930  -37.112  59.903 0.0000000000
39453  43.576  -36.669  59.286 0.0000000000
39454  43.104  -37.132  58.513 0.0000000000
37790  42.709  -39.292  57.196 0.0000000000
37789  43.206  -38.688  56.956 0.0000000000
38620  43.022  -38.209  56.211 0.0000000000
37800  42.408  -38.849  56.204 0.0000000000
37801  41.732  -39.036  55.800 0.0000000000
36924  40.401  -39.902  55.441 0.0000000000
36935  39.570  -39.886  54.805 0.0000000000
35913  39.060  -40.727  54.912 0.0000000000
115457  40.033  -42.084  56.951 0.0000000000
34927  39.254  -42.191  56.563 0.0000000000
34939  37.668  -41.764  55.525 0.0000000000
34938  38.136  -41.697  55.294 0.0000000000
35915  37.690  -41.059  54.211 0.0000000000
111372  37.215  -41.078  54.027 0.0000000000
35927  36.820  -40.841  53.454 0.0000000000
115830  36.911  -41.126  54.342 0.0000000000
36926  35.438  -39.726  55.078 0.0000000000
36938  34.893  -39.205  54.506 0.0000000000
31967  38.392  -44.495  62.317 0.0000000000
32868  38.461  -44.543  61.373 0.0000000000
31980  36.931  -44.600  61.078 0.0000000000
32893  36.311  -44.053  60.041 0.0000000000
122964  36.206  -42.977  59.012 0.0000000000
33926  35.441  -42.500  59.059 0.0000000000
124213  33.453  -42.152  59.950 0.0000000000
33913  34.025  -42.565  60.134 0.0000000000
34917  33.747  -41.087  58.084 0.0000000000
34895  34.228  -41.571  58.668 0.0000000000
34916  34.728  -41.089  58.040 0.0000000000
35886  33.659  -40.274  56.794 0.0000000000
36916  34.109  -39.675  56.144 0.0000000000
36939  33.005  -38.954  54.847 0.0000000000
36940  32.082  -39.223  54.835 0.0000000000
127580  31.706  -38.964  54.276 0.0000000000
36941  30.465  -39.650  54.548 0.0000000000
36942  29.701  -39.808  54.310 0.0000000000
35917  29.111  -40.247  54.798 0.0000000000
35891  28.694  -40.777  56.209 0.0000000000
35907  27.560  -40.650  55.196 0.0000000000
35906  28.485  -40.572  55.408 0.0000000000
35919  27.573  -40.382  54.412 0.0000000000
35930  26.454  -40.347  53.798 0.0000000000
35921  25.928  -40.664  54.335 0.0000000000
54733  59.149  -21.555  44.487 0.0000000000
53698  58.273  -21.630  44.608 0.0000000000
53678  58.241  -22.625  44.788 0.0000000000
52691  56.966  -24.013  45.650 0.0000000000
54776  50.311  -21.147  42.976 0.0000000000
120852  50.778  -21.294  42.808 0.0000000000
36710  29.843  -39.519  71.486 0.0000000000
34726  28.831  -40.722  71.751 0.0000000000
123381  28.311  -41.251  71.695 0.0000000000
33738  28.329  -42.384  70.441 0.0000000000
32733  27.779  -42.907  70.818 0.0000000000
31871  26.777  -43.942  70.666 0.0000000000
31870  27.118  -43.883  70.730 0.0000000000
31884  26.589  -44.220  70.151 0.0000000000
31895  26.734  -44.458  69.484 0.0000000000
31896  25.908  -44.113  69.673 0.0000000000
32774  24.367  -43.538  68.537 0.0000000000
32786  23.674  -43.279  67.967 0.0000000000
32797  23.900  -43.227  67.277 0.0000000000
108582  20.809  -41.976  70.474 0.0000000000
127154  21.443  -41.953  71.602 0.0000000000
33739  21.773  -42.102  70.782 0.0000000000
33728  22.073  -42.057  71.683 0.0000000000
32763  22.699  -42.503  70.252 0.0000000000
33750  22.012  -42.287  69.848 0.0000000000
122738  22.077  -42.548  68.493 0.0000000000
106576  22.199  -42.570  66.794 0.0000000000
33789  21.517  -42.284  66.345 0.0000000000
33804  21.620  -42.128  65.592 0.0000000000
107527  20.888  -42.075  65.908 0.0000000000
33805  20.227  -41.960  65.430 0.0000000000
56709  55.593  -17.796  37.547 0.0000000000
56687  56.663  -18.308  38.724 0.0000000000
57590  56.278  -16.972  40.172 0.0000000000
57588  59.227  -16.792  40.902 0.0000000000
59378  58.642  -15.076  43.355 0.0000000000
56631  58.785  -18.608  44.479 0.0000000000
55693  57.411  -19.322  46.074 0.0000000000
55677  55.962  -19.154  47.029 0.0000000000
55676  57.242  -19.151  47.124 0.0000000000
55714  55.000  -19.546  44.594 0.0000000000
55697  52.979  -19.885  45.715 0.0000000000
59313  56.026  -14.558  50.566 0.0000000000
57483  55.954  -18.048  50.861 0.0000000000
126022  55.724  -18.484  50.170 0.0000000000
55646  55.856  -18.560  49.649 0.0000000000
55636  55.466  -18.643  50.046 0.0000000000
55659  53.082  -19.960  48.893 0.0000000000
55648  54.284  -19.259  49.866 0.0000000000
55658  54.121  -19.499  48.917 0.0000000000
55669  53.728  -19.715  47.955 0.0000000000
120279  51.916  -20.437  46.972 0.0000000000
54711  52.076  -20.238  46.016 0.0000000000
54713  50.654  -20.616  45.787 0.0000000000
53665  48.698  -21.357  45.320 0.0000000000
123838  48.795  -21.522  46.086 0.0000000000
53624  49.778  -21.750  48.561 0.0000000000
53638  49.724  -21.568  47.644 0.0000000000
52663  47.721  -22.407  46.607 0.0000000000
53652  48.499  -21.877  46.672 0.0000000000
52674  47.481  -22.192  45.667 0.0000000000
52584  53.081  -22.624  54.583 0.0000000000
53568  52.725  -21.694  54.190 0.0000000000
52593  51.949  -22.942  53.541 0.0000000000
47333  50.804  -28.675  54.430 0.0000000000
47332  51.455  -28.415  55.000 0.0000000000
48171  51.927  -27.662  55.257 0.0000000000
48987  52.392  -26.676  55.238 0.0000000000
48181  51.761  -27.004  54.610 0.0000000000
46386  49.203  -29.171  52.866 0.0000000000
47360  48.958  -28.670  52.442 0.0000000000
115767  49.478  -27.002  52.391 0.0000000000
48207  50.011  -27.137  52.944 0.0000000000
48998  51.063  -26.387  53.600 0.0000000000
49885  51.565  -25.770  53.780 0.0000000000
49884  52.039  -25.148  54.025 0.0000000000
49886  50.971  -25.735  53.250 0.0000000000
50811  49.552  -24.933  51.796 0.0000000000
116601  50.591  -24.296  52.513 0.0000000000
51709  50.338  -23.519  52.112 0.0000000000
51720  49.761  -23.452  51.515 0.0000000000
114669  49.337  -24.135  51.344 0.0000000000
50822  47.723  -24.775  49.942 0.0000000000
50831  48.172  -24.093  50.053 0.0000000000
50832  47.710  -24.170  49.423 0.0000000000
50840  47.267  -24.395  48.877 0.0000000000
49041  46.312  -27.302  48.478 0.0000000000
49922  46.479  -26.466  48.633 0.0000000000
49938  45.603  -25.670  46.836 0.0000000000
50863  45.554  -24.781  46.269 0.0000000000
49956  45.084  -24.989  45.636 0.0000000000
49973  43.716  -25.701  44.156 0.0000000000
47462  41.599  -28.275  44.566 0.0000000000
48307  39.361  -27.253  42.632 0.0000000000
49115  38.934  -27.032  42.022 0.0000000000
44368  41.475  -31.560  47.615 0.0000000000
45384  41.640  -30.949  47.099 0.0000000000
45399  39.016  -31.123  45.937 0.0000000000
45398  39.852  -30.890  46.078 0.0000000000
45408  38.536  -30.610  45.431 0.0000000000
46478  38.886  -29.912  45.088 0.0000000000
43382  36.179  -32.533  45.560 0.0000000000
45418  35.144  -30.320  43.926 0.0000000000
45417  36.463  -30.484  44.637 0.0000000000
46486  36.363  -29.847  44.222 0.0000000000
106371  40.748  -37.796  54.462 0.0000000000
38628  40.319  -37.476  53.860 0.0000000000
37826  38.203  -38.073  52.544 0.0000000000
126411  38.759  -37.589  52.624 0.0000000000
38643  38.193  -37.075  51.237 0.0000000000
37839  36.450  -39.474  51.251 0.0000000000
38667  35.469  -38.557  49.106 0.0000000000
114692  36.052  -38.018  49.504 0.0000000000
38665  36.685  -37.294  49.374 0.0000000000
38666  36.176  -37.435  48.602 0.0000000000
39560  36.980  -36.835  47.712 0.0000000000
37909  34.154  -38.576  46.849 0.0000000000
38704  35.035  -37.880  46.869 0.0000000000
38719  34.845  -37.798  46.039 0.0000000000
38740  34.590  -37.583  45.368 0.0000000000
38741  33.678  -37.958  45.318 0.0000000000
38638  30.907  -37.865  52.010 0.0000000000
38647  31.329  -37.336  51.233 0.0000000000
39549  30.442  -36.558  49.186 0.0000000000
38668  31.886  -37.096  49.398 0.0000000000
118144  32.665  -37.874  49.072 0.0000000000
112425  28.272  -36.426  47.150 0.0000000000
39604  28.779  -36.817  46.320 0.0000000000
38723  30.158  -37.656  46.120 0.0000000000
39583  30.368  -37.239  46.810 0.0000000000
38722  30.832  -37.983  46.343 0.0000000000
38705  31.765  -38.100  47.375 0.0000000000
38721  31.497  -38.333  46.606 0.0000000000
37912  31.848  -38.686  46.206 0.0000000000
38762  31.581  -38.133  44.431 0.0000000000
37933  31.920  -38.461  45.075 0.0000000000
38761  32.425  -37.891  44.571 0.0000000000
57653  55.113  -17.120  33.068 0.0000000000
109238  59.499  -18.563  36.834 0.0000000000
56718  59.478  -18.576  36.100 0.0000000000
56729  60.009  -18.948  34.921 0.0000000000
55813  59.783  -19.256  34.307 0.0000000000
53697  59.273  -22.482  44.240 0.0000000000
108514  31.865  -39.884  69.047 0.0000000000
35721  30.592  -40.274  69.358 0.0000000000
113994  30.196  -40.277  70.136 0.0000000000
38597  44.052  -37.464  56.819 0.0000000000
39479  44.552  -36.838  57.100 0.0000000000
39493  44.299  -36.862  56.238 0.0000000000
40517  45.095  -35.696  54.929 0.0000000000
114372  44.591  -35.827  54.563 0.0000000000
106945  43.541  -36.065  53.978 0.0000000000
39524  43.007  -36.028  52.520 0.0000000000
39526  41.504  -36.341  52.807 0.0000000000
39527  40.855  -36.543  52.875 0.0000000000
33927  27.625  -42.566  59.269 0.0000000000
33901  27.220  -43.419  60.363 0.0000000000
33821  24.356  -42.219  64.644 0.0000000000
34811  22.541  -41.446  63.351 0.0000000000
34797  22.128  -41.672  64.107 0.0000000000
34798  21.140  -41.675  64.253 0.0000000000
36894  37.935  -39.540  60.352 0.0000000000
36893  38.455  -39.558  59.842 0.0000000000
35816  38.969  -40.861  60.242 0.0000000000
34875  40.023  -41.475  60.094 0.0000000000
34858  40.411  -42.373  60.283 0.0000000000
33908  40.043  -43.376  59.853 0.0000000000
33883  31.346  -42.007  61.793 0.0000000000
33897  31.551  -41.785  61.086 0.0000000000
34881  29.408  -41.387  59.699 0.0000000000
54736  53.149  -19.985  44.644 0.0000000000
32753  17.660  -43.688  70.540 0.0000000000
59334  57.120  -14.272  47.932 0.0000000000
59327  56.894  -14.758  48.437 0.0000000000
55619  52.766  -19.501  52.526 0.0000000000
54677  51.090  -20.833  51.157 0.0000000000
113655  50.536  -21.366  50.629 0.0000000000
52624  49.558  -22.500  50.477 0.0000000000
45350  45.519  -30.485  49.624 0.0000000000
45349  46.148  -30.065  49.868 0.0000000000
46426  45.661  -29.395  48.705 0.0000000000
124917  45.334  -29.040  47.892 0.0000000000
46455  43.794  -29.606  47.151 0.0000000000
45396  41.350  -30.437  46.421 0.0000000000
36949  34.926  -39.294  53.147 0.0000000000
38636  33.059  -37.685  51.550 0.0000000000
56728  55.791  -18.137  35.782 0.0000000000
122229  30.394  -43.098  63.827 0.0000000000
32846  29.935  -43.659  64.156 0.0000000000
32781  29.183  -44.327  67.332 0.0000000000
31908  29.191  -44.571  66.776 0.0000000000
31909  28.868  -44.723  67.265 0.0000000000
128127  28.630  -44.855  66.764 0.0000000000
31922  28.067  -44.915  66.585 0.0000000000
31923  27.254  -44.466  66.921 0.0000000000
32783  26.370  -43.978  67.237 0.0000000000
35769  37.028  -41.047  65.706 0.0000000000
123824  37.209  -41.862  65.493 0.0000000000
33797  37.374  -42.869  64.827 0.0000000000
33781  36.848  -42.242  65.746 0.0000000000
32792  36.365  -42.583  65.495 0.0000000000
33798  35.694  -42.523  65.374 0.0000000000
35772  32.534  -40.514  66.527 0.0000000000
35784  33.208  -40.752  65.329 0.0000000000
120534  32.642  -40.643  65.753 0.0000000000
34784  32.396  -40.875  64.895 0.0000000000
34793  32.654  -41.335  64.050 0.0000000000
34807  32.096  -41.883  63.581 0.0000000000
123134  31.448  -42.231  63.874 0.0000000000
33817  30.904  -42.678  63.807 0.0000000000
112198  47.237  -35.137  59.212 0.0000000000
41382  48.010  -34.738  58.854 0.0000000000
41363  48.705  -34.507  59.502 0.0000000000
42302  50.174  -33.048  57.159 0.0000000000
107640  50.476  -32.596  56.822 0.0000000000
116970  49.627  -33.457  56.722 0.0000000000
42320  49.456  -33.488  56.006 0.0000000000
41472  45.686  -35.062  52.594 0.0000000000
41471  46.403  -34.582  52.811 0.0000000000
42382  45.846  -34.420  52.265 0.0000000000
42395  45.345  -34.316  51.808 0.0000000000
42394  45.773  -33.556  51.852 0.0000000000
43318  45.552  -32.598  51.360 0.0000000000
43331  44.114  -33.069  50.712 0.0000000000
126817  43.694  -32.778  50.303 0.0000000000
43347  42.521  -32.712  49.474 0.0000000000
43333  42.838  -33.226  49.900 0.0000000000
108538  42.300  -33.516  49.642 0.0000000000
42414  41.697  -33.959  49.392 0.0000000000
39537  40.444  -36.189  49.244 0.0000000000
40553  40.468  -36.062  48.963 0.0000000000
39544  39.857  -36.240  48.751 0.0000000000
39557  39.249  -36.316  48.292 0.0000000000
40563  38.672  -36.181  47.670 0.0000000000
39581  36.881  -36.878  46.808 0.0000000000
37834  29.504  -38.813  52.459 0.0000000000
37835  28.740  -39.022  52.289 0.0000000000
37843  27.797  -38.867  51.414 0.0000000000
53741  59.775  -21.356  40.379 0.0000000000
32913  25.983  -43.647  58.081 0.0000000000
32862  27.699  -43.758  62.194 0.0000000000
32875  27.229  -43.547  61.497 0.0000000000
124749  24.142  -41.351  61.983 0.0000000000
34844  24.322  -41.293  61.259 0.0000000000
37774  40.265  -38.595  58.889 0.0000000000
38571  40.753  -38.095  59.679 0.0000000000
38587  41.090  -38.429  58.642 0.0000000000
38586  41.785  -38.289  58.456 0.0000000000
37783  42.431  -38.606  57.976 0.0000000000
38585  42.783  -37.881  58.018 0.0000000000
37791  42.477  -39.399  57.638 0.0000000000
36906  42.482  -39.663  56.992 0.0000000000
36913  42.184  -39.470  56.505 0.0000000000
35898  40.523  -40.698  56.052 0.0000000000
33951  38.736  -42.694  57.007 0.0000000000
34953  37.236  -41.431  55.072 0.0000000000
35901  36.700  -41.099  55.221 0.0000000000
116919  35.948  -40.342  55.630 0.0000000000
36915  35.114  -39.742  55.973 0.0000000000
31970  36.360  -44.352  62.347 0.0000000000
33893  35.490  -43.710  60.508 0.0000000000
116425  34.779  -43.106  60.305 0.0000000000
34897  32.595  -41.430  58.779 0.0000000000
34918  32.918  -41.136  58.100 0.0000000000
112859  33.299  -40.739  57.443 0.0000000000
114408  32.910  -40.520  56.904 0.0000000000
36930  31.596  -39.807  55.387 0.0000000000
122448  28.151  -41.020  56.709 0.0000000000
35908  26.789  -40.856  55.329 0.0000000000
35909  26.126  -40.927  55.082 0.0000000000
53702  53.951  -21.469  43.530 0.0000000000
32750  25.644  -43.587  70.664 0.0000000000
31886  25.034  -43.699  69.850 0.0000000000
32751  24.997  -43.474  70.498 0.0000000000
106863  24.240  -43.268  70.157 0.0000000000
32762  23.452  -43.004  69.733 0.0000000000
33741  19.452  -42.222  70.688 0.0000000000
122886  20.625  -42.006  69.836 0.0000000000
33764  21.672  -42.282  69.143 0.0000000000
107967  20.800  -42.163  66.624 0.0000000000
113592  56.999  -17.672  40.060 0.0000000000
107252  57.752  -16.019  41.461 0.0000000000
58469  59.209  -16.027  41.891 0.0000000000
57562  59.095  -16.364  42.997 0.0000000000
121518  58.530  -16.181  44.580 0.0000000000
56561  56.715  -18.618  48.437 0.0000000000
55666  57.139  -18.865  47.804 0.0000000000
55678  54.798  -19.280  47.024 0.0000000000
110176  53.862  -19.601  47.166 0.0000000000
59294  55.492  -14.968  51.874 0.0000000000
58378  55.664  -16.320  51.466 0.0000000000
113290  50.603  -20.853  46.684 0.0000000000
54706  50.024  -21.199  46.944 0.0000000000
52664  46.956  -22.816  46.138 0.0000000000
51771  46.276  -23.170  45.686 0.0000000000
120516  53.259  -23.368  54.841 0.0000000000
124364  52.849  -23.287  54.433 0.0000000000
45299  50.444  -30.659  54.960 0.0000000000
46343  50.892  -30.117  55.262 0.0000000000
46356  50.505  -29.741  54.593 0.0000000000
46370  50.194  -29.170  53.991 0.0000000000
47375  48.050  -28.486  51.416 0.0000000000
48209  48.636  -28.154  51.916 0.0000000000
48219  48.841  -27.217  51.843 0.0000000000
49010  49.905  -26.391  52.578 0.0000000000
49894  50.380  -25.717  52.724 0.0000000000
49895  49.734  -25.682  52.219 0.0000000000
49903  49.081  -25.627  51.621 0.0000000000
50812  48.849  -24.833  51.218 0.0000000000
48266  45.416  -27.261  47.104 0.0000000000
49067  44.843  -26.689  46.152 0.0000000000
49091  44.129  -26.053  44.866 0.0000000000
49102  43.172  -26.256  43.739 0.0000000000
49104  41.868  -26.981  43.148 0.0000000000
48291  40.176  -28.256  44.091 0.0000000000
48300  38.797  -27.701  43.149 0.0000000000
44370  40.153  -31.984  47.138 0.0000000000
44379  38.664  -31.850  46.245 0.0000000000
44389  38.186  -31.334  45.750 0.0000000000
43391  34.774  -31.969  44.750 0.0000000000
38629  39.635  -37.717  53.518 0.0000000000
123036  35.032  -39.533  50.048 0.0000000000
37847  35.479  -39.525  50.352 0.0000000000
37856  35.079  -39.326  49.531 0.0000000000
37874  34.867  -39.002  48.757 0.0000000000
37893  34.787  -38.558  47.858 0.0000000000
37910  33.320  -38.854  46.628 0.0000000000
107222  29.873  -37.306  50.578 0.0000000000
38659  30.735  -37.060  50.519 0.0000000000
39542  30.163  -36.787  49.855 0.0000000000
39561  30.340  -36.498  48.279 0.0000000000
37923  30.780  -38.423  45.376 0.0000000000
51792  58.808  -23.129  44.359 0.0000000000
34776  30.428  -41.570  66.353 0.0000000000
34777  29.832  -42.263  66.765 0.0000000000
34767  29.538  -41.918  67.598 0.0000000000
32771  29.022  -43.892  68.041 0.0000000000
33763  28.689  -43.427  68.814 0.0000000000
32760  28.274  -44.049  69.415 0.0000000000
107491  33.341  -40.552  67.154 0.0000000000
128664  33.435  -40.356  67.915 0.0000000000
39451  44.953  -36.267  60.211 0.0000000000
40438  45.299  -35.823  59.453 0.0000000000
39466  45.040  -36.168  57.626 0.0000000000
40470  45.746  -35.646  57.511 0.0000000000
40457  46.387  -35.242  58.379 0.0000000000
40469  46.499  -35.215  57.288 0.0000000000
40468  47.280  -34.764  57.019 0.0000000000
40484  47.463  -34.681  56.036 0.0000000000
40501  46.891  -34.959  55.329 0.0000000000
108602  46.377  -35.209  54.738 0.0000000000
40526  46.387  -35.172  53.837 0.0000000000
107749  45.114  -35.571  53.893 0.0000000000
114331  45.664  -35.351  53.268 0.0000000000
41473  45.063  -35.272  52.269 0.0000000000
41481  44.640  -35.311  51.866 0.0000000000
40544  43.454  -35.696  50.954 0.0000000000
41484  43.012  -35.333  50.365 0.0000000000
40545  42.793  -35.861  50.483 0.0000000000
40541  42.162  -36.023  50.261 0.0000000000
39531  42.309  -36.174  50.983 0.0000000000
40546  41.231  -36.076  49.748 0.0000000000
126185  40.738  -36.266  49.838 0.0000000000
39538  39.898  -36.440  49.704 0.0000000000
36954  26.879  -40.069  53.264 0.0000000000
36964  26.936  -39.787  52.527 0.0000000000
112009  25.011  -40.405  51.817 0.0000000000
120756  24.378  -40.707  51.930 0.0000000000
56655  59.762  -18.151  40.449 0.0000000000
34921  26.699  -41.984  57.149 0.0000000000
33942  26.392  -42.934  57.744 0.0000000000
32904  25.722  -43.612  58.263 0.0000000000
33844  26.550  -43.206  63.211 0.0000000000
119259  26.179  -42.675  62.743 0.0000000000
34824  24.578  -41.602  62.499 0.0000000000
35803  22.922  -40.830  60.894 0.0000000000
37776  38.941  -39.207  59.556 0.0000000000
37775  39.566  -38.840  59.201 0.0000000000
36903  40.572  -39.921  58.530 0.0000000000
119217  41.436  -40.715  58.501 0.0000000000
35866  41.276  -41.465  57.775 0.0000000000
33922  40.267  -42.599  57.998 0.0000000000
33939  39.415  -43.058  57.933 0.0000000000
116162  38.138  -43.072  57.595 0.0000000000
112904  36.986  -42.621  57.885 0.0000000000
33880  33.859  -42.807  61.344 0.0000000000
33894  34.118  -42.937  60.748 0.0000000000
114187  33.486  -42.555  60.932 0.0000000000
33914  32.933  -41.989  60.098 0.0000000000
34878  32.354  -41.643  59.502 0.0000000000
34898  31.815  -41.310  58.823 0.0000000000
35852  31.333  -41.068  58.101 0.0000000000
35872  30.903  -40.886  57.357 0.0000000000
35873  30.004  -40.878  57.381 0.0000000000
34919  29.065  -40.950  57.515 0.0000000000
55733  55.163  -19.912  43.936 0.0000000000
33730  19.518  -42.217  71.444 0.0000000000
33753  19.398  -42.193  69.893 0.0000000000
33767  19.301  -42.117  68.995 0.0000000000
33778  19.025  -42.055  67.472 0.0000000000
33768  18.777  -42.253  68.285 0.0000000000
32788  18.178  -42.599  67.585 0.0000000000
32778  17.644  -43.599  68.860 0.0000000000
111175  57.675  -16.735  46.740 0.0000000000
57515  57.503  -17.834  47.610 0.0000000000
56560  57.075  -18.356  48.337 0.0000000000
55655  56.107  -18.625  49.029 0.0000000000
57463  54.650  -17.696  52.788 0.0000000000
56531  54.634  -18.281  52.195 0.0000000000
119263  52.868  -19.420  51.753 0.0000000000
54696  50.936  -21.060  48.888 0.0000000000
53613  50.316  -21.457  48.957 0.0000000000
52643  48.632  -22.605  48.597 0.0000000000
52644  48.035  -22.980  48.290 0.0000000000
113633  47.561  -23.386  48.053 0.0000000000
49862  53.189  -25.422  55.816 0.0000000000
45321  48.035  -30.997  52.515 0.0000000000
45330  48.384  -30.212  52.465 0.0000000000
45331  47.693  -30.351  51.828 0.0000000000
46401  48.112  -29.602  51.900 0.0000000000
116291  47.908  -29.090  51.497 0.0000000000
46413  47.092  -29.553  50.669 0.0000000000
47390  47.499  -28.850  50.858 0.0000000000
116014  47.721  -28.099  50.885 0.0000000000
48233  47.137  -27.109  49.827 0.0000000000
48234  46.679  -27.693  49.301 0.0000000000
126433  45.128  -28.800  47.444 0.0000000000
47433  45.415  -28.386  47.569 0.0000000000
48255  45.154  -27.941  46.967 0.0000000000
48279  43.013  -27.989  45.045 0.0000000000
48288  42.666  -27.620  44.445 0.0000000000
47461  42.262  -28.184  44.766 0.0000000000
46475  42.132  -29.165  45.691 0.0000000000
47463  40.939  -28.555  44.637 0.0000000000
42434  37.515  -33.012  46.348 0.0000000000
43383  35.257  -32.774  45.266 0.0000000000
43392  34.087  -32.304  44.441 0.0000000000
35939  36.959  -40.631  52.825 0.0000000000
36959  36.543  -40.257  52.221 0.0000000000
36978  35.177  -39.676  50.798 0.0000000000
36970  34.967  -39.586  51.539 0.0000000000
37858  33.873  -39.042  49.263 0.0000000000
37859  33.419  -38.858  48.667 0.0000000000
38685  27.173  -37.032  48.379 0.0000000000
39564  28.006  -36.746  48.569 0.0000000000
126614  26.805  -36.963  47.779 0.0000000000
39587  26.802  -36.811  47.086 0.0000000000
39606  26.829  -36.870  46.312 0.0000000000
38746  26.465  -37.262  45.622 0.0000000000
39627  27.385  -37.012  45.669 0.0000000000
57650  55.553  -17.386  34.105 0.0000000000
33884  29.198  -42.707  62.032 0.0000000000
127122  28.614  -43.858  63.036 0.0000000000
32861  28.158  -43.992  62.820 0.0000000000
31972  27.906  -44.199  62.932 0.0000000000
31973  27.729  -44.232  63.098 0.0000000000
117376  29.416  -44.381  65.235 0.0000000000
31936  28.957  -44.663  64.783 0.0000000000
120479  28.988  -44.742  65.604 0.0000000000
31963  27.441  -44.216  63.756 0.0000000000
116137  26.839  -43.665  63.672 0.0000000000
115281  23.563  -42.617  65.983 0.0000000000
35793  37.202  -40.820  62.852 0.0000000000
34823  37.990  -41.380  62.460 0.0000000000
33860  39.513  -43.112  62.484 0.0000000000
32856  39.028  -43.994  62.904 0.0000000000
31959  38.241  -44.313  63.211 0.0000000000
31968  37.574  -44.542  62.705 0.0000000000
32825  37.642  -43.509  64.372 0.0000000000
31961  37.010  -44.103  63.823 0.0000000000
31969  36.843  -44.392  63.034 0.0000000000
32857  35.744  -43.971  62.376 0.0000000000
32845  35.065  -43.386  62.425 0.0000000000
34772  35.170  -41.362  66.384 0.0000000000
33783  35.039  -41.842  65.769 0.0000000000
33816  35.048  -42.218  64.957 0.0000000000
120799  34.547  -41.651  65.160 0.0000000000
108501  34.958  -42.495  64.062 0.0000000000
106333  34.268  -42.711  62.523 0.0000000000
33882  32.013  -42.110  62.006 0.0000000000
33864  31.685  -42.236  62.709 0.0000000000
110247  50.849  -20.579  43.814 0.0000000000
56511  54.275  -18.075  53.157 0.0000000000
56512  53.842  -18.500  53.629 0.0000000000
45290  50.890  -30.801  55.644 0.0000000000
124641  49.921  -31.123  54.556 0.0000000000
44293  49.404  -31.393  54.057 0.0000000000
44294  48.846  -31.567  53.582 0.0000000000
41429  48.213  -34.215  54.979 0.0000000000
122011  48.482  -33.687  54.514 0.0000000000
42366  47.608  -33.593  53.367 0.0000000000
42365  48.241  -33.231  53.761 0.0000000000
43296  48.546  -32.380  53.633 0.0000000000
44306  48.277  -31.687  53.055 0.0000000000
44315  47.453  -31.235  52.116 0.0000000000
44324  46.363  -31.166  51.033 0.0000000000
44325  45.523  -31.644  50.695 0.0000000000
44337  45.241  -31.095  50.007 0.0000000000
45352  43.959  -30.996  48.918 0.0000000000
45369  42.893  -30.972  48.065 0.0000000000
43357  42.135  -32.289  48.869 0.0000000000
43364  40.935  -32.146  47.804 0.0000000000
43365  40.233  -32.561  47.693 0.0000000000
43366  39.570  -32.644  47.307 0.0000000000
43367  38.816  -33.043  47.095 0.0000000000
41486  42.490  -35.051  49.898 0.0000000000
41487  41.828  -35.142  49.552 0.0000000000
42415  41.103  -34.614  49.051 0.0000000000
41491  40.504  -35.350  48.721 0.0000000000
42419  39.716  -34.026  48.069 0.0000000000
42433  38.116  -33.489  46.858 0.0000000000
123661  37.489  -33.980  46.660 0.0000000000
42435  36.889  -34.379  46.327 0.0000000000
111906  36.417  -34.956  46.008 0.0000000000
40576  37.457  -36.157  46.607 0.0000000000
41509  36.916  -35.601  46.202 0.0000000000
40589  35.423  -35.610  45.220 0.0000000000
120159  32.242  -38.008  52.893 0.0000000000
117591  29.088  -37.582  50.571 0.0000000000
38669  28.622  -37.274  49.865 0.0000000000
39551  28.019  -37.167  49.313 0.0000000000
36971  27.365  -39.352  51.886 0.0000000000
37844  27.088  -39.057  51.155 0.0000000000
37860  27.199  -38.079  49.806 0.0000000000
38670  27.499  -37.536  49.397 0.0000000000
56707  57.579  -18.545  37.455 0.0000000000
33918  25.512  -43.262  58.946 0.0000000000
33868  26.197  -42.568  61.968 0.0000000000
107153  41.457  -37.887  60.624 0.0000000000
39434  43.985  -37.216  61.644 0.0000000000
39452  44.231  -36.452  59.859 0.0000000000
39467  43.708  -36.895  58.057 0.0000000000
39480  44.005  -37.420  57.290 0.0000000000
38610  43.558  -38.084  56.772 0.0000000000
37807  40.465  -38.641  54.757 0.0000000000
37802  40.910  -39.193  55.362 0.0000000000
37808  39.716  -39.020  54.466 0.0000000000
36945  39.097  -39.532  54.226 0.0000000000
35925  38.001  -40.632  53.860 0.0000000000
35899  39.467  -41.117  55.593 0.0000000000
34937  38.918  -41.755  55.807 0.0000000000
35914  38.303  -40.966  54.488 0.0000000000
35928  36.259  -40.574  53.285 0.0000000000
115044  35.111  -39.388  53.713 0.0000000000
37809  34.387  -38.750  53.821 0.0000000000
37810  33.420  -38.516  54.094 0.0000000000
125577  39.054  -44.364  61.154 0.0000000000
32880  38.637  -44.401  60.395 0.0000000000
32891  37.949  -44.288  59.456 0.0000000000
32882  36.934  -44.480  60.372 0.0000000000
32892  37.108  -44.237  59.645 0.0000000000
32902  37.385  -43.845  58.968 0.0000000000
33925  36.959  -43.176  58.513 0.0000000000
33912  34.718  -42.583  59.655 0.0000000000
125260  34.672  -42.070  59.080 0.0000000000
34915  35.752  -41.401  57.853 0.0000000000
37822  30.304  -39.064  53.420 0.0000000000
125332  31.258  -39.457  54.717 0.0000000000
36951  29.633  -39.453  53.610 0.0000000000
36952  28.353  -39.741  53.330 0.0000000000
36944  27.998  -40.096  53.856 0.0000000000
35922  25.143  -40.685  54.020 0.0000000000
35932  24.439  -40.720  53.502 0.0000000000
53677  59.030  -22.316  44.571 0.0000000000
53679  57.249  -22.787  44.885 0.0000000000
52730  51.973  -21.626  42.924 0.0000000000
36725  30.437  -39.325  71.057 0.0000000000
35708  29.536  -40.801  70.255 0.0000000000
34734  29.248  -40.823  71.125 0.0000000000
33737  28.928  -41.474  70.403 0.0000000000
31882  27.772  -44.205  69.854 0.0000000000
33726  27.443  -42.706  71.333 0.0000000000
32734  27.260  -43.393  71.050 0.0000000000
31883  27.218  -44.207  70.221 0.0000000000
31894  27.432  -44.562  69.233 0.0000000000
31902  26.970  -44.613  68.725 0.0000000000
31912  26.194  -44.160  68.092 0.0000000000
31904  25.128  -43.815  69.111 0.0000000000
32773  25.261  -43.811  68.300 0.0000000000
33787  23.714  -42.941  66.627 0.0000000000
106936  22.961  -42.625  66.356 0.0000000000
32787  22.825  -42.920  68.233 0.0000000000
33803  22.243  -42.145  65.319 0.0000000000
33825  20.445  -41.822  64.749 0.0000000000
123947  18.699  -42.097  66.130 0.0000000000
56708  56.231  -18.408  37.311 0.0000000000
57587  59.498  -17.664  40.206 0.0000000000
59387  58.603  -15.076  42.889 0.0000000000
58463  58.897  -15.483  42.843 0.0000000000
110784  56.265  -15.416  49.981 0.0000000000
127081  56.258  -16.575  50.176 0.0000000000
58388  56.252  -17.595  50.342 0.0000000000
56541  55.013  -18.518  51.209 0.0000000000
55637  55.144  -18.672  50.463 0.0000000000
117728  54.857  -18.966  49.884 0.0000000000
55657  55.065  -19.042  49.153 0.0000000000
54721  50.743  -20.483  44.774 0.0000000000
54624  53.504  -20.514  54.907 0.0000000000
54625  52.948  -20.618  54.179 0.0000000000
48977  52.878  -25.979  55.553 0.0000000000
115980  52.561  -25.870  54.917 0.0000000000
46371  49.659  -29.184  53.426 0.0000000000
47345  50.162  -28.411  53.637 0.0000000000
48196  49.867  -27.883  53.125 0.0000000000
48194  51.066  -27.133  53.979 0.0000000000
49875  52.563  -25.196  54.616 0.0000000000
50785  52.483  -24.505  54.310 0.0000000000
51697  52.361  -23.659  53.978 0.0000000000
50798  50.827  -25.050  52.884 0.0000000000
50797  51.238  -24.359  53.086 0.0000000000
51698  51.617  -23.602  53.321 0.0000000000
52603  51.345  -22.652  52.932 0.0000000000
118229  50.954  -22.058  52.388 0.0000000000
52613  50.160  -22.768  51.655 0.0000000000
52614  49.703  -22.789  51.129 0.0000000000
51722  48.726  -24.070  50.686 0.0000000000
51732  48.647  -23.389  50.082 0.0000000000
51742  47.706  -23.629  48.738 0.0000000000
49033  47.073  -26.362  49.604 0.0000000000
111983  46.776  -25.989  49.130 0.0000000000
49921  46.958  -25.162  49.038 0.0000000000
49054  45.704  -26.497  47.337 0.0000000000
49929  46.508  -25.613  48.409 0.0000000000
50841  46.819  -24.752  48.486 0.0000000000
50852  46.481  -24.765  47.853 0.0000000000
50862  46.589  -23.945  47.278 0.0000000000
120976  46.084  -24.173  46.632 0.0000000000
51765  45.864  -23.896  45.998 0.0000000000
49105  41.033  -27.130  43.001 0.0000000000
48298  40.632  -27.642  43.527 0.0000000000
48306  40.190  -27.242  42.896 0.0000000000
45397  40.621  -30.633  46.214 0.0000000000
44378  40.345  -31.279  46.617 0.0000000000
45406  40.199  -30.222  45.689 0.0000000000
46484  38.391  -29.403  44.575 0.0000000000
44390  37.372  -31.531  45.563 0.0000000000
44400  36.085  -31.065  44.819 0.0000000000
45410  36.891  -30.943  45.093 0.0000000000
38634  39.432  -37.164  52.740 0.0000000000
39534  39.760  -36.594  51.740 0.0000000000
39535  39.282  -36.583  50.934 0.0000000000
39539  38.792  -36.629  50.145 0.0000000000
39540  38.278  -36.730  49.491 0.0000000000
37828  36.814  -39.692  51.836 0.0000000000
37838  37.065  -38.737  51.611 0.0000000000
37846  36.132  -39.266  50.615 0.0000000000
116263  37.320  -37.791  51.294 0.0000000000
38654  37.205  -37.138  49.982 0.0000000000
39546  37.666  -36.825  48.937 0.0000000000
39559  37.892  -36.669  48.030 0.0000000000
115065  35.450  -37.742  47.443 0.0000000000
38703  36.022  -37.263  46.652 0.0000000000
38739  35.437  -37.231  45.477 0.0000000000
39625  35.034  -37.038  44.974 0.0000000000
38658  31.662  -37.020  50.330 0.0000000000
114351  32.750  -38.516  48.293 0.0000000000
39585  28.480  -36.419  47.902 0.0000000000
39562  29.312  -36.364  48.114 0.0000000000
39603  29.623  -36.937  46.622 0.0000000000
125690  30.601  -36.916  47.465 0.0000000000
39582  31.234  -37.143  47.862 0.0000000000
38683  32.471  -38.601  47.627 0.0000000000
37896  32.845  -38.992  47.149 0.0000000000
37911  32.570  -38.828  46.434 0.0000000000
37920  33.079  -38.626  45.881 0.0000000000
37922  31.503  -38.558  45.556 0.0000000000
38760  33.318  -37.583  44.706 0.0000000000
123560  58.606  -18.505  35.826 0.0000000000
55818  58.317  -19.546  33.331 0.0000000000
123380  59.182  -22.527  43.529 0.0000000000
31872  26.239  -43.878  70.540 0.0000000000
31935  37.097  -43.687  64.367 0.0000000000
31937  28.535  -44.800  65.146 0.0000000000
31949  37.491  -43.997  63.989 0.0000000000
31960  37.556  -44.310  63.472 0.0000000000
31976  37.485  -44.652  61.752 0.0000000000
31977  36.595  -44.513  61.690 0.0000000000
32722  27.024  -42.935  71.626 0.0000000000
32749  27.502  -43.817  70.459 0.0000000000
32772  28.560  -44.316  68.556 0.0000000000
32791  36.901  -42.775  65.214 0.0000000000
32806  37.139  -43.231  64.743 0.0000000000
32879  39.530  -43.969  61.033 0.0000000000
32881  37.657  -44.623  60.802 0.0000000000
33710  27.365  -42.156  71.775 0.0000000000
33725  27.949  -42.022  71.427 0.0000000000
33796  37.957  -42.937  64.525 0.0000000000
33814  38.416  -42.994  64.054 0.0000000000
33837  38.973  -43.072  63.427 0.0000000000
34780  37.507  -42.355  64.903 0.0000000000
34781  37.488  -41.751  64.979 0.0000000000
34874  40.702  -42.056  59.727 0.0000000000
34926  40.613  -41.730  57.106 0.0000000000
34951  38.013  -41.378  54.706 0.0000000000
35696  30.064  -39.839  71.226 0.0000000000
37786  40.046  -39.096  58.655 0.0000000000
38743  30.613  -38.172  45.790 0.0000000000
39563  28.787  -36.524  48.559 0.0000000000
39584  29.045  -36.454  47.264 0.0000000000
39605  27.637  -36.621  46.547 0.0000000000
41442  47.958  -34.158  54.414 0.0000000000
41443  47.504  -34.435  54.052 0.0000000000
41458  47.394  -34.194  53.575 0.0000000000
44308  47.382  -31.981  52.411 0.0000000000
45309  49.123  -30.902  53.536 0.0000000000
45366  45.183  -30.165  48.943 0.0000000000
46487  35.780  -30.390  44.319 0.0000000000
47321  51.804  -28.569  55.652 0.0000000000
48182  51.314  -27.807  54.529 0.0000000000
48195  50.408  -27.565  53.511 0.0000000000
48254  45.546  -27.779  47.467 0.0000000000
48997  51.620  -26.400  54.151 0.0000000000
50757  53.255  -24.842  55.556 0.0000000000
50772  53.204  -24.565  55.211 0.0000000000
50787  51.441  -25.099  53.443 0.0000000000
52583  53.437  -22.652  55.156 0.0000000000
107454  48.859  -32.936  54.293 0.0000000000
108376  27.525  -44.386  69.653 0.0000000000
115006  36.993  -37.683  50.746 0.0000000000
118780  36.220  -40.995  66.837 0.0000000000
119994  27.699  -44.541  65.055 0.0000000000
122115  36.204  -44.178  62.901 0.0000000000
125117  48.704  -34.096  56.682 0.0000000000
125733  49.870  -32.211  55.099 0.0000000000
126244  28.158  -42.207  71.000 0.0000000000
127017  37.145  -42.430  65.248 0.0000000000
