#!ascii label  , from subject sub-v1s4x0050710_ses-1 vox2ras=TkReg
675
15115  25.686  -64.943  -4.410 0.6000000238
18728  19.420  -60.291  -1.897 0.6999999881
107166  20.054  -61.392  -2.944 0.6999999881
17841  22.624  -61.708  -5.645 0.8999999762
16925  23.582  -62.477  -5.094 0.8000000119
16010  23.994  -63.280  -4.896 0.8000000119
15100  26.215  -64.498  -3.577 0.6000000238
15114  26.626  -65.020  -4.208 0.6999999881
15125  27.717  -64.951  -5.174 0.6999999881
111901  19.395  -60.000  -1.009 0.6999999881
19582  18.362  -59.284  -0.363 0.6999999881
17825  19.763  -61.110  -2.263 0.6999999881
16899  21.063  -62.223  -2.360 0.6000000238
16912  21.448  -61.960  -3.374 0.6999999881
17832  21.299  -61.571  -4.356 0.6999999881
127684  22.064  -61.704  -4.187 0.8000000119
16910  23.858  -62.290  -3.746 0.8000000119
109620  23.503  -62.108  -4.505 0.8000000119
15102  24.601  -63.476  -4.178 0.8000000119
15101  25.369  -64.120  -3.772 0.6000000238
15099  27.133  -64.550  -3.552 0.6000000238
15113  27.465  -64.846  -4.327 0.6999999881
114629  28.282  -64.543  -5.375 0.6999999881
19581  19.202  -59.600  -0.112 0.5000000000
19569  18.374  -59.493  0.389 0.6000000238
17811  19.843  -60.644  -0.415 0.4000000060
17819  19.896  -61.167  -1.408 0.6000000238
113428  20.642  -62.075  -1.475 0.5000000000
16898  22.112  -62.301  -2.541 0.6000000238
109196  22.488  -61.916  -3.587 0.8000000119
116322  23.636  -62.209  -3.029 0.6999999881
15981  24.799  -62.792  -3.007 0.6999999881
15979  26.298  -63.495  -2.443 0.6999999881
15995  27.582  -64.009  -2.993 0.5000000000
15098  27.937  -64.304  -3.773 0.6000000238
16009  28.625  -63.819  -4.265 0.6000000238
15112  28.161  -64.472  -4.624 0.6000000238
15124  28.671  -64.297  -5.970 0.5000000000
18705  19.296  -59.955  1.475 0.5000000000
17794  18.018  -60.456  1.192 0.6000000238
122997  17.856  -61.153  1.368 0.6000000238
18716  19.172  -59.715  0.797 0.5000000000
127806  22.326  -62.516  -1.630 0.5000000000
16882  23.136  -62.329  -2.142 0.6000000238
16896  24.094  -62.355  -2.237 0.6000000238
15980  25.456  -63.157  -2.661 0.6000000238
15978  27.162  -63.596  -2.389 0.5000000000
125114  27.949  -63.385  -2.510 0.5000000000
15994  28.363  -63.601  -3.322 0.6000000238
121777  28.915  -62.940  -3.527 0.6000000238
118293  29.071  -63.524  -4.981 0.5000000000
16932  29.734  -62.722  -6.062 0.5000000000
16023  29.773  -63.320  -7.048 0.5000000000
16015  29.242  -63.602  -5.887 0.5000000000
125705  18.420  -60.319  1.513 0.5000000000
16851  17.915  -61.725  1.790 0.5000000000
17810  20.337  -61.230  0.188 0.5000000000
16860  20.934  -62.015  0.052 0.4000000060
16857  23.098  -62.407  0.430 0.3000000119
16868  22.546  -62.605  -0.197 0.4000000060
16866  24.290  -62.357  -0.597 0.3000000119
16856  23.975  -62.258  0.206 0.3000000119
16881  23.750  -62.441  -1.323 0.5000000000
16880  24.625  -62.419  -1.429 0.5000000000
16878  26.427  -62.577  -1.422 0.5000000000
15968  26.734  -63.116  -1.898 0.5000000000
16893  28.190  -62.676  -2.091 0.5000000000
15977  28.575  -62.873  -2.763 0.6000000238
16891  29.076  -62.213  -3.109 0.6000000238
16008  29.140  -63.064  -4.369 0.5000000000
121527  29.663  -62.279  -5.511 0.5000000000
17793  18.342  -60.926  1.969 0.5000000000
18695  18.925  -60.219  1.906 0.5000000000
18704  20.481  -60.548  1.644 0.5000000000
17803  21.010  -61.458  1.232 0.4000000060
16859  21.416  -62.060  0.684 0.5000000000
16849  22.747  -62.072  1.142 0.4000000060
17801  24.449  -61.730  0.604 0.3000000119
16855  24.834  -62.066  -0.037 0.3000000119
124291  26.303  -62.137  -0.898 0.4000000060
127195  27.113  -62.657  -1.553 0.5000000000
16876  28.326  -61.952  -1.759 0.4000000060
115499  29.296  -62.287  -3.972 0.5000000000
18758  29.408  -60.780  -5.115 0.5000000000
17840  29.466  -61.529  -4.509 0.5000000000
119930  30.336  -61.820  -7.320 0.5000000000
16941  29.979  -61.365  -6.801 0.4000000060
108145  29.844  -61.829  -6.072 0.5000000000
122224  18.680  -61.402  2.707 0.5000000000
122227  19.559  -60.413  2.540 0.5000000000
117130  20.191  -60.186  2.103 0.5000000000
17792  21.244  -61.129  1.775 0.4000000060
121636  22.478  -61.556  1.650 0.4000000060
17791  24.061  -61.355  1.228 0.3000000119
110001  25.309  -61.502  0.309 0.3000000119
17809  26.616  -61.585  -0.493 0.4000000060
17808  27.302  -61.308  -0.646 0.4000000060
18727  28.294  -60.457  -1.278 0.4000000060
17817  27.095  -62.034  -1.057 0.4000000060
17816  27.956  -61.419  -1.172 0.4000000060
17815  28.686  -61.142  -1.885 0.5000000000
18742  28.927  -60.047  -3.070 0.5000000000
17823  29.089  -61.353  -2.744 0.6000000238
121807  29.048  -60.159  -5.759 0.4000000060
18767  29.551  -60.843  -6.142 0.5000000000
17785  20.011  -60.541  3.230 0.4000000060
17783  21.826  -61.022  2.145 0.4000000060
18693  20.285  -60.363  2.645 0.4000000060
18703  22.777  -61.018  2.107 0.4000000060
119674  23.235  -61.541  1.502 0.4000000060
18713  25.673  -60.850  0.551 0.4000000060
18712  26.426  -60.519  0.306 0.4000000060
17800  26.161  -61.243  0.075 0.4000000060
18723  26.940  -60.890  -0.158 0.4000000060
18721  28.065  -59.851  -0.897 0.4000000060
110246  28.631  -60.260  -1.891 0.5000000000
19596  28.616  -59.643  -2.418 0.5000000000
19605  28.672  -59.488  -3.340 0.6000000238
18750  29.066  -60.115  -4.750 0.5000000000
18759  28.555  -59.614  -5.337 0.4000000060
17776  20.404  -60.752  3.974 0.4000000060
18692  21.316  -60.315  2.918 0.4000000060
18683  20.715  -60.424  3.397 0.4000000060
18690  23.152  -60.194  2.341 0.4000000060
18700  25.194  -60.351  0.962 0.4000000060
18711  27.111  -60.095  0.027 0.4000000060
19589  27.881  -59.114  -1.047 0.4000000060
19588  28.345  -59.670  -1.531 0.4000000060
20531  28.312  -58.866  -2.805 0.5000000000
20535  28.275  -58.890  -3.782 0.4000000060
19613  28.663  -59.521  -4.284 0.6000000238
18682  21.434  -60.311  3.656 0.4000000060
18681  22.141  -60.147  3.312 0.4000000060
18702  23.595  -60.818  1.769 0.4000000060
18701  24.382  -60.582  1.379 0.4000000060
19567  25.512  -59.505  0.773 0.4000000060
20499  26.189  -58.966  0.266 0.5000000000
19566  27.000  -59.294  -0.013 0.4000000060
107466  27.365  -58.583  -0.895 0.3000000119
21404  27.150  -57.850  -1.941 0.3000000119
20520  27.608  -58.428  -1.521 0.4000000060
20532  27.799  -58.272  -3.284 0.4000000060
20536  27.659  -58.382  -4.356 0.4000000060
107042  20.966  -60.491  4.037 0.4000000060
111778  23.798  -59.968  1.850 0.4000000060
19556  24.531  -59.637  1.334 0.4000000060
19568  24.768  -58.970  1.006 0.3000000119
20511  25.701  -58.260  -0.073 0.3000000119
20510  26.734  -58.522  -0.397 0.3000000119
21405  26.292  -57.601  -1.636 0.3000000119
21413  27.228  -57.797  -2.804 0.3000000119
21419  27.061  -57.726  -3.847 0.4000000060
113997  26.249  -57.744  -5.556 0.4000000060
19537  22.757  -59.684  3.626 0.3000000119
19547  22.814  -59.721  2.937 0.3000000119
122723  23.402  -59.416  2.464 0.3000000119
115817  24.211  -58.708  1.410 0.3000000119
20501  24.361  -58.260  0.852 0.3000000119
20512  24.642  -57.984  0.211 0.3000000119
21406  25.187  -57.413  -1.396 0.4000000060
21415  25.438  -57.264  -2.251 0.3000000119
21420  26.610  -57.476  -3.157 0.3000000119
113985  26.171  -57.268  -3.770 0.4000000060
106868  25.597  -57.280  -5.412 0.4000000060
21427  24.980  -57.025  -6.133 0.4000000060
21394  24.942  -57.673  -0.540 0.4000000060
22249  23.349  -56.553  -2.536 0.4000000060
21416  24.205  -57.015  -2.023 0.4000000060
22248  24.423  -56.978  -3.004 0.3000000119
125526  25.279  -57.054  -3.635 0.4000000060
22259  23.826  -56.320  -4.459 0.4000000060
22267  24.243  -56.312  -5.658 0.4000000060
22258  24.804  -56.697  -5.042 0.4000000060
22254  23.460  -56.475  -3.379 0.5000000000
22260  23.241  -56.073  -3.792 0.4000000060
22268  23.552  -55.805  -4.909 0.4000000060
21428  24.757  -56.715  -6.536 0.3000000119
23094  23.416  -55.376  -5.509 0.3000000119
114594  24.963  -64.427  -4.412 0.6999999881
128432  22.844  -61.767  -4.598 0.8000000119
16909  24.421  -62.727  -3.632 0.6999999881
15996  25.840  -63.835  -3.063 0.6999999881
16884  21.170  -62.351  -0.727 0.4000000060
118176  22.855  -62.600  -1.082 0.4000000060
16895  24.931  -62.617  -2.253 0.6999999881
15080  26.715  -64.085  -2.918 0.6999999881
17804  20.377  -60.892  0.921 0.5000000000
16894  25.874  -62.936  -1.958 0.5000000000
16865  25.034  -62.269  -0.738 0.4000000060
16892  28.719  -62.073  -2.345 0.6000000238
17831  29.308  -61.483  -3.616 0.5000000000
19604  29.038  -60.063  -3.807 0.6000000238
124956  25.899  -60.216  0.648 0.3000000119
20527  27.782  -58.307  -2.340 0.4000000060
18668  21.540  -60.431  4.416 0.4000000060
21414  26.484  -57.495  -2.448 0.3000000119
21421  25.787  -57.227  -3.027 0.3000000119
22253  24.449  -56.781  -4.014 0.3000000119
121327  23.756  -55.579  -6.142 0.3000000119
15152  19.979  -64.448  -7.994 0.6000000238
14284  20.440  -65.292  -7.359 0.6000000238
12461  21.644  -67.428  -5.410 0.6000000238
12482  22.216  -67.924  -5.902 0.6000000238
15153  18.292  -64.560  -8.396 0.5000000000
15168  19.636  -63.781  -8.528 0.6000000238
16953  20.759  -62.171  -8.286 0.6999999881
15167  20.261  -63.601  -8.384 0.6999999881
15137  19.258  -64.684  -7.798 0.6000000238
119399  20.569  -64.905  -7.537 0.6000000238
13381  20.812  -66.107  -7.236 0.6000000238
13398  21.400  -66.420  -7.331 0.6000000238
12502  21.632  -67.155  -7.223 0.6000000238
12483  21.603  -67.501  -6.411 0.6000000238
12500  22.781  -67.998  -7.390 0.6000000238
11627  24.098  -68.569  -6.975 0.6999999881
16964  18.637  -62.707  -8.602 0.6000000238
17878  20.089  -61.391  -7.655 0.6999999881
15169  18.593  -64.044  -8.767 0.5000000000
16962  20.150  -62.050  -8.300 0.6999999881
16043  20.115  -62.954  -8.620 0.6999999881
16035  21.442  -62.836  -7.907 0.6999999881
15151  20.784  -63.944  -7.943 0.6999999881
14282  21.563  -65.967  -7.438 0.5000000000
12511  22.318  -67.263  -7.636 0.6000000238
11639  23.486  -68.072  -7.722 0.6000000238
11628  23.377  -68.449  -6.938 0.6999999881
11648  24.457  -67.836  -8.796 0.6999999881
108522  25.596  -68.506  -7.689 0.6999999881
11647  25.413  -68.200  -8.705 0.6999999881
10746  32.863  -69.633  -7.471 0.4000000060
11643  30.358  -68.787  -9.042 0.5000000000
11652  29.568  -68.206  -9.669 0.6000000238
11645  27.828  -68.271  -8.974 0.6000000238
112754  26.283  -68.291  -8.807 0.6999999881
18771  16.814  -60.131  -6.468 0.5000000000
18783  17.744  -60.736  -6.831 0.5000000000
18769  18.312  -60.370  -6.207 0.6000000238
17880  17.582  -61.689  -7.610 0.5000000000
18781  19.251  -60.911  -6.777 0.6999999881
17879  18.570  -61.308  -7.417 0.5000000000
16954  18.421  -61.990  -8.090 0.6000000238
17865  20.686  -61.311  -7.495 0.6999999881
17877  20.642  -61.635  -7.962 0.6999999881
16952  21.253  -62.216  -8.090 0.6999999881
15150  21.098  -64.945  -7.484 0.6999999881
12510  23.026  -67.253  -8.179 0.6000000238
12515  24.065  -67.215  -9.274 0.6999999881
12513  25.718  -67.676  -9.753 0.6999999881
11654  27.336  -67.775  -9.851 0.6000000238
120975  26.463  -67.558  -10.071 0.6000000238
19608  16.695  -59.253  -4.148 0.5000000000
19626  15.303  -59.209  -5.501 0.4000000060
19624  17.041  -59.354  -5.615 0.5000000000
113987  16.803  -59.098  -5.017 0.5000000000
18770  17.542  -59.979  -6.167 0.5000000000
18752  18.241  -59.655  -4.567 0.6000000238
18761  18.297  -60.028  -5.576 0.6000000238
17856  20.241  -60.984  -5.801 0.6999999881
121368  18.874  -60.588  -6.260 0.6000000238
116565  20.555  -61.048  -6.870 0.6999999881
16944  21.832  -61.967  -7.530 0.6999999881
16034  21.551  -63.855  -7.427 0.6999999881
14269  22.247  -65.702  -7.244 0.6999999881
114370  22.162  -66.402  -7.599 0.6999999881
13396  23.146  -66.703  -8.265 0.6999999881
123322  23.667  -66.856  -8.878 0.6999999881
13408  24.370  -66.650  -9.595 0.8000000119
12524  25.063  -66.794  -10.203 0.6999999881
12520  29.901  -67.837  -10.190 0.5000000000
114683  27.790  -67.435  -10.217 0.6000000238
12523  25.857  -66.994  -10.468 0.6000000238
18746  15.646  -59.953  -3.827 0.4000000060
19607  17.331  -59.276  -3.642 0.6000000238
19615  17.228  -59.215  -4.432 0.6000000238
18744  18.237  -59.436  -3.577 0.6000000238
18743  18.969  -60.150  -3.970 0.6000000238
109456  20.440  -61.244  -4.616 0.6000000238
17843  21.183  -61.302  -5.346 0.6999999881
109431  21.434  -61.354  -7.062 0.6999999881
16943  22.437  -62.111  -6.832 0.6999999881
16026  22.113  -62.708  -7.243 0.6999999881
16024  22.892  -63.808  -6.175 0.8000000119
16025  22.282  -63.791  -6.774 0.8000000119
14256  23.320  -65.366  -6.666 0.6000000238
110689  23.452  -66.352  -8.354 0.6000000238
13394  24.552  -65.928  -9.309 0.8000000119
13407  24.974  -66.001  -10.004 0.6999999881
12521  28.730  -67.524  -10.200 0.6000000238
13415  26.873  -66.181  -10.663 0.6999999881
12528  30.238  -67.126  -10.487 0.6000000238
119782  16.710  -60.436  -2.206 0.5000000000
17826  16.310  -61.198  -2.331 0.4000000060
16886  15.810  -62.701  -1.887 0.4000000060
19599  17.483  -59.326  -2.652 0.5000000000
19600  16.976  -59.351  -3.263 0.5000000000
18735  18.748  -59.703  -3.062 0.6000000238
17834  19.820  -61.029  -3.822 0.6000000238
16934  22.869  -61.994  -6.129 0.8000000119
16017  23.428  -63.219  -5.630 0.8000000119
15126  24.012  -64.902  -5.582 0.6000000238
14268  24.104  -65.579  -6.714 0.6000000238
14279  24.658  -65.711  -8.229 0.6999999881
14278  25.436  -65.407  -8.969 0.6999999881
14292  26.777  -65.006  -10.179 0.6999999881
13414  27.826  -66.643  -10.608 0.6000000238
14300  27.031  -65.386  -10.539 0.6000000238
15179  28.095  -64.661  -10.538 0.6000000238
12529  29.050  -66.770  -10.636 0.6000000238
15186  28.372  -64.878  -10.901 0.6000000238
17820  17.192  -60.263  -0.875 0.5000000000
17821  16.815  -60.813  -1.572 0.5000000000
117343  16.369  -62.491  -1.084 0.5000000000
15969  15.872  -63.229  -1.244 0.5000000000
19591  18.335  -59.184  -1.101 0.5000000000
18736  17.400  -59.613  -1.863 0.5000000000
18734  19.398  -60.478  -2.894 0.6000000238
15117  23.809  -64.101  -5.302 0.6999999881
14239  24.822  -65.087  -5.151 0.6000000238
127291  25.499  -65.625  -6.117 0.6000000238
110053  25.719  -65.562  -7.134 0.6000000238
121420  26.530  -65.182  -7.811 0.6999999881
106320  26.499  -64.913  -9.236 0.6000000238
15166  27.521  -64.735  -10.257 0.6999999881
13420  30.557  -66.351  -10.677 0.5000000000
15185  28.842  -64.413  -10.913 0.4000000060
17812  17.349  -60.503  -0.111 0.5000000000
16870  17.166  -61.429  0.012 0.5000000000
16862  16.766  -63.086  0.337 0.5000000000
15038  16.221  -64.491  0.728 0.5000000000
126240  15.832  -65.102  0.922 0.5000000000
14153  15.140  -66.251  1.966 0.5000000000
14237  26.984  -65.372  -4.982 0.6000000238
14266  26.667  -65.427  -6.637 0.6000000238
14265  27.361  -65.080  -6.887 0.4000000060
15147  28.347  -64.342  -8.721 0.5000000000
15165  28.158  -64.366  -9.953 0.4000000060
15178  28.834  -64.111  -10.416 0.4000000060
17805  17.522  -60.981  0.686 0.6000000238
16861  17.156  -62.096  0.528 0.5000000000
15955  16.772  -63.783  0.926 0.5000000000
15032  16.781  -64.473  1.521 0.5000000000
126620  16.338  -65.418  1.833 0.5000000000
13257  15.367  -66.475  2.722 0.5000000000
13243  14.833  -66.851  3.237 0.4000000060
12349  14.455  -67.622  4.605 0.5000000000
11425  13.706  -68.205  4.688 0.4000000060
125248  13.499  -69.001  6.250 0.4000000060
10587  12.421  -69.192  5.651 0.4000000060
14251  28.017  -64.844  -6.104 0.6000000238
114180  28.480  -64.480  -6.639 0.4000000060
16042  29.742  -63.540  -9.869 0.4000000060
15954  17.190  -62.876  1.104 0.5000000000
15951  17.231  -63.655  1.716 0.4000000060
14151  16.765  -65.142  2.026 0.4000000060
14135  16.756  -65.965  3.166 0.5000000000
13229  15.881  -66.708  4.272 0.4000000060
12359  15.080  -67.052  4.036 0.5000000000
12341  15.537  -67.247  5.725 0.4000000060
12335  15.074  -67.707  6.137 0.5000000000
12342  14.840  -67.672  5.457 0.5000000000
11390  14.385  -68.425  7.492 0.3000000119
11391  13.808  -68.903  7.628 0.3000000119
10545  12.972  -69.355  7.822 0.3000000119
15133  29.070  -64.106  -6.793 0.4000000060
124318  17.664  -63.446  2.485 0.5000000000
15028  17.301  -64.465  2.414 0.5000000000
14141  17.080  -65.354  2.784 0.4000000060
16839  18.201  -62.073  2.472 0.4000000060
15941  18.158  -63.000  3.148 0.4000000060
15942  17.778  -63.999  3.190 0.4000000060
14128  17.444  -65.401  4.885 0.4000000060
111482  18.683  -62.101  3.284 0.4000000060
15934  18.171  -63.745  3.921 0.4000000060
15012  18.026  -64.341  4.510 0.4000000060
16830  19.240  -61.974  3.965 0.4000000060
14991  18.279  -64.254  5.333 0.4000000060
14116  17.557  -65.319  5.720 0.4000000060
14097  17.426  -65.393  6.669 0.4000000060
15923  18.533  -63.717  4.742 0.4000000060
17777  19.731  -61.172  3.793 0.3000000119
14971  18.341  -64.158  6.283 0.4000000060
14972  17.876  -64.754  6.505 0.4000000060
14965  17.554  -64.770  7.299 0.4000000060
17761  19.720  -61.804  4.503 0.4000000060
14071  16.606  -65.342  8.139 0.4000000060
15872  16.875  -63.949  7.972 0.4000000060
17760  20.247  -61.372  4.647 0.3000000119
17745  19.949  -61.998  5.299 0.4000000060
15888  19.240  -63.017  6.340 0.4000000060
15889  18.685  -63.461  6.814 0.4000000060
14964  18.045  -64.050  7.199 0.4000000060
123319  17.447  -64.218  7.641 0.4000000060
15879  18.275  -63.186  7.368 0.3000000119
14238  25.594  -65.452  -5.313 0.6000000238
113737  18.424  -59.255  -1.799 0.5000000000
14252  27.223  -65.343  -5.876 0.6000000238
15146  29.265  -64.001  -7.904 0.4000000060
13363  21.010  -67.066  -6.079 0.6000000238
11637  24.973  -68.335  -8.026 0.6999999881
114806  31.443  -69.210  -9.216 0.5000000000
11651  30.810  -68.571  -9.731 0.5000000000
11644  29.094  -68.455  -8.668 0.5000000000
11653  28.390  -67.959  -9.658 0.6000000238
19633  16.511  -59.422  -5.983 0.5000000000
15149  21.782  -64.896  -7.139 0.6999999881
12522  26.822  -67.071  -10.477 0.6000000238
18760  19.193  -60.572  -5.735 0.6000000238
14281  22.823  -66.227  -7.801 0.6999999881
13395  23.999  -66.232  -8.895 0.8000000119
13416  25.582  -66.257  -10.464 0.6999999881
18738  16.166  -60.439  -2.989 0.4000000060
111731  23.406  -65.878  -7.508 0.6000000238
14293  25.831  -65.450  -10.027 0.6999999881
12527  31.464  -67.563  -10.315 0.5000000000
14301  26.279  -65.738  -10.504 0.6999999881
121637  27.516  -65.746  -10.719 0.6000000238
14255  24.258  -65.329  -5.932 0.6999999881
14267  24.817  -65.657  -6.907 0.6999999881
15148  27.383  -64.596  -9.572 0.6000000238
13422  28.392  -65.650  -10.924 0.6000000238
14305  29.057  -65.012  -11.149 0.6000000238
17813  16.898  -61.352  -0.804 0.5000000000
16871  16.793  -62.325  -0.265 0.5000000000
109602  16.244  -63.330  -0.455 0.4000000060
14253  26.328  -65.575  -5.779 0.6000000238
14277  27.537  -64.762  -8.099 0.6000000238
10605  13.126  -68.646  4.765 0.3000000119
15134  28.505  -64.442  -7.490 0.5000000000
15164  29.106  -63.900  -9.268 0.4000000060
13242  15.624  -66.631  3.477 0.5000000000
11404  14.493  -68.182  6.061 0.4000000060
109979  12.809  -69.415  6.915 0.4000000060
16815  19.416  -62.538  4.869 0.4000000060
16816  19.001  -63.193  4.985 0.4000000060
9140  39.105  -71.129  -8.790 0.3000000119
9895  38.931  -70.541  -8.684 0.3000000119
115689  32.096  -68.142  -2.889 0.4000000060
11534  34.674  -68.174  -2.374 0.4000000060
11506  34.303  -68.471  -1.453 0.4000000060
107163  35.031  -68.306  -1.849 0.4000000060
11587  31.921  -68.819  -4.471 0.4000000060
115714  30.550  -68.250  -3.584 0.4000000060
127170  30.240  -68.510  -4.288 0.4000000060
116446  29.589  -68.614  -4.673 0.5000000000
11589  28.016  -68.582  -4.413 0.5000000000
11562  33.488  -68.664  -3.913 0.4000000060
116493  32.873  -68.228  -2.918 0.5000000000
11564  31.453  -68.256  -3.443 0.5000000000
115667  26.597  -68.685  -3.960 0.5000000000
117153  34.359  -68.661  -4.150 0.5000000000
116238  33.875  -68.259  -2.908 0.5000000000
11561  34.924  -68.337  -3.686 0.5000000000
11533  35.537  -68.114  -2.414 0.4000000060
11505  35.750  -68.512  -1.804 0.4000000060
10685  36.726  -68.558  -2.094 0.4000000060
10701  37.466  -69.053  -2.250 0.3000000119
9845  38.372  -70.069  -3.843 0.4000000060
10732  32.704  -69.668  -6.171 0.4000000060
10734  30.751  -69.193  -5.946 0.4000000060
10721  33.466  -69.501  -5.865 0.4000000060
11608  31.336  -69.103  -5.199 0.4000000060
118696  30.385  -68.835  -5.031 0.4000000060
112015  29.574  -68.829  -5.697 0.5000000000
114773  28.708  -68.688  -5.021 0.5000000000
11585  34.177  -69.122  -5.146 0.4000000060
11586  33.053  -69.151  -4.766 0.4000000060
11563  32.449  -68.502  -3.724 0.4000000060
11609  28.486  -68.732  -5.764 0.5000000000
113011  27.773  -68.696  -5.295 0.5000000000
113010  26.844  -68.685  -5.345 0.5000000000
113009  25.995  -68.679  -5.400 0.6000000238
107710  25.590  -68.711  -6.148 0.6000000238
11592  25.570  -68.665  -4.775 0.6000000238
11636  26.326  -68.495  -7.866 0.6000000238
11625  26.074  -68.659  -6.932 0.6000000238
11594  24.429  -68.643  -5.341 0.5000000000
11532  36.360  -68.017  -2.477 0.4000000060
108270  23.846  -68.622  -6.197 0.5000000000
10700  38.162  -68.655  -2.719 0.4000000060
10713  38.011  -69.647  -2.843 0.4000000060
11621  30.138  -69.096  -6.846 0.4000000060
11622  28.958  -68.764  -6.476 0.5000000000
107608  28.333  -68.660  -6.970 0.5000000000
107712  27.393  -68.711  -5.968 0.5000000000
11634  28.159  -68.504  -7.838 0.5000000000
107711  26.521  -68.709  -6.105 0.6000000238
11635  27.134  -68.409  -8.274 0.6000000238
11624  27.266  -68.630  -6.987 0.6000000238
8333  39.094  -71.811  -8.756 0.3000000119
9893  40.471  -70.026  -8.456 0.3000000119
11604  40.425  -67.500  -6.539 0.3000000119
10731  33.167  -69.608  -6.638 0.4000000060
10742  32.400  -69.764  -6.796 0.4000000060
10747  32.094  -69.776  -7.607 0.4000000060
10743  31.379  -69.575  -6.815 0.4000000060
10748  31.077  -69.489  -7.691 0.4000000060
11633  29.142  -68.729  -7.439 0.5000000000
11632  30.100  -68.991  -8.008 0.4000000060
11610  24.704  -68.690  -6.163 0.6000000238
124119  23.631  -68.508  -5.436 0.5000000000
120988  30.968  -68.588  -4.334 0.4000000060
115666  25.831  -68.687  -4.092 0.5000000000
119653  39.918  -68.200  -6.125 0.3000000119
10733  31.819  -69.564  -6.046 0.4000000060
11623  28.059  -68.696  -6.307 0.5000000000
9894  39.768  -70.653  -8.636 0.3000000119
10566  12.976  -69.286  6.256 0.4000000060
10586  13.160  -68.967  5.538 0.4000000060
10719  39.517  -68.799  -5.270 0.3000000119
10722  32.399  -69.401  -5.420 0.4000000060
10740  41.018  -69.503  -8.239 0.3000000119
11389  14.869  -68.004  6.914 0.3000000119
11405  14.072  -68.690  6.718 0.4000000060
11414  14.145  -68.158  5.324 0.4000000060
11415  13.833  -68.632  5.852 0.4000000060
11590  27.145  -68.674  -4.604 0.5000000000
11591  26.316  -68.666  -4.697 0.5000000000
11593  24.973  -68.689  -4.843 0.6000000238
11619  33.699  -69.343  -6.425 0.4000000060
11626  25.056  -68.629  -7.077 0.6999999881
11631  33.097  -69.325  -8.178 0.4000000060
11638  24.286  -68.225  -7.892 0.6999999881
11646  26.791  -68.111  -9.356 0.6999999881
12348  15.339  -67.168  4.880 0.5000000000
12481  22.939  -68.366  -6.329 0.5000000000
12501  22.163  -67.833  -6.924 0.6000000238
12509  23.758  -67.518  -8.590 0.6999999881
12514  24.712  -67.385  -9.575 0.6999999881
12519  31.148  -68.236  -10.142 0.5000000000
13206  17.058  -65.908  6.137 0.4000000060
13256  16.119  -66.284  2.925 0.5000000000
13397  21.991  -66.640  -7.557 0.6000000238
13423  27.754  -65.129  -10.680 0.6000000238
14070  17.057  -64.719  7.908 0.4000000060
14082  17.115  -65.395  7.490 0.4000000060
14134  17.212  -65.541  3.592 0.4000000060
14142  16.425  -65.753  2.357 0.5000000000
14143  15.792  -66.122  2.294 0.5000000000
14152  16.314  -65.073  1.408 0.5000000000
14254  24.871  -65.521  -5.930 0.6000000238
14264  28.002  -64.723  -7.012 0.4000000060
14280  23.980  -65.861  -7.808 0.6000000238
14283  20.990  -65.709  -7.377 0.6000000238
14285  19.876  -65.032  -7.446 0.6000000238
14956  16.394  -64.663  8.270 0.4000000060
14992  17.810  -64.839  5.053 0.4000000060
15022  17.814  -64.397  3.838 0.4000000060
15023  17.514  -64.840  3.326 0.4000000060
15116  24.360  -64.269  -4.860 0.6999999881
15135  23.347  -64.507  -5.903 0.6000000238
15136  22.614  -64.788  -6.590 0.8000000119
15180  27.423  -64.948  -10.421 0.6999999881
15871  17.570  -63.585  7.630 0.4000000060
15901  18.823  -63.594  5.741 0.4000000060
15960  15.846  -64.166  -0.097 0.4000000060
15997  25.065  -63.319  -3.379 0.6999999881
16016  28.713  -64.071  -5.160 0.6000000238
16018  22.813  -62.678  -6.379 0.6999999881
16036  20.793  -62.884  -8.327 0.6999999881
16044  19.283  -63.537  -8.692 0.6999999881
16045  18.674  -63.515  -8.803 0.5000000000
16794  19.637  -62.582  5.812 0.4000000060
16795  19.260  -63.017  5.550 0.4000000060
16831  18.774  -62.924  4.114 0.4000000060
16840  17.662  -62.640  1.903 0.5000000000
16850  21.847  -61.777  1.361 0.4000000060
16858  22.218  -62.357  0.621 0.3000000119
16864  25.733  -61.914  -0.394 0.4000000060
16867  23.425  -62.517  -0.407 0.3000000119
16869  21.702  -62.476  -0.034 0.4000000060
16877  27.732  -62.337  -1.563 0.5000000000
16879  25.557  -62.454  -1.284 0.5000000000
16883  22.013  -62.640  -0.857 0.4000000060
16885  16.391  -61.792  -1.683 0.4000000060
16897  22.973  -62.082  -3.030 0.8000000119
16911  23.272  -61.999  -3.770 0.6999999881
16913  20.662  -61.864  -2.897 0.6999999881
16923  29.493  -62.296  -4.827 0.5000000000
16924  24.006  -62.617  -4.360 0.8000000119
16933  23.208  -62.360  -5.726 0.8000000119
16942  30.105  -62.277  -6.765 0.5000000000
16963  19.435  -62.764  -8.639 0.6999999881
17778  19.139  -61.339  3.221 0.5000000000
17784  20.881  -60.529  2.296 0.5000000000
17786  19.002  -60.761  2.572 0.5000000000
17802  23.617  -61.983  0.909 0.3000000119
17818  20.422  -61.651  -0.617 0.4000000060
17824  20.294  -61.730  -2.206 0.6999999881
17833  20.597  -61.579  -3.650 0.6000000238
17842  22.057  -61.525  -5.035 0.8000000119
17844  19.559  -60.729  -4.835 0.6000000238
17852  29.624  -61.585  -5.357 0.5000000000
17853  22.271  -61.718  -6.611 0.8000000119
17854  21.863  -61.390  -6.033 0.6999999881
17855  21.094  -61.168  -6.283 0.6999999881
17864  21.163  -61.691  -7.840 0.6999999881
17866  19.681  -60.873  -6.554 0.6000000238
17888  19.321  -61.821  -8.078 0.6000000238
18667  22.120  -60.080  4.019 0.4000000060
18691  22.312  -60.375  2.683 0.4000000060
18694  19.670  -60.142  2.025 0.5000000000
18706  18.463  -59.886  1.164 0.6000000238
18714  24.879  -61.109  0.885 0.4000000060
18715  19.814  -60.240  0.460 0.5000000000
18717  17.736  -59.977  0.473 0.6000000238
18722  27.672  -60.515  -0.595 0.4000000060
18724  17.540  -59.816  -0.348 0.5000000000
18729  17.472  -59.683  -1.105 0.5000000000
18730  17.088  -60.027  -1.639 0.5000000000
18733  28.908  -60.500  -2.526 0.5000000000
18737  16.882  -59.775  -2.548 0.5000000000
18741  29.173  -60.673  -3.304 0.6000000238
18745  16.390  -59.658  -3.475 0.5000000000
18749  29.304  -60.738  -4.175 0.5000000000
18751  18.809  -60.222  -4.965 0.6000000238
18762  17.676  -59.759  -5.753 0.6000000238
18782  18.536  -60.753  -6.683 0.6000000238
19557  23.844  -59.127  1.902 0.3000000119
19570  17.854  -59.524  -0.066 0.6999999881
19579  27.575  -59.630  -0.463 0.4000000060
19580  27.375  -58.991  -0.517 0.3000000119
19583  17.814  -59.371  -0.718 0.6999999881
19590  18.971  -59.473  -1.484 0.6999999881
19592  17.810  -59.243  -1.630 0.5000000000
19597  18.917  -59.632  -2.284 0.6000000238
19598  18.185  -59.254  -2.590 0.5000000000
19606  17.692  -59.305  -4.098 0.6000000238
19614  17.532  -59.394  -5.073 0.5000000000
19616  16.050  -59.139  -4.918 0.5000000000
19622  27.858  -59.191  -5.998 0.4000000060
19625  16.236  -59.152  -5.520 0.5000000000
19634  15.726  -59.232  -5.858 0.4000000060
20500  25.229  -58.649  0.530 0.3000000119
20519  28.191  -58.938  -1.901 0.4000000060
20521  26.949  -58.058  -1.153 0.3000000119
20537  26.925  -57.998  -5.016 0.4000000060
21393  26.050  -57.849  -0.796 0.3000000119
21423  26.319  -57.468  -4.655 0.4000000060
21424  25.480  -57.044  -4.438 0.4000000060
22280  24.335  -56.136  -6.473 0.3000000119
22281  23.776  -55.818  -5.772 0.4000000060
106351  19.862  -60.070  1.204 0.5000000000
110026  22.559  -66.762  -7.901 0.6999999881
110750  13.399  -69.201  6.915 0.3000000119
111104  16.365  -63.810  0.278 0.5000000000
111311  27.519  -63.029  -1.952 0.5000000000
111647  15.759  -65.661  1.566 0.5000000000
112766  25.207  -68.690  -5.423 0.5000000000
113059  26.186  -66.465  -10.604 0.6999999881
113510  19.377  -61.182  -7.265 0.5000000000
114568  19.877  -60.050  1.726 0.5000000000
114845  24.285  -62.450  -3.025 0.6999999881
115636  17.994  -64.684  5.754 0.4000000060
115724  21.539  -62.454  -1.599 0.5000000000
117119  26.437  -59.748  0.404 0.3000000119
117351  17.536  -61.893  1.232 0.6000000238
117523  15.500  -60.659  -3.557 0.4000000060
117951  29.442  -62.931  -5.269 0.5000000000
117992  19.135  -64.210  -8.431 0.6000000238
118931  23.214  -61.987  -5.327 0.8000000119
120855  29.750  -68.324  -3.767 0.4000000060
121215  17.774  -59.255  -3.286 0.6000000238
121899  30.949  -69.305  -8.498 0.5000000000
123438  20.039  -61.094  -7.171 0.6999999881
124161  13.581  -68.551  5.241 0.4000000060
125376  20.802  -61.608  0.633 0.5000000000
125399  26.262  -65.401  -4.868 0.6000000238
126295  28.771  -63.383  -3.851 0.6000000238
126357  21.270  -67.209  -6.719 0.6000000238
127285  17.921  -62.785  2.506 0.5000000000
127333  27.920  -68.701  -5.830 0.5000000000
127463  19.487  -60.796  3.055 0.4000000060
127520  19.777  -61.159  -7.201 0.6999999881
128329  19.146  -63.906  -8.644 0.6000000238
128564  18.883  -59.365  -0.797 0.6999999881
