#!ascii label  , from subject sub-v1s4x0050710_ses-1 vox2ras=TkReg
332
20306  43.449  -58.331  13.550 0.0000000000
14953  38.262  -64.755  8.634 0.0000000000
21130  35.598  -57.310  16.305 0.0000000000
22085  33.810  -57.058  10.915 0.0000000000
14919  37.317  -64.805  13.554 0.0000000000
127556  33.339  -60.576  13.938 0.0000000000
15822  36.519  -63.800  16.151 0.0000000000
17691  34.944  -61.462  9.280 0.0000000000
23697  35.958  -54.798  9.819 0.0000000000
20283  38.829  -59.045  14.110 0.0000000000
22015  34.036  -57.020  13.804 0.0000000000
17671  33.788  -61.225  11.429 0.0000000000
14051  37.454  -65.723  10.879 0.0000000000
12247  39.437  -67.772  13.922 0.0000000000
17661  48.276  -60.760  13.080 0.0000000000
17641  43.566  -61.227  15.232 0.0000000000
19347  38.857  -59.272  16.681 0.0000000000
23651  39.238  -54.456  12.472 0.0000000000
17627  34.586  -61.336  16.174 0.0000000000
121956  36.339  -63.275  8.792 0.0000000000
118130  36.338  -60.130  8.711 0.0000000000
20263  37.178  -58.238  15.357 0.0000000000
21173  34.301  -57.155  14.679 0.0000000000
16710  35.929  -62.723  13.891 0.0000000000
17663  33.926  -61.220  12.468 0.0000000000
16715  35.512  -62.812  12.192 0.0000000000
15851  35.670  -63.401  11.437 0.0000000000
14034  37.091  -64.812  12.353 0.0000000000
12259  39.782  -67.830  12.180 0.0000000000
16686  43.306  -62.924  15.911 0.0000000000
18498  41.142  -60.982  15.238 0.0000000000
17603  41.424  -62.020  16.353 0.0000000000
113261  35.805  -56.318  12.901 0.0000000000
125238  35.668  -55.251  11.857 0.0000000000
23706  37.219  -54.435  8.921 0.0000000000
25327  37.852  -52.890  10.964 0.0000000000
121351  33.035  -57.742  16.821 0.0000000000
20264  32.605  -58.200  15.052 0.0000000000
113608  33.113  -60.365  15.300 0.0000000000
16705  35.527  -61.914  15.135 0.0000000000
15832  36.677  -63.717  14.533 0.0000000000
20370  33.843  -58.868  10.075 0.0000000000
22899  34.792  -55.878  10.099 0.0000000000
20368  35.049  -58.052  9.086 0.0000000000
22112  35.905  -56.664  8.744 0.0000000000
14952  39.579  -64.831  8.674 0.0000000000
20281  41.208  -59.042  14.158 0.0000000000
22033  36.716  -57.212  13.470 0.0000000000
22061  33.605  -57.059  12.313 0.0000000000
20312  32.485  -58.612  13.283 0.0000000000
19438  32.669  -59.285  12.110 0.0000000000
114380  33.373  -59.333  10.689 0.0000000000
16746  34.357  -61.760  10.011 0.0000000000
14947  35.975  -64.025  9.811 0.0000000000
14059  37.321  -65.484  9.735 0.0000000000
13135  38.117  -65.992  13.403 0.0000000000
13148  38.601  -66.657  12.017 0.0000000000
12275  38.789  -66.956  11.072 0.0000000000
13182  38.961  -66.359  9.233 0.0000000000
108057  48.569  -59.752  12.574 0.0000000000
19404  45.643  -59.570  13.654 0.0000000000
18515  46.459  -60.997  14.146 0.0000000000
115781  43.264  -59.787  14.524 0.0000000000
18519  41.371  -60.420  14.808 0.0000000000
19365  39.307  -59.747  15.274 0.0000000000
20243  37.305  -58.148  16.307 0.0000000000
113348  37.510  -58.118  17.785 0.0000000000
21113  35.558  -57.224  17.811 0.0000000000
23671  36.432  -54.193  11.131 0.0000000000
20305  44.357  -58.519  13.445 0.0000000000
20332  44.959  -58.009  12.959 0.0000000000
116708  37.402  -63.745  8.560 0.0000000000
16755  37.229  -62.400  8.492 0.0000000000
21150  36.529  -57.758  15.776 0.0000000000
21151  35.877  -57.493  15.196 0.0000000000
21152  34.912  -57.214  15.509 0.0000000000
15840  36.303  -63.327  13.626 0.0000000000
121137  35.882  -62.976  13.012 0.0000000000
14920  36.746  -64.090  13.277 0.0000000000
110455  36.573  -64.182  12.180 0.0000000000
11328  41.090  -69.215  12.700 0.0000000000
16687  42.507  -62.554  15.945 0.0000000000
22868  34.549  -56.139  11.897 0.0000000000
22866  36.187  -55.591  12.463 0.0000000000
22886  35.129  -55.510  11.473 0.0000000000
118911  37.466  -53.351  9.652 0.0000000000
19367  32.472  -58.768  15.746 0.0000000000
18502  32.696  -59.735  15.648 0.0000000000
16688  35.701  -62.291  16.293 0.0000000000
17642  35.123  -61.595  15.764 0.0000000000
15823  36.288  -63.005  16.159 0.0000000000
15833  36.357  -63.070  14.861 0.0000000000
127006  36.587  -63.495  15.576 0.0000000000
109908  34.477  -59.933  9.517 0.0000000000
20369  34.403  -58.460  9.557 0.0000000000
112747  35.153  -59.846  9.082 0.0000000000
20384  35.749  -58.588  8.771 0.0000000000
118046  36.587  -58.175  8.576 0.0000000000
22111  36.845  -56.308  8.560 0.0000000000
120628  40.338  -59.248  14.069 0.0000000000
20309  39.995  -58.614  13.723 0.0000000000
20311  38.301  -58.439  13.802 0.0000000000
22035  34.551  -56.768  13.230 0.0000000000
22036  33.768  -56.995  13.068 0.0000000000
19408  32.438  -59.306  13.888 0.0000000000
20286  32.502  -58.402  14.153 0.0000000000
18534  32.809  -60.123  13.622 0.0000000000
17670  34.434  -61.753  11.998 0.0000000000
18546  32.841  -60.100  12.525 0.0000000000
18545  33.341  -60.654  11.977 0.0000000000
118432  33.033  -59.906  11.454 0.0000000000
18560  33.455  -60.615  11.045 0.0000000000
18570  33.875  -61.161  10.544 0.0000000000
17679  34.226  -61.837  10.935 0.0000000000
14930  36.586  -64.610  11.313 0.0000000000
14939  35.825  -63.886  10.599 0.0000000000
14938  36.305  -64.504  10.277 0.0000000000
14060  36.744  -64.897  9.722 0.0000000000
9657  39.907  -70.843  14.364 0.0000000000
11311  39.818  -68.606  14.329 0.0000000000
11301  39.522  -68.976  14.911 0.0000000000
12248  38.958  -67.090  13.452 0.0000000000
13134  38.550  -66.531  12.936 0.0000000000
113753  38.911  -66.986  12.650 0.0000000000
11342  40.309  -68.186  11.277 0.0000000000
12274  39.493  -67.533  11.160 0.0000000000
13164  38.430  -66.556  10.132 0.0000000000
12291  39.260  -67.152  10.084 0.0000000000
19421  49.785  -60.188  12.343 0.0000000000
19422  47.708  -59.909  12.957 0.0000000000
19403  46.629  -59.714  13.341 0.0000000000
18531  47.259  -60.591  13.489 0.0000000000
17640  44.496  -61.341  15.110 0.0000000000
17621  46.200  -61.817  14.795 0.0000000000
124669  44.075  -60.632  14.876 0.0000000000
18517  44.787  -60.487  14.567 0.0000000000
18518  43.358  -60.453  14.872 0.0000000000
114292  42.416  -60.261  14.799 0.0000000000
18479  39.873  -60.289  15.906 0.0000000000
18499  40.505  -60.694  15.402 0.0000000000
19346  39.286  -59.663  16.132 0.0000000000
19366  38.738  -59.218  15.762 0.0000000000
21083  36.861  -57.706  18.920 0.0000000000
21097  36.197  -57.374  18.389 0.0000000000
21112  36.346  -57.399  17.586 0.0000000000
22907  35.405  -55.282  9.869 0.0000000000
22898  35.189  -55.329  10.656 0.0000000000
23688  35.775  -54.794  10.422 0.0000000000
115356  38.671  -52.600  11.253 0.0000000000
16757  35.636  -62.016  8.862 0.0000000000
17704  35.804  -61.004  8.793 0.0000000000
20284  38.118  -58.711  14.378 0.0000000000
21171  36.752  -57.979  14.694 0.0000000000
21174  33.555  -57.258  14.316 0.0000000000
120178  34.172  -61.231  13.460 0.0000000000
18533  33.434  -60.705  13.174 0.0000000000
17662  34.660  -61.668  13.066 0.0000000000
16716  35.087  -62.206  12.613 0.0000000000
16720  34.829  -62.366  11.578 0.0000000000
16719  35.185  -62.890  11.251 0.0000000000
14931  36.156  -63.989  11.509 0.0000000000
14045  37.082  -65.187  11.385 0.0000000000
11321  39.990  -68.269  13.293 0.0000000000
11320  40.582  -68.894  13.209 0.0000000000
11329  40.430  -68.499  12.420 0.0000000000
17623  42.974  -61.957  15.560 0.0000000000
18497  41.875  -61.076  15.189 0.0000000000
123482  42.293  -61.718  15.505 0.0000000000
17626  41.004  -61.334  15.810 0.0000000000
18478  40.199  -60.709  16.822 0.0000000000
22865  37.552  -55.192  12.643 0.0000000000
23653  37.446  -54.452  12.296 0.0000000000
23696  36.484  -54.606  9.369 0.0000000000
23687  36.407  -54.211  10.244 0.0000000000
23695  36.998  -53.923  9.562 0.0000000000
25341  38.363  -52.375  10.425 0.0000000000
21131  34.569  -57.185  16.454 0.0000000000
117273  33.983  -57.215  15.741 0.0000000000
109529  32.766  -57.978  15.902 0.0000000000
19388  32.386  -59.058  14.830 0.0000000000
18521  33.241  -60.490  14.560 0.0000000000
109897  34.083  -61.015  14.598 0.0000000000
17652  34.862  -61.557  14.283 0.0000000000
16711  35.428  -62.104  13.851 0.0000000000
21242  33.635  -57.717  10.752 0.0000000000
22084  34.307  -56.517  10.524 0.0000000000
21241  34.105  -57.237  10.245 0.0000000000
21253  34.506  -57.576  9.581 0.0000000000
21252  35.133  -57.070  9.109 0.0000000000
19483  35.728  -59.497  8.833 0.0000000000
21272  35.794  -57.617  8.728 0.0000000000
22921  36.781  -55.314  8.773 0.0000000000
114882  37.478  -55.767  8.505 0.0000000000
128397  38.882  -65.030  8.590 0.0000000000
20280  42.128  -58.838  14.129 0.0000000000
20307  42.552  -58.227  13.665 0.0000000000
20308  41.556  -58.251  13.748 0.0000000000
22059  34.957  -56.341  12.737 0.0000000000
22075  33.662  -57.097  11.588 0.0000000000
21197  32.743  -57.847  13.504 0.0000000000
19424  32.533  -59.411  12.979 0.0000000000
21219  32.700  -58.079  12.684 0.0000000000
20347  32.765  -58.446  11.980 0.0000000000
117588  33.187  -58.109  11.330 0.0000000000
20356  33.461  -58.490  10.689 0.0000000000
126421  34.030  -60.258  9.891 0.0000000000
16745  35.001  -62.322  9.500 0.0000000000
16731  34.761  -62.536  10.469 0.0000000000
115793  35.178  -62.956  9.821 0.0000000000
15870  35.657  -62.936  9.092 0.0000000000
15861  36.095  -63.677  9.193 0.0000000000
14945  37.051  -64.771  9.133 0.0000000000
14069  37.753  -65.221  8.977 0.0000000000
14016  37.569  -65.489  15.137 0.0000000000
10454  39.510  -69.525  14.894 0.0000000000
13123  38.071  -66.078  14.495 0.0000000000
14024  37.722  -65.418  13.993 0.0000000000
14033  37.667  -65.395  12.886 0.0000000000
13149  38.029  -66.062  12.264 0.0000000000
126624  37.772  -65.919  11.541 0.0000000000
12260  39.151  -67.224  11.998 0.0000000000
13156  38.113  -66.308  11.134 0.0000000000
13165  37.834  -66.070  10.200 0.0000000000
14058  38.080  -65.953  9.426 0.0000000000
14068  38.522  -65.528  8.848 0.0000000000
14067  39.299  -65.618  8.754 0.0000000000
20346  49.534  -58.727  12.090 0.0000000000
20328  48.945  -59.230  12.311 0.0000000000
20329  47.740  -58.968  12.581 0.0000000000
19423  46.955  -59.176  12.985 0.0000000000
20303  46.164  -58.951  13.194 0.0000000000
19405  44.680  -59.270  13.812 0.0000000000
17638  47.055  -61.813  14.348 0.0000000000
18516  45.592  -60.328  14.154 0.0000000000
19381  44.979  -59.865  14.139 0.0000000000
19406  43.666  -59.101  14.028 0.0000000000
19383  42.706  -59.366  14.365 0.0000000000
19384  41.766  -59.616  14.490 0.0000000000
115774  40.010  -59.840  14.423 0.0000000000
18520  40.566  -60.388  14.846 0.0000000000
19386  39.364  -59.587  14.555 0.0000000000
20262  37.961  -58.695  15.365 0.0000000000
21129  36.454  -57.540  16.747 0.0000000000
20228  37.777  -58.404  17.144 0.0000000000
110681  35.804  -57.273  17.138 0.0000000000
107684  35.064  -57.164  17.159 0.0000000000
23654  36.257  -54.736  11.832 0.0000000000
24459  37.768  -53.834  12.036 0.0000000000
24495  36.839  -53.770  10.707 0.0000000000
24472  38.162  -53.212  11.651 0.0000000000
14044  37.534  -65.502  11.897 0.0000000000
14052  36.842  -65.135  10.495 0.0000000000
14911  37.435  -64.920  14.536 0.0000000000
14921  36.150  -63.508  12.447 0.0000000000
14946  36.440  -64.338  9.420 0.0000000000
14954  37.528  -64.430  8.719 0.0000000000
14955  36.776  -63.955  8.798 0.0000000000
15862  35.586  -63.499  9.789 0.0000000000
16704  35.967  -62.445  15.122 0.0000000000
16730  35.317  -63.220  10.526 0.0000000000
17604  40.787  -61.420  16.613 0.0000000000
17624  42.715  -61.107  15.214 0.0000000000
17625  41.715  -61.778  15.683 0.0000000000
17639  45.447  -61.106  14.661 0.0000000000
18500  39.873  -60.207  14.957 0.0000000000
18522  32.677  -59.880  14.598 0.0000000000
18532  46.279  -60.215  13.735 0.0000000000
18584  35.009  -60.580  9.158 0.0000000000
18585  34.231  -60.863  9.769 0.0000000000
18586  33.836  -59.733  10.077 0.0000000000
18604  35.624  -60.224  8.891 0.0000000000
19382  44.130  -59.898  14.430 0.0000000000
19385  40.825  -59.813  14.452 0.0000000000
19387  38.716  -59.216  14.805 0.0000000000
19407  42.921  -58.747  13.973 0.0000000000
19437  32.981  -58.929  11.341 0.0000000000
19453  33.423  -60.045  10.703 0.0000000000
19467  34.955  -59.071  9.167 0.0000000000
19468  34.283  -59.206  9.637 0.0000000000
20227  38.106  -58.714  17.907 0.0000000000
20242  38.200  -58.751  16.410 0.0000000000
20282  39.553  -59.239  14.034 0.0000000000
20285  37.478  -58.424  14.694 0.0000000000
20304  45.275  -58.740  13.332 0.0000000000
20333  32.556  -58.753  12.589 0.0000000000
21084  36.056  -57.496  19.224 0.0000000000
21096  36.944  -57.671  18.096 0.0000000000
21111  37.072  -57.801  17.282 0.0000000000
21132  33.739  -57.332  16.647 0.0000000000
21154  32.948  -57.689  15.284 0.0000000000
21196  33.311  -57.337  13.659 0.0000000000
21211  48.411  -58.350  12.227 0.0000000000
21218  33.123  -57.440  12.856 0.0000000000
21232  33.477  -57.524  11.312 0.0000000000
21233  33.121  -57.642  11.988 0.0000000000
21254  33.938  -58.038  10.093 0.0000000000
21271  36.656  -57.252  8.549 0.0000000000
22034  35.423  -56.743  13.319 0.0000000000
22060  34.213  -56.626  12.533 0.0000000000
22074  34.103  -56.545  11.264 0.0000000000
22093  35.300  -56.035  9.252 0.0000000000
22094  34.624  -56.673  9.737 0.0000000000
22867  35.329  -55.807  12.273 0.0000000000
22887  34.604  -55.930  10.962 0.0000000000
22906  35.947  -55.285  9.241 0.0000000000
22922  36.094  -55.891  8.820 0.0000000000
23652  38.233  -54.579  12.518 0.0000000000
23670  36.983  -54.091  11.819 0.0000000000
23672  35.738  -54.839  11.167 0.0000000000
24473  37.468  -53.463  11.429 0.0000000000
24474  36.988  -53.725  11.198 0.0000000000
24494  37.287  -53.342  10.771 0.0000000000
24508  37.093  -53.550  10.186 0.0000000000
25342  37.734  -52.914  10.138 0.0000000000
109090  36.860  -54.897  12.340 0.0000000000
111904  43.807  -62.099  15.557 0.0000000000
114467  36.943  -63.194  8.549 0.0000000000
115063  39.377  -67.492  12.909 0.0000000000
115275  40.475  -60.891  16.072 0.0000000000
116019  38.070  -63.950  8.513 0.0000000000
118325  33.274  -57.527  15.922 0.0000000000
118989  33.984  -56.666  11.904 0.0000000000
119760  36.853  -64.084  15.474 0.0000000000
122244  33.750  -60.475  10.331 0.0000000000
122287  41.972  -62.499  16.226 0.0000000000
123851  37.424  -58.216  19.189 0.0000000000
125362  38.065  -52.903  9.289 0.0000000000
126779  40.749  -58.611  13.853 0.0000000000
126962  36.825  -62.037  8.489 0.0000000000
127815  36.184  -64.276  10.919 0.0000000000
128238  35.563  -62.556  13.079 0.0000000000
128333  36.076  -54.482  10.745 0.0000000000
