#!ascii label  , from subject sub-v1s4x0050709_ses-1 vox2ras=TkReg
1244
5623  -21.559  -80.611  -16.384 0.5000000000
139122  -20.551  -80.371  -16.165 0.6000000238
139989  -27.877  -80.141  -16.103 0.3000000119
5622  -19.739  -81.119  -15.999 0.5000000000
6220  -25.884  -79.981  -15.151 0.4000000060
6882  -26.959  -78.965  -15.096 0.4000000060
6891  -27.450  -79.289  -15.770 0.4000000060
7549  -27.034  -78.567  -13.992 0.4000000060
6867  -20.474  -79.880  -13.524 0.5000000000
6876  -20.953  -79.423  -15.003 0.5000000000
142144  -21.021  -79.472  -16.048 0.5000000000
6198  -19.474  -80.230  -12.970 0.6000000238
6210  -19.626  -80.100  -13.969 0.5000000000
6229  -20.301  -79.745  -15.945 0.6000000238
6238  -29.147  -80.771  -15.545 0.3000000119
6242  -19.620  -80.401  -15.854 0.5000000000
6880  -25.569  -79.726  -14.155 0.5000000000
6219  -24.966  -80.108  -15.029 0.5000000000
137771  -28.525  -80.241  -15.907 0.3000000119
6218  -19.295  -79.883  -15.245 0.6000000238
7546  -26.375  -78.848  -13.195 0.5000000000
6881  -26.364  -79.320  -14.325 0.4000000060
7550  -27.536  -78.340  -15.096 0.4000000060
7553  -27.956  -78.729  -15.708 0.3000000119
6892  -28.222  -79.435  -15.933 0.3000000119
7540  -26.039  -78.428  -12.490 0.4000000060
136743  -26.874  -78.104  -12.953 0.4000000060
8228  -27.492  -77.588  -13.845 0.4000000060
8219  -19.876  -76.936  -12.981 0.6999999881
8211  -20.287  -77.928  -12.010 0.6999999881
7524  -21.004  -78.670  -11.804 0.6999999881
6230  -21.829  -79.539  -16.119 0.5000000000
8902  -18.783  -76.468  -13.543 0.6999999881
143569  -19.192  -77.427  -12.687 0.6999999881
141923  -20.213  -78.708  -11.891 0.8000000119
6853  -20.657  -79.203  -12.045 0.5000000000
6858  -19.111  -79.868  -12.499 0.6999999881
6231  -22.765  -79.950  -16.298 0.5000000000
7535  -18.485  -79.221  -12.293 0.6999999881
6871  -23.984  -79.741  -13.714 0.4000000060
135459  -24.763  -79.800  -13.944 0.5000000000
141537  -29.845  -80.246  -15.570 0.3000000119
6197  -18.358  -80.417  -12.825 0.6000000238
144811  -24.591  -79.612  -13.107 0.5000000000
6872  -25.258  -79.528  -13.228 0.5000000000
6893  -29.135  -79.648  -15.807 0.3000000119
6209  -18.706  -80.495  -13.911 0.5000000000
7539  -25.176  -78.703  -12.237 0.5000000000
8907  -25.470  -76.974  -12.572 0.4000000060
8223  -25.451  -77.955  -12.134 0.4000000060
8227  -27.050  -77.180  -12.951 0.4000000060
8923  -28.035  -76.830  -14.416 0.4000000060
143219  -27.916  -77.595  -14.929 0.4000000060
8917  -25.850  -76.183  -13.245 0.3000000119
8908  -26.398  -76.867  -12.758 0.4000000060
136613  -18.647  -74.171  -12.339 0.5000000000
10397  -18.111  -74.714  -12.786 0.6000000238
10398  -18.885  -74.455  -13.319 0.6000000238
8911  -19.375  -75.601  -14.156 0.6000000238
8903  -19.610  -76.142  -14.034 0.6000000238
10376  -18.785  -73.926  -10.515 0.5000000000
10386  -18.194  -74.428  -11.527 0.6000000238
9621  -17.772  -75.550  -13.194 0.6000000238
8910  -18.523  -75.719  -13.621 0.6999999881
130079  -22.049  -79.597  -12.858 0.6000000238
6214  -32.786  -81.267  -14.237 0.3000000119
9584  -18.127  -74.799  -8.519 0.6999999881
10375  -18.097  -74.476  -10.221 0.6000000238
9602  -17.648  -75.184  -11.002 0.6000000238
9613  -17.534  -75.254  -12.248 0.6000000238
9612  -17.102  -76.122  -12.803 0.6999999881
8217  -17.308  -77.364  -12.943 0.6999999881
137036  -22.034  -79.327  -12.161 0.6000000238
6878  -23.110  -79.603  -14.659 0.5000000000
9590  -17.766  -75.218  -9.704 0.6000000238
8886  -17.877  -76.374  -9.714 0.6000000238
8898  -17.081  -75.994  -11.748 0.6000000238
8897  -16.795  -76.798  -12.312 0.6999999881
144156  -16.974  -77.925  -12.619 0.6999999881
6870  -23.294  -79.661  -13.390 0.5000000000
128087  -30.130  -80.833  -15.178 0.3000000119
133144  -18.665  -75.823  -8.020 0.6999999881
8182  -19.053  -76.991  -8.471 0.6999999881
8890  -16.906  -76.877  -11.277 0.6000000238
8202  -16.876  -77.826  -10.859 0.6000000238
6857  -17.806  -79.870  -12.416 0.6999999881
7526  -22.843  -78.547  -11.759 0.5000000000
7527  -23.745  -78.459  -11.815 0.5000000000
8194  -18.430  -77.353  -9.317 0.6000000238
7502  -17.822  -78.109  -9.964 0.6000000238
7533  -16.736  -78.383  -12.160 0.6000000238
6196  -17.101  -80.557  -12.473 0.6000000238
8213  -23.079  -77.568  -11.978 0.5000000000
7555  -29.428  -78.551  -15.709 0.3000000119
8183  -19.868  -77.653  -8.118 0.6999999881
7494  -19.327  -77.999  -8.791 0.6000000238
7503  -18.719  -78.459  -9.355 0.6000000238
7512  -17.073  -78.783  -10.510 0.6000000238
6846  -16.571  -79.473  -11.044 0.5000000000
6195  -16.697  -81.036  -12.276 0.5000000000
6208  -17.662  -80.925  -13.606 0.5000000000
8906  -24.480  -76.668  -12.875 0.5000000000
9638  -25.258  -74.657  -14.715 0.3000000119
9630  -26.293  -75.315  -13.788 0.3000000119
9631  -27.367  -75.644  -13.594 0.4000000060
8919  -27.558  -76.563  -13.551 0.4000000060
6207  -16.834  -81.591  -14.044 0.5000000000
9629  -25.055  -75.433  -14.230 0.3000000119
8918  -26.864  -76.274  -13.169 0.4000000060
9591  -20.431  -74.411  -10.189 0.5000000000
10377  -19.723  -73.966  -10.697 0.5000000000
9615  -21.375  -74.667  -11.193 0.5000000000
10388  -20.318  -73.784  -12.225 0.5000000000
9585  -21.546  -74.989  -9.076 0.5000000000
9592  -20.651  -74.451  -9.411 0.5000000000
10364  -19.557  -74.015  -9.891 0.5000000000
10387  -19.032  -73.873  -11.468 0.5000000000
10399  -19.679  -74.025  -13.461 0.5000000000
9625  -19.880  -74.995  -14.683 0.6000000238
8912  -20.055  -75.544  -14.658 0.6000000238
10351  -19.419  -73.782  -8.418 0.5000000000
8904  -20.671  -76.434  -13.673 0.6000000238
8220  -21.026  -77.311  -12.261 0.8000000119
6203  -33.335  -81.362  -13.373 0.3000000119
10344  -19.267  -73.796  -7.409 0.6000000238
10350  -18.599  -74.188  -7.895 0.6000000238
128318  -18.455  -74.051  -8.755 0.6000000238
8913  -20.775  -75.585  -14.954 0.4000000060
6215  -33.808  -81.018  -14.340 0.3000000119
8865  -19.163  -75.766  -7.205 0.6999999881
148171  -22.431  -77.237  -12.188 0.5000000000
137998  -22.084  -77.762  -11.863 0.6000000238
6224  -31.660  -80.951  -15.105 0.3000000119
143467  -31.002  -80.708  -15.184 0.3000000119
8866  -19.966  -76.596  -6.974 0.6999999881
8914  -22.771  -76.181  -13.944 0.4000000060
6239  -30.644  -80.256  -15.453 0.3000000119
8172  -19.545  -76.758  -7.699 0.6000000238
145221  -22.616  -76.761  -12.747 0.4000000060
7554  -28.595  -78.701  -15.772 0.3000000119
8162  -20.645  -77.156  -6.705 0.6000000238
8173  -20.307  -77.396  -7.407 0.6999999881
6839  -18.062  -79.037  -9.770 0.5000000000
6847  -17.435  -79.702  -10.187 0.5000000000
6851  -16.553  -80.168  -11.889 0.6000000238
8221  -23.649  -76.840  -12.652 0.4000000060
11227  -24.216  -72.940  -15.700 0.3000000119
11228  -24.951  -73.444  -15.568 0.3000000119
11229  -25.669  -73.312  -15.325 0.3000000119
10415  -26.377  -73.953  -14.639 0.3000000119
10410  -27.080  -74.712  -14.026 0.4000000060
138373  -28.442  -77.258  -15.191 0.3000000119
6828  -19.468  -78.896  -8.959 0.6000000238
6172  -18.998  -80.447  -9.468 0.5000000000
6181  -18.041  -80.678  -9.928 0.5000000000
6180  -16.875  -80.365  -10.697 0.5000000000
141526  -16.529  -81.430  -11.806 0.5000000000
5595  -16.577  -81.427  -12.274 0.6000000238
5602  -16.578  -81.847  -13.862 0.5000000000
9628  -23.938  -75.501  -14.750 0.3000000119
9637  -24.189  -74.712  -15.285 0.3000000119
6840  -19.471  -79.796  -9.137 0.5000000000
5584  -16.885  -81.809  -11.194 0.5000000000
4991  -17.384  -82.734  -11.281 0.5000000000
9586  -22.371  -75.237  -9.045 0.5000000000
9593  -21.846  -75.283  -9.620 0.5000000000
9616  -22.269  -74.898  -11.326 0.5000000000
10389  -21.367  -73.799  -12.426 0.5000000000
11182  -21.109  -74.053  -8.144 0.5000000000
137794  -21.074  -73.434  -13.919 0.4000000060
10352  -20.828  -74.286  -8.671 0.5000000000
10408  -20.680  -73.870  -14.912 0.4000000060
5599  -33.748  -81.432  -12.421 0.3000000119
6204  -34.494  -81.105  -13.486 0.3000000119
11169  -20.083  -73.702  -6.951 0.6000000238
9634  -20.319  -74.610  -15.097 0.4000000060
10336  -19.439  -74.122  -6.570 0.6000000238
9565  -19.071  -74.850  -6.760 0.6000000238
6225  -33.181  -80.686  -15.091 0.3000000119
6241  -32.330  -80.623  -15.284 0.3000000119
8853  -19.667  -75.692  -6.463 0.6000000238
8922  -21.760  -75.432  -15.242 0.4000000060
8841  -20.302  -75.791  -5.748 0.6000000238
138162  -22.097  -74.669  -15.708 0.4000000060
9627  -22.905  -75.545  -15.087 0.4000000060
6894  -30.197  -79.350  -15.631 0.3000000119
8854  -20.295  -76.462  -6.371 0.6999999881
9636  -23.085  -74.689  -15.626 0.3000000119
146405  -23.447  -73.554  -15.728 0.3000000119
9594  -22.833  -75.559  -9.772 0.5000000000
9604  -22.073  -75.350  -10.448 0.5000000000
9605  -22.834  -75.415  -10.659 0.5000000000
10391  -23.595  -74.463  -11.933 0.4000000060
10353  -21.667  -74.607  -8.593 0.5000000000
10390  -22.556  -74.217  -12.115 0.4000000060
10401  -21.837  -73.306  -13.299 0.4000000060
126886  -22.701  -73.785  -8.375 0.6000000238
11213  -22.204  -72.842  -14.191 0.4000000060
10409  -21.451  -73.239  -14.658 0.4000000060
6226  -34.025  -80.339  -14.836 0.3000000119
6216  -34.606  -80.336  -14.312 0.3000000119
138097  -19.921  -74.290  -5.898 0.6000000238
10412  -21.448  -73.898  -15.492 0.4000000060
142464  -21.473  -74.642  -15.649 0.4000000060
128692  -22.359  -73.704  -15.621 0.4000000060
12027  -23.479  -72.083  -15.385 0.3000000119
8163  -21.300  -77.585  -6.348 0.6000000238
139984  -23.375  -75.316  -9.189 0.5000000000
139999  -23.697  -75.534  -10.338 0.5000000000
9606  -24.696  -75.464  -10.287 0.4000000060
9618  -24.206  -75.230  -11.099 0.4000000060
10354  -23.102  -74.854  -8.730 0.5000000000
10355  -23.806  -74.374  -8.753 0.5000000000
11183  -21.799  -73.912  -8.056 0.6000000238
11184  -23.342  -73.215  -8.834 0.6000000238
10402  -22.863  -73.462  -12.868 0.4000000060
11176  -21.024  -73.711  -7.489 0.6000000238
11973  -22.366  -73.342  -7.880 0.6000000238
11214  -23.109  -72.715  -13.640 0.4000000060
11157  -20.286  -73.880  -6.164 0.6000000238
11225  -22.074  -73.014  -15.124 0.4000000060
11221  -23.432  -72.048  -14.338 0.4000000060
12020  -23.172  -72.006  -15.019 0.4000000060
12021  -23.709  -71.411  -14.947 0.4000000060
6240  -31.637  -80.252  -15.479 0.3000000119
6896  -32.777  -79.767  -15.540 0.3000000119
10323  -20.537  -74.182  -5.473 0.6000000238
134811  -30.351  -78.212  -15.611 0.3000000119
6895  -31.918  -79.219  -15.633 0.3000000119
9550  -20.225  -74.831  -5.456 0.6000000238
8842  -21.092  -76.400  -5.286 0.6000000238
9540  -21.302  -75.348  -4.398 0.6999999881
11143  -21.960  -73.756  -4.960 0.6999999881
10309  -21.440  -74.670  -4.367 0.6999999881
10296  -22.106  -74.524  -3.829 0.6999999881
8815  -21.750  -75.930  -3.804 0.6000000238
11160  -22.905  -73.383  -4.897 0.6999999881
11935  -23.762  -72.973  -4.675 0.6000000238
9531  -21.817  -75.212  -3.735 0.6999999881
11145  -23.350  -73.486  -4.070 0.6999999881
9595  -24.201  -75.395  -9.513 0.5000000000
9596  -25.128  -75.276  -9.633 0.5000000000
11185  -24.220  -73.821  -8.859 0.5000000000
11186  -25.067  -73.727  -8.948 0.5000000000
10356  -24.857  -74.350  -8.897 0.5000000000
10379  -26.717  -74.715  -10.172 0.5000000000
10378  -25.928  -75.006  -10.576 0.4000000060
10392  -24.614  -74.571  -11.724 0.4000000060
125959  -23.174  -72.514  -8.690 0.6000000238
11192  -23.331  -72.428  -9.300 0.6000000238
12791  -24.167  -72.000  -10.177 0.6000000238
11984  -24.638  -72.890  -9.432 0.6000000238
10404  -25.002  -73.836  -12.347 0.4000000060
11177  -21.777  -73.506  -7.340 0.6000000238
12790  -23.219  -71.641  -10.145 0.6000000238
10403  -23.921  -73.690  -12.618 0.4000000060
11171  -22.000  -73.389  -6.552 0.6000000238
11964  -22.424  -73.155  -7.312 0.6000000238
137784  -22.759  -72.882  -7.896 0.6000000238
13607  -23.188  -70.992  -9.768 0.6000000238
13622  -23.202  -70.896  -10.405 0.6000000238
128372  -24.172  -72.813  -13.290 0.4000000060
12023  -26.103  -71.177  -13.735 0.4000000060
11965  -22.917  -72.773  -7.306 0.6000000238
12778  -23.386  -71.524  -8.887 0.6000000238
13623  -23.280  -70.397  -10.173 0.6000000238
14463  -23.611  -69.518  -10.333 0.6000000238
11222  -24.391  -71.726  -14.064 0.4000000060
12022  -25.048  -71.037  -14.419 0.4000000060
11158  -21.283  -73.725  -5.729 0.6000000238
11956  -22.793  -73.020  -6.563 0.5000000000
11966  -23.246  -72.279  -7.790 0.6000000238
13608  -23.795  -70.502  -9.332 0.6000000238
147002  -23.648  -69.988  -9.771 0.6000000238
132957  -23.784  -68.510  -10.866 0.6999999881
9539  -20.846  -74.731  -4.893 0.6999999881
11159  -22.416  -73.362  -5.729 0.6000000238
11957  -23.373  -72.531  -6.703 0.6000000238
12770  -24.221  -71.576  -7.625 0.6000000238
14448  -24.319  -69.614  -9.424 0.6000000238
14464  -24.356  -68.694  -9.784 0.6000000238
16184  -24.794  -66.980  -9.929 0.6000000238
12771  -25.362  -71.121  -7.359 0.6000000238
13609  -25.035  -70.041  -8.676 0.6000000238
14449  -25.175  -69.108  -8.914 0.6000000238
15352  -24.917  -67.935  -9.143 0.6000000238
136329  -23.383  -72.859  -5.691 0.6000000238
143520  -23.940  -72.333  -6.046 0.6000000238
13598  -25.684  -70.437  -7.858 0.5000000000
14440  -25.859  -69.585  -8.145 0.6000000238
14450  -25.728  -68.630  -8.231 0.6000000238
12762  -24.998  -71.612  -6.685 0.5000000000
10287  -22.462  -74.953  -2.900 0.6999999881
144997  -23.736  -73.515  -3.388 0.6999999881
11936  -24.438  -72.636  -4.322 0.5000000000
11946  -25.084  -71.962  -5.249 0.6000000238
12763  -25.969  -71.285  -6.561 0.5000000000
13599  -26.433  -69.993  -7.482 0.5000000000
12739  -25.860  -71.675  -4.955 0.6000000238
146885  -20.254  -69.696  -3.127 0.6000000238
13540  -19.969  -70.268  -2.468 0.6000000238
13539  -19.174  -70.659  -2.715 0.6000000238
10366  -25.465  -74.764  -9.234 0.5000000000
11187  -26.117  -73.882  -8.890 0.5000000000
11194  -26.942  -73.897  -9.025 0.5000000000
130224  -26.477  -74.574  -11.102 0.5000000000
10393  -25.602  -74.608  -11.458 0.4000000060
13638  -23.835  -70.505  -11.332 0.5000000000
12803  -24.505  -71.173  -10.775 0.5000000000
13640  -26.084  -70.059  -10.766 0.5000000000
11210  -26.133  -73.924  -11.956 0.4000000060
11217  -27.309  -72.952  -12.268 0.4000000060
13639  -24.916  -70.358  -11.251 0.5000000000
14486  -26.406  -69.061  -11.116 0.5000000000
11215  -25.319  -72.936  -12.915 0.4000000060
11216  -26.399  -73.037  -12.530 0.4000000060
149094  -27.502  -71.818  -12.959 0.4000000060
14498  -23.813  -69.066  -11.883 0.5000000000
14499  -24.586  -68.697  -11.949 0.5000000000
14485  -25.295  -69.359  -11.587 0.5000000000
12013  -25.664  -72.042  -13.401 0.4000000060
15370  -24.158  -67.818  -11.395 0.6000000238
142928  -24.889  -67.910  -12.024 0.6000000238
16183  -24.620  -67.022  -11.115 0.6000000238
16196  -24.756  -67.460  -11.786 0.5000000000
16906  -25.531  -66.597  -9.295 0.4000000060
16918  -26.182  -66.030  -10.466 0.4000000060
17675  -27.038  -65.802  -11.030 0.4000000060
15334  -25.460  -67.589  -8.127 0.6000000238
146814  -25.124  -67.143  -8.828 0.6000000238
130634  -26.005  -66.455  -8.093 0.5000000000
16907  -26.482  -66.026  -9.206 0.4000000060
17660  -26.987  -65.687  -10.219 0.4000000060
17650  -27.494  -65.395  -9.221 0.4000000060
9532  -22.189  -75.789  -3.064 0.6999999881
14441  -26.421  -69.173  -7.609 0.6000000238
16158  -25.455  -66.957  -8.017 0.5000000000
147097  -26.753  -65.863  -8.233 0.4000000060
11128  -24.325  -73.188  -3.013 0.6000000238
12752  -26.522  -71.198  -5.698 0.5000000000
14433  -26.819  -69.563  -7.100 0.5000000000
16159  -25.732  -67.324  -7.353 0.5000000000
16896  -25.858  -66.717  -6.987 0.5000000000
17642  -27.330  -65.290  -7.778 0.4000000060
11937  -25.142  -72.148  -4.391 0.6000000238
15322  -26.878  -68.505  -6.517 0.5000000000
14414  -20.590  -68.914  -4.162 0.6999999881
14400  -20.737  -69.176  -3.442 0.6000000238
15283  -21.411  -68.208  -3.257 0.6999999881
14388  -20.883  -69.577  -2.646 0.6000000238
134590  -21.930  -67.310  -2.309 0.6000000238
13541  -20.725  -70.220  -1.861 0.6000000238
138554  -21.497  -69.146  -2.476 0.6000000238
15271  -22.156  -68.134  -2.159 0.6000000238
16829  -22.502  -66.557  -1.471 0.6000000238
17582  -23.093  -66.067  -0.873 0.6000000238
12698  -19.512  -71.503  -1.334 0.5000000000
13526  -21.288  -70.256  -1.177 0.6000000238
15250  -22.029  -68.995  -1.903 0.6000000238
15251  -22.705  -68.472  -1.335 0.6000000238
16830  -23.306  -67.029  -0.951 0.6000000238
10380  -27.379  -74.347  -10.036 0.5000000000
12684  -19.782  -71.925  -0.624 0.5000000000
142000  -20.635  -70.680  -1.177 0.5000000000
15252  -23.438  -68.498  -0.717 0.5000000000
16071  -23.143  -67.854  -1.021 0.5000000000
128204  -25.592  -72.625  -9.377 0.4000000060
128430  -26.810  -72.368  -9.037 0.5000000000
11203  -27.787  -74.039  -10.385 0.5000000000
149672  -26.766  -74.193  -11.422 0.4000000060
128892  -21.102  -70.980  -0.441 0.5000000000
13515  -21.935  -70.389  -0.547 0.5000000000
16049  -23.799  -67.811  -0.649 0.5000000000
133299  -26.507  -71.456  -9.574 0.5000000000
11211  -27.853  -73.581  -11.280 0.4000000060
12007  -28.059  -72.797  -12.002 0.4000000060
12015  -28.626  -72.288  -12.167 0.4000000060
12685  -20.507  -71.736  -0.161 0.5000000000
13516  -22.663  -70.565  -0.157 0.5000000000
14369  -22.598  -69.827  -0.636 0.6000000238
15232  -23.814  -69.196  -0.465 0.6000000238
12673  -22.110  -71.872  0.348 0.6000000238
13517  -23.265  -70.794  -0.064 0.6000000238
14370  -23.380  -69.994  -0.318 0.6999999881
15396  -25.643  -68.175  -11.809 0.4000000060
15397  -26.440  -67.323  -11.660 0.5000000000
9497  -21.417  -75.716  0.173 0.6000000238
16207  -26.298  -66.695  -11.573 0.5000000000
16931  -27.152  -66.123  -11.337 0.4000000060
9506  -21.984  -75.666  -0.400 0.6000000238
16930  -26.205  -66.263  -11.307 0.4000000060
9513  -22.452  -75.423  -1.188 0.6000000238
10278  -22.743  -74.915  -1.899 0.6000000238
17651  -28.564  -64.790  -10.148 0.4000000060
11112  -24.315  -73.278  -2.185 0.6000000238
10297  -23.031  -74.088  -3.356 0.6999999881
12729  -25.962  -71.670  -4.026 0.6000000238
12730  -26.518  -71.179  -3.564 0.6000000238
12740  -26.746  -71.133  -4.557 0.5000000000
13576  -27.562  -69.878  -5.517 0.5000000000
16104  -21.112  -67.839  -3.945 0.6999999881
16862  -21.357  -67.324  -3.164 0.6999999881
16848  -21.412  -66.359  -2.470 0.6000000238
16849  -21.985  -66.667  -1.978 0.6000000238
17580  -21.767  -65.242  -1.489 0.6000000238
143084  -22.959  -65.503  -0.777 0.6000000238
18324  -23.432  -64.471  -0.386 0.6999999881
126036  -24.249  -64.861  -0.200 0.6000000238
16806  -23.919  -66.281  -0.556 0.6000000238
12793  -27.473  -71.526  -9.065 0.5000000000
138518  -27.453  -73.226  -8.967 0.5000000000
11195  -27.666  -73.845  -9.532 0.5000000000
11196  -28.317  -73.176  -9.292 0.5000000000
16807  -24.800  -66.448  -0.366 0.6000000238
17559  -25.095  -65.149  -0.126 0.5000000000
12009  -29.460  -72.587  -10.740 0.4000000060
15234  -25.684  -68.444  -0.580 0.6000000238
16050  -24.558  -67.863  -0.457 0.6000000238
128723  -25.369  -65.879  -0.247 0.5000000000
13624  -26.797  -70.695  -9.809 0.5000000000
10258  -21.319  -74.329  0.470 0.6000000238
11080  -21.769  -73.545  0.428 0.4000000060
11864  -22.160  -72.734  0.389 0.6000000238
131427  -23.937  -70.636  -0.232 0.6000000238
133883  -25.338  -69.178  -0.582 0.6000000238
16051  -25.941  -67.511  -0.451 0.6000000238
142611  -27.792  -69.512  -9.758 0.4000000060
10259  -22.146  -74.189  0.139 0.5000000000
11865  -22.901  -72.870  0.111 0.5000000000
12674  -22.873  -72.143  0.212 0.6000000238
12687  -23.582  -71.517  -0.108 0.6999999881
13519  -25.330  -70.364  -0.818 0.6000000238
14373  -25.713  -69.826  -0.893 0.6000000238
128439  -26.108  -69.113  -0.916 0.6000000238
15387  -27.432  -67.589  -11.192 0.5000000000
9498  -21.797  -74.968  0.119 0.6000000238
11879  -23.585  -72.555  -0.280 0.6000000238
142261  -24.204  -72.004  -0.509 0.6000000238
14381  -26.443  -69.755  -1.514 0.6000000238
15253  -26.763  -69.015  -1.356 0.6000000238
15236  -27.407  -67.613  -1.119 0.6000000238
16198  -27.252  -66.633  -11.442 0.4000000060
10271  -23.001  -74.157  -0.819 0.5000000000
11094  -23.198  -73.445  -0.414 0.6000000238
12700  -24.888  -71.926  -1.078 0.6000000238
13542  -26.538  -70.420  -2.207 0.6000000238
14382  -27.200  -69.313  -1.980 0.6000000238
145996  -22.761  -74.711  -1.167 0.6000000238
10279  -23.195  -74.302  -1.539 0.6000000238
11103  -24.108  -73.246  -1.424 0.6000000238
11889  -25.285  -72.140  -1.951 0.6000000238
12701  -26.018  -71.031  -2.048 0.6000000238
12718  -25.923  -71.648  -3.168 0.6000000238
11924  -25.470  -72.055  -3.570 0.6000000238
13566  -27.531  -70.284  -4.541 0.5000000000
15311  -27.546  -68.805  -5.595 0.5000000000
16103  -20.843  -67.023  -3.974 0.6999999881
16861  -20.824  -66.332  -3.289 0.6999999881
17609  -20.151  -66.072  -4.803 0.6999999881
17599  -20.279  -65.504  -3.432 0.6999999881
17593  -21.200  -65.325  -2.023 0.6999999881
18343  -21.393  -64.588  -1.531 0.6000000238
18323  -22.628  -63.998  -0.617 0.6000000238
138005  -23.297  -63.603  -0.239 0.5000000000
17557  -22.829  -64.954  -0.708 0.6999999881
19109  -24.069  -64.001  -0.016 0.5000000000
19101  -24.819  -63.483  0.294 0.5000000000
18325  -24.872  -64.396  0.079 0.5000000000
11986  -28.105  -72.388  -8.868 0.4000000060
11987  -28.947  -72.590  -9.204 0.5000000000
11988  -29.993  -71.850  -9.493 0.5000000000
11998  -29.607  -72.411  -9.860 0.5000000000
11999  -30.193  -72.028  -10.093 0.4000000060
13625  -27.814  -70.479  -9.260 0.4000000060
134692  -28.914  -71.915  -8.828 0.4000000060
126253  -26.214  -66.044  -0.276 0.6000000238
16052  -26.766  -67.392  -0.671 0.6000000238
126341  -26.491  -66.761  -0.443 0.6000000238
15254  -27.439  -68.495  -1.624 0.6000000238
16053  -27.274  -66.859  -0.739 0.6000000238
13551  -26.918  -70.602  -3.096 0.6000000238
13543  -27.312  -69.869  -2.679 0.6000000238
16831  -27.981  -66.947  -1.295 0.6000000238
12719  -26.296  -71.102  -2.731 0.6000000238
15272  -28.045  -68.423  -2.350 0.5000000000
13565  -27.129  -70.728  -3.863 0.6000000238
132261  -27.946  -69.375  -3.325 0.5000000000
14402  -27.988  -69.524  -4.113 0.5000000000
17617  -20.086  -65.961  -5.682 0.6999999881
17608  -19.900  -65.398  -4.188 0.6999999881
18368  -20.211  -64.816  -2.881 0.6999999881
130592  -20.644  -64.887  -2.368 0.6999999881
18357  -20.313  -64.136  -2.307 0.6000000238
18358  -20.852  -64.579  -1.954 0.6999999881
146012  -21.692  -63.726  -1.084 0.4000000060
17626  -19.737  -65.085  -6.033 0.6999999881
18379  -19.392  -64.590  -4.358 0.6999999881
18356  -19.683  -64.075  -2.970 0.6000000238
19139  -19.805  -63.366  -2.550 0.6000000238
126287  -23.051  -62.777  -0.188 0.5000000000
17639  -19.925  -64.754  -7.194 0.6999999881
134065  -19.506  -64.329  -6.374 0.6999999881
19831  -23.721  -62.249  0.220 0.5000000000
18412  -20.393  -64.789  -8.425 0.6999999881
142128  -24.530  -62.559  0.382 0.5000000000
18422  -20.824  -63.849  -9.670 0.6000000238
19206  -20.611  -62.714  -9.666 0.6000000238
137332  -20.482  -61.802  -9.868 0.6000000238
19945  -19.973  -61.815  -10.315 0.5000000000
20706  -20.030  -60.842  -9.671 0.5000000000
11975  -29.630  -71.480  -8.875 0.4000000060
16073  -28.454  -66.918  -2.135 0.6000000238
127989  -21.029  -63.059  -1.432 0.5000000000
19841  -21.641  -62.685  -0.939 0.5000000000
18386  -19.252  -64.323  -5.386 0.6000000238
19150  -19.250  -63.952  -3.685 0.6000000238
132990  -19.285  -63.309  -3.158 0.6000000238
19856  -20.510  -62.458  -1.721 0.6000000238
19842  -22.323  -62.106  -0.479 0.5000000000
19843  -23.090  -61.957  -0.068 0.5000000000
19166  -18.855  -63.409  -5.341 0.6000000238
19158  -18.965  -63.760  -4.487 0.6000000238
19879  -18.962  -62.449  -3.311 0.6000000238
20630  -19.593  -61.174  -2.506 0.6000000238
20592  -24.303  -61.036  0.474 0.5000000000
145094  -19.659  -63.744  -7.205 0.6999999881
147114  -18.901  -62.983  -6.046 0.6000000238
19165  -18.661  -62.667  -5.405 0.6000000238
20641  -18.535  -61.687  -3.947 0.6000000238
20642  -19.004  -61.502  -3.114 0.6000000238
19193  -20.071  -63.031  -8.197 0.6000000238
19180  -18.897  -62.398  -6.186 0.6000000238
19896  -18.659  -61.889  -5.658 0.6000000238
20652  -18.463  -61.319  -4.977 0.6000000238
134087  -20.341  -62.041  -8.912 0.6000000238
19924  -20.042  -61.374  -8.338 0.6000000238
20662  -18.827  -61.010  -5.992 0.6000000238
21522  -18.702  -60.310  -5.299 0.6000000238
19938  -20.329  -61.219  -9.540 0.5000000000
19946  -20.188  -61.509  -10.048 0.5000000000
20677  -19.983  -60.572  -8.029 0.5000000000
20676  -19.496  -60.661  -6.940 0.6000000238
13612  -30.818  -70.635  -8.831 0.4000000060
20714  -18.786  -61.280  -9.677 0.5000000000
21549  -20.154  -59.774  -8.795 0.5000000000
21536  -19.932  -59.858  -7.708 0.6000000238
22374  -19.123  -59.575  -6.000 0.6000000238
20704  -18.371  -60.574  -9.120 0.5000000000
21560  -19.317  -59.570  -9.156 0.5000000000
126391  -19.936  -60.067  -9.248 0.4000000060
22389  -20.044  -59.081  -8.345 0.5000000000
22375  -19.746  -59.252  -7.119 0.6000000238
20617  -21.473  -61.776  -0.962 0.6000000238
20601  -22.020  -61.104  -0.612 0.5000000000
20602  -22.803  -61.294  -0.192 0.5000000000
20616  -20.744  -61.671  -1.498 0.6000000238
21450  -21.914  -60.169  -0.737 0.5000000000
21437  -23.883  -60.343  0.390 0.5000000000
21486  -19.777  -60.123  -2.464 0.6999999881
21470  -20.586  -59.961  -1.794 0.6999999881
21499  -18.716  -60.966  -3.569 0.6000000238
23218  -18.813  -59.570  -3.870 0.6000000238
22344  -19.177  -59.757  -3.224 0.6999999881
23232  -18.871  -59.141  -4.500 0.6000000238
23219  -19.213  -58.858  -3.687 0.6999999881
23244  -19.097  -58.730  -5.217 0.6000000238
24090  -19.490  -57.882  -3.993 0.6999999881
21547  -17.028  -60.064  -7.634 0.5000000000
22388  -18.694  -58.970  -8.766 0.5000000000
21561  -19.806  -59.229  -8.849 0.4000000060
127445  -19.938  -58.360  -7.809 0.6000000238
23255  -19.457  -58.692  -6.281 0.6000000238
21548  -18.041  -59.754  -8.626 0.5000000000
23288  -19.398  -58.653  -8.791 0.4000000060
23271  -19.696  -57.525  -8.218 0.5000000000
22301  -23.198  -59.910  0.018 0.5000000000
22300  -22.548  -59.621  -0.444 0.5000000000
22317  -21.352  -59.694  -1.294 0.6000000238
22318  -21.684  -58.896  -1.278 0.5000000000
23178  -22.885  -58.008  -0.587 0.5000000000
22332  -20.269  -59.380  -2.278 0.6999999881
23204  -20.330  -58.662  -2.482 0.6999999881
23220  -19.837  -58.299  -3.133 0.6000000238
23233  -19.208  -58.359  -4.653 0.6999999881
24091  -20.067  -57.429  -3.387 0.6000000238
125736  -19.816  -57.638  -7.192 0.6000000238
24102  -19.452  -57.410  -5.010 0.6000000238
23268  -17.611  -58.974  -7.940 0.5000000000
23270  -19.373  -57.860  -8.544 0.4000000060
23254  -17.728  -57.911  -7.751 0.4000000060
24127  -18.716  -57.417  -8.355 0.4000000060
24129  -19.394  -56.773  -8.102 0.5000000000
24122  -19.773  -56.917  -7.746 0.5000000000
22316  -20.877  -59.000  -1.829 0.6000000238
23194  -22.091  -58.175  -1.190 0.5000000000
23205  -20.819  -58.277  -2.188 0.6000000238
24066  -22.428  -57.521  -1.204 0.5000000000
24080  -21.113  -57.608  -2.249 0.6000000238
24953  -20.737  -57.024  -2.855 0.6000000238
24954  -21.544  -56.684  -2.326 0.5000000000
24966  -19.729  -56.949  -4.285 0.6999999881
24967  -20.323  -56.524  -3.607 0.5000000000
24113  -19.677  -56.873  -6.527 0.6000000238
24992  -19.546  -55.932  -6.640 0.5000000000
25008  -18.908  -56.700  -8.180 0.4000000060
25002  -19.519  -56.282  -7.556 0.5000000000
22314  -15.495  -60.084  -1.514 0.4000000060
23192  -16.722  -58.877  -1.049 0.3000000119
22330  -16.339  -58.863  -1.885 0.4000000060
24941  -22.909  -56.152  -1.497 0.5000000000
124694  -15.571  -58.484  -2.695 0.3000000119
24077  -16.371  -57.886  -2.392 0.4000000060
137404  -21.679  -55.814  -2.639 0.5000000000
24955  -22.226  -55.971  -2.131 0.5000000000
24088  -13.902  -57.192  -3.998 0.3000000119
24076  -15.397  -57.350  -3.102 0.4000000060
25819  -21.500  -55.172  -3.075 0.5000000000
24963  -14.287  -56.599  -4.153 0.3000000119
24981  -19.965  -55.940  -4.491 0.6000000238
25840  -19.599  -55.448  -5.651 0.6999999881
25827  -19.876  -55.192  -4.831 0.6000000238
25001  -19.048  -56.035  -7.679 0.5000000000
25848  -19.290  -55.219  -6.782 0.4000000060
26663  -19.466  -54.031  -5.399 0.4000000060
23159  -15.353  -58.561  0.206 0.3000000119
22299  -16.173  -59.270  -0.667 0.3000000119
23177  -17.153  -58.195  -0.520 0.3000000119
24064  -17.031  -58.081  -1.500 0.3000000119
142457  -16.937  -57.370  -2.108 0.4000000060
25805  -22.088  -55.195  -2.580 0.5000000000
141886  -15.226  -56.558  -3.439 0.4000000060
24952  -16.216  -56.794  -2.836 0.4000000060
26637  -21.873  -54.597  -2.979 0.5000000000
24964  -14.752  -56.150  -3.896 0.4000000060
25816  -15.819  -55.179  -3.587 0.4000000060
25818  -20.909  -55.127  -3.602 0.5000000000
26652  -22.039  -53.937  -3.107 0.5000000000
24979  -15.223  -55.587  -4.607 0.4000000060
26650  -20.606  -54.407  -4.063 0.5000000000
137386  -19.994  -54.545  -4.687 0.5000000000
25839  -17.970  -54.776  -6.735 0.3000000119
26680  -18.682  -54.495  -6.610 0.4000000060
26674  -19.002  -54.173  -6.283 0.4000000060
26664  -20.128  -53.791  -4.541 0.4000000060
24034  -14.943  -57.580  0.493 0.3000000119
23176  -16.541  -58.616  -0.311 0.3000000119
127027  -17.564  -57.589  -0.859 0.4000000060
138577  -17.387  -57.336  -1.573 0.4000000060
26625  -24.850  -54.127  -1.431 0.4000000060
24078  -17.275  -56.609  -2.176 0.4000000060
26640  -24.012  -54.063  -1.845 0.4000000060
24965  -15.529  -55.932  -3.489 0.4000000060
25802  -16.540  -55.869  -2.995 0.4000000060
26638  -22.428  -54.448  -2.651 0.4000000060
25817  -16.705  -55.004  -3.117 0.4000000060
26651  -21.354  -54.306  -3.491 0.5000000000
26647  -15.573  -54.785  -3.953 0.4000000060
26671  -16.420  -54.048  -5.185 0.3000000119
27486  -20.835  -53.637  -3.958 0.5000000000
27504  -18.135  -52.931  -5.844 0.3000000119
24035  -15.954  -57.839  0.540 0.3000000119
24906  -17.240  -57.036  0.538 0.3000000119
24037  -17.463  -57.503  -0.015 0.3000000119
24925  -18.261  -56.387  -0.576 0.4000000060
25793  -17.964  -56.108  -1.636 0.4000000060
25794  -18.536  -55.565  -1.233 0.3000000119
27459  -25.385  -53.478  -1.470 0.4000000060
28278  -26.861  -52.915  -1.342 0.4000000060
25803  -17.399  -55.635  -2.471 0.4000000060
27475  -23.718  -53.337  -2.276 0.4000000060
134670  -22.578  -53.775  -2.761 0.4000000060
26648  -16.080  -54.474  -3.691 0.3000000119
27473  -22.334  -53.239  -3.055 0.4000000060
26662  -15.927  -54.308  -4.532 0.3000000119
27483  -15.834  -54.249  -4.080 0.3000000119
27502  -16.818  -53.146  -5.234 0.3000000119
27493  -19.564  -53.145  -5.002 0.4000000060
128178  -15.594  -56.227  0.941 0.3000000119
24907  -17.872  -56.791  0.156 0.4000000060
24908  -18.304  -56.172  0.149 0.4000000060
29068  -28.474  -51.279  -1.759 0.4000000060
129538  -26.411  -52.118  -1.473 0.4000000060
26636  -18.448  -54.633  -1.935 0.4000000060
28276  -25.009  -52.742  -1.815 0.4000000060
28294  -23.445  -52.627  -2.537 0.4000000060
28295  -24.188  -52.682  -2.217 0.4000000060
26649  -16.860  -54.163  -3.285 0.3000000119
145888  -23.250  -52.031  -2.659 0.4000000060
28306  -16.731  -52.063  -4.437 0.3000000119
28310  -22.054  -52.702  -3.270 0.5000000000
27492  -16.296  -53.535  -4.476 0.3000000119
29112  -16.928  -51.653  -4.892 0.3000000119
28309  -21.413  -52.406  -3.606 0.5000000000
28327  -18.391  -52.285  -5.608 0.3000000119
28321  -20.619  -52.353  -4.109 0.4000000060
27505  -18.834  -53.256  -5.750 0.4000000060
25765  -16.680  -56.286  1.077 0.3000000119
26622  -19.072  -54.935  -0.962 0.3000000119
27455  -19.114  -54.209  -1.482 0.3000000119
29067  -27.729  -51.276  -1.502 0.4000000060
27470  -17.709  -53.851  -2.784 0.3000000119
133165  -25.482  -52.074  -1.718 0.4000000060
29066  -26.841  -51.354  -1.437 0.3000000119
134383  -23.863  -52.013  -2.432 0.4000000060
29065  -25.942  -51.379  -1.586 0.4000000060
28307  -17.011  -52.133  -3.790 0.3000000119
29097  -16.960  -51.387  -4.442 0.3000000119
29102  -22.134  -52.000  -3.239 0.4000000060
29121  -17.312  -51.385  -5.196 0.3000000119
29114  -18.212  -50.585  -5.210 0.3000000119
29115  -19.282  -51.035  -4.819 0.3000000119
29100  -20.816  -50.995  -3.849 0.3000000119
27471  -18.634  -53.492  -2.219 0.3000000119
27456  -19.536  -53.480  -1.438 0.3000000119
29919  -27.167  -50.421  -1.420 0.3000000119
29064  -25.074  -51.335  -1.939 0.4000000060
29918  -26.344  -50.750  -1.526 0.4000000060
29099  -17.586  -50.521  -3.694 0.3000000119
29082  -23.472  -51.374  -2.597 0.4000000060
29083  -24.241  -51.321  -2.324 0.4000000060
29113  -17.206  -50.881  -4.921 0.3000000119
29975  -17.613  -50.574  -5.101 0.3000000119
29952  -22.188  -51.112  -3.202 0.3000000119
29968  -19.957  -50.434  -4.381 0.3000000119
29079  -18.282  -50.682  -2.983 0.3000000119
29949  -17.572  -49.690  -4.227 0.3000000119
29935  -23.806  -50.545  -2.508 0.3000000119
141462  -25.142  -49.592  -1.983 0.3000000119
29966  -17.932  -49.622  -4.842 0.3000000119
29934  -22.909  -50.603  -2.828 0.3000000119
137122  -19.651  -49.373  -4.388 0.3000000119
29951  -21.490  -50.583  -3.525 0.3000000119
138943  -19.071  -48.885  -2.539 0.3000000119
30807  -19.965  -49.110  -1.925 0.3000000119
31784  -18.535  -48.174  -3.713 0.3000000119
30825  -23.337  -49.625  -2.704 0.3000000119
31785  -18.990  -47.813  -3.041 0.3000000119
30823  -19.510  -48.096  -2.410 0.3000000119
28328  -19.023  -52.480  -5.398 0.4000000060
27503  -17.624  -53.506  -5.902 0.3000000119
29122  -17.919  -51.372  -5.459 0.3000000119
6854  -21.400  -79.173  -11.963 0.6000000238
6868  -21.550  -79.633  -13.706 0.5000000000
143277  -19.884  -79.647  -15.706 0.5000000000
6877  -21.963  -79.387  -15.069 0.5000000000
7536  -19.147  -78.389  -12.213 0.6999999881
126762  -17.749  -78.195  -12.552 0.6999999881
7523  -19.727  -79.257  -12.142 0.6999999881
6888  -23.383  -79.795  -15.676 0.4000000060
7534  -17.069  -78.711  -12.360 0.6999999881
7538  -24.324  -78.981  -12.052 0.5000000000
7528  -24.601  -78.286  -11.937 0.5000000000
8916  -24.750  -76.149  -13.573 0.3000000119
10407  -20.040  -74.295  -14.507 0.6000000238
9624  -19.102  -75.138  -14.013 0.6000000238
10400  -20.435  -73.752  -13.694 0.5000000000
10362  -18.103  -74.445  -9.280 0.6000000238
8900  -16.966  -76.840  -12.994 0.6999999881
6213  -31.698  -81.154  -14.199 0.3000000119
8203  -17.556  -77.100  -10.217 0.6000000238
8216  -16.876  -77.444  -12.574 0.6999999881
7537  -23.425  -79.111  -11.996 0.6000000238
6869  -22.493  -79.616  -13.680 0.5000000000
7511  -16.544  -78.572  -11.460 0.6000000238
6856  -16.724  -79.459  -12.041 0.6999999881
131840  -18.869  -79.217  -9.351 0.5000000000
6188  -16.498  -80.156  -11.514 0.5000000000
8234  -29.651  -77.523  -15.583 0.3000000119
7485  -20.582  -78.165  -7.806 0.6000000238
134330  -16.583  -80.932  -11.301 0.5000000000
130904  -21.751  -76.271  -13.886 0.5000000000
8926  -29.028  -76.889  -15.453 0.3000000119
5575  -17.316  -81.303  -10.572 0.5000000000
6883  -33.727  -79.697  -15.221 0.3000000119
129793  -21.201  -74.132  -4.924 0.6999999881
11945  -24.341  -72.412  -5.186 0.6000000238
12789  -23.209  -71.599  -9.740 0.6000000238
12792  -25.564  -71.793  -9.888 0.5000000000
14483  -23.216  -70.164  -10.884 0.6000000238
13652  -23.495  -69.916  -11.486 0.5000000000
13597  -24.587  -70.888  -8.298 0.6000000238
16917  -25.345  -66.522  -10.751 0.4000000060
9522  -22.448  -75.637  -2.176 0.6000000238
11127  -23.754  -73.710  -2.686 0.6999999881
14389  -21.429  -69.665  -1.923 0.6000000238
11985  -26.525  -73.281  -8.920 0.4000000060
14465  -27.071  -69.764  -10.201 0.4000000060
17676  -27.947  -65.621  -11.112 0.4000000060
15335  -26.163  -68.239  -7.355 0.4000000060
8798  -22.319  -76.290  -1.435 0.6000000238
15270  -21.663  -68.549  -2.619 0.6000000238
14380  -22.491  -69.228  -1.169 0.6000000238
11997  -29.016  -73.021  -10.028 0.5000000000
12672  -21.294  -71.698  0.201 0.5000000000
127477  -25.072  -67.226  -0.369 0.6000000238
11862  -20.696  -72.422  0.315 0.4000000060
11906  -24.859  -72.706  -2.510 0.5000000000
149136  -27.854  -68.242  -10.573 0.5000000000
13527  -25.844  -70.558  -1.404 0.6000000238
11888  -24.677  -72.686  -1.642 0.5000000000
18434  -21.161  -64.077  -10.739 0.6000000238
20705  -19.545  -60.549  -9.567 0.5000000000
20631  -20.046  -61.817  -2.044 0.5000000000
19157  -18.654  -62.981  -4.591 0.6000000238
19878  -18.606  -62.528  -4.032 0.6000000238
132491  -20.289  -60.911  -1.891 0.6000000238
19910  -19.292  -61.560  -6.841 0.6000000238
20689  -17.325  -60.702  -8.264 0.5000000000
146017  -21.970  -59.438  -0.874 0.5000000000
23269  -18.636  -58.240  -8.525 0.5000000000
24980  -19.620  -56.414  -5.371 0.6000000238
129041  -15.513  -59.694  -2.170 0.3000000119
24940  -22.311  -56.814  -1.634 0.5000000000
135295  -18.383  -55.525  -7.253 0.3000000119
26624  -23.578  -54.723  -1.768 0.4000000060
25806  -22.856  -55.162  -2.047 0.4000000060
26681  -19.035  -54.759  -6.718 0.4000000060
26679  -18.090  -54.112  -6.403 0.3000000119
147295  -20.962  -52.966  -3.888 0.5000000000
144495  -16.465  -57.180  0.748 0.3000000119
124907  -16.534  -52.809  -4.124 0.3000000119
28293  -22.710  -52.497  -2.891 0.4000000060
28320  -19.696  -52.200  -4.751 0.3000000119
27485  -16.947  -53.215  -3.515 0.3000000119
28308  -20.936  -51.800  -3.831 0.4000000060
25751  -17.377  -55.426  1.250 0.3000000119
28291  -17.875  -51.666  -3.203 0.3000000119
29081  -22.775  -51.621  -2.872 0.4000000060
29933  -17.943  -49.592  -3.554 0.3000000119
139772  -20.516  -85.006  -9.672 0.5000000000
3901  -20.026  -84.772  -10.278 0.5000000000
147460  -19.487  -84.177  -10.606 0.5000000000
4429  -18.363  -83.153  -10.838 0.4000000060
3390  -20.967  -85.151  -8.585 0.5000000000
3400  -20.949  -84.707  -9.146 0.5000000000
3902  -20.584  -84.283  -9.665 0.5000000000
4987  -19.862  -83.067  -9.987 0.5000000000
4986  -18.948  -82.691  -10.306 0.5000000000
4985  -17.877  -82.280  -10.663 0.4000000060
3891  -21.423  -84.319  -8.447 0.4000000060
3895  -21.181  -83.869  -9.170 0.5000000000
4978  -20.522  -82.593  -9.588 0.5000000000
138509  -18.525  -81.765  -10.137 0.4000000060
4420  -21.709  -83.378  -8.629 0.5000000000
4979  -21.258  -82.988  -9.223 0.5000000000
5553  -22.323  -81.985  -8.289 0.5000000000
126575  -21.152  -82.093  -9.202 0.5000000000
5552  -21.727  -81.586  -8.754 0.5000000000
5568  -20.910  -81.148  -9.097 0.5000000000
142409  -19.897  -80.736  -9.273 0.4000000060
4966  -22.247  -82.847  -8.170 0.5000000000
6161  -22.265  -81.113  -8.282 0.5000000000
6160  -21.504  -80.609  -8.596 0.5000000000
6173  -20.484  -80.206  -8.863 0.5000000000
5505  -23.250  -81.251  -4.051 0.5000000000
4950  -22.839  -82.488  -6.989 0.5000000000
4951  -23.180  -81.947  -6.485 0.5000000000
6145  -23.191  -81.000  -7.244 0.5000000000
6133  -23.473  -80.535  -6.490 0.5000000000
6144  -22.708  -80.666  -7.753 0.5000000000
6816  -23.108  -80.199  -7.218 0.5000000000
147365  -21.610  -80.068  -8.307 0.5000000000
6159  -21.021  -79.755  -8.433 0.5000000000
6129  -23.621  -80.585  -5.471 0.5000000000
6783  -23.637  -79.980  -4.184 0.5000000000
7438  -23.199  -78.994  -3.253 0.5000000000
145127  -23.520  -79.725  -5.825 0.5000000000
7451  -23.367  -79.166  -4.200 0.5000000000
7450  -22.861  -78.277  -3.726 0.5000000000
144344  -23.223  -79.656  -6.615 0.5000000000
7477  -23.086  -79.054  -6.036 0.5000000000
7462  -22.628  -78.433  -5.532 0.5000000000
7486  -22.114  -79.147  -7.300 0.5000000000
7475  -21.786  -78.396  -6.716 0.5000000000
6830  -21.646  -79.505  -7.953 0.5000000000
7496  -20.788  -78.961  -8.141 0.5000000000
7495  -20.053  -78.511  -8.418 0.5000000000
8116  -22.238  -77.159  -1.053 0.5000000000
125861  -22.412  -77.000  -1.779 0.6000000238
127871  -22.807  -78.346  -4.675 0.5000000000
8131  -22.482  -77.404  -3.426 0.5000000000
8152  -22.152  -77.724  -5.147 0.5000000000
8140  -21.715  -76.956  -4.808 0.5000000000
8174  -21.003  -77.888  -7.095 0.5000000000
6814  -21.311  -78.652  -7.512 0.5000000000
8790  -21.552  -76.425  -0.146 0.5000000000
8791  -22.024  -76.470  -0.669 0.5000000000
8816  -22.242  -76.565  -3.237 0.6000000238
13563  -18.423  -70.194  -4.783 0.5000000000
13564  -18.894  -70.123  -3.984 0.6000000238
13574  -18.284  -70.046  -5.746 0.5000000000
14412  -19.286  -69.676  -4.644 0.5000000000
143961  -19.554  -69.713  -4.031 0.6000000238
14424  -19.852  -69.195  -5.204 0.6000000238
14423  -19.056  -69.604  -5.437 0.5000000000
15309  -20.289  -68.595  -5.688 0.6000000238
136645  -20.513  -67.989  -6.164 0.5000000000
15295  -20.838  -68.249  -4.511 0.6000000238
130713  -20.670  -68.093  -5.324 0.6000000238
15321  -20.378  -67.972  -7.041 0.5000000000
16134  -20.571  -67.446  -5.770 0.6000000238
16875  -20.554  -66.735  -4.597 0.6000000238
16157  -20.459  -67.358  -7.739 0.5000000000
16887  -20.402  -66.664  -6.263 0.5000000000
129856  -20.552  -65.713  -8.495 0.5000000000
127668  -20.921  -65.798  -9.658 0.6000000238
18444  -20.660  -64.099  -11.472 0.6000000238
17674  -21.024  -65.424  -11.379 0.5000000000
17640  -20.249  -65.528  -7.590 0.6000000238
16895  -20.434  -66.465  -7.405 0.5000000000
17649  -20.924  -64.862  -9.624 0.5000000000
19226  -20.564  -63.313  -10.938 0.6000000238
19220  -20.879  -63.259  -10.639 0.6000000238
9642  -29.439  -75.074  -15.101 0.3000000119
9640  -28.336  -75.407  -14.383 0.3000000119
12037  -29.794  -72.445  -15.218 0.3000000119
10416  -28.006  -74.558  -14.320 0.3000000119
8924  -28.592  -76.233  -14.917 0.3000000119
5566  -19.234  -81.276  -9.650 0.4000000060
7461  -21.967  -77.959  -5.935 0.5000000000
8829  -22.001  -76.716  -4.035 0.5000000000
13538  -18.684  -70.654  -3.294 0.5000000000
5576  -19.601  -82.205  -9.854 0.4000000060
5567  -20.269  -81.689  -9.467 0.5000000000
5537  -22.737  -81.475  -7.759 0.5000000000
5517  -23.350  -81.465  -5.008 0.5000000000
5524  -23.458  -81.355  -5.985 0.5000000000
6116  -23.435  -80.562  -3.760 0.5000000000
6774  -23.447  -79.753  -3.555 0.5000000000
8141  -22.336  -77.550  -4.304 0.5000000000
11231  -27.774  -73.477  -14.690 0.3000000119
10417  -28.757  -74.295  -14.736 0.3000000119
9641  -28.809  -75.282  -14.812 0.3000000119
11237  -28.717  -73.339  -14.903 0.3000000119
29917  -25.549  -50.606  -1.755 0.3000000119
3381  -21.200  -84.936  -7.948 0.4000000060
4425  -20.627  -83.447  -9.640 0.5000000000
4430  -19.266  -83.495  -10.480 0.5000000000
4431  -20.013  -83.875  -10.121 0.5000000000
4926  -22.878  -82.121  -5.059 0.5000000000
4958  -22.640  -82.281  -7.669 0.5000000000
4965  -21.801  -82.495  -8.744 0.5000000000
5004  -16.403  -82.207  -13.500 0.5000000000
5531  -23.331  -81.327  -6.710 0.5000000000
5538  -23.060  -81.765  -7.175 0.5000000000
6115  -23.053  -80.991  -3.299 0.5000000000
6123  -23.578  -80.630  -4.544 0.5000000000
6171  -18.461  -79.832  -9.569 0.5000000000
6187  -16.519  -80.789  -11.841 0.5000000000
6206  -16.680  -81.614  -13.091 0.5000000000
6228  -19.275  -80.073  -15.630 0.6000000238
6243  -21.240  -79.874  -16.322 0.5000000000
6789  -23.637  -79.806  -4.906 0.5000000000
6800  -22.797  -79.588  -7.138 0.5000000000
6815  -22.496  -79.898  -7.637 0.5000000000
6829  -20.195  -79.339  -8.654 0.6000000238
6852  -16.539  -79.384  -11.758 0.6000000238
6859  -20.165  -79.737  -12.492 0.5000000000
6860  -21.213  -79.569  -12.575 0.6000000238
6861  -22.861  -79.470  -12.542 0.6000000238
6862  -23.942  -79.457  -12.611 0.5000000000
6863  -24.855  -79.265  -12.535 0.5000000000
6864  -25.661  -79.085  -12.718 0.5000000000
6873  -25.898  -79.350  -13.435 0.5000000000
6875  -20.097  -79.577  -15.110 0.5000000000
6879  -24.058  -79.831  -14.826 0.4000000060
6885  -20.554  -79.418  -15.782 0.5000000000
6886  -21.208  -79.325  -15.793 0.5000000000
6887  -22.590  -79.546  -15.718 0.5000000000
6889  -24.154  -80.117  -15.590 0.4000000060
6890  -26.651  -79.720  -15.615 0.4000000060
6897  -33.378  -79.025  -15.378 0.3000000119
7463  -23.303  -79.077  -5.218 0.5000000000
7476  -22.587  -79.043  -6.677 0.5000000000
7525  -21.930  -78.743  -11.767 0.6000000238
8150  -20.865  -76.797  -6.015 0.6000000238
8151  -21.501  -77.245  -5.594 0.6000000238
8210  -16.602  -77.634  -11.884 0.6000000238
8212  -21.295  -78.057  -11.779 0.6999999881
8214  -23.973  -77.699  -11.981 0.5000000000
8218  -18.146  -77.365  -13.000 0.6999999881
8222  -24.638  -77.423  -12.250 0.5000000000
8224  -26.296  -77.622  -12.511 0.4000000060
8232  -28.175  -78.068  -15.454 0.3000000119
8233  -28.830  -77.828  -15.597 0.3000000119
8782  -21.039  -76.388  0.282 0.5000000000
8806  -22.368  -76.419  -2.396 0.6999999881
8828  -21.388  -76.131  -4.531 0.6999999881
8877  -18.246  -76.068  -8.923 0.6999999881
8891  -17.441  -76.085  -10.592 0.6000000238
8901  -17.702  -76.516  -13.275 0.6999999881
8905  -21.801  -76.913  -12.569 0.5000000000
8915  -23.760  -76.168  -13.876 0.4000000060
9551  -20.821  -75.523  -5.031 0.6999999881
9566  -19.629  -74.854  -6.052 0.6000000238
9576  -18.576  -74.830  -7.539 0.6999999881
9597  -25.908  -75.061  -9.817 0.5000000000
9603  -21.241  -75.029  -10.258 0.5000000000
9607  -25.419  -75.307  -10.214 0.4000000060
9614  -20.587  -74.361  -10.941 0.5000000000
9617  -23.210  -75.126  -11.292 0.4000000060
9619  -25.136  -75.191  -10.885 0.4000000060
9622  -18.430  -75.119  -13.463 0.6000000238
9626  -20.332  -75.030  -15.128 0.4000000060
9635  -20.845  -74.682  -15.436 0.4000000060
9639  -26.108  -74.535  -14.404 0.3000000119
10270  -22.409  -74.722  -0.482 0.6000000238
10288  -23.191  -74.339  -2.376 0.6000000238
10343  -18.820  -74.270  -7.166 0.6000000238
10357  -25.626  -74.261  -8.954 0.5000000000
10363  -18.556  -73.998  -9.594 0.6000000238
10365  -24.611  -74.919  -9.086 0.5000000000
10367  -26.337  -74.480  -9.286 0.5000000000
10368  -27.080  -74.302  -9.548 0.5000000000
10394  -27.234  -74.295  -10.876 0.5000000000
10406  -19.512  -74.606  -14.095 0.6000000238
10413  -24.573  -73.978  -15.526 0.3000000119
10414  -25.459  -74.015  -15.054 0.3000000119
10420  -29.615  -73.300  -15.084 0.3000000119
10421  -29.518  -74.159  -15.034 0.3000000119
11079  -21.067  -73.601  0.555 0.4000000060
11081  -22.517  -73.472  0.127 0.5000000000
11093  -22.665  -73.989  -0.301 0.5000000000
11095  -23.807  -73.166  -0.807 0.6000000238
11102  -23.555  -73.714  -1.135 0.6000000238
11111  -23.740  -73.800  -1.881 0.6000000238
11144  -22.493  -73.888  -4.238 0.6999999881
11146  -24.106  -73.084  -3.834 0.6999999881
11170  -21.068  -73.629  -6.650 0.6000000238
11175  -20.193  -73.708  -7.802 0.5000000000
11193  -23.868  -73.065  -9.290 0.5000000000
11204  -28.363  -73.592  -10.254 0.5000000000
11220  -22.720  -72.424  -14.746 0.4000000060
11226  -22.770  -72.664  -15.337 0.4000000060
11235  -25.727  -72.359  -15.590 0.3000000119
11863  -21.279  -72.956  0.519 0.6000000238
11878  -20.073  -72.319  -0.042 0.5000000000
11880  -24.281  -72.642  -0.908 0.5000000000
11907  -25.409  -72.158  -2.824 0.6000000238
11923  -24.843  -72.584  -3.498 0.6000000238
11958  -24.038  -72.038  -6.792 0.6000000238
11974  -25.650  -73.308  -9.045 0.5000000000
11982  -23.179  -71.950  -9.627 0.6000000238
11983  -23.525  -72.280  -9.731 0.6000000238
12008  -28.751  -73.009  -11.203 0.4000000060
12010  -29.959  -72.208  -10.553 0.4000000060
12014  -26.651  -72.274  -12.966 0.4000000060
12016  -29.255  -72.391  -11.568 0.4000000060
12686  -21.964  -71.092  0.056 0.5000000000
12688  -24.451  -71.278  -0.508 0.6000000238
12689  -25.197  -71.037  -0.929 0.6000000238
12699  -20.228  -71.248  -0.879 0.5000000000
12717  -19.309  -71.045  -2.062 0.6000000238
12750  -24.636  -71.977  -5.946 0.6000000238
12751  -25.537  -71.659  -5.848 0.6000000238
12779  -29.018  -71.278  -8.693 0.4000000060
12780  -30.110  -70.809  -8.683 0.4000000060
12794  -28.391  -71.431  -8.792 0.4000000060
12795  -30.393  -71.278  -9.138 0.4000000060
12802  -23.491  -71.119  -10.752 0.5000000000
12804  -25.764  -70.963  -10.401 0.5000000000
12805  -30.639  -71.613  -9.861 0.4000000060
13510  -22.760  -71.319  0.161 0.6000000238
13518  -24.704  -70.497  -0.527 0.6000000238
13525  -20.037  -70.812  -1.628 0.6000000238
13550  -19.505  -70.066  -3.329 0.6000000238
13552  -27.551  -70.120  -3.591 0.5000000000
13575  -27.191  -70.660  -5.284 0.5000000000
13587  -26.244  -70.719  -7.122 0.5000000000
13588  -26.856  -70.211  -6.834 0.5000000000
13589  -27.224  -69.461  -6.459 0.5000000000
13637  -23.265  -70.519  -11.076 0.6000000238
13653  -24.212  -69.676  -11.735 0.5000000000
14371  -24.227  -69.871  -0.365 0.6000000238
14372  -24.995  -69.824  -0.552 0.6000000238
14379  -21.976  -69.727  -1.247 0.6000000238
14390  -27.805  -69.091  -2.599 0.6000000238
14399  -20.139  -69.476  -3.772 0.6000000238
14401  -21.245  -68.878  -3.065 0.6000000238
14413  -20.028  -69.308  -4.472 0.6000000238
14415  -27.818  -69.435  -4.884 0.5000000000
14425  -20.460  -68.717  -4.912 0.6000000238
14466  -27.380  -68.740  -10.599 0.5000000000
14484  -23.525  -69.316  -11.266 0.5000000000
14487  -26.678  -68.141  -11.411 0.5000000000
15231  -23.055  -69.165  -0.701 0.5000000000
15233  -24.914  -68.537  -0.428 0.6000000238
15235  -26.614  -68.246  -0.879 0.6000000238
15282  -21.021  -68.528  -3.745 0.6999999881
15320  -20.110  -68.538  -6.489 0.5000000000
15371  -24.333  -67.691  -10.427 0.6000000238
15386  -24.250  -68.215  -11.939 0.6000000238
15388  -28.254  -67.786  -10.520 0.5000000000
16070  -22.574  -67.489  -1.622 0.6000000238
16072  -28.106  -67.710  -1.850 0.6000000238
16088  -21.711  -67.936  -2.737 0.6000000238
16121  -20.751  -67.508  -4.800 0.6000000238
16146  -20.487  -67.350  -6.712 0.5000000000
16197  -25.402  -66.807  -11.559 0.5000000000
16206  -25.524  -67.325  -11.855 0.5000000000
16808  -25.652  -66.632  -0.325 0.6000000238
16809  -27.037  -66.171  -0.445 0.6000000238
16828  -21.839  -65.974  -1.737 0.6000000238
16881  -20.466  -66.768  -5.335 0.6999999881
16905  -20.595  -66.611  -8.629 0.5000000000
17558  -23.560  -65.403  -0.533 0.6000000238
17560  -25.934  -65.342  -0.117 0.5000000000
17581  -22.434  -65.571  -1.142 0.6000000238
17592  -20.733  -65.548  -2.723 0.6999999881
17616  -19.695  -65.261  -5.049 0.6999999881
17627  -20.128  -65.771  -6.671 0.6000000238
17659  -21.214  -65.025  -10.714 0.5000000000
17661  -27.782  -65.380  -10.607 0.4000000060
17673  -20.656  -65.032  -11.720 0.6000000238
18315  -25.417  -64.058  0.223 0.5000000000
18344  -22.105  -64.694  -1.055 0.6000000238
18367  -19.739  -64.727  -3.560 0.6000000238
18399  -27.717  -64.341  -7.269 0.4000000060
18411  -20.220  -63.838  -8.351 0.6000000238
18423  -28.239  -64.631  -8.651 0.4000000060
18445  -21.086  -64.467  -11.381 0.5000000000
19107  -22.340  -63.108  -0.593 0.5000000000
19108  -23.877  -63.109  0.155 0.5000000000
19125  -20.899  -63.904  -1.670 0.6000000238
19140  -20.385  -63.259  -1.966 0.5000000000
19149  -18.853  -63.187  -3.828 0.6000000238
19219  -20.361  -62.364  -10.323 0.6000000238
19227  -20.982  -63.771  -11.173 0.6000000238
19857  -21.081  -62.326  -1.297 0.5000000000
19867  -19.452  -62.764  -2.759 0.6000000238
19868  -19.923  -62.621  -2.266 0.6000000238
19887  -18.485  -62.198  -4.738 0.6000000238
20603  -23.600  -61.334  0.243 0.5000000000
20690  -20.239  -60.487  -9.185 0.5000000000
20715  -19.768  -61.264  -10.021 0.5000000000
21451  -22.615  -60.481  -0.320 0.5000000000
21452  -23.209  -60.684  0.059 0.5000000000
21500  -19.110  -60.622  -3.046 0.6000000238
21513  -18.505  -60.740  -4.289 0.6000000238
21535  -19.255  -60.137  -6.445 0.6000000238
22315  -16.093  -59.535  -1.361 0.4000000060
22331  -19.728  -59.163  -2.831 0.6999999881
22343  -18.723  -60.249  -3.691 0.6000000238
22353  -18.640  -59.898  -4.449 0.6000000238
22362  -18.896  -59.406  -5.230 0.6000000238
22400  -19.727  -58.408  -8.513 0.4000000060
23160  -16.166  -58.421  0.187 0.3000000119
23193  -21.371  -58.239  -1.725 0.6000000238
23245  -19.433  -57.950  -5.724 0.6000000238
24036  -16.787  -57.892  0.251 0.3000000119
24065  -21.784  -57.505  -1.701 0.5000000000
24079  -20.464  -57.881  -2.688 0.6000000238
24089  -14.510  -56.816  -3.736 0.4000000060
24121  -17.986  -56.988  -7.706 0.4000000060
24128  -19.285  -57.210  -8.385 0.4000000060
24924  -17.833  -57.073  -0.450 0.4000000060
24939  -17.813  -56.904  -1.215 0.4000000060
24968  -21.052  -56.031  -3.117 0.5000000000
25804  -18.031  -55.359  -2.010 0.4000000060
25814  -14.745  -56.064  -4.190 0.4000000060
25815  -15.138  -55.412  -3.988 0.4000000060
25828  -20.338  -55.152  -4.210 0.6000000238
25847  -18.910  -55.199  -7.111 0.4000000060
26635  -17.557  -54.780  -2.619 0.4000000060
26639  -23.164  -54.098  -2.315 0.4000000060
26661  -15.534  -54.847  -4.281 0.4000000060
26670  -15.808  -54.807  -4.980 0.3000000119
26673  -18.475  -53.795  -6.175 0.3000000119
27458  -24.525  -53.396  -1.862 0.4000000060
27474  -22.987  -53.252  -2.654 0.4000000060
27484  -16.288  -53.708  -3.876 0.3000000119
27487  -21.585  -53.318  -3.495 0.5000000000
27494  -20.337  -53.037  -4.384 0.4000000060
28277  -25.904  -52.817  -1.485 0.4000000060
28279  -27.452  -52.158  -1.461 0.4000000060
28290  -17.762  -52.800  -3.030 0.3000000119
28319  -16.694  -52.519  -4.736 0.3000000119
28325  -17.052  -52.199  -5.209 0.3000000119
28326  -17.688  -52.111  -5.535 0.3000000119
29098  -17.272  -50.579  -4.374 0.3000000119
29101  -21.518  -51.526  -3.522 0.3000000119
29116  -20.264  -51.511  -4.305 0.3000000119
29123  -18.690  -51.644  -5.333 0.3000000119
29936  -24.660  -50.529  -2.177 0.4000000060
29965  -17.607  -50.045  -4.771 0.3000000119
30822  -18.431  -48.713  -3.342 0.3000000119
30840  -17.831  -49.349  -4.532 0.3000000119
30841  -17.946  -48.790  -4.127 0.3000000119
30856  -18.057  -48.987  -4.473 0.3000000119
124953  -20.398  -66.191  -4.034 0.6999999881
126884  -16.454  -81.884  -12.918 0.5000000000
127607  -32.347  -81.069  -14.895 0.3000000119
127911  -24.168  -68.520  -0.476 0.6000000238
127953  -22.415  -78.552  -6.183 0.5000000000
129785  -24.251  -67.092  -0.523 0.6000000238
129880  -27.134  -70.447  -6.079 0.5000000000
129891  -25.761  -71.589  -2.374 0.6000000238
129914  -21.183  -75.113  0.427 0.6000000238
130765  -19.477  -62.644  -7.187 0.6000000238
130865  -26.832  -68.982  -7.076 0.4000000060
131199  -19.187  -63.605  -6.229 0.6000000238
131301  -19.457  -62.061  -2.631 0.6000000238
131468  -28.020  -75.957  -14.010 0.3000000119
131481  -17.233  -51.237  -3.874 0.3000000119
131862  -25.519  -71.391  -1.612 0.6000000238
133155  -26.606  -70.822  -6.477 0.5000000000
133210  -16.016  -58.924  -0.116 0.3000000119
133491  -20.518  -55.762  -3.760 0.5000000000
133652  -19.305  -54.691  -6.138 0.4000000060
134019  -19.332  -73.882  -12.402 0.5000000000
134292  -22.393  -58.840  -0.725 0.5000000000
134510  -24.568  -69.186  -0.443 0.6000000238
134732  -27.012  -73.743  -11.740 0.4000000060
134970  -24.620  -52.030  -2.113 0.4000000060
136794  -17.448  -52.761  -5.576 0.3000000119
137202  -19.247  -55.693  -7.338 0.5000000000
137253  -24.504  -65.669  -0.330 0.5000000000
138157  -18.619  -49.782  -2.771 0.3000000119
138308  -17.012  -81.317  -13.307 0.5000000000
139642  -19.641  -54.790  -5.332 0.5000000000
140517  -22.320  -74.570  -8.517 0.6000000238
140533  -28.507  -65.249  -10.788 0.4000000060
140539  -19.787  -73.847  -11.504 0.5000000000
141440  -22.117  -80.317  -8.146 0.5000000000
141849  -28.168  -51.874  -1.642 0.4000000060
142601  -22.647  -79.114  -11.946 0.5000000000
142795  -31.083  -79.591  -15.577 0.3000000119
143183  -25.231  -67.912  -0.427 0.6000000238
143464  -27.636  -68.854  -2.130 0.5000000000
143794  -29.414  -72.098  -9.187 0.5000000000
143862  -21.500  -72.315  0.423 0.4000000060
144942  -19.258  -73.883  -9.183 0.6000000238
145238  -27.816  -75.240  -13.984 0.3000000119
146151  -23.844  -68.575  -11.564 0.6000000238
146507  -21.186  -60.753  -1.246 0.6000000238
146787  -22.817  -63.358  -0.406 0.5000000000
146969  -21.786  -74.182  -4.458 0.6999999881
147234  -26.864  -69.860  -2.082 0.6000000238
147271  -16.465  -81.821  -12.279 0.6000000238
147766  -16.117  -56.703  0.940 0.3000000119
148496  -22.211  -75.956  -0.891 0.5000000000
148768  -23.867  -75.042  -8.957 0.5000000000
149017  -23.576  -75.531  -9.672 0.5000000000
149926  -22.267  -67.021  -1.879 0.6000000238
