#!ascii label  , from subject sub-v1s4x0050709_ses-1 vox2ras=TkReg
633
12694  -37.394  -71.610  -0.266 0.0000000000
16137  -36.625  -67.630  -5.250 0.0000000000
16763  -36.038  -65.967  3.857 0.0000000000
14391  -32.616  -69.854  -1.869 0.0000000000
16793  -40.495  -66.616  0.462 0.0000000000
13464  -41.799  -70.170  5.342 0.0000000000
133510  -42.630  -63.438  7.481 0.0000000000
19013  -37.506  -63.527  9.255 0.0000000000
19070  -40.881  -63.741  3.753 0.0000000000
128993  -37.436  -65.177  1.585 0.0000000000
17519  -43.664  -65.292  2.477 0.0000000000
15973  -41.172  -67.355  7.612 0.0000000000
132506  -44.663  -64.404  8.958 0.0000000000
22186  -34.388  -59.396  9.618 0.0000000000
21359  -37.196  -60.040  7.217 0.0000000000
11148  -36.480  -73.657  -4.219 0.0000000000
15285  -34.264  -68.372  -3.703 0.0000000000
11947  -32.065  -72.156  -5.094 0.0000000000
12766  -33.980  -71.056  -6.972 0.0000000000
148478  -36.145  -69.529  2.431 0.0000000000
12704  -34.183  -71.963  -1.080 0.0000000000
17584  -35.854  -65.710  -0.928 0.0000000000
130057  -39.013  -66.650  -2.055 0.0000000000
15200  -37.848  -68.924  4.968 0.0000000000
17461  -38.672  -65.736  6.445 0.0000000000
136457  -42.091  -61.590  5.323 0.0000000000
16668  -40.988  -66.110  10.354 0.0000000000
19750  -40.754  -62.737  9.072 0.0000000000
22208  -40.707  -59.505  7.297 0.0000000000
23144  -41.520  -58.921  3.641 0.0000000000
10299  -33.651  -74.226  -3.712 0.0000000000
16096  -44.581  -68.297  -3.257 0.0000000000
16141  -40.375  -67.609  -5.961 0.0000000000
15360  -40.230  -68.523  -9.118 0.0000000000
19072  -42.701  -63.013  3.436 0.0000000000
147790  -42.135  -64.582  2.999 0.0000000000
11893  -36.492  -72.226  -1.910 0.0000000000
15298  -35.449  -67.899  -4.491 0.0000000000
14426  -34.055  -69.796  -5.329 0.0000000000
14428  -35.336  -68.976  -6.021 0.0000000000
14442  -35.680  -69.704  -7.595 0.0000000000
15324  -36.453  -68.417  -6.629 0.0000000000
16024  -35.227  -68.008  3.159 0.0000000000
142914  -34.972  -66.634  2.795 0.0000000000
17548  -39.064  -65.778  0.933 0.0000000000
17545  -36.333  -65.257  0.561 0.0000000000
17567  -37.842  -65.637  -0.108 0.0000000000
16836  -37.133  -65.966  -1.738 0.0000000000
16817  -40.193  -66.851  -0.368 0.0000000000
14352  -38.404  -69.912  3.783 0.0000000000
138521  -39.702  -69.352  5.385 0.0000000000
17443  -41.766  -65.493  7.730 0.0000000000
15971  -39.565  -67.019  7.256 0.0000000000
17463  -40.337  -64.662  6.849 0.0000000000
19036  -40.533  -63.242  5.354 0.0000000000
19767  -41.886  -62.310  6.511 0.0000000000
17407  -39.201  -65.100  9.748 0.0000000000
18213  -40.538  -64.305  9.639 0.0000000000
19748  -38.602  -63.006  8.940 0.0000000000
23094  -36.970  -58.798  6.192 0.0000000000
22206  -38.762  -59.981  7.104 0.0000000000
23109  -38.879  -58.790  5.165 0.0000000000
23111  -40.754  -58.620  5.133 0.0000000000
13529  -33.049  -70.937  -1.011 0.0000000000
11908  -33.504  -72.784  -2.199 0.0000000000
126938  -32.513  -72.280  -2.821 0.0000000000
9552  -31.804  -75.059  -5.930 0.0000000000
17596  -42.708  -66.165  -2.615 0.0000000000
15301  -43.294  -69.279  -4.766 0.0000000000
15344  -42.286  -68.545  -7.967 0.0000000000
17481  -37.855  -64.943  4.013 0.0000000000
17512  -36.445  -65.238  2.841 0.0000000000
17505  -39.946  -65.099  3.082 0.0000000000
17516  -40.547  -65.577  2.455 0.0000000000
16767  -41.909  -66.208  1.944 0.0000000000
143276  -41.017  -68.741  6.598 0.0000000000
16705  -43.631  -65.489  8.091 0.0000000000
17445  -43.693  -64.505  8.143 0.0000000000
19754  -35.584  -61.601  8.959 0.0000000000
19756  -37.117  -62.176  8.593 0.0000000000
128356  -35.211  -59.431  8.332 0.0000000000
23092  -35.720  -57.741  6.956 0.0000000000
125176  -36.444  -56.678  5.642 0.0000000000
15284  -33.449  -68.915  -3.255 0.0000000000
12731  -32.369  -71.494  -3.272 0.0000000000
13568  -32.974  -70.549  -4.659 0.0000000000
12753  -32.537  -71.694  -5.798 0.0000000000
11968  -32.162  -72.835  -7.274 0.0000000000
12781  -33.755  -72.015  -8.213 0.0000000000
12783  -35.130  -71.222  -8.770 0.0000000000
13629  -36.622  -70.537  -9.666 0.0000000000
13513  -36.707  -70.699  0.936 0.0000000000
12692  -35.603  -71.381  -0.400 0.0000000000
14365  -33.418  -69.084  0.382 0.0000000000
134882  -33.203  -67.968  -0.670 0.0000000000
17525  -35.003  -65.482  1.141 0.0000000000
146259  -34.609  -65.927  -0.167 0.0000000000
16090  -33.767  -67.743  -2.107 0.0000000000
149356  -34.807  -67.107  -2.491 0.0000000000
131170  -36.209  -66.957  -3.595 0.0000000000
16877  -37.853  -66.786  -3.993 0.0000000000
13500  -37.607  -70.317  2.436 0.0000000000
14350  -36.910  -69.251  3.725 0.0000000000
15199  -36.534  -68.020  4.804 0.0000000000
129482  -39.508  -68.210  6.497 0.0000000000
16000  -37.917  -67.726  6.053 0.0000000000
17468  -37.629  -65.688  5.418 0.0000000000
18262  -38.735  -64.688  5.168 0.0000000000
19059  -41.322  -62.854  4.147 0.0000000000
20574  -43.422  -61.444  4.392 0.0000000000
18200  -43.217  -64.570  9.856 0.0000000000
19018  -43.056  -63.215  9.278 0.0000000000
19761  -42.547  -62.088  8.660 0.0000000000
20520  -38.420  -61.641  8.213 0.0000000000
21349  -40.116  -61.073  8.168 0.0000000000
21352  -42.606  -60.912  7.852 0.0000000000
21378  -42.872  -60.086  6.458 0.0000000000
22245  -43.494  -59.306  5.350 0.0000000000
146632  -34.927  -72.956  -2.185 0.0000000000
10300  -34.643  -74.215  -3.860 0.0000000000
11147  -32.033  -73.640  -4.426 0.0000000000
9554  -33.088  -75.502  -5.557 0.0000000000
139779  -41.404  -67.735  -0.626 0.0000000000
16094  -40.528  -67.641  -2.666 0.0000000000
16111  -39.590  -67.165  -3.818 0.0000000000
15300  -41.844  -68.652  -4.001 0.0000000000
130168  -39.176  -67.362  -5.825 0.0000000000
16166  -38.686  -67.643  -7.259 0.0000000000
145762  -38.518  -68.293  -8.463 0.0000000000
19806  -44.401  -62.214  3.643 0.0000000000
148027  -43.437  -62.984  3.340 0.0000000000
11912  -37.426  -72.428  -2.455 0.0000000000
11894  -37.176  -71.972  -1.550 0.0000000000
15299  -35.963  -67.907  -5.065 0.0000000000
15312  -35.427  -68.430  -5.237 0.0000000000
15313  -36.065  -68.260  -5.852 0.0000000000
15323  -35.877  -68.767  -6.524 0.0000000000
16149  -36.857  -67.793  -6.085 0.0000000000
16741  -35.835  -66.706  4.047 0.0000000000
16021  -34.844  -67.405  2.723 0.0000000000
16762  -35.499  -66.307  3.361 0.0000000000
16775  -39.947  -66.093  1.108 0.0000000000
16791  -38.768  -65.922  0.065 0.0000000000
16792  -39.647  -66.292  0.255 0.0000000000
16815  -38.486  -66.079  -0.809 0.0000000000
13484  -41.507  -70.619  4.606 0.0000000000
13483  -40.700  -70.487  4.389 0.0000000000
13482  -39.925  -70.325  4.186 0.0000000000
13463  -40.971  -70.055  5.125 0.0000000000
18246  -42.196  -64.367  7.506 0.0000000000
139673  -41.063  -64.976  7.388 0.0000000000
132712  -41.844  -63.554  7.142 0.0000000000
19037  -41.240  -63.095  6.373 0.0000000000
19029  -42.334  -62.701  7.183 0.0000000000
19012  -36.690  -63.726  9.468 0.0000000000
17405  -37.044  -65.141  9.895 0.0000000000
18210  -37.445  -64.439  9.571 0.0000000000
140579  -38.581  -65.574  9.865 0.0000000000
18211  -38.442  -64.791  9.612 0.0000000000
18212  -39.425  -64.355  9.521 0.0000000000
148512  -38.022  -63.324  9.119 0.0000000000
23989  -37.356  -57.894  4.953 0.0000000000
23108  -37.559  -58.625  5.612 0.0000000000
23129  -38.807  -58.505  4.474 0.0000000000
23141  -38.671  -57.970  3.723 0.0000000000
13528  -32.716  -70.420  -1.405 0.0000000000
12702  -32.762  -71.252  -1.708 0.0000000000
12720  -32.525  -71.488  -2.447 0.0000000000
127967  -43.613  -69.035  -5.267 0.0000000000
15327  -43.323  -68.819  -6.481 0.0000000000
15328  -43.777  -68.645  -6.675 0.0000000000
18290  -39.457  -64.593  3.800 0.0000000000
17504  -38.883  -64.936  3.315 0.0000000000
18291  -40.309  -64.544  3.511 0.0000000000
129385  -42.649  -65.013  2.732 0.0000000000
17507  -41.705  -65.017  2.872 0.0000000000
17518  -42.240  -65.718  2.377 0.0000000000
17530  -41.103  -66.100  1.934 0.0000000000
140192  -43.000  -65.748  2.327 0.0000000000
18233  -44.058  -63.936  8.600 0.0000000000
19745  -35.414  -62.341  9.422 0.0000000000
21337  -35.075  -60.790  8.988 0.0000000000
143442  -35.757  -61.010  8.559 0.0000000000
21345  -34.799  -59.865  8.946 0.0000000000
23976  -36.170  -57.305  6.146 0.0000000000
10314  -36.096  -74.228  -4.909 0.0000000000
127319  -33.324  -69.522  -3.842 0.0000000000
14406  -33.908  -69.043  -4.177 0.0000000000
13579  -34.225  -70.069  -5.964 0.0000000000
12754  -33.088  -71.012  -5.654 0.0000000000
12765  -33.236  -71.361  -6.456 0.0000000000
12772  -33.449  -71.693  -7.331 0.0000000000
11969  -32.942  -72.410  -7.777 0.0000000000
14443  -36.287  -69.271  -7.749 0.0000000000
13615  -35.304  -70.462  -8.070 0.0000000000
13616  -36.028  -69.927  -8.318 0.0000000000
13628  -35.870  -70.694  -9.054 0.0000000000
127854  -36.470  -70.093  -8.955 0.0000000000
14362  -36.067  -69.907  1.750 0.0000000000
13505  -35.868  -70.307  1.103 0.0000000000
15238  -33.145  -68.513  -0.145 0.0000000000
146515  -33.350  -67.728  0.001 0.0000000000
17513  -37.193  -65.076  2.553 0.0000000000
17511  -35.757  -65.356  2.346 0.0000000000
142349  -36.511  -65.106  2.010 0.0000000000
17564  -35.244  -65.617  -0.201 0.0000000000
16813  -34.943  -66.077  -0.905 0.0000000000
16833  -34.308  -66.635  -1.124 0.0000000000
142911  -34.881  -66.517  -1.626 0.0000000000
16075  -34.432  -67.057  -1.956 0.0000000000
16837  -38.165  -66.211  -1.744 0.0000000000
143650  -36.696  -66.239  -2.274 0.0000000000
16854  -38.307  -66.496  -2.607 0.0000000000
16109  -36.946  -66.819  -3.828 0.0000000000
16867  -37.587  -66.561  -3.220 0.0000000000
129735  -38.296  -69.442  4.512 0.0000000000
14351  -37.621  -69.815  3.310 0.0000000000
14335  -37.668  -69.373  4.167 0.0000000000
15215  -36.251  -68.503  4.037 0.0000000000
15191  -37.289  -68.139  5.397 0.0000000000
14308  -40.187  -68.909  6.105 0.0000000000
15177  -40.298  -68.225  6.766 0.0000000000
16726  -39.109  -66.306  6.979 0.0000000000
147725  -38.894  -66.970  6.928 0.0000000000
16725  -38.469  -66.556  6.580 0.0000000000
16734  -37.378  -66.430  5.653 0.0000000000
16735  -37.992  -66.102  6.099 0.0000000000
17470  -38.984  -64.904  6.012 0.0000000000
146710  -41.004  -62.740  5.517 0.0000000000
19779  -41.185  -62.536  4.917 0.0000000000
19792  -41.869  -62.134  4.492 0.0000000000
20564  -42.688  -61.394  4.834 0.0000000000
17387  -42.203  -65.513  10.322 0.0000000000
19016  -40.959  -63.518  9.432 0.0000000000
19017  -42.051  -63.412  9.463 0.0000000000
139006  -41.572  -62.934  9.256 0.0000000000
19751  -42.405  -62.730  9.137 0.0000000000
19760  -41.678  -62.335  8.944 0.0000000000
20519  -37.068  -61.353  8.161 0.0000000000
138363  -37.674  -61.731  8.288 0.0000000000
20528  -37.824  -61.174  7.900 0.0000000000
22207  -39.646  -59.746  7.174 0.0000000000
21361  -39.169  -60.396  7.502 0.0000000000
21362  -40.246  -60.294  7.746 0.0000000000
21351  -42.051  -60.695  8.128 0.0000000000
21363  -41.392  -60.077  7.783 0.0000000000
21365  -42.572  -60.533  7.299 0.0000000000
22209  -41.740  -59.539  7.232 0.0000000000
23112  -41.721  -58.632  4.915 0.0000000000
142967  -42.285  -58.762  5.711 0.0000000000
22258  -42.432  -58.778  4.509 0.0000000000
22246  -44.134  -59.446  4.861 0.0000000000
12691  -34.574  -71.451  -0.486 0.0000000000
140461  -35.655  -72.209  -1.544 0.0000000000
11892  -34.760  -72.494  -1.618 0.0000000000
11130  -33.299  -73.626  -3.173 0.0000000000
11131  -34.188  -73.813  -3.151 0.0000000000
129323  -35.116  -74.518  -4.634 0.0000000000
10313  -34.154  -74.654  -4.420 0.0000000000
12741  -32.228  -71.853  -4.219 0.0000000000
125963  -32.251  -72.403  -3.622 0.0000000000
11939  -31.919  -72.774  -4.490 0.0000000000
9568  -32.052  -75.663  -6.395 0.0000000000
9553  -32.392  -75.368  -5.718 0.0000000000
16035  -41.859  -67.598  0.040 0.0000000000
16057  -42.623  -68.237  -0.215 0.0000000000
16095  -41.351  -68.280  -2.386 0.0000000000
16093  -39.774  -67.161  -3.030 0.0000000000
16113  -41.206  -68.220  -3.268 0.0000000000
15314  -42.624  -68.961  -5.123 0.0000000000
143459  -42.444  -68.967  -4.596 0.0000000000
143674  -41.449  -68.229  -4.993 0.0000000000
16140  -39.702  -67.385  -5.190 0.0000000000
16151  -38.481  -67.491  -6.425 0.0000000000
16152  -39.371  -67.476  -6.613 0.0000000000
16176  -40.802  -68.305  -8.483 0.0000000000
16175  -39.840  -68.016  -8.283 0.0000000000
133475  -39.260  -68.348  -8.782 0.0000000000
19071  -41.761  -63.322  3.563 0.0000000000
18292  -41.659  -64.218  3.276 0.0000000000
18293  -42.527  -64.060  3.140 0.0000000000
19073  -43.530  -63.671  3.065 0.0000000000
127629  -44.074  -64.449  2.694 0.0000000000
22193  -34.681  -58.954  8.927 0.0000000000
23942  -34.948  -57.321  9.513 0.0000000000
11133  -36.408  -73.179  -3.346 0.0000000000
125744  -34.319  -69.277  -4.951 0.0000000000
142717  -34.902  -68.921  -5.326 0.0000000000
14427  -34.624  -69.457  -5.688 0.0000000000
13591  -34.891  -69.698  -6.436 0.0000000000
13601  -35.083  -70.035  -7.201 0.0000000000
14434  -35.552  -69.342  -6.894 0.0000000000
14435  -36.099  -68.936  -7.096 0.0000000000
15340  -36.705  -68.643  -7.348 0.0000000000
14355  -35.469  -68.820  2.709 0.0000000000
15217  -34.804  -68.190  2.463 0.0000000000
16027  -34.383  -67.555  2.039 0.0000000000
130651  -34.222  -66.831  1.637 0.0000000000
17527  -38.458  -65.391  1.631 0.0000000000
129729  -36.645  -65.159  1.242 0.0000000000
17547  -38.145  -65.485  0.775 0.0000000000
17566  -36.852  -65.449  -0.260 0.0000000000
17585  -36.669  -65.671  -1.057 0.0000000000
16835  -36.312  -66.000  -1.701 0.0000000000
16814  -37.531  -65.761  -0.982 0.0000000000
16838  -39.096  -66.537  -1.367 0.0000000000
14336  -38.819  -69.720  4.426 0.0000000000
14319  -38.766  -69.226  5.127 0.0000000000
16704  -41.447  -66.457  7.823 0.0000000000
15972  -40.343  -67.548  7.263 0.0000000000
128683  -40.798  -65.861  7.598 0.0000000000
17442  -40.308  -65.377  7.254 0.0000000000
17462  -39.521  -65.338  6.780 0.0000000000
18257  -39.742  -64.471  6.136 0.0000000000
18258  -40.425  -63.874  6.218 0.0000000000
20536  -42.168  -61.598  6.203 0.0000000000
17385  -39.522  -65.792  10.018 0.0000000000
17386  -40.573  -65.600  10.145 0.0000000000
17409  -41.075  -64.899  9.970 0.0000000000
17408  -40.079  -65.003  9.842 0.0000000000
134695  -40.093  -63.811  9.405 0.0000000000
19749  -39.702  -62.847  8.937 0.0000000000
22223  -37.117  -59.425  6.711 0.0000000000
22205  -37.972  -59.815  6.842 0.0000000000
22240  -37.819  -59.226  6.252 0.0000000000
22224  -38.867  -59.433  6.523 0.0000000000
22225  -40.022  -59.117  6.646 0.0000000000
22226  -41.107  -58.952  6.676 0.0000000000
22243  -40.405  -58.762  5.885 0.0000000000
23131  -40.464  -58.734  4.051 0.0000000000
12690  -33.705  -71.325  -0.693 0.0000000000
11891  -33.771  -72.431  -1.653 0.0000000000
12703  -33.339  -71.717  -1.335 0.0000000000
11890  -32.962  -72.195  -2.048 0.0000000000
11161  -31.609  -73.724  -5.648 0.0000000000
16870  -43.433  -66.752  -3.403 0.0000000000
16871  -44.222  -67.805  -3.866 0.0000000000
15289  -44.297  -69.251  -3.763 0.0000000000
15302  -43.821  -69.232  -4.473 0.0000000000
140038  -42.354  -68.693  -5.630 0.0000000000
16142  -41.651  -68.230  -6.139 0.0000000000
148206  -40.137  -67.588  -6.914 0.0000000000
16168  -41.377  -68.227  -7.784 0.0000000000
15343  -41.750  -68.573  -8.666 0.0000000000
147041  -37.256  -65.190  4.101 0.0000000000
17502  -36.405  -65.465  3.513 0.0000000000
135783  -37.090  -65.125  3.483 0.0000000000
17503  -37.938  -65.044  3.058 0.0000000000
17514  -38.734  -65.247  2.450 0.0000000000
17506  -40.814  -65.138  2.927 0.0000000000
17515  -39.673  -65.406  2.510 0.0000000000
17528  -39.376  -65.636  1.775 0.0000000000
17529  -40.266  -65.891  1.879 0.0000000000
16777  -41.628  -66.547  1.367 0.0000000000
14321  -41.193  -69.481  5.923 0.0000000000
15160  -41.816  -67.935  7.507 0.0000000000
140156  -42.722  -67.677  7.778 0.0000000000
15974  -42.125  -67.079  7.916 0.0000000000
127512  -42.475  -66.105  7.997 0.0000000000
149379  -43.051  -64.409  7.801 0.0000000000
18247  -43.369  -63.771  7.884 0.0000000000
125058  -36.063  -63.050  9.376 0.0000000000
19746  -36.878  -62.942  9.096 0.0000000000
20518  -36.363  -61.537  8.532 0.0000000000
21347  -36.327  -60.719  8.099 0.0000000000
21358  -35.894  -59.874  7.863 0.0000000000
22194  -35.067  -58.571  8.281 0.0000000000
22203  -35.583  -59.038  7.692 0.0000000000
22204  -36.353  -59.467  7.230 0.0000000000
23093  -36.296  -58.247  6.430 0.0000000000
23107  -36.757  -58.064  5.697 0.0000000000
134298  -37.138  -57.142  4.758 0.0000000000
14392  -32.854  -69.332  -2.468 0.0000000000
146876  -32.435  -71.046  -2.755 0.0000000000
14405  -32.869  -69.729  -3.202 0.0000000000
13567  -32.528  -70.976  -3.998 0.0000000000
13577  -32.575  -71.280  -4.921 0.0000000000
11960  -31.978  -72.425  -5.923 0.0000000000
13614  -34.736  -71.056  -8.129 0.0000000000
12782  -34.452  -71.640  -8.536 0.0000000000
11990  -34.803  -71.883  -9.334 0.0000000000
11991  -35.485  -71.506  -9.633 0.0000000000
12797  -36.172  -71.205  -10.031 0.0000000000
12676  -37.030  -71.136  0.323 0.0000000000
12693  -36.579  -71.371  -0.354 0.0000000000
12675  -36.026  -70.861  0.318 0.0000000000
13523  -34.959  -70.941  0.135 0.0000000000
13512  -34.436  -70.348  0.475 0.0000000000
14366  -34.097  -69.605  0.801 0.0000000000
13522  -34.046  -70.838  -0.098 0.0000000000
146298  -33.415  -70.669  -0.461 0.0000000000
13520  -32.743  -69.611  -1.104 0.0000000000
16766  -35.218  -65.902  2.647 0.0000000000
16765  -34.653  -66.262  2.111 0.0000000000
17544  -35.493  -65.378  0.545 0.0000000000
17543  -34.737  -65.711  0.487 0.0000000000
16054  -33.512  -67.364  -0.427 0.0000000000
15256  -33.198  -68.207  -1.474 0.0000000000
15255  -32.815  -69.048  -1.650 0.0000000000
15274  -33.276  -68.531  -2.317 0.0000000000
15275  -33.962  -68.114  -2.904 0.0000000000
16107  -34.681  -67.727  -3.323 0.0000000000
16852  -36.019  -66.416  -2.360 0.0000000000
16865  -35.765  -66.842  -3.013 0.0000000000
16108  -35.477  -67.395  -3.680 0.0000000000
16125  -36.268  -67.367  -4.367 0.0000000000
16126  -37.223  -67.153  -4.620 0.0000000000
12677  -37.353  -71.040  0.939 0.0000000000
13507  -37.275  -70.633  1.561 0.0000000000
13499  -36.783  -70.067  2.062 0.0000000000
13494  -38.209  -70.281  3.022 0.0000000000
14356  -36.880  -69.699  2.853 0.0000000000
143787  -36.199  -69.095  3.221 0.0000000000
15214  -35.730  -68.479  3.415 0.0000000000
15198  -36.049  -67.794  4.339 0.0000000000
16004  -36.242  -67.198  4.672 0.0000000000
14320  -40.455  -69.548  5.500 0.0000000000
15193  -39.166  -68.707  5.887 0.0000000000
15996  -39.110  -67.539  6.795 0.0000000000
15176  -38.683  -68.036  6.323 0.0000000000
15192  -38.241  -68.472  5.684 0.0000000000
15999  -37.267  -67.267  5.706 0.0000000000
16733  -36.758  -66.733  5.207 0.0000000000
16743  -36.947  -65.990  5.040 0.0000000000
143196  -37.383  -65.364  4.659 0.0000000000
17482  -38.660  -64.698  4.306 0.0000000000
18278  -40.077  -64.029  4.171 0.0000000000
18263  -39.425  -64.314  5.354 0.0000000000
19058  -40.635  -63.318  4.498 0.0000000000
19804  -42.014  -62.540  3.850 0.0000000000
150023  -42.600  -62.453  3.750 0.0000000000
18199  -42.148  -64.831  10.059 0.0000000000
18215  -42.649  -63.991  9.664 0.0000000000
18216  -44.231  -63.934  8.966 0.0000000000
19019  -43.646  -63.233  8.871 0.0000000000
129979  -43.430  -62.779  8.488 0.0000000000
19762  -43.196  -62.101  8.223 0.0000000000
19757  -38.075  -62.297  8.548 0.0000000000
19758  -39.134  -62.175  8.538 0.0000000000
21360  -38.099  -60.476  7.401 0.0000000000
20521  -39.269  -61.408  8.174 0.0000000000
20522  -40.663  -61.534  8.494 0.0000000000
20523  -41.703  -61.511  8.548 0.0000000000
20524  -42.662  -61.398  8.223 0.0000000000
19764  -43.064  -62.065  7.772 0.0000000000
19768  -42.491  -61.770  7.097 0.0000000000
20537  -42.673  -60.976  6.889 0.0000000000
148425  -42.649  -60.893  6.119 0.0000000000
22227  -42.218  -59.185  6.499 0.0000000000
22228  -42.889  -59.291  5.852 0.0000000000
20549  -43.126  -60.528  5.674 0.0000000000
21392  -43.842  -59.915  5.356 0.0000000000
21408  -44.515  -60.133  4.774 0.0000000000
12706  -36.286  -71.771  -1.105 0.0000000000
11910  -35.640  -72.617  -2.088 0.0000000000
11116  -35.549  -73.106  -2.687 0.0000000000
11909  -34.199  -72.946  -2.100 0.0000000000
11132  -35.329  -73.675  -3.394 0.0000000000
10301  -35.526  -74.091  -4.182 0.0000000000
11925  -32.521  -72.865  -3.211 0.0000000000
10298  -32.715  -73.948  -3.815 0.0000000000
10310  -31.818  -74.081  -5.062 0.0000000000
9541  -32.763  -75.026  -5.061 0.0000000000
10312  -33.183  -74.637  -4.369 0.0000000000
19082  -45.450  -63.753  2.761 0.0000000000
16769  -43.663  -66.136  2.049 0.0000000000
138513  -42.307  -66.639  1.483 0.0000000000
16778  -42.941  -67.012  1.265 0.0000000000
16795  -42.222  -67.139  0.860 0.0000000000
16034  -40.989  -67.208  -0.115 0.0000000000
16055  -40.739  -67.461  -0.917 0.0000000000
149368  -39.473  -66.825  -1.702 0.0000000000
16056  -42.068  -68.267  -0.753 0.0000000000
16077  -40.627  -67.609  -1.782 0.0000000000
16076  -39.787  -67.098  -2.158 0.0000000000
16110  -38.747  -66.897  -3.994 0.0000000000
16127  -38.239  -67.111  -4.785 0.0000000000
15288  -43.996  -69.726  -3.718 0.0000000000
15287  -43.362  -69.654  -3.579 0.0000000000
146464  -42.250  -69.001  -3.168 0.0000000000
131588  -41.008  -68.049  -4.023 0.0000000000
16128  -39.222  -67.175  -4.583 0.0000000000
16138  -37.462  -67.408  -5.436 0.0000000000
16150  -37.659  -67.599  -6.251 0.0000000000
16165  -37.883  -67.782  -7.066 0.0000000000
15341  -37.419  -68.331  -7.618 0.0000000000
15342  -38.158  -68.011  -7.857 0.0000000000
15358  -37.795  -68.628  -8.486 0.0000000000
14456  -37.943  -69.279  -9.321 0.0000000000
9542  -33.760  -75.170  -5.085 0.0000000000
9543  -34.666  -74.885  -5.054 0.0000000000
10311  -32.382  -74.397  -4.627 0.0000000000
10324  -31.720  -74.440  -5.612 0.0000000000
10325  -32.082  -74.772  -5.296 0.0000000000
11113  -32.979  -72.962  -2.701 0.0000000000
11114  -33.754  -73.306  -2.597 0.0000000000
11115  -34.630  -73.362  -2.631 0.0000000000
11129  -32.737  -73.347  -3.301 0.0000000000
11911  -36.497  -72.678  -2.644 0.0000000000
11938  -31.742  -73.403  -4.992 0.0000000000
12705  -35.155  -71.924  -1.009 0.0000000000
12707  -37.047  -71.660  -0.890 0.0000000000
13506  -36.564  -70.326  1.477 0.0000000000
13511  -33.514  -70.052  0.090 0.0000000000
13521  -32.961  -70.185  -0.667 0.0000000000
13544  -32.522  -70.670  -2.235 0.0000000000
13553  -32.527  -70.577  -3.118 0.0000000000
13554  -32.892  -70.169  -3.909 0.0000000000
13578  -33.522  -70.380  -5.369 0.0000000000
13590  -33.738  -70.687  -6.205 0.0000000000
13600  -34.612  -70.719  -7.467 0.0000000000
14334  -37.028  -68.744  4.587 0.0000000000
14337  -39.438  -69.787  4.669 0.0000000000
14338  -40.203  -69.927  4.879 0.0000000000
14361  -35.450  -69.387  2.014 0.0000000000
14374  -33.008  -69.378  -0.347 0.0000000000
14404  -32.615  -70.033  -2.555 0.0000000000
14455  -36.683  -69.516  -8.530 0.0000000000
14471  -37.179  -69.848  -9.371 0.0000000000
15159  -41.018  -68.106  7.167 0.0000000000
15190  -36.763  -67.489  5.226 0.0000000000
15224  -43.467  -68.767  -0.278 0.0000000000
15237  -32.900  -68.784  -0.866 0.0000000000
15286  -34.901  -67.950  -3.967 0.0000000000
15297  -34.735  -68.546  -4.557 0.0000000000
15317  -44.022  -68.576  -6.297 0.0000000000
15325  -37.150  -68.093  -6.834 0.0000000000
15994  -37.840  -66.897  6.216 0.0000000000
15995  -38.452  -67.311  6.536 0.0000000000
16022  -35.348  -67.165  3.481 0.0000000000
16033  -33.607  -67.459  0.532 0.0000000000
16074  -33.676  -67.341  -1.195 0.0000000000
16078  -41.481  -68.169  -1.420 0.0000000000
16091  -34.460  -67.490  -2.634 0.0000000000
16092  -35.077  -67.203  -2.932 0.0000000000
16112  -40.394  -67.599  -3.524 0.0000000000
16129  -40.250  -67.546  -4.456 0.0000000000
16139  -38.307  -67.351  -5.638 0.0000000000
16153  -41.017  -67.840  -6.923 0.0000000000
16174  -38.955  -67.856  -8.068 0.0000000000
16692  -44.616  -64.793  8.616 0.0000000000
16703  -40.475  -66.757  7.574 0.0000000000
16742  -36.383  -66.346  4.543 0.0000000000
16768  -42.811  -66.363  1.896 0.0000000000
16776  -40.816  -66.359  1.247 0.0000000000
16794  -41.337  -66.896  0.650 0.0000000000
16811  -33.855  -66.794  -0.461 0.0000000000
16812  -34.330  -66.313  -0.478 0.0000000000
16816  -39.362  -66.459  -0.594 0.0000000000
16839  -39.898  -67.008  -1.260 0.0000000000
16851  -35.218  -66.738  -2.329 0.0000000000
16853  -37.418  -66.301  -2.456 0.0000000000
16855  -39.091  -66.815  -2.750 0.0000000000
16866  -36.645  -66.564  -2.987 0.0000000000
16868  -38.455  -66.700  -3.331 0.0000000000
16869  -39.136  -66.914  -3.375 0.0000000000
17388  -42.806  -65.204  10.208 0.0000000000
17389  -43.633  -65.181  10.090 0.0000000000
17441  -39.894  -66.122  7.345 0.0000000000
17444  -42.815  -65.065  7.850 0.0000000000
17469  -38.309  -65.341  5.732 0.0000000000
17480  -36.729  -65.569  4.215 0.0000000000
17501  -35.833  -65.638  3.134 0.0000000000
17510  -35.042  -65.604  1.856 0.0000000000
17517  -41.380  -65.667  2.426 0.0000000000
17526  -35.782  -65.226  1.409 0.0000000000
17546  -37.216  -65.311  0.623 0.0000000000
18209  -36.439  -64.562  9.876 0.0000000000
18214  -41.569  -64.174  9.716 0.0000000000
18245  -41.121  -64.074  6.991 0.0000000000
18277  -39.359  -64.352  4.565 0.0000000000
18296  -43.290  -64.521  2.798 0.0000000000
19014  -38.382  -63.859  9.322 0.0000000000
19015  -39.370  -63.540  9.234 0.0000000000
19025  -43.687  -63.299  8.603 0.0000000000
19030  -43.309  -62.879  7.839 0.0000000000
19031  -43.643  -63.244  8.297 0.0000000000
19046  -39.970  -63.803  4.848 0.0000000000
19074  -44.192  -62.927  3.284 0.0000000000
19747  -37.679  -62.889  8.925 0.0000000000
19752  -43.168  -62.652  8.775 0.0000000000
19755  -36.247  -62.293  8.954 0.0000000000
19759  -40.185  -62.191  8.691 0.0000000000
19765  -43.402  -62.583  8.206 0.0000000000
19780  -41.473  -62.267  5.713 0.0000000000
19793  -42.545  -62.005  4.132 0.0000000000
19805  -43.399  -62.303  3.694 0.0000000000
20515  -34.699  -61.477  9.619 0.0000000000
20525  -43.173  -61.868  8.052 0.0000000000
20529  -38.695  -61.012  7.819 0.0000000000
20530  -39.495  -60.839  7.873 0.0000000000
20531  -42.794  -61.302  7.709 0.0000000000
20565  -43.728  -60.624  5.061 0.0000000000
21346  -35.485  -60.289  8.437 0.0000000000
21348  -37.160  -60.687  7.687 0.0000000000
21350  -41.077  -60.779  8.217 0.0000000000
21364  -42.221  -60.203  7.627 0.0000000000
21377  -42.414  -59.856  7.069 0.0000000000
21391  -43.288  -59.801  5.763 0.0000000000
22241  -38.444  -58.969  5.735 0.0000000000
22242  -39.363  -58.958  5.820 0.0000000000
22244  -41.442  -58.643  5.856 0.0000000000
23067  -34.768  -58.030  8.978 0.0000000000
23078  -35.921  -58.609  7.072 0.0000000000
23110  -39.702  -58.716  4.896 0.0000000000
23988  -36.730  -57.283  5.322 0.0000000000
125046  -42.778  -58.809  5.202 0.0000000000
125628  -43.661  -63.806  9.335 0.0000000000
125696  -41.469  -65.496  10.255 0.0000000000
125912  -38.044  -65.034  4.927 0.0000000000
126369  -42.875  -68.719  -7.216 0.0000000000
129061  -41.056  -64.562  3.279 0.0000000000
129896  -37.292  -69.218  -8.749 0.0000000000
131245  -37.941  -65.146  2.261 0.0000000000
131318  -43.594  -69.536  -4.139 0.0000000000
133400  -38.903  -67.252  -5.202 0.0000000000
139016  -39.871  -61.676  8.426 0.0000000000
139299  -32.270  -73.183  -3.764 0.0000000000
139382  -34.439  -70.387  -6.704 0.0000000000
139971  -31.721  -72.922  -5.347 0.0000000000
140212  -42.816  -69.356  -4.071 0.0000000000
140465  -40.998  -62.065  8.757 0.0000000000
142766  -40.005  -63.933  5.528 0.0000000000
143407  -40.174  -63.298  9.224 0.0000000000
144951  -35.665  -67.882  3.820 0.0000000000
146175  -36.571  -60.176  7.598 0.0000000000
146600  -42.989  -61.508  7.984 0.0000000000
147213  -40.412  -67.640  -5.146 0.0000000000
147381  -39.743  -67.714  6.941 0.0000000000
148468  -35.893  -69.306  -7.334 0.0000000000
148477  -34.546  -66.911  2.290 0.0000000000
149095  -36.505  -58.929  6.703 0.0000000000
150267  -35.805  -67.339  4.103 0.0000000000
