#!ascii label  , from subject sub-v1s4x0050709_ses-1 vox2ras=TkReg
344
71381  -24.775  -7.745  -8.813 0.0000000000
73266  -22.917  -5.297  -13.245 0.0000000000
136531  -20.497  6.603  -15.983 0.0000000000
130659  -21.360  3.073  -14.497 0.0000000000
78995  -24.245  0.504  -12.018 0.0000000000
76143  -26.363  -2.247  -9.474 0.0000000000
86488  -19.595  8.260  -15.482 0.0000000000
79924  -22.663  1.881  -13.329 0.0000000000
77173  -21.803  -1.359  -15.335 0.0000000000
72281  -23.819  -6.710  -10.858 0.0000000000
75189  -24.540  -3.537  -11.224 0.0000000000
73196  -25.837  -5.136  -9.058 0.0000000000
66572  -23.711  -12.548  -6.537 0.0000000000
68724  -22.972  -9.672  -10.518 0.0000000000
90414  -20.096  13.437  -13.868 0.0000000000
89614  -20.400  12.979  -15.754 0.0000000000
88880  -21.618  11.770  -16.259 0.0000000000
88141  -23.049  10.178  -15.773 0.0000000000
85544  -23.275  7.790  -15.363 0.0000000000
83711  -21.117  5.387  -15.635 0.0000000000
84594  -23.902  6.889  -13.177 0.0000000000
82761  -24.144  4.288  -12.239 0.0000000000
80835  -24.831  2.680  -11.436 0.0000000000
79896  -25.846  1.354  -10.329 0.0000000000
76202  -23.377  -2.269  -13.087 0.0000000000
78053  -24.922  -1.217  -11.119 0.0000000000
128825  -21.019  -0.204  -15.964 0.0000000000
76231  -19.920  -1.978  -15.995 0.0000000000
72282  -24.354  -6.683  -10.172 0.0000000000
73214  -24.770  -5.961  -9.978 0.0000000000
127671  -25.340  -6.095  -9.264 0.0000000000
140874  -25.520  -15.434  -2.785 0.0000000000
124007  -25.438  -14.228  -3.836 0.0000000000
140909  -25.296  -13.725  -4.369 0.0000000000
70490  -22.860  -8.854  -11.765 0.0000000000
68723  -22.598  -10.539  -10.820 0.0000000000
137988  -20.577  12.215  -15.875 0.0000000000
85540  -20.042  7.475  -15.854 0.0000000000
137999  -21.757  9.210  -16.109 0.0000000000
86491  -22.305  8.438  -16.094 0.0000000000
87305  -23.382  9.224  -15.508 0.0000000000
85543  -22.640  7.616  -15.887 0.0000000000
82778  -21.453  4.733  -15.156 0.0000000000
84592  -22.796  6.269  -14.446 0.0000000000
82770  -22.390  5.201  -14.010 0.0000000000
83679  -23.319  5.445  -13.218 0.0000000000
81814  -23.041  4.081  -13.128 0.0000000000
79925  -23.302  1.309  -12.800 0.0000000000
80842  -23.860  2.820  -12.331 0.0000000000
79918  -24.410  1.304  -11.765 0.0000000000
80836  -25.388  2.440  -10.936 0.0000000000
128643  -24.973  1.049  -11.145 0.0000000000
73292  -21.880  -4.977  -15.203 0.0000000000
75232  -22.383  -3.562  -14.642 0.0000000000
75217  -22.768  -4.016  -13.880 0.0000000000
131527  -25.555  -3.110  -10.224 0.0000000000
77112  -24.876  -2.143  -11.049 0.0000000000
77099  -25.815  -1.941  -9.985 0.0000000000
78038  -25.960  -0.437  -9.880 0.0000000000
77088  -26.841  -1.615  -8.872 0.0000000000
66573  -24.475  -12.217  -6.189 0.0000000000
67711  -23.584  -11.386  -7.411 0.0000000000
67712  -24.262  -11.050  -7.008 0.0000000000
68676  -23.845  -10.522  -7.711 0.0000000000
137860  -20.534  1.899  -15.481 0.0000000000
80857  -22.036  2.428  -13.871 0.0000000000
131758  -21.513  1.207  -14.747 0.0000000000
79000  -22.458  0.491  -13.789 0.0000000000
78080  -22.809  -0.225  -13.487 0.0000000000
72303  -23.186  -6.334  -12.262 0.0000000000
74227  -23.326  -4.921  -12.512 0.0000000000
73240  -24.081  -5.319  -11.201 0.0000000000
74196  -25.097  -4.467  -10.375 0.0000000000
75147  -25.847  -3.535  -9.763 0.0000000000
124332  -24.689  -12.861  -5.539 0.0000000000
71436  -22.360  -7.300  -14.025 0.0000000000
70503  -23.028  -7.372  -12.166 0.0000000000
70478  -23.468  -8.077  -10.724 0.0000000000
70462  -24.237  -8.245  -9.203 0.0000000000
91863  -20.596  15.169  -14.463 0.0000000000
143526  -19.515  12.234  -13.942 0.0000000000
90438  -19.962  13.399  -15.279 0.0000000000
90453  -21.661  13.663  -16.305 0.0000000000
89623  -22.292  12.584  -16.389 0.0000000000
142440  -23.056  12.336  -16.107 0.0000000000
138293  -21.161  9.985  -15.937 0.0000000000
88140  -22.352  10.919  -16.115 0.0000000000
88142  -23.618  10.864  -15.403 0.0000000000
138813  -24.113  10.853  -14.732 0.0000000000
87292  -24.127  9.450  -14.444 0.0000000000
134327  -24.287  9.022  -13.901 0.0000000000
83710  -20.381  5.762  -15.834 0.0000000000
85529  -22.925  7.087  -15.404 0.0000000000
85513  -23.673  7.511  -13.877 0.0000000000
86447  -24.735  8.190  -12.937 0.0000000000
84577  -24.603  6.853  -12.430 0.0000000000
82741  -25.284  4.735  -11.516 0.0000000000
131125  -23.193  3.224  -12.895 0.0000000000
82740  -24.818  3.993  -11.644 0.0000000000
75261  -21.404  -2.622  -15.888 0.0000000000
77159  -22.285  -1.727  -14.602 0.0000000000
138145  -23.632  -0.939  -12.709 0.0000000000
76173  -24.078  -3.136  -11.925 0.0000000000
76189  -24.176  -1.816  -12.146 0.0000000000
78061  -24.550  -0.814  -11.688 0.0000000000
78977  -25.560  0.102  -10.425 0.0000000000
78960  -26.043  0.658  -9.945 0.0000000000
68705  -22.986  -10.099  -9.773 0.0000000000
69570  -23.999  -8.954  -8.802 0.0000000000
70450  -24.598  -8.450  -8.524 0.0000000000
71393  -24.437  -7.398  -9.584 0.0000000000
72267  -24.786  -6.616  -9.584 0.0000000000
72250  -25.037  -6.988  -9.015 0.0000000000
72251  -25.582  -6.673  -8.560 0.0000000000
71382  -25.329  -7.451  -8.406 0.0000000000
124562  -25.680  -14.759  -3.216 0.0000000000
84615  -19.609  6.740  -15.654 0.0000000000
85541  -21.121  7.501  -16.097 0.0000000000
137762  -21.940  7.820  -16.131 0.0000000000
85542  -21.982  7.254  -16.090 0.0000000000
136195  -20.778  3.108  -15.205 0.0000000000
81828  -20.294  3.583  -15.519 0.0000000000
81829  -21.039  3.871  -15.102 0.0000000000
82779  -22.044  4.962  -14.587 0.0000000000
81813  -22.349  4.373  -13.773 0.0000000000
82771  -22.887  4.915  -13.475 0.0000000000
78994  -23.677  0.473  -12.551 0.0000000000
132045  -23.931  1.082  -12.310 0.0000000000
78989  -24.652  0.585  -11.508 0.0000000000
73279  -22.334  -5.170  -14.619 0.0000000000
74259  -22.338  -4.457  -14.658 0.0000000000
74242  -22.663  -4.874  -13.945 0.0000000000
76142  -25.904  -2.741  -9.847 0.0000000000
76158  -25.448  -2.441  -10.405 0.0000000000
77100  -26.229  -1.372  -9.616 0.0000000000
76124  -26.779  -2.507  -8.942 0.0000000000
67697  -24.577  -11.521  -6.521 0.0000000000
79950  -20.146  1.041  -15.963 0.0000000000
79940  -21.021  1.550  -15.179 0.0000000000
79020  -20.544  0.496  -15.926 0.0000000000
78108  -21.371  -0.992  -16.065 0.0000000000
78093  -21.649  -0.367  -15.220 0.0000000000
130790  -22.275  -0.263  -14.270 0.0000000000
78094  -22.108  -0.962  -14.629 0.0000000000
72293  -23.697  -6.100  -11.397 0.0000000000
73239  -23.519  -5.494  -11.938 0.0000000000
73215  -25.241  -5.208  -9.827 0.0000000000
130905  -24.674  -5.225  -10.506 0.0000000000
74172  -25.611  -4.362  -9.757 0.0000000000
74173  -26.208  -4.127  -9.221 0.0000000000
123996  -24.831  -15.840  -3.021 0.0000000000
124190  -24.663  -16.533  -2.587 0.0000000000
141075  -25.310  -13.094  -4.859 0.0000000000
66566  -25.466  -12.422  -5.272 0.0000000000
71427  -22.462  -7.780  -13.126 0.0000000000
69613  -22.943  -9.259  -11.122 0.0000000000
69614  -23.160  -8.631  -11.080 0.0000000000
69599  -23.352  -8.859  -10.381 0.0000000000
70461  -23.827  -8.118  -9.940 0.0000000000
124994  -23.681  -8.827  -9.540 0.0000000000
91158  -20.281  14.357  -14.420 0.0000000000
91171  -20.431  15.021  -14.964 0.0000000000
134935  -20.134  14.218  -15.145 0.0000000000
142269  -19.812  12.532  -15.346 0.0000000000
90437  -19.646  12.984  -14.974 0.0000000000
90439  -20.755  13.768  -15.748 0.0000000000
88881  -22.682  11.723  -16.163 0.0000000000
87302  -19.876  9.092  -15.517 0.0000000000
137001  -22.110  10.051  -16.110 0.0000000000
127196  -23.059  11.078  -15.837 0.0000000000
86473  -23.576  8.527  -15.205 0.0000000000
87291  -23.800  9.160  -15.014 0.0000000000
86474  -23.937  8.735  -14.552 0.0000000000
87284  -24.581  9.641  -13.678 0.0000000000
128869  -19.997  4.291  -15.626 0.0000000000
82784  -19.426  4.598  -15.491 0.0000000000
82785  -20.182  5.008  -15.646 0.0000000000
83712  -21.854  6.104  -15.753 0.0000000000
84606  -22.995  6.790  -14.919 0.0000000000
84593  -23.183  6.805  -13.941 0.0000000000
85514  -24.339  7.557  -13.106 0.0000000000
85498  -25.018  7.675  -12.386 0.0000000000
83680  -24.062  5.223  -12.475 0.0000000000
132003  -24.407  6.045  -12.367 0.0000000000
83659  -24.826  5.419  -11.817 0.0000000000
144159  -24.598  4.726  -11.886 0.0000000000
80849  -22.674  2.809  -13.334 0.0000000000
80850  -23.246  2.311  -12.794 0.0000000000
130729  -24.399  2.905  -11.852 0.0000000000
81787  -24.722  3.280  -11.625 0.0000000000
133417  -25.550  4.114  -11.252 0.0000000000
81788  -25.339  3.328  -11.200 0.0000000000
79910  -25.409  1.607  -10.763 0.0000000000
79897  -26.389  1.574  -9.868 0.0000000000
76232  -20.401  -2.810  -15.991 0.0000000000
76201  -22.976  -3.045  -13.750 0.0000000000
76219  -22.397  -2.638  -14.624 0.0000000000
77146  -22.809  -2.035  -13.833 0.0000000000
77147  -23.223  -1.457  -13.199 0.0000000000
77133  -23.755  -1.670  -12.615 0.0000000000
75188  -24.087  -3.955  -11.682 0.0000000000
138111  -23.589  -3.988  -12.436 0.0000000000
76174  -24.372  -2.302  -11.754 0.0000000000
77121  -24.521  -1.575  -11.664 0.0000000000
142256  -24.893  -0.514  -11.202 0.0000000000
78054  -25.359  -0.678  -10.626 0.0000000000
78023  -26.665  -0.668  -9.179 0.0000000000
129319  -26.556  0.140  -9.385 0.0000000000
144746  -24.327  -9.800  -7.766 0.0000000000
68691  -23.783  -9.768  -8.406 0.0000000000
69554  -24.462  -9.153  -8.144 0.0000000000
78120  -19.932  -0.126  -16.111 0.0000000000
77183  -20.076  -1.264  -16.298 0.0000000000
77185  -21.070  -1.494  -16.360 0.0000000000
72294  -24.238  -5.994  -10.661 0.0000000000
149019  -25.828  -5.972  -8.655 0.0000000000
72224  -26.110  -6.395  -8.117 0.0000000000
124413  -25.446  -16.079  -2.324 0.0000000000
124267  -24.465  -13.786  -5.004 0.0000000000
69627  -22.435  -9.137  -12.565 0.0000000000
126736  -22.640  -9.635  -11.902 0.0000000000
144415  -22.729  -9.936  -11.259 0.0000000000
148252  -19.530  11.993  -15.140 0.0000000000
88878  -19.866  11.629  -15.466 0.0000000000
88879  -20.807  11.429  -15.857 0.0000000000
88138  -20.513  10.751  -15.668 0.0000000000
87303  -20.795  9.162  -15.868 0.0000000000
86489  -20.441  8.320  -15.863 0.0000000000
86490  -21.398  8.407  -16.086 0.0000000000
87304  -22.681  9.240  -15.986 0.0000000000
86492  -23.070  8.434  -15.751 0.0000000000
82786  -20.647  4.510  -15.450 0.0000000000
83704  -22.027  5.499  -15.332 0.0000000000
83693  -22.457  5.665  -14.698 0.0000000000
133938  -23.061  6.117  -13.664 0.0000000000
84576  -23.689  6.145  -13.051 0.0000000000
82760  -23.490  4.616  -12.817 0.0000000000
79917  -23.859  1.839  -12.305 0.0000000000
80843  -24.356  2.237  -11.814 0.0000000000
79909  -24.863  1.883  -11.272 0.0000000000
79895  -25.473  0.815  -10.612 0.0000000000
134486  -21.838  -4.044  -15.310 0.0000000000
76157  -25.080  -3.089  -10.755 0.0000000000
139037  -24.594  -2.831  -11.328 0.0000000000
77113  -25.365  -1.606  -10.553 0.0000000000
128360  -25.728  -1.214  -10.128 0.0000000000
142368  -27.274  -0.795  -8.601 0.0000000000
66585  -23.301  -12.173  -7.169 0.0000000000
67696  -23.974  -11.804  -6.772 0.0000000000
67724  -23.287  -11.062  -7.989 0.0000000000
68690  -23.305  -10.533  -8.444 0.0000000000
68677  -24.632  -10.260  -7.208 0.0000000000
148808  -19.859  2.357  -15.730 0.0000000000
80866  -20.910  2.378  -15.096 0.0000000000
131124  -22.070  3.433  -13.791 0.0000000000
79931  -21.465  1.993  -14.536 0.0000000000
79932  -22.096  1.365  -14.016 0.0000000000
79009  -21.193  0.646  -15.437 0.0000000000
79010  -21.845  0.507  -14.566 0.0000000000
132088  -22.705  1.102  -13.382 0.0000000000
79001  -23.049  0.486  -13.116 0.0000000000
78068  -23.386  -0.219  -12.856 0.0000000000
73252  -23.142  -5.624  -12.605 0.0000000000
74214  -23.810  -4.680  -11.781 0.0000000000
74195  -24.466  -4.428  -11.049 0.0000000000
75172  -24.924  -3.842  -10.721 0.0000000000
75173  -25.397  -3.735  -10.292 0.0000000000
136451  -26.459  -3.172  -9.281 0.0000000000
74150  -26.533  -4.696  -8.529 0.0000000000
124236  -24.140  -17.205  -2.553 0.0000000000
66565  -24.080  -12.891  -6.060 0.0000000000
66574  -25.073  -12.190  -5.755 0.0000000000
72311  -22.547  -6.566  -13.833 0.0000000000
72302  -22.640  -6.886  -13.057 0.0000000000
130027  -23.443  -6.779  -11.571 0.0000000000
70491  -23.134  -8.106  -11.551 0.0000000000
71418  -23.453  -7.394  -11.193 0.0000000000
71407  -23.894  -7.391  -10.390 0.0000000000
91159  -20.810  14.803  -13.700 0.0000000000
89596  -19.829  12.572  -13.117 0.0000000000
90413  -19.718  12.859  -14.354 0.0000000000
90424  -19.850  13.602  -14.773 0.0000000000
91186  -20.734  14.696  -15.384 0.0000000000
89615  -21.279  12.875  -16.258 0.0000000000
147760  -21.909  13.140  -16.454 0.0000000000
90454  -22.407  13.456  -16.332 0.0000000000
90441  -23.211  13.529  -15.922 0.0000000000
89616  -23.651  12.763  -15.645 0.0000000000
139070  -20.223  9.934  -15.520 0.0000000000
88139  -21.449  10.813  -16.027 0.0000000000
88882  -23.501  11.760  -15.667 0.0000000000
89617  -24.196  12.208  -15.066 0.0000000000
88883  -24.008  11.455  -15.124 0.0000000000
88131  -23.809  9.976  -15.074 0.0000000000
83708  -18.980  5.272  -15.290 0.0000000000
136765  -19.829  6.100  -15.763 0.0000000000
84616  -21.534  6.684  -16.059 0.0000000000
84617  -22.340  6.812  -15.819 0.0000000000
84605  -22.570  6.309  -15.305 0.0000000000
85530  -23.304  7.326  -14.819 0.0000000000
86457  -23.668  8.015  -14.667 0.0000000000
86458  -24.163  8.294  -13.730 0.0000000000
147682  -24.151  6.460  -12.766 0.0000000000
84561  -26.139  6.456  -11.491 0.0000000000
83660  -25.702  5.512  -11.481 0.0000000000
149412  -22.696  3.592  -13.372 0.0000000000
81805  -23.642  3.752  -12.546 0.0000000000
81806  -24.265  3.500  -12.047 0.0000000000
81768  -25.977  3.002  -10.641 0.0000000000
76245  -21.131  -2.156  -16.228 0.0000000000
77172  -21.461  -1.820  -15.998 0.0000000000
75247  -21.874  -3.125  -15.343 0.0000000000
76233  -21.886  -2.236  -15.349 0.0000000000
78079  -22.663  -1.063  -13.876 0.0000000000
149658  -23.134  -0.781  -13.198 0.0000000000
78069  -24.070  -0.324  -12.247 0.0000000000
74243  -23.103  -4.465  -13.201 0.0000000000
146451  -23.229  -3.712  -13.223 0.0000000000
75218  -23.538  -3.079  -12.803 0.0000000000
76188  -23.905  -2.370  -12.392 0.0000000000
77134  -24.157  -1.189  -12.199 0.0000000000
129333  -24.587  -0.068  -11.613 0.0000000000
132991  -25.062  0.179  -11.012 0.0000000000
124888  -23.258  -10.089  -8.972 0.0000000000
69582  -23.484  -9.504  -9.206 0.0000000000
130777  -23.303  -9.391  -9.877 0.0000000000
73251  -22.811  -6.083  -13.179 0.0000000000
75260  -20.985  -2.822  -16.157 0.0000000000
76244  -20.596  -1.972  -16.291 0.0000000000
77184  -20.545  -1.250  -16.417 0.0000000000
78107  -20.401  -0.175  -16.156 0.0000000000
78121  -20.237  -0.742  -16.319 0.0000000000
78122  -20.817  -0.820  -16.336 0.0000000000
79032  -20.029  0.502  -16.066 0.0000000000
79938  -19.761  1.218  -15.891 0.0000000000
79939  -20.567  1.226  -15.690 0.0000000000
80864  -19.513  2.110  -15.701 0.0000000000
80865  -20.286  2.589  -15.562 0.0000000000
80875  -20.050  1.784  -15.821 0.0000000000
81821  -21.643  4.112  -14.390 0.0000000000
83694  -22.705  5.678  -13.858 0.0000000000
83709  -19.643  5.456  -15.605 0.0000000000
89624  -22.968  12.923  -16.185 0.0000000000
131717  -21.109  6.078  -15.958 0.0000000000
