#!ascii label  , from subject sub-v1s4x0050709_ses-1 vox2ras=TkReg
1364
50690  19.590  -27.579  61.327 0.0000000000
124773  31.270  -26.101  69.681 0.0000000000
130556  39.914  -9.381  47.797 0.0000000000
62175  32.539  -17.248  56.199 0.0000000000
57183  38.991  -22.036  61.198 0.0000000000
143463  54.039  -1.182  39.931 0.0000000000
70809  39.031  -7.904  50.776 0.0000000000
69898  33.687  -9.566  51.135 0.0000000000
50671  14.469  -28.683  62.677 0.0000000000
54086  24.862  -26.087  66.058 0.0000000000
56126  28.198  -23.339  63.411 0.0000000000
55191  22.234  -25.009  57.877 0.0000000000
74682  45.065  -3.732  43.823 0.0000000000
140678  21.515  -28.193  70.094 0.0000000000
52947  16.501  -26.809  69.354 0.0000000000
71724  44.335  -7.279  47.480 0.0000000000
50572  11.506  -28.795  69.347 0.0000000000
45618  8.686  -33.357  68.288 0.0000000000
66876  34.185  -12.325  55.862 0.0000000000
125034  35.913  -18.852  58.037 0.0000000000
56195  36.109  -24.089  55.948 0.0000000000
56155  32.606  -23.084  59.899 0.0000000000
72585  38.924  -7.207  53.888 0.0000000000
70810  36.186  -7.814  51.004 0.0000000000
70772  36.652  -8.511  53.505 0.0000000000
72595  41.963  -6.290  53.092 0.0000000000
50753  18.253  -28.455  58.285 0.0000000000
49546  15.552  -29.725  59.655 0.0000000000
51843  16.304  -26.681  61.870 0.0000000000
51830  20.953  -26.945  63.219 0.0000000000
54144  23.729  -25.003  61.441 0.0000000000
51900  20.634  -27.228  59.645 0.0000000000
51959  20.657  -27.733  56.476 0.0000000000
70871  39.385  -7.472  45.451 0.0000000000
68940  41.488  -9.600  48.945 0.0000000000
70862  41.901  -8.454  47.199 0.0000000000
148263  41.617  -6.148  45.797 0.0000000000
51692  16.370  -26.944  72.985 0.0000000000
54054  13.921  -25.591  69.638 0.0000000000
52914  12.385  -26.325  72.506 0.0000000000
46504  7.138  -32.236  73.603 0.0000000000
46519  8.511  -31.376  71.631 0.0000000000
44633  6.944  -33.812  70.983 0.0000000000
42750  4.985  -36.384  70.110 0.0000000000
42714  4.500  -36.556  72.723 0.0000000000
61227  35.469  -18.176  60.831 0.0000000000
60230  37.550  -19.629  59.682 0.0000000000
58282  37.432  -21.330  56.680 0.0000000000
56174  37.443  -23.538  58.304 0.0000000000
57207  27.292  -21.657  59.644 0.0000000000
58222  30.553  -20.884  62.252 0.0000000000
58256  29.115  -21.552  58.242 0.0000000000
56199  30.939  -23.271  57.078 0.0000000000
64886  32.001  -14.245  55.837 0.0000000000
146510  31.343  -13.300  53.815 0.0000000000
63978  30.825  -16.221  53.800 0.0000000000
80223  55.533  1.780  38.277 0.0000000000
77592  53.631  -0.837  37.954 0.0000000000
69922  39.492  -9.488  49.399 0.0000000000
69940  37.180  -9.385  48.503 0.0000000000
70806  41.872  -8.792  51.264 0.0000000000
52972  27.921  -26.585  67.756 0.0000000000
125762  29.740  -24.530  66.435 0.0000000000
55103  26.932  -24.850  64.083 0.0000000000
124803  25.485  -23.855  60.817 0.0000000000
125167  23.818  -22.818  56.886 0.0000000000
129992  47.628  -4.298  45.703 0.0000000000
75651  47.931  -3.253  43.589 0.0000000000
76656  48.636  -2.793  41.523 0.0000000000
76670  49.004  -2.014  39.722 0.0000000000
50618  19.908  -27.561  65.977 0.0000000000
51808  17.669  -27.180  65.736 0.0000000000
130827  18.669  -27.538  69.202 0.0000000000
51774  22.730  -27.540  67.896 0.0000000000
73651  44.858  -5.167  45.928 0.0000000000
54101  14.833  -25.655  65.736 0.0000000000
50607  13.099  -28.581  66.258 0.0000000000
47526  11.566  -30.306  66.889 0.0000000000
50518  10.265  -28.763  71.965 0.0000000000
47502  10.054  -30.910  69.321 0.0000000000
40021  1.814  -39.112  74.397 0.0000000000
68880  36.212  -10.226  55.751 0.0000000000
130295  32.416  -15.717  57.905 0.0000000000
62138  33.500  -16.869  59.736 0.0000000000
62165  33.714  -17.763  57.348 0.0000000000
125187  36.359  -20.051  55.650 0.0000000000
57255  36.918  -22.223  54.081 0.0000000000
56230  34.825  -23.389  53.021 0.0000000000
57148  31.203  -21.983  65.680 0.0000000000
143573  33.559  -22.117  63.506 0.0000000000
55135  35.406  -23.810  61.115 0.0000000000
55189  33.814  -24.136  58.192 0.0000000000
56221  32.672  -24.166  54.541 0.0000000000
68890  33.707  -10.733  53.362 0.0000000000
67951  31.759  -12.099  50.637 0.0000000000
71643  39.225  -7.642  54.677 0.0000000000
71645  37.757  -7.981  53.731 0.0000000000
70760  37.732  -8.651  54.479 0.0000000000
72583  40.546  -6.583  54.584 0.0000000000
50712  18.772  -28.055  60.286 0.0000000000
51879  17.253  -27.511  60.188 0.0000000000
51860  18.545  -26.979  61.700 0.0000000000
142184  20.089  -27.114  61.893 0.0000000000
53047  21.094  -26.659  61.459 0.0000000000
51878  20.210  -27.636  60.481 0.0000000000
50732  20.022  -28.191  59.417 0.0000000000
70863  39.431  -8.342  46.309 0.0000000000
68959  40.497  -9.491  48.385 0.0000000000
69950  41.537  -9.208  48.114 0.0000000000
69962  40.182  -8.951  47.251 0.0000000000
71735  40.251  -7.778  46.197 0.0000000000
44590  6.238  -33.326  73.839 0.0000000000
45552  6.979  -32.996  72.486 0.0000000000
139234  6.231  -34.181  72.053 0.0000000000
43701  5.845  -34.912  70.927 0.0000000000
43692  5.498  -35.276  71.661 0.0000000000
42713  4.922  -35.949  72.205 0.0000000000
60203  38.083  -19.395  61.274 0.0000000000
141781  38.543  -20.356  60.428 0.0000000000
58255  37.888  -21.144  58.582 0.0000000000
56152  38.323  -23.039  60.140 0.0000000000
130019  31.669  -25.442  69.492 0.0000000000
58275  26.583  -21.584  58.057 0.0000000000
58257  27.979  -21.241  59.172 0.0000000000
128063  27.703  -21.377  57.155 0.0000000000
58284  28.269  -21.539  56.656 0.0000000000
63059  31.708  -15.999  55.959 0.0000000000
63972  31.438  -15.489  55.375 0.0000000000
77573  53.209  -1.297  40.692 0.0000000000
78440  56.459  0.122  41.078 0.0000000000
77577  55.605  -0.712  39.733 0.0000000000
78445  57.063  -0.119  38.994 0.0000000000
77586  53.799  -0.985  38.630 0.0000000000
69910  39.189  -9.169  49.871 0.0000000000
69923  37.878  -9.368  48.979 0.0000000000
69911  38.315  -8.756  49.906 0.0000000000
70826  35.040  -8.474  50.698 0.0000000000
70835  35.103  -8.612  49.819 0.0000000000
69927  33.800  -9.496  49.125 0.0000000000
132448  39.878  -6.851  51.995 0.0000000000
70807  40.488  -8.710  50.748 0.0000000000
70821  40.618  -9.330  50.294 0.0000000000
49526  14.834  -28.920  61.179 0.0000000000
49516  13.867  -29.849  63.128 0.0000000000
52986  26.392  -26.370  66.944 0.0000000000
126493  27.169  -25.756  65.891 0.0000000000
128209  26.070  -25.539  64.952 0.0000000000
55164  22.708  -24.590  60.018 0.0000000000
55138  24.567  -24.712  61.414 0.0000000000
124799  23.775  -23.798  59.374 0.0000000000
125157  24.719  -22.980  58.765 0.0000000000
56188  22.928  -23.863  57.222 0.0000000000
55207  22.001  -25.066  56.291 0.0000000000
124857  36.140  -20.011  54.032 0.0000000000
136506  46.618  -3.906  44.858 0.0000000000
151757  47.822  -3.481  44.423 0.0000000000
74681  46.441  -3.628  44.032 0.0000000000
76648  47.220  -3.110  42.075 0.0000000000
128928  47.088  -2.546  40.681 0.0000000000
76665  48.636  -2.363  40.631 0.0000000000
51776  20.719  -28.022  67.640 0.0000000000
50592  19.193  -27.751  67.089 0.0000000000
50566  20.266  -27.844  69.411 0.0000000000
51763  22.445  -28.069  68.668 0.0000000000
51788  21.123  -27.459  65.907 0.0000000000
73642  45.992  -5.466  46.584 0.0000000000
72661  44.468  -5.862  46.456 0.0000000000
73654  41.978  -5.498  45.543 0.0000000000
51792  16.933  -27.041  67.173 0.0000000000
54099  16.077  -25.896  65.262 0.0000000000
52964  15.613  -25.734  67.866 0.0000000000
52950  12.258  -26.576  69.307 0.0000000000
52978  12.925  -26.236  67.772 0.0000000000
50587  12.301  -28.987  67.624 0.0000000000
49464  12.315  -29.506  66.627 0.0000000000
48429  11.502  -29.729  67.888 0.0000000000
49374  9.420  -29.484  73.198 0.0000000000
46570  8.890  -32.567  69.892 0.0000000000
47489  9.333  -31.153  70.461 0.0000000000
139436  9.633  -32.285  68.862 0.0000000000
129911  10.291  -32.067  67.220 0.0000000000
64871  33.999  -14.274  57.858 0.0000000000
125352  35.655  -18.256  59.851 0.0000000000
124863  34.594  -17.545  61.231 0.0000000000
142499  34.530  -17.909  58.827 0.0000000000
62152  33.597  -17.336  58.933 0.0000000000
125100  35.150  -18.402  58.056 0.0000000000
125318  35.119  -18.812  56.656 0.0000000000
142444  36.035  -19.168  57.559 0.0000000000
57239  37.538  -22.790  56.400 0.0000000000
57247  37.394  -21.698  55.541 0.0000000000
57256  36.335  -23.219  54.541 0.0000000000
56218  35.611  -23.328  53.883 0.0000000000
128767  35.436  -23.807  54.620 0.0000000000
147791  28.878  -23.979  64.978 0.0000000000
56085  30.530  -23.457  66.375 0.0000000000
56108  29.959  -22.716  64.775 0.0000000000
143082  32.134  -21.616  60.963 0.0000000000
58220  32.258  -21.131  62.693 0.0000000000
56136  33.464  -22.768  61.580 0.0000000000
56144  34.623  -23.518  62.072 0.0000000000
55148  34.129  -23.620  60.637 0.0000000000
55159  34.675  -24.228  59.216 0.0000000000
55177  33.046  -23.919  58.689 0.0000000000
57249  30.029  -22.744  54.978 0.0000000000
56210  31.762  -23.798  55.955 0.0000000000
67908  35.076  -11.231  55.812 0.0000000000
68884  34.917  -10.386  54.590 0.0000000000
67913  34.072  -11.304  54.867 0.0000000000
65909  30.549  -14.217  52.232 0.0000000000
66906  31.398  -12.639  52.534 0.0000000000
80221  57.539  1.265  37.847 0.0000000000
71674  39.048  -6.895  52.104 0.0000000000
71706  38.072  -7.860  50.630 0.0000000000
71676  37.327  -7.519  52.319 0.0000000000
134538  35.933  -8.018  51.947 0.0000000000
70791  34.722  -9.093  52.140 0.0000000000
72582  41.254  -6.129  54.212 0.0000000000
137999  40.218  -6.480  53.273 0.0000000000
147329  16.911  -28.350  58.881 0.0000000000
51881  15.878  -27.573  60.745 0.0000000000
51844  15.309  -27.245  62.250 0.0000000000
53012  23.205  -26.356  64.766 0.0000000000
54124  23.949  -25.941  63.804 0.0000000000
53035  22.556  -26.292  62.787 0.0000000000
129912  21.613  -25.885  60.556 0.0000000000
54170  21.632  -25.708  59.090 0.0000000000
53091  21.364  -26.448  57.371 0.0000000000
136557  20.525  -27.669  58.376 0.0000000000
50777  19.429  -28.440  57.019 0.0000000000
75655  43.545  -3.444  42.917 0.0000000000
49390  21.704  -28.763  72.492 0.0000000000
133961  42.653  -9.295  48.685 0.0000000000
69937  42.872  -8.804  48.171 0.0000000000
70860  43.035  -7.628  47.085 0.0000000000
72654  43.285  -7.005  46.785 0.0000000000
129076  41.899  -7.794  46.664 0.0000000000
71742  40.194  -6.979  45.636 0.0000000000
51719  16.106  -27.124  71.597 0.0000000000
52948  15.487  -25.938  69.107 0.0000000000
52924  14.644  -26.850  71.620 0.0000000000
52936  12.647  -26.131  70.740 0.0000000000
126708  11.916  -26.370  70.992 0.0000000000
47457  8.566  -30.793  72.603 0.0000000000
46520  7.911  -31.809  72.157 0.0000000000
45562  7.846  -32.701  71.128 0.0000000000
45596  7.729  -33.585  69.635 0.0000000000
44668  6.595  -34.451  69.715 0.0000000000
61210  37.340  -18.944  60.711 0.0000000000
60231  36.962  -19.299  59.077 0.0000000000
60242  36.719  -20.219  57.819 0.0000000000
59240  37.209  -20.369  58.546 0.0000000000
57227  37.767  -21.539  57.440 0.0000000000
56183  36.883  -24.046  57.314 0.0000000000
142384  27.486  -22.599  61.678 0.0000000000
142853  29.449  -22.056  63.291 0.0000000000
124806  28.698  -21.401  61.391 0.0000000000
58243  30.232  -21.326  59.752 0.0000000000
57194  31.146  -21.875  59.563 0.0000000000
56177  31.640  -23.245  58.488 0.0000000000
57229  30.360  -22.692  57.355 0.0000000000
57250  29.769  -22.457  55.833 0.0000000000
65864  33.230  -13.212  55.828 0.0000000000
66886  32.565  -12.642  54.628 0.0000000000
65866  31.695  -14.036  55.184 0.0000000000
64910  30.918  -14.578  54.085 0.0000000000
144974  55.587  1.483  39.098 0.0000000000
78450  56.949  -0.255  38.133 0.0000000000
68960  39.649  -9.518  48.242 0.0000000000
69953  38.148  -9.429  47.422 0.0000000000
68944  38.330  -9.515  48.316 0.0000000000
70833  36.905  -8.582  49.650 0.0000000000
69942  35.374  -9.330  48.531 0.0000000000
150161  42.683  -6.441  53.053 0.0000000000
71672  42.784  -7.759  52.279 0.0000000000
69894  42.962  -9.452  51.003 0.0000000000
69907  41.793  -9.561  50.317 0.0000000000
68927  40.501  -9.645  49.019 0.0000000000
52944  29.583  -26.870  69.274 0.0000000000
124782  30.502  -25.697  68.288 0.0000000000
54073  28.723  -26.132  67.396 0.0000000000
125593  28.163  -25.011  65.272 0.0000000000
125203  27.853  -23.911  63.823 0.0000000000
55126  25.117  -25.166  62.746 0.0000000000
142520  26.184  -24.357  62.281 0.0000000000
124801  27.075  -23.264  61.948 0.0000000000
57195  26.348  -22.809  60.357 0.0000000000
57221  25.871  -22.102  58.523 0.0000000000
58288  24.437  -22.161  56.520 0.0000000000
146183  49.616  -2.704  43.285 0.0000000000
75665  46.739  -3.307  42.682 0.0000000000
75663  48.471  -3.035  42.818 0.0000000000
76644  50.091  -2.417  42.400 0.0000000000
76653  50.561  -2.120  41.853 0.0000000000
76662  50.673  -1.906  41.118 0.0000000000
77581  51.517  -1.611  39.737 0.0000000000
77588  51.424  -1.494  38.928 0.0000000000
50650  19.657  -26.881  63.409 0.0000000000
51832  18.765  -26.863  63.377 0.0000000000
50605  18.790  -27.528  65.954 0.0000000000
50594  18.070  -27.594  67.472 0.0000000000
148486  17.657  -27.202  69.256 0.0000000000
50531  20.135  -27.631  71.976 0.0000000000
50553  17.268  -27.075  71.133 0.0000000000
50517  17.493  -26.905  72.745 0.0000000000
51727  30.394  -27.355  70.736 0.0000000000
51742  28.301  -27.527  69.592 0.0000000000
51758  27.060  -27.360  68.826 0.0000000000
52961  24.916  -26.951  68.012 0.0000000000
51761  24.714  -27.435  68.620 0.0000000000
52988  23.511  -26.535  66.518 0.0000000000
141950  21.891  -27.113  65.588 0.0000000000
51819  20.351  -27.040  64.545 0.0000000000
73648  47.150  -4.800  46.245 0.0000000000
73650  45.654  -4.980  46.016 0.0000000000
73666  44.365  -4.651  45.283 0.0000000000
73653  43.025  -5.482  45.799 0.0000000000
73667  43.361  -4.705  45.207 0.0000000000
74675  42.732  -4.251  44.425 0.0000000000
53025  17.309  -26.469  63.484 0.0000000000
53027  15.544  -26.484  63.356 0.0000000000
51822  14.465  -27.322  64.157 0.0000000000
54077  14.271  -25.277  67.420 0.0000000000
53005  13.824  -26.680  65.786 0.0000000000
50637  13.667  -28.925  64.797 0.0000000000
48466  12.917  -29.858  65.140 0.0000000000
47550  12.015  -30.885  65.220 0.0000000000
52916  10.847  -26.800  72.771 0.0000000000
50536  10.894  -28.425  70.788 0.0000000000
49426  10.254  -29.963  70.431 0.0000000000
151032  10.971  -29.658  69.214 0.0000000000
47514  10.843  -30.636  68.110 0.0000000000
41748  3.723  -37.727  73.606 0.0000000000
70737  38.127  -9.195  56.008 0.0000000000
66862  34.622  -12.719  56.466 0.0000000000
65836  33.196  -13.945  56.821 0.0000000000
63964  32.037  -14.979  56.848 0.0000000000
63058  32.165  -16.452  56.604 0.0000000000
63021  32.895  -15.964  59.059 0.0000000000
62153  33.124  -17.128  58.129 0.0000000000
62174  33.236  -17.659  56.613 0.0000000000
124858  34.473  -18.745  55.635 0.0000000000
124860  35.995  -19.754  54.914 0.0000000000
124981  36.566  -20.266  54.668 0.0000000000
59256  36.657  -20.514  56.147 0.0000000000
59265  36.939  -20.699  55.250 0.0000000000
58307  36.854  -21.410  53.613 0.0000000000
57264  36.447  -22.064  53.080 0.0000000000
56241  35.305  -23.103  51.771 0.0000000000
56119  37.968  -23.269  62.889 0.0000000000
124783  30.972  -24.571  67.700 0.0000000000
56078  31.498  -23.253  67.443 0.0000000000
57134  32.252  -21.785  66.657 0.0000000000
58204  30.827  -21.332  64.069 0.0000000000
58202  32.335  -21.084  64.619 0.0000000000
58189  33.605  -21.662  65.626 0.0000000000
56123  34.692  -23.303  63.354 0.0000000000
56133  35.842  -23.777  62.668 0.0000000000
56142  37.645  -23.737  61.384 0.0000000000
56163  36.461  -24.091  59.615 0.0000000000
148581  35.787  -24.357  58.315 0.0000000000
55203  34.604  -24.369  56.503 0.0000000000
56185  32.364  -23.836  57.320 0.0000000000
55216  33.159  -24.232  56.224 0.0000000000
56207  34.612  -24.292  55.277 0.0000000000
139053  33.277  -23.991  53.585 0.0000000000
69873  36.510  -9.486  54.699 0.0000000000
69878  35.376  -9.478  53.652 0.0000000000
133924  34.034  -10.120  52.517 0.0000000000
67920  32.117  -12.058  53.271 0.0000000000
67919  32.584  -11.387  52.679 0.0000000000
68906  32.740  -10.773  51.301 0.0000000000
146005  51.628  -1.055  37.655 0.0000000000
71633  38.960  -8.282  55.126 0.0000000000
71644  38.443  -7.968  54.363 0.0000000000
70759  38.354  -8.570  54.960 0.0000000000
71632  39.631  -7.972  55.398 0.0000000000
50711  19.524  -28.017  60.654 0.0000000000
50691  18.860  -27.668  61.104 0.0000000000
50670  19.288  -27.134  61.917 0.0000000000
50689  19.898  -27.417  61.396 0.0000000000
51859  20.167  -27.398  61.116 0.0000000000
50710  19.934  -27.780  60.823 0.0000000000
69963  39.163  -9.075  47.007 0.0000000000
70864  38.391  -8.738  46.139 0.0000000000
69964  38.232  -9.252  46.859 0.0000000000
69951  40.827  -9.297  47.955 0.0000000000
44606  5.844  -33.924  73.469 0.0000000000
44605  6.418  -33.462  73.022 0.0000000000
44619  6.043  -34.069  72.675 0.0000000000
43679  5.802  -34.656  72.277 0.0000000000
43663  5.533  -34.573  73.066 0.0000000000
43680  5.258  -35.238  72.631 0.0000000000
138050  39.067  -21.081  61.498 0.0000000000
59217  38.769  -20.328  61.026 0.0000000000
131399  38.902  -21.101  60.590 0.0000000000
131299  38.677  -21.422  59.861 0.0000000000
57191  38.770  -22.154  60.365 0.0000000000
124764  31.962  -25.702  70.169 0.0000000000
126923  26.209  -21.575  57.239 0.0000000000
125824  26.974  -21.360  57.207 0.0000000000
58286  26.361  -21.407  56.497 0.0000000000
58285  27.309  -21.366  56.359 0.0000000000
63065  32.017  -16.792  55.727 0.0000000000
63066  31.541  -16.350  55.192 0.0000000000
130753  53.046  -1.376  40.068 0.0000000000
78438  55.212  -0.665  41.040 0.0000000000
77571  55.041  -0.866  40.233 0.0000000000
77578  54.905  -0.937  39.566 0.0000000000
77579  53.298  -1.235  39.323 0.0000000000
145157  38.876  -8.561  50.262 0.0000000000
69912  34.318  -8.883  50.640 0.0000000000
135318  34.248  -8.963  49.715 0.0000000000
69913  33.630  -9.410  50.167 0.0000000000
68929  33.069  -10.049  49.788 0.0000000000
71692  39.391  -7.320  51.402 0.0000000000
71691  40.367  -7.634  51.340 0.0000000000
70808  39.784  -8.061  50.872 0.0000000000
70822  39.717  -8.859  50.377 0.0000000000
50694  14.549  -28.972  62.037 0.0000000000
49527  14.393  -29.713  61.785 0.0000000000
49515  14.243  -29.443  62.595 0.0000000000
48484  14.004  -30.156  62.388 0.0000000000
49502  14.106  -29.208  63.337 0.0000000000
144783  25.655  -26.230  66.535 0.0000000000
140568  25.810  -25.916  65.739 0.0000000000
54097  25.195  -25.782  65.161 0.0000000000
54169  22.137  -25.038  58.789 0.0000000000
55163  23.277  -24.152  59.705 0.0000000000
55179  22.632  -24.466  58.486 0.0000000000
128454  23.129  -23.907  58.122 0.0000000000
148014  22.677  -24.365  57.743 0.0000000000
125291  22.420  -24.529  56.910 0.0000000000
55192  22.072  -25.239  57.076 0.0000000000
125068  36.457  -20.473  53.635 0.0000000000
133990  45.730  -3.958  44.585 0.0000000000
145238  45.791  -3.682  43.762 0.0000000000
76666  47.589  -2.339  40.124 0.0000000000
50565  21.140  -28.120  69.251 0.0000000000
50583  20.423  -28.000  68.508 0.0000000000
144520  20.877  -27.948  69.937 0.0000000000
50564  22.055  -28.361  69.536 0.0000000000
50582  21.196  -28.120  68.347 0.0000000000
71732  44.958  -6.668  47.240 0.0000000000
129592  44.881  -6.195  46.840 0.0000000000
72653  44.160  -6.686  46.945 0.0000000000
51766  17.016  -27.165  68.640 0.0000000000
52977  16.305  -26.341  67.480 0.0000000000
52963  16.320  -26.472  68.413 0.0000000000
51750  11.835  -27.770  69.166 0.0000000000
51767  12.274  -27.434  68.528 0.0000000000
50571  11.976  -28.708  68.503 0.0000000000
49452  11.995  -29.444  67.375 0.0000000000
49444  11.727  -29.412  68.142 0.0000000000
136860  9.006  -29.716  73.982 0.0000000000
45595  8.476  -33.202  69.358 0.0000000000
46569  9.445  -32.114  69.532 0.0000000000
46586  9.177  -32.746  69.082 0.0000000000
46585  9.435  -32.728  68.225 0.0000000000
125582  35.648  -18.444  58.833 0.0000000000
124864  34.733  -17.895  59.660 0.0000000000
142488  35.521  -18.831  57.430 0.0000000000
128107  36.959  -23.617  56.329 0.0000000000
56194  36.643  -23.433  55.428 0.0000000000
130377  35.777  -23.955  55.240 0.0000000000
124798  28.517  -23.668  64.192 0.0000000000
56109  29.228  -23.296  64.505 0.0000000000
57162  29.541  -22.625  64.057 0.0000000000
57192  32.425  -22.337  60.390 0.0000000000
57184  32.805  -22.151  61.198 0.0000000000
56146  33.064  -22.927  60.661 0.0000000000
133794  33.640  -23.257  60.861 0.0000000000
56154  33.378  -23.542  60.079 0.0000000000
150015  33.441  -23.869  59.390 0.0000000000
55161  32.779  -23.586  59.350 0.0000000000
67909  34.419  -11.600  55.541 0.0000000000
68885  34.705  -10.931  55.138 0.0000000000
67910  33.778  -11.940  55.232 0.0000000000
72613  38.928  -6.909  52.907 0.0000000000
71675  38.192  -7.199  52.315 0.0000000000
71659  37.194  -7.921  53.163 0.0000000000
70789  36.576  -7.925  52.586 0.0000000000
70790  35.242  -8.596  52.117 0.0000000000
70773  35.802  -8.651  53.008 0.0000000000
73569  42.383  -5.680  55.148 0.0000000000
72584  39.478  -7.035  54.246 0.0000000000
135638  40.026  -6.659  54.056 0.0000000000
72597  39.527  -6.751  53.470 0.0000000000
72612  39.649  -6.676  52.705 0.0000000000
147196  16.669  -27.313  60.553 0.0000000000
51863  15.618  -27.355  61.456 0.0000000000
51817  21.700  -26.832  63.838 0.0000000000
53024  22.512  -26.489  63.589 0.0000000000
51829  21.737  -26.727  62.985 0.0000000000
53057  20.987  -26.649  60.185 0.0000000000
133460  21.187  -26.467  60.840 0.0000000000
53056  21.560  -25.827  59.860 0.0000000000
53066  21.111  -26.490  59.374 0.0000000000
51918  20.770  -27.104  58.861 0.0000000000
146517  19.308  -28.387  58.945 0.0000000000
129906  19.409  -28.385  58.060 0.0000000000
68924  42.389  -9.703  49.637 0.0000000000
68939  42.134  -9.569  48.958 0.0000000000
70852  41.866  -8.893  47.760 0.0000000000
70851  42.413  -8.617  47.662 0.0000000000
70850  43.133  -8.146  47.547 0.0000000000
70861  42.523  -8.036  47.123 0.0000000000
51705  16.205  -27.075  72.311 0.0000000000
51720  15.405  -27.010  71.444 0.0000000000
51706  15.436  -27.141  72.097 0.0000000000
52925  13.737  -26.547  71.685 0.0000000000
52926  12.786  -26.277  71.634 0.0000000000
149318  12.289  -26.266  71.291 0.0000000000
126870  11.897  -26.303  71.765 0.0000000000
46485  7.491  -31.676  73.814 0.0000000000
47458  7.969  -31.193  73.162 0.0000000000
45563  7.151  -33.268  71.603 0.0000000000
45551  7.574  -32.487  71.925 0.0000000000
137063  7.483  -33.261  70.875 0.0000000000
45576  8.093  -33.026  70.294 0.0000000000
45577  7.389  -33.571  70.358 0.0000000000
44667  7.150  -33.901  69.837 0.0000000000
44652  6.891  -33.991  70.363 0.0000000000
132932  5.432  -35.579  70.607 0.0000000000
43708  5.921  -35.013  70.110 0.0000000000
42734  4.516  -36.745  71.755 0.0000000000
41758  4.207  -37.203  72.353 0.0000000000
151627  37.952  -19.736  60.170 0.0000000000
60219  37.819  -19.441  60.345 0.0000000000
61225  37.233  -19.089  59.841 0.0000000000
60236  37.060  -19.828  58.833 0.0000000000
60235  37.544  -20.046  59.289 0.0000000000
57217  38.102  -22.500  58.568 0.0000000000
57216  38.020  -21.711  58.110 0.0000000000
57228  37.972  -22.479  57.669 0.0000000000
56182  37.517  -23.179  57.104 0.0000000000
125035  27.817  -21.916  61.121 0.0000000000
137345  27.741  -21.646  60.337 0.0000000000
125472  28.747  -21.232  59.103 0.0000000000
126603  29.140  -21.149  59.810 0.0000000000
57206  29.648  -21.489  59.049 0.0000000000
148215  30.900  -21.401  60.036 0.0000000000
57205  30.581  -22.022  58.918 0.0000000000
57219  30.460  -22.393  58.136 0.0000000000
57230  29.790  -22.074  57.702 0.0000000000
58283  29.057  -21.956  56.313 0.0000000000
65851  32.734  -13.867  56.248 0.0000000000
65865  32.424  -13.540  55.524 0.0000000000
63977  31.130  -15.840  54.635 0.0000000000
64894  31.179  -14.848  54.795 0.0000000000
64895  30.825  -15.345  54.014 0.0000000000
78447  55.177  -0.817  38.525 0.0000000000
148752  55.337  -0.729  37.913 0.0000000000
143759  55.436  -0.586  37.316 0.0000000000
78453  53.681  -0.604  37.258 0.0000000000
68928  39.803  -9.623  48.968 0.0000000000
68943  39.295  -9.540  48.532 0.0000000000
136346  38.800  -9.525  48.885 0.0000000000
69939  37.955  -9.465  48.570 0.0000000000
68946  36.418  -9.591  47.920 0.0000000000
71707  37.036  -7.719  50.829 0.0000000000
70823  37.391  -8.303  50.100 0.0000000000
70824  36.525  -8.140  50.249 0.0000000000
69926  34.789  -9.066  49.041 0.0000000000
69925  35.760  -8.934  49.013 0.0000000000
130095  34.594  -9.573  48.419 0.0000000000
68947  35.375  -9.728  47.916 0.0000000000
73589  42.569  -5.931  53.678 0.0000000000
71673  41.391  -7.671  51.685 0.0000000000
130209  42.048  -7.419  52.156 0.0000000000
70788  42.358  -8.303  51.806 0.0000000000
70787  43.181  -8.635  51.945 0.0000000000
70805  42.707  -9.038  51.418 0.0000000000
69906  42.453  -9.584  50.425 0.0000000000
69909  40.045  -9.435  49.906 0.0000000000
69908  40.815  -9.604  49.862 0.0000000000
69921  40.330  -9.601  49.414 0.0000000000
68942  40.157  -9.571  48.662 0.0000000000
52956  29.162  -26.643  68.592 0.0000000000
125177  29.560  -26.106  67.944 0.0000000000
125118  28.738  -26.488  68.031 0.0000000000
54095  27.421  -25.332  65.328 0.0000000000
125128  27.936  -25.594  66.048 0.0000000000
124796  27.532  -24.868  64.665 0.0000000000
124797  28.146  -24.334  64.651 0.0000000000
125185  27.414  -24.396  64.039 0.0000000000
125387  23.947  -25.685  62.889 0.0000000000
54123  24.619  -25.545  63.384 0.0000000000
54133  24.399  -25.216  62.160 0.0000000000
127516  24.734  -24.184  60.785 0.0000000000
56148  25.291  -24.397  61.385 0.0000000000
125191  26.037  -24.055  61.521 0.0000000000
124805  26.631  -23.866  62.119 0.0000000000
125074  26.174  -23.414  60.911 0.0000000000
56147  26.866  -22.918  61.118 0.0000000000
125212  25.665  -23.257  60.236 0.0000000000
124793  24.274  -22.920  57.895 0.0000000000
125228  25.461  -22.618  58.971 0.0000000000
125055  24.523  -22.473  57.329 0.0000000000
144036  25.009  -22.108  57.268 0.0000000000
51958  20.958  -27.128  56.996 0.0000000000
53104  21.353  -26.490  56.406 0.0000000000
74666  48.475  -4.198  45.925 0.0000000000
125914  48.532  -3.235  44.208 0.0000000000
75645  49.790  -2.834  44.016 0.0000000000
75650  48.682  -2.995  43.380 0.0000000000
127506  44.959  -3.144  42.451 0.0000000000
75666  45.857  -3.248  42.570 0.0000000000
76657  47.656  -2.867  41.466 0.0000000000
76646  48.957  -2.918  42.242 0.0000000000
76645  49.548  -2.650  42.339 0.0000000000
76654  49.881  -2.419  41.912 0.0000000000
76655  49.379  -2.663  41.809 0.0000000000
76664  49.513  -2.212  40.768 0.0000000000
76663  50.125  -2.069  40.933 0.0000000000
76669  49.996  -1.912  40.099 0.0000000000
76668  50.757  -1.806  40.335 0.0000000000
50635  19.545  -26.995  64.488 0.0000000000
50619  19.398  -27.364  65.456 0.0000000000
50584  19.431  -27.763  68.684 0.0000000000
50593  18.604  -27.670  67.292 0.0000000000
50585  18.539  -27.625  68.421 0.0000000000
138608  17.998  -27.538  68.170 0.0000000000
50586  18.064  -27.439  68.851 0.0000000000
49391  21.048  -28.109  72.212 0.0000000000
50514  19.714  -27.519  72.804 0.0000000000
50534  17.968  -27.174  71.425 0.0000000000
50516  18.113  -27.102  72.258 0.0000000000
50535  17.371  -27.025  71.940 0.0000000000
51728  29.514  -27.623  70.488 0.0000000000
52960  25.845  -26.953  68.099 0.0000000000
51762  23.321  -27.656  68.476 0.0000000000
52962  23.535  -27.141  67.759 0.0000000000
144186  24.209  -26.903  67.701 0.0000000000
52989  22.743  -26.769  66.175 0.0000000000
52976  22.915  -27.006  67.077 0.0000000000
148973  20.546  -27.619  66.175 0.0000000000
50634  19.884  -27.157  65.002 0.0000000000
50649  20.105  -26.895  64.104 0.0000000000
68962  37.559  -9.517  47.552 0.0000000000
72660  45.243  -5.618  46.489 0.0000000000
73665  45.269  -4.529  45.340 0.0000000000
72663  42.592  -6.405  46.217 0.0000000000
73669  41.517  -4.947  44.916 0.0000000000
73668  42.372  -4.800  45.098 0.0000000000
51821  18.050  -27.068  64.796 0.0000000000
128646  18.234  -26.746  63.033 0.0000000000
53014  17.358  -26.569  64.306 0.0000000000
54100  15.465  -25.728  65.442 0.0000000000
54113  15.870  -25.916  64.739 0.0000000000
54114  15.208  -25.866  64.952 0.0000000000
53028  15.045  -26.643  63.802 0.0000000000
53017  14.835  -26.381  64.496 0.0000000000
52949  14.653  -25.784  69.665 0.0000000000
54062  14.814  -25.330  68.135 0.0000000000
54063  13.966  -25.235  68.264 0.0000000000
51793  13.290  -27.515  66.404 0.0000000000
52992  13.494  -26.390  66.549 0.0000000000
51810  13.601  -27.807  65.631 0.0000000000
51823  13.897  -28.096  64.876 0.0000000000
50621  13.386  -28.783  65.519 0.0000000000
49489  13.434  -29.500  64.627 0.0000000000
49476  13.166  -29.353  65.382 0.0000000000
48453  12.090  -29.920  66.380 0.0000000000
48467  12.380  -30.170  65.607 0.0000000000
47537  11.830  -30.559  66.078 0.0000000000
47551  11.498  -31.344  65.671 0.0000000000
50501  10.093  -28.217  72.773 0.0000000000
51722  10.529  -27.581  72.180 0.0000000000
51721  10.914  -27.463  71.346 0.0000000000
49410  10.570  -29.273  71.106 0.0000000000
47466  8.817  -30.887  71.826 0.0000000000
47478  9.050  -30.978  71.128 0.0000000000
47488  9.826  -30.728  70.026 0.0000000000
48416  10.272  -30.290  69.558 0.0000000000
48401  10.553  -29.856  69.815 0.0000000000
47501  10.527  -30.433  68.831 0.0000000000
48430  11.043  -30.045  68.372 0.0000000000
47515  10.335  -31.167  68.558 0.0000000000
41741  3.430  -37.432  74.387 0.0000000000
40883  2.281  -38.463  74.584 0.0000000000
40882  3.125  -38.308  74.065 0.0000000000
67899  35.999  -11.299  56.905 0.0000000000
66851  35.075  -13.077  57.048 0.0000000000
65849  34.376  -13.291  56.743 0.0000000000
65835  33.903  -13.815  57.080 0.0000000000
64861  33.052  -14.776  58.050 0.0000000000
139833  33.155  -14.322  57.396 0.0000000000
63956  32.493  -15.038  57.593 0.0000000000
141802  32.133  -15.692  57.222 0.0000000000
125132  34.032  -17.275  60.419 0.0000000000
63020  33.299  -16.142  59.675 0.0000000000
125047  34.112  -17.866  58.092 0.0000000000
62166  33.006  -17.274  57.314 0.0000000000
132549  33.705  -18.118  56.015 0.0000000000
61257  34.182  -18.214  56.615 0.0000000000
148342  36.013  -19.734  56.258 0.0000000000
124853  35.630  -19.410  55.889 0.0000000000
59255  36.864  -20.759  56.829 0.0000000000
60251  36.466  -20.297  56.959 0.0000000000
57248  37.107  -22.511  54.942 0.0000000000
144564  37.223  -21.142  55.357 0.0000000000
58297  37.196  -21.432  54.703 0.0000000000
57265  35.793  -22.765  52.902 0.0000000000
135159  34.387  -23.456  51.844 0.0000000000
124784  29.990  -25.070  67.014 0.0000000000
124778  31.121  -25.093  68.264 0.0000000000
124785  30.385  -24.553  67.098 0.0000000000
57136  30.859  -22.694  66.012 0.0000000000
56084  31.144  -22.994  66.738 0.0000000000
57135  31.502  -22.190  66.329 0.0000000000
57125  31.773  -22.488  67.072 0.0000000000
134814  32.013  -21.391  65.720 0.0000000000
58214  29.677  -21.319  62.420 0.0000000000
58213  30.429  -21.258  63.169 0.0000000000
139524  32.957  -21.612  63.023 0.0000000000
58211  32.274  -21.036  63.604 0.0000000000
57167  32.958  -21.376  63.838 0.0000000000
57160  33.449  -21.670  64.570 0.0000000000
134405  34.276  -22.668  64.041 0.0000000000
56124  34.006  -22.936  63.106 0.0000000000
55136  34.722  -23.665  61.287 0.0000000000
55124  35.297  -23.773  61.961 0.0000000000
55123  36.033  -23.870  61.825 0.0000000000
56143  36.792  -23.979  61.626 0.0000000000
55134  36.141  -23.927  60.930 0.0000000000
55133  37.034  -24.042  60.528 0.0000000000
55145  36.141  -24.015  60.181 0.0000000000
55175  34.596  -24.268  58.491 0.0000000000
127520  35.287  -24.318  58.795 0.0000000000
55174  35.259  -24.370  58.009 0.0000000000
55202  35.331  -24.419  57.144 0.0000000000
55188  34.499  -24.274  57.575 0.0000000000
56186  31.644  -23.477  57.628 0.0000000000
56198  31.710  -23.620  56.791 0.0000000000
138310  31.761  -23.885  55.101 0.0000000000
56209  32.499  -24.145  55.616 0.0000000000
55215  33.889  -24.381  56.006 0.0000000000
56208  33.433  -24.329  55.355 0.0000000000
56220  33.820  -24.188  54.416 0.0000000000
69867  37.440  -9.434  55.672 0.0000000000
70749  37.263  -9.252  54.937 0.0000000000
69868  36.750  -9.686  55.377 0.0000000000
68889  34.371  -10.422  53.879 0.0000000000
68888  34.977  -9.980  54.034 0.0000000000
68898  34.160  -10.251  53.027 0.0000000000
66887  31.991  -12.727  54.069 0.0000000000
66894  32.714  -12.091  54.185 0.0000000000
66895  31.516  -12.787  53.357 0.0000000000
66918  31.393  -12.538  51.480 0.0000000000
67928  31.912  -11.915  52.202 0.0000000000
67937  31.940  -11.846  51.409 0.0000000000
67927  32.384  -11.355  51.785 0.0000000000
67936  32.267  -11.378  50.957 0.0000000000
81091  56.067  2.613  37.265 0.0000000000
81097  56.937  2.823  36.974 0.0000000000
140400  56.141  3.161  36.829 0.0000000000
77594  51.245  -1.313  38.190 0.0000000000
77595  50.564  -1.317  37.379 0.0000000000
71658  38.279  -7.387  53.393 0.0000000000
70771  37.268  -8.439  53.837 0.0000000000
72570  39.935  -7.216  54.914 0.0000000000
50733  18.534  -28.242  59.350 0.0000000000
134753  17.553  -28.213  58.990 0.0000000000
50692  18.132  -27.695  60.533 0.0000000000
51861  17.702  -27.170  60.933 0.0000000000
126531  17.470  -26.703  61.681 0.0000000000
51841  20.417  -26.934  62.527 0.0000000000
51840  21.008  -26.845  62.294 0.0000000000
135147  20.476  -26.995  61.616 0.0000000000
51858  20.561  -27.057  60.794 0.0000000000
51877  20.497  -27.328  60.198 0.0000000000
51919  20.420  -27.753  59.189 0.0000000000
50731  19.990  -28.026  60.227 0.0000000000
130455  19.458  -28.244  59.869 0.0000000000
69938  41.204  -9.451  48.512 0.0000000000
133324  41.724  -9.416  48.581 0.0000000000
70853  41.195  -8.845  47.416 0.0000000000
136210  41.162  -8.176  46.713 0.0000000000
148841  40.461  -8.477  46.781 0.0000000000
150143  15.971  -26.943  73.540 0.0000000000
51693  15.459  -27.079  72.950 0.0000000000
51683  15.141  -26.949  73.888 0.0000000000
44618  6.559  -33.652  72.229 0.0000000000
146829  6.595  -33.939  71.589 0.0000000000
44653  6.430  -34.383  70.724 0.0000000000
44634  6.136  -34.484  71.509 0.0000000000
42733  4.957  -36.137  71.173 0.0000000000
42694  4.756  -35.846  73.087 0.0000000000
60202  38.584  -19.863  61.376 0.0000000000
60218  38.303  -19.862  60.634 0.0000000000
60229  38.051  -20.090  59.934 0.0000000000
59239  37.822  -20.571  59.141 0.0000000000
59229  38.424  -20.721  59.891 0.0000000000
57203  38.449  -22.208  59.431 0.0000000000
56161  37.994  -23.204  59.315 0.0000000000
58259  26.554  -21.854  59.008 0.0000000000
58244  28.236  -21.295  59.784 0.0000000000
58258  27.352  -21.387  58.713 0.0000000000
126503  28.218  -21.259  58.470 0.0000000000
58273  28.333  -21.415  57.623 0.0000000000
58272  29.037  -21.820  57.236 0.0000000000
131859  27.929  -21.456  55.887 0.0000000000
63965  31.713  -15.042  56.092 0.0000000000
64887  31.564  -14.736  55.466 0.0000000000
77567  53.343  -1.186  41.515 0.0000000000
77566  54.340  -0.806  41.647 0.0000000000
77572  54.197  -1.001  40.812 0.0000000000
80209  56.205  1.311  39.894 0.0000000000
78442  56.915  0.093  39.848 0.0000000000
77584  55.450  -0.814  39.100 0.0000000000
77591  54.512  -0.833  38.235 0.0000000000
127807  38.590  -9.297  49.403 0.0000000000
70832  37.679  -8.970  49.469 0.0000000000
70825  35.704  -8.233  50.421 0.0000000000
72611  40.451  -6.588  52.594 0.0000000000
72610  41.396  -6.713  52.430 0.0000000000
145808  41.090  -8.499  51.122 0.0000000000
69896  41.336  -9.210  50.677 0.0000000000
49535  15.175  -29.426  60.271 0.0000000000
48485  13.583  -30.501  62.864 0.0000000000
48480  13.475  -30.172  63.513 0.0000000000
134727  27.118  -26.724  67.861 0.0000000000
54074  27.961  -26.148  66.919 0.0000000000
54084  27.202  -26.113  66.536 0.0000000000
54096  26.660  -25.637  65.461 0.0000000000
54109  26.240  -25.196  64.217 0.0000000000
146102  22.962  -24.800  60.783 0.0000000000
55149  23.398  -24.349  60.314 0.0000000000
130096  24.083  -23.994  60.096 0.0000000000
128170  24.930  -23.643  60.157 0.0000000000
124804  25.181  -23.099  59.542 0.0000000000
55162  24.427  -23.464  59.436 0.0000000000
124792  23.864  -23.449  58.619 0.0000000000
126171  23.531  -23.370  57.609 0.0000000000
124787  23.188  -23.335  56.788 0.0000000000
55206  22.237  -24.432  55.995 0.0000000000
125626  35.185  -19.335  55.020 0.0000000000
74667  46.890  -4.380  45.559 0.0000000000
74672  47.350  -3.830  45.015 0.0000000000
151622  47.207  -3.533  44.240 0.0000000000
75652  47.047  -3.414  43.411 0.0000000000
76649  46.293  -3.003  41.979 0.0000000000
76659  45.775  -2.733  41.211 0.0000000000
128929  47.938  -2.591  40.907 0.0000000000
129355  49.256  -2.519  41.296 0.0000000000
150152  48.134  -2.169  39.699 0.0000000000
51789  20.305  -27.816  66.827 0.0000000000
50603  19.699  -27.762  66.759 0.0000000000
50591  19.828  -27.896  67.627 0.0000000000
50567  19.428  -27.607  69.722 0.0000000000
51775  22.069  -27.596  67.340 0.0000000000
51764  21.932  -28.011  68.102 0.0000000000
134150  21.166  -27.759  66.831 0.0000000000
72652  45.529  -6.062  46.968 0.0000000000
134290  17.060  -26.998  66.400 0.0000000000
52990  16.720  -26.439  65.652 0.0000000000
131170  16.427  -26.357  66.598 0.0000000000
54087  15.922  -25.816  65.976 0.0000000000
54088  15.196  -25.514  66.254 0.0000000000
54055  12.906  -25.765  69.121 0.0000000000
54064  13.196  -25.615  68.376 0.0000000000
52965  12.655  -26.378  68.509 0.0000000000
51780  12.532  -28.065  67.823 0.0000000000
50595  12.823  -28.352  67.042 0.0000000000
49463  12.857  -29.225  66.084 0.0000000000
49451  12.577  -29.118  66.842 0.0000000000
48441  11.763  -29.758  67.142 0.0000000000
51694  10.064  -27.865  73.631 0.0000000000
50519  9.859  -29.192  72.550 0.0000000000
46535  8.789  -31.558  70.916 0.0000000000
46552  9.144  -31.850  70.228 0.0000000000
46568  9.864  -31.681  69.066 0.0000000000
46584  10.055  -32.039  68.198 0.0000000000
64860  33.485  -14.970  58.632 0.0000000000
63945  32.829  -15.493  58.461 0.0000000000
125299  34.818  -17.852  60.433 0.0000000000
145081  33.951  -17.475  59.571 0.0000000000
130954  34.697  -18.334  57.350 0.0000000000
125433  35.856  -19.370  56.858 0.0000000000
57238  37.594  -21.995  56.172 0.0000000000
149097  37.421  -21.420  56.080 0.0000000000
127666  37.338  -22.733  55.758 0.0000000000
143668  36.328  -22.713  53.746 0.0000000000
56219  34.745  -23.865  54.174 0.0000000000
124791  29.266  -24.223  65.728 0.0000000000
144957  30.240  -24.060  66.651 0.0000000000
55093  29.884  -23.834  66.049 0.0000000000
56094  30.223  -23.127  65.641 0.0000000000
57149  30.626  -22.302  65.301 0.0000000000
58228  31.274  -21.003  61.391 0.0000000000
58221  31.378  -20.875  62.439 0.0000000000
57175  32.207  -21.363  61.758 0.0000000000
57174  32.944  -21.867  62.101 0.0000000000
57173  33.529  -22.418  62.573 0.0000000000
56135  34.009  -23.095  62.267 0.0000000000
56145  34.104  -23.355  61.462 0.0000000000
55147  34.768  -23.848  60.447 0.0000000000
127015  34.845  -24.080  59.784 0.0000000000
55160  34.152  -23.956  59.785 0.0000000000
55176  33.959  -24.091  58.972 0.0000000000
146019  30.532  -23.067  55.657 0.0000000000
56211  31.067  -23.373  56.262 0.0000000000
148453  31.217  -23.484  55.551 0.0000000000
56222  31.726  -23.770  54.119 0.0000000000
146735  32.429  -23.915  53.594 0.0000000000
56233  31.788  -23.635  53.096 0.0000000000
69869  36.114  -9.940  55.126 0.0000000000
68881  35.482  -10.477  55.298 0.0000000000
146277  34.363  -10.788  54.544 0.0000000000
68886  33.811  -11.010  54.153 0.0000000000
135729  30.923  -13.459  52.953 0.0000000000
79309  57.583  0.575  38.109 0.0000000000
80222  56.874  1.617  38.252 0.0000000000
71693  38.515  -7.311  51.430 0.0000000000
71694  37.606  -7.442  51.504 0.0000000000
71695  36.750  -7.621  51.652 0.0000000000
146234  37.715  -7.523  52.993 0.0000000000
70811  35.436  -8.231  51.265 0.0000000000
70812  34.808  -8.716  51.419 0.0000000000
69897  34.267  -9.270  51.649 0.0000000000
73582  42.079  -5.777  54.335 0.0000000000
73590  41.810  -6.043  53.672 0.0000000000
151155  40.622  -6.378  53.839 0.0000000000
72596  41.092  -6.280  53.255 0.0000000000
49545  16.054  -29.483  59.068 0.0000000000
50734  16.959  -27.937  59.467 0.0000000000
51880  16.204  -27.883  59.989 0.0000000000
50736  15.712  -28.890  59.734 0.0000000000
50714  15.436  -28.398  60.486 0.0000000000
50693  14.892  -28.109  61.884 0.0000000000
51845  14.722  -27.877  62.658 0.0000000000
53001  23.578  -26.256  65.329 0.0000000000
54098  24.343  -26.029  65.276 0.0000000000
53023  23.229  -26.260  64.104 0.0000000000
138137  23.207  -25.914  62.615 0.0000000000
54135  22.624  -25.908  62.025 0.0000000000
53036  21.804  -26.436  62.107 0.0000000000
53046  21.854  -25.966  61.310 0.0000000000
131046  22.243  -25.373  60.876 0.0000000000
54152  22.145  -25.190  60.292 0.0000000000
54161  22.080  -25.089  59.572 0.0000000000
146993  21.820  -25.568  58.384 0.0000000000
54180  21.776  -25.741  57.643 0.0000000000
53078  21.332  -26.319  58.407 0.0000000000
51939  20.929  -27.091  57.949 0.0000000000
51940  20.579  -27.652  57.445 0.0000000000
146006  20.137  -28.119  58.643 0.0000000000
50752  20.157  -28.089  57.747 0.0000000000
74683  44.107  -3.708  43.799 0.0000000000
75654  44.514  -3.408  43.093 0.0000000000
49424  21.622  -28.292  70.868 0.0000000000
49389  22.341  -29.349  72.737 0.0000000000
69919  43.801  -9.514  49.699 0.0000000000
69936  43.422  -9.118  48.789 0.0000000000
69949  42.151  -9.150  48.281 0.0000000000
70842  43.623  -8.400  48.126 0.0000000000
71725  43.801  -7.814  47.689 0.0000000000
71733  43.602  -7.433  47.272 0.0000000000
71734  42.577  -7.375  46.675 0.0000000000
72655  41.786  -6.938  46.226 0.0000000000
136936  41.027  -7.343  46.206 0.0000000000
71741  40.913  -6.490  45.713 0.0000000000
72664  40.149  -6.245  45.080 0.0000000000
125660  16.625  -27.023  70.213 0.0000000000
51749  15.923  -26.668  69.958 0.0000000000
51733  15.853  -26.929  70.799 0.0000000000
52934  15.167  -26.284  70.154 0.0000000000
54045  14.185  -26.020  70.366 0.0000000000
52912  14.448  -26.944  72.403 0.0000000000
52935  13.411  -26.164  70.919 0.0000000000
54046  13.370  -25.855  70.173 0.0000000000
54047  12.761  -25.947  69.872 0.0000000000
52937  12.065  -26.436  70.203 0.0000000000
140379  11.463  -27.908  69.741 0.0000000000
48363  8.352  -30.732  73.512 0.0000000000
47467  8.239  -31.276  72.349 0.0000000000
46536  8.209  -31.993  71.415 0.0000000000
46553  8.522  -32.264  70.653 0.0000000000
45619  7.916  -33.779  68.744 0.0000000000
138150  6.712  -34.814  68.695 0.0000000000
61211  36.305  -18.525  61.292 0.0000000000
61226  36.481  -18.590  60.259 0.0000000000
125097  36.493  -18.755  59.344 0.0000000000
124861  36.410  -19.008  58.548 0.0000000000
61246  36.284  -19.242  57.979 0.0000000000
60237  36.604  -19.541  58.312 0.0000000000
59249  37.214  -20.885  57.643 0.0000000000
59248  37.447  -20.813  58.388 0.0000000000
58271  37.633  -21.182  58.000 0.0000000000
129127  37.820  -22.189  56.847 0.0000000000
128070  28.590  -22.575  62.956 0.0000000000
145726  28.999  -21.914  62.579 0.0000000000
57176  28.996  -21.535  62.056 0.0000000000
58230  29.456  -21.090  61.586 0.0000000000
58235  28.484  -21.313  60.538 0.0000000000
143777  29.483  -20.993  60.675 0.0000000000
57185  30.540  -21.024  60.669 0.0000000000
57193  31.543  -21.586  60.329 0.0000000000
56156  31.912  -22.474  59.689 0.0000000000
56164  32.079  -23.172  59.222 0.0000000000
57204  31.372  -22.655  59.061 0.0000000000
56187  30.936  -23.064  57.897 0.0000000000
57241  29.734  -22.300  56.818 0.0000000000
66877  33.551  -12.625  55.520 0.0000000000
66878  32.853  -12.908  55.191 0.0000000000
65875  32.073  -13.242  54.773 0.0000000000
149541  31.676  -13.245  54.290 0.0000000000
135474  31.324  -13.849  54.421 0.0000000000
65891  30.883  -14.020  53.644 0.0000000000
65892  30.624  -14.292  52.983 0.0000000000
80217  54.582  1.604  38.749 0.0000000000
80208  56.997  0.851  39.428 0.0000000000
80216  56.588  1.287  38.975 0.0000000000
80215  57.359  0.860  38.666 0.0000000000
69952  38.985  -9.414  47.638 0.0000000000
68961  38.718  -9.528  48.038 0.0000000000
68945  37.364  -9.526  48.081 0.0000000000
69924  36.861  -9.054  49.047 0.0000000000
70834  36.127  -8.522  49.647 0.0000000000
69941  36.224  -9.350  48.452 0.0000000000
72609  42.340  -6.859  52.594 0.0000000000
72608  43.267  -7.184  52.730 0.0000000000
138514  43.082  -9.643  50.496 0.0000000000
145988  42.596  -9.718  50.090 0.0000000000
68925  41.765  -9.680  49.456 0.0000000000
141511  41.207  -9.531  50.202 0.0000000000
68926  41.074  -9.657  49.333 0.0000000000
68941  40.878  -9.585  48.811 0.0000000000
52943  30.453  -26.562  69.473 0.0000000000
127465  30.739  -26.073  69.008 0.0000000000
124777  30.044  -26.352  68.739 0.0000000000
147462  30.032  -25.505  67.602 0.0000000000
125232  29.404  -25.558  67.189 0.0000000000
125259  28.697  -25.590  66.654 0.0000000000
125491  29.187  -24.676  65.974 0.0000000000
125237  28.729  -24.561  65.425 0.0000000000
54111  24.695  -25.736  64.359 0.0000000000
54122  25.486  -25.277  63.659 0.0000000000
54121  26.322  -24.893  63.539 0.0000000000
55137  25.155  -24.848  61.973 0.0000000000
55125  25.719  -24.778  62.452 0.0000000000
124802  26.286  -24.605  62.946 0.0000000000
125266  26.733  -24.172  62.845 0.0000000000
125181  27.189  -23.672  62.703 0.0000000000
56137  27.776  -23.048  62.586 0.0000000000
149174  27.278  -22.410  61.113 0.0000000000
57208  26.478  -22.260  59.745 0.0000000000
142464  26.022  -22.333  59.190 0.0000000000
57231  25.684  -21.904  57.668 0.0000000000
58287  25.435  -21.718  56.687 0.0000000000
54189  21.727  -25.782  56.737 0.0000000000
62183  33.000  -17.864  55.783 0.0000000000
76636  50.129  -2.591  43.367 0.0000000000
75653  45.427  -3.480  43.169 0.0000000000
128037  46.230  -3.513  43.245 0.0000000000
75664  47.624  -3.228  42.788 0.0000000000
75662  49.196  -2.809  42.884 0.0000000000
76637  49.789  -2.588  42.835 0.0000000000
135180  50.279  -2.433  42.890 0.0000000000
76643  50.756  -2.204  42.554 0.0000000000
76652  51.461  -1.863  42.020 0.0000000000
133572  49.725  -2.365  41.425 0.0000000000
147104  50.150  -2.185  41.493 0.0000000000
77569  51.390  -1.779  41.271 0.0000000000
77574  52.290  -1.544  40.616 0.0000000000
77580  52.331  -1.494  39.897 0.0000000000
77587  52.292  -1.377  39.167 0.0000000000
50669  19.716  -27.053  62.193 0.0000000000
50651  19.387  -26.914  62.904 0.0000000000
50636  19.305  -26.931  63.965 0.0000000000
51820  18.807  -27.060  64.428 0.0000000000
51807  18.496  -27.350  65.350 0.0000000000
145764  18.819  -27.669  66.685 0.0000000000
50606  18.339  -27.605  66.732 0.0000000000
51791  17.702  -27.408  66.809 0.0000000000
51777  17.479  -27.375  67.858 0.0000000000
51765  17.582  -27.303  68.704 0.0000000000
137715  17.187  -27.138  69.495 0.0000000000
149377  21.071  -27.954  70.526 0.0000000000
50549  20.293  -27.680  70.384 0.0000000000
50550  19.368  -27.487  70.636 0.0000000000
50513  20.515  -27.832  72.708 0.0000000000
50532  19.345  -27.440  71.459 0.0000000000
50568  18.652  -27.398  70.100 0.0000000000
50551  18.622  -27.350  70.991 0.0000000000
50552  17.868  -27.191  70.487 0.0000000000
50570  17.181  -27.080  70.350 0.0000000000
51732  16.657  -27.066  70.985 0.0000000000
51704  16.842  -26.939  72.453 0.0000000000
142199  16.950  -26.843  73.086 0.0000000000
50492  17.454  -26.791  73.638 0.0000000000
51691  16.625  -26.827  73.640 0.0000000000
126792  31.619  -26.400  70.576 0.0000000000
125247  30.881  -26.809  70.213 0.0000000000
52933  30.002  -27.122  69.975 0.0000000000
52945  28.718  -27.079  69.115 0.0000000000
52957  28.306  -26.857  68.468 0.0000000000
52946  27.888  -27.232  68.965 0.0000000000
52958  27.480  -26.954  68.347 0.0000000000
52959  26.678  -26.978  68.241 0.0000000000
52974  25.529  -26.560  67.357 0.0000000000
148099  24.971  -26.337  66.810 0.0000000000
52975  24.622  -26.599  67.301 0.0000000000
52987  24.290  -26.374  66.664 0.0000000000
144883  23.326  -26.429  65.889 0.0000000000
53002  22.750  -26.625  65.288 0.0000000000
51804  21.793  -26.975  64.706 0.0000000000
133386  21.996  -27.305  66.488 0.0000000000
51805  21.018  -27.271  65.037 0.0000000000
51818  20.957  -27.009  64.146 0.0000000000
51831  20.365  -26.910  63.554 0.0000000000
50668  20.005  -26.928  62.905 0.0000000000
73647  47.878  -4.713  46.442 0.0000000000
73641  46.730  -5.362  46.691 0.0000000000
73649  46.422  -4.865  46.124 0.0000000000
74668  46.111  -4.405  45.452 0.0000000000
74673  44.746  -4.108  44.584 0.0000000000
72662  43.607  -6.156  46.397 0.0000000000
73652  43.986  -5.341  45.892 0.0000000000
74674  43.740  -4.154  44.519 0.0000000000
74684  43.092  -3.759  43.687 0.0000000000
51842  18.914  -26.892  62.537 0.0000000000
145807  18.196  -26.720  62.274 0.0000000000
53037  17.148  -26.452  62.573 0.0000000000
53004  16.612  -26.230  64.794 0.0000000000
53026  16.335  -26.308  63.319 0.0000000000
53038  15.877  -26.499  62.666 0.0000000000
51834  14.868  -27.185  63.181 0.0000000000
135589  14.356  -28.346  63.422 0.0000000000
54076  15.013  -25.316  67.162 0.0000000000
54089  14.539  -25.469  66.573 0.0000000000
54078  13.523  -25.544  67.620 0.0000000000
54090  13.822  -25.610  66.860 0.0000000000
131384  14.506  -26.062  65.300 0.0000000000
51809  14.170  -27.004  65.007 0.0000000000
50652  14.135  -28.335  64.192 0.0000000000
50653  13.920  -29.053  64.078 0.0000000000
48475  13.110  -30.147  64.220 0.0000000000
49477  12.648  -29.642  65.886 0.0000000000
48476  12.562  -30.481  64.807 0.0000000000
47559  12.655  -30.857  64.042 0.0000000000
52915  11.587  -26.399  72.594 0.0000000000
52927  11.401  -26.720  71.316 0.0000000000
51735  11.351  -27.298  70.495 0.0000000000
50554  11.178  -28.629  70.091 0.0000000000
48362  8.920  -30.239  73.035 0.0000000000
49393  9.559  -29.961  72.319 0.0000000000
49392  10.062  -29.659  71.709 0.0000000000
47477  9.565  -30.594  70.646 0.0000000000
48387  9.853  -30.199  70.815 0.0000000000
49411  10.221  -29.896  70.977 0.0000000000
49425  10.603  -29.672  70.406 0.0000000000
130418  11.013  -29.423  69.744 0.0000000000
49435  11.385  -29.382  68.907 0.0000000000
49445  11.222  -29.687  68.589 0.0000000000
48442  11.317  -30.158  67.658 0.0000000000
47527  11.115  -30.824  67.363 0.0000000000
47528  10.614  -31.379  67.761 0.0000000000
47539  10.841  -31.539  66.929 0.0000000000
47538  11.355  -31.051  66.553 0.0000000000
42695  4.353  -36.439  73.546 0.0000000000
41747  4.108  -37.142  73.166 0.0000000000
139832  3.539  -38.413  73.302 0.0000000000
70747  38.613  -8.766  55.598 0.0000000000
67900  35.405  -11.644  56.527 0.0000000000
67901  34.788  -11.974  56.208 0.0000000000
66863  33.987  -12.962  56.111 0.0000000000
65850  33.614  -13.490  56.469 0.0000000000
64879  32.570  -14.432  56.894 0.0000000000
148469  32.161  -14.467  56.392 0.0000000000
141131  31.870  -15.630  56.573 0.0000000000
63944  33.357  -15.624  59.307 0.0000000000
63037  32.650  -16.166  58.435 0.0000000000
63036  33.051  -16.530  59.060 0.0000000000
63052  32.510  -16.546  57.516 0.0000000000
130474  32.649  -17.078  56.875 0.0000000000
142489  36.928  -20.784  54.185 0.0000000000
60243  36.296  -19.678  57.466 0.0000000000
60252  36.226  -19.990  56.550 0.0000000000
59264  37.190  -21.015  55.955 0.0000000000
57275  36.092  -22.302  51.768 0.0000000000
57172  38.631  -22.723  62.480 0.0000000000
125205  31.204  -25.555  68.937 0.0000000000
124774  31.714  -24.935  68.893 0.0000000000
124779  31.813  -24.177  68.571 0.0000000000
125315  30.876  -23.881  67.123 0.0000000000
55088  31.400  -24.009  67.881 0.0000000000
56072  31.904  -23.358  68.154 0.0000000000
58161  33.068  -21.621  67.034 0.0000000000
57161  30.101  -21.985  64.010 0.0000000000
58191  31.234  -21.453  64.926 0.0000000000
58212  31.441  -20.964  63.364 0.0000000000
58203  31.596  -21.027  64.141 0.0000000000
58190  32.864  -21.261  65.367 0.0000000000
57147  34.313  -22.289  65.051 0.0000000000
131119  34.458  -23.339  62.712 0.0000000000
56122  35.494  -23.565  63.410 0.0000000000
56121  36.372  -23.551  63.524 0.0000000000
56132  36.609  -23.805  62.549 0.0000000000
56131  37.395  -23.694  62.309 0.0000000000
56141  38.475  -23.028  61.063 0.0000000000
141386  37.892  -23.615  60.643 0.0000000000
56153  37.741  -23.618  60.031 0.0000000000
56175  36.747  -24.114  58.925 0.0000000000
151721  35.543  -24.220  59.183 0.0000000000
55157  35.992  -24.261  58.944 0.0000000000
144803  36.494  -24.225  58.230 0.0000000000
55187  36.010  -24.382  57.621 0.0000000000
56184  36.192  -24.280  56.739 0.0000000000
151242  35.489  -24.389  56.425 0.0000000000
133053  32.334  -23.592  58.784 0.0000000000
56176  32.310  -23.739  58.143 0.0000000000
55190  33.032  -23.978  57.810 0.0000000000
56197  32.416  -24.001  56.494 0.0000000000
144386  33.718  -24.107  57.416 0.0000000000
55204  33.742  -24.226  56.712 0.0000000000
143483  34.122  -23.877  53.619 0.0000000000
56231  33.816  -23.658  52.698 0.0000000000
70748  37.951  -9.024  55.252 0.0000000000
70761  36.962  -8.969  54.247 0.0000000000
69877  36.166  -9.172  53.972 0.0000000000
69874  35.653  -9.853  54.505 0.0000000000
69885  35.017  -9.227  52.832 0.0000000000
69886  34.395  -9.703  52.523 0.0000000000
66885  33.143  -12.294  54.897 0.0000000000
67914  33.425  -11.648  54.503 0.0000000000
67918  33.065  -11.370  53.609 0.0000000000
68891  33.175  -10.938  52.898 0.0000000000
68900  32.927  -10.839  52.161 0.0000000000
68905  33.300  -10.268  51.660 0.0000000000
68918  33.137  -10.100  50.742 0.0000000000
133424  52.974  -1.097  38.591 0.0000000000
77593  52.603  -0.938  37.910 0.0000000000
46551  9.627  -31.405  69.799 0.0000000000
48388  9.341  -30.517  71.305 0.0000000000
48402  10.050  -30.237  70.214 0.0000000000
48415  10.745  -29.943  69.061 0.0000000000
49409  21.667  -28.482  71.674 0.0000000000
49503  13.692  -29.647  63.859 0.0000000000
50502  9.754  -28.687  73.258 0.0000000000
50530  20.886  -27.880  71.275 0.0000000000
50533  18.695  -27.312  71.800 0.0000000000
50537  10.590  -28.302  71.461 0.0000000000
50569  18.059  -27.286  69.597 0.0000000000
50581  21.712  -28.205  68.798 0.0000000000
50604  19.286  -27.644  66.316 0.0000000000
50620  19.096  -27.211  64.965 0.0000000000
50713  17.855  -27.930  59.816 0.0000000000
50735  16.355  -28.525  59.260 0.0000000000
50755  16.664  -28.938  58.600 0.0000000000
51718  16.741  -27.030  71.725 0.0000000000
51734  14.869  -26.622  70.921 0.0000000000
51741  29.122  -27.337  69.780 0.0000000000
51751  11.743  -27.111  69.765 0.0000000000
51759  26.224  -27.388  68.709 0.0000000000
51778  16.817  -26.980  67.915 0.0000000000
51779  12.944  -27.115  67.221 0.0000000000
51790  18.210  -27.527  66.125 0.0000000000
51806  20.415  -27.360  65.441 0.0000000000
51833  18.231  -26.817  63.913 0.0000000000
51862  16.568  -26.985  61.125 0.0000000000
51901  20.300  -27.760  59.883 0.0000000000
52928  11.133  -26.742  71.991 0.0000000000
52973  26.434  -26.673  67.644 0.0000000000
52979  12.628  -27.045  67.965 0.0000000000
52985  27.163  -26.466  67.287 0.0000000000
52991  14.136  -25.803  66.084 0.0000000000
53000  23.967  -26.210  65.991 0.0000000000
53003  17.318  -26.732  65.038 0.0000000000
53013  22.527  -26.602  64.387 0.0000000000
53015  16.487  -26.207  64.065 0.0000000000
53016  15.664  -26.206  64.092 0.0000000000
53034  23.262  -26.113  63.322 0.0000000000
54053  14.421  -25.436  68.984 0.0000000000
54075  15.713  -25.759  66.884 0.0000000000
54085  26.473  -26.054  66.192 0.0000000000
54108  26.858  -25.231  64.755 0.0000000000
54110  25.543  -25.493  64.460 0.0000000000
54112  23.838  -26.092  64.627 0.0000000000
54134  23.502  -25.517  62.081 0.0000000000
54145  22.814  -25.396  61.401 0.0000000000
55114  25.810  -24.974  63.030 0.0000000000
55139  23.929  -24.482  60.823 0.0000000000
55146  35.456  -23.962  60.185 0.0000000000
55158  35.236  -24.182  59.439 0.0000000000
55178  23.179  -23.988  58.961 0.0000000000
55205  33.062  -24.089  57.003 0.0000000000
56095  29.561  -23.573  65.281 0.0000000000
56107  35.102  -23.231  64.081 0.0000000000
56125  28.909  -22.935  63.740 0.0000000000
56130  38.193  -23.303  61.997 0.0000000000
56134  35.072  -23.641  62.706 0.0000000000
56162  37.273  -23.837  59.463 0.0000000000
56196  35.333  -24.308  55.835 0.0000000000
57177  28.300  -22.097  62.090 0.0000000000
57218  30.979  -22.741  58.525 0.0000000000
57220  29.925  -21.901  58.431 0.0000000000
57240  30.359  -22.905  56.506 0.0000000000
58176  32.908  -21.434  66.175 0.0000000000
58229  30.233  -20.854  61.584 0.0000000000
58242  38.316  -21.228  59.236 0.0000000000
58274  27.566  -21.317  57.871 0.0000000000
58300  27.332  -21.297  55.354 0.0000000000
63081  30.932  -16.990  53.610 0.0000000000
64911  30.659  -14.829  53.430 0.0000000000
68899  33.611  -10.449  52.525 0.0000000000
68916  42.052  -9.743  49.949 0.0000000000
68917  41.467  -9.671  49.844 0.0000000000
69879  34.711  -9.868  53.343 0.0000000000
69887  33.876  -9.911  52.011 0.0000000000
69895  42.196  -9.325  50.865 0.0000000000
72594  43.312  -6.371  53.320 0.0000000000
75649  49.177  -2.893  43.635 0.0000000000
76635  50.893  -2.356  43.370 0.0000000000
76647  48.144  -3.076  42.153 0.0000000000
77575  51.471  -1.691  40.500 0.0000000000
77585  54.463  -1.003  39.024 0.0000000000
78446  56.138  -0.629  38.519 0.0000000000
78451  56.145  -0.549  37.656 0.0000000000
78452  54.569  -0.661  37.436 0.0000000000
79307  57.435  0.241  38.531 0.0000000000
79310  57.415  0.130  37.793 0.0000000000
124790  28.750  -25.092  65.912 0.0000000000
124800  26.837  -24.482  63.498 0.0000000000
125000  27.076  -22.225  60.501 0.0000000000
125044  27.664  -23.634  63.188 0.0000000000
125253  29.358  -25.072  66.485 0.0000000000
125332  25.864  -22.747  59.660 0.0000000000
125580  30.540  -25.081  67.631 0.0000000000
127966  35.776  -24.103  59.576 0.0000000000
128625  14.117  -26.410  71.086 0.0000000000
128776  20.018  -27.560  71.159 0.0000000000
129098  22.622  -24.504  59.278 0.0000000000
129165  18.977  -27.715  67.835 0.0000000000
129926  57.177  0.424  39.261 0.0000000000
131656  25.068  -22.423  58.085 0.0000000000
132376  38.211  -21.729  58.752 0.0000000000
132854  23.835  -26.701  67.187 0.0000000000
134324  13.265  -26.109  67.165 0.0000000000
136786  30.516  -21.935  64.630 0.0000000000
137408  13.620  -25.423  69.012 0.0000000000
140496  56.367  -0.447  39.448 0.0000000000
140510  24.129  -27.280  68.268 0.0000000000
140775  10.886  -29.228  70.436 0.0000000000
142514  27.275  -24.045  63.375 0.0000000000
142818  52.058  -1.237  38.434 0.0000000000
143248  21.414  -27.959  67.656 0.0000000000
145183  25.691  -24.535  61.896 0.0000000000
145193  13.334  -25.666  69.561 0.0000000000
146520  19.337  -27.434  72.119 0.0000000000
146775  17.554  -27.128  69.827 0.0000000000
147200  18.392  -27.644  67.836 0.0000000000
147273  31.413  -24.600  68.272 0.0000000000
147534  38.753  -22.671  61.736 0.0000000000
149032  24.541  -25.422  62.771 0.0000000000
149321  29.924  -20.893  61.123 0.0000000000
149563  19.801  -28.341  58.780 0.0000000000
149675  6.533  -34.145  71.207 0.0000000000
149923  29.565  -22.372  55.165 0.0000000000
150270  15.263  -28.019  61.123 0.0000000000
151051  34.124  -24.235  57.076 0.0000000000
151509  14.437  -27.825  63.727 0.0000000000
151701  26.554  -23.505  61.512 0.0000000000
