#!ascii label  , from subject sub-v1s4x0050683_ses-1 vox2ras=TkReg
1215
35250  -6.893  -41.281  72.680 0.0000000000
52755  -25.776  -21.895  67.624 0.0000000000
54771  -29.466  -20.718  60.653 0.0000000000
136108  -26.248  -32.698  65.272 0.0000000000
60307  -35.972  -15.179  49.024 0.0000000000
56844  -31.014  -18.239  52.370 0.0000000000
56541  -29.232  -17.920  77.229 0.0000000000
49573  -22.480  -25.708  68.915 0.0000000000
63517  -42.492  -12.360  51.447 0.0000000000
65657  -45.740  -9.997  48.632 0.0000000000
66663  -48.928  -9.910  46.090 0.0000000000
59015  -32.142  -15.918  61.955 0.0000000000
56794  -29.897  -18.885  56.510 0.0000000000
57850  -34.762  -17.551  57.502 0.0000000000
55777  -37.827  -19.666  54.658 0.0000000000
41746  -17.411  -33.881  65.367 0.0000000000
32647  -4.671  -42.979  75.908 0.0000000000
54729  -27.953  -20.744  64.650 0.0000000000
60077  -31.743  -15.176  69.483 0.0000000000
41793  -20.314  -34.093  62.323 0.0000000000
42771  -24.848  -32.762  61.499 0.0000000000
66695  -46.508  -9.191  41.321 0.0000000000
136603  -51.966  -7.264  44.261 0.0000000000
55838  -34.524  -19.672  50.284 0.0000000000
57925  -40.225  -17.091  52.231 0.0000000000
37036  -8.805  -38.682  69.546 0.0000000000
29938  -2.897  -46.861  74.093 0.0000000000
64621  -43.522  -11.081  49.784 0.0000000000
59055  -34.274  -16.717  59.767 0.0000000000
40873  -15.446  -34.727  63.695 0.0000000000
33540  -6.068  -42.543  74.206 0.0000000000
52803  -25.218  -23.025  62.625 0.0000000000
53698  -26.853  -20.842  66.774 0.0000000000
120163  -23.499  -34.490  63.723 0.0000000000
41812  -22.579  -34.021  61.264 0.0000000000
115525  -25.931  -32.284  63.202 0.0000000000
51739  -24.819  -22.939  69.659 0.0000000000
47521  -21.723  -27.192  65.911 0.0000000000
50754  -22.776  -24.740  64.909 0.0000000000
118208  -24.829  -34.980  66.716 0.0000000000
127270  -21.298  -34.716  65.256 0.0000000000
65680  -41.201  -10.556  44.541 0.0000000000
67680  -44.919  -8.857  42.783 0.0000000000
67653  -50.358  -9.253  45.032 0.0000000000
57884  -30.039  -17.847  54.087 0.0000000000
116336  -32.671  -19.375  51.046 0.0000000000
55809  -39.051  -19.392  52.918 0.0000000000
132382  -13.023  -35.607  67.567 0.0000000000
38885  -11.581  -36.285  69.391 0.0000000000
37908  -10.417  -36.886  70.651 0.0000000000
37937  -10.149  -37.579  67.927 0.0000000000
30921  -4.485  -46.312  73.404 0.0000000000
55563  -27.876  -19.887  73.087 0.0000000000
56581  -28.606  -18.557  72.415 0.0000000000
139320  -32.349  -16.964  76.882 0.0000000000
46576  -24.130  -29.514  70.288 0.0000000000
45589  -23.668  -30.033  67.959 0.0000000000
125784  -23.571  -24.879  72.167 0.0000000000
52673  -26.304  -22.040  73.039 0.0000000000
62423  -38.757  -13.636  50.242 0.0000000000
64618  -40.952  -11.630  49.168 0.0000000000
65663  -42.259  -10.595  47.365 0.0000000000
66646  -44.730  -10.072  46.404 0.0000000000
66660  -45.704  -9.510  45.303 0.0000000000
66634  -46.914  -9.744  47.441 0.0000000000
57810  -30.669  -18.138  61.427 0.0000000000
55732  -29.811  -19.879  58.608 0.0000000000
57822  -31.337  -17.335  59.567 0.0000000000
57848  -31.835  -17.455  57.379 0.0000000000
57876  -33.315  -17.381  55.602 0.0000000000
56831  -34.356  -18.800  53.619 0.0000000000
56798  -36.444  -18.667  56.330 0.0000000000
40835  -16.095  -34.646  66.560 0.0000000000
40832  -13.921  -35.135  65.775 0.0000000000
70862  -51.572  -5.606  40.061 0.0000000000
32644  -3.131  -42.935  76.153 0.0000000000
53774  -25.872  -22.239  60.870 0.0000000000
54750  -28.878  -21.229  62.840 0.0000000000
56600  -28.947  -17.711  70.436 0.0000000000
57721  -29.246  -17.216  67.479 0.0000000000
56672  -29.961  -18.420  63.812 0.0000000000
118082  -31.770  -15.646  64.773 0.0000000000
45614  -23.407  -29.909  64.653 0.0000000000
128941  -20.005  -34.530  66.449 0.0000000000
122057  -19.157  -33.684  63.460 0.0000000000
67664  -47.768  -8.720  44.226 0.0000000000
68752  -48.806  -7.414  43.151 0.0000000000
69797  -50.355  -6.103  41.346 0.0000000000
69794  -53.217  -5.769  43.012 0.0000000000
34454  -6.833  -41.779  70.122 0.0000000000
32704  -6.156  -43.164  72.139 0.0000000000
136538  -35.724  -17.424  49.537 0.0000000000
55806  -36.570  -20.012  52.099 0.0000000000
56876  -36.947  -18.407  51.036 0.0000000000
59129  -37.709  -15.927  50.776 0.0000000000
61316  -41.240  -14.140  51.820 0.0000000000
123083  -7.527  -40.072  70.977 0.0000000000
31816  -5.409  -44.416  73.432 0.0000000000
31806  -3.522  -44.961  74.694 0.0000000000
31805  -2.533  -44.517  74.686 0.0000000000
34416  -6.637  -41.814  73.399 0.0000000000
136962  -24.745  -23.168  65.193 0.0000000000
133445  -25.519  -22.490  64.838 0.0000000000
123942  -26.296  -21.415  67.003 0.0000000000
115251  -25.538  -34.056  64.254 0.0000000000
132897  -24.438  -34.156  63.333 0.0000000000
43644  -26.230  -32.161  64.621 0.0000000000
52727  -25.343  -22.502  69.105 0.0000000000
50732  -23.593  -23.917  67.700 0.0000000000
135244  -24.331  -23.156  66.664 0.0000000000
50764  -23.273  -24.400  64.283 0.0000000000
43619  -25.536  -31.294  68.011 0.0000000000
40824  -25.638  -33.416  67.324 0.0000000000
41739  -26.002  -33.644  65.648 0.0000000000
40856  -24.637  -34.734  64.968 0.0000000000
66687  -43.949  -9.812  42.777 0.0000000000
53801  -28.338  -21.527  59.376 0.0000000000
54789  -29.276  -21.105  59.158 0.0000000000
57899  -30.681  -17.719  53.598 0.0000000000
56859  -29.620  -18.789  51.950 0.0000000000
56862  -32.450  -18.949  51.686 0.0000000000
39877  -11.845  -36.260  66.963 0.0000000000
38901  -12.121  -35.970  68.760 0.0000000000
38909  -11.319  -36.590  67.620 0.0000000000
38899  -10.748  -36.905  68.254 0.0000000000
119663  -10.311  -37.713  66.977 0.0000000000
55538  -28.911  -18.646  75.635 0.0000000000
56559  -29.704  -17.933  75.485 0.0000000000
136193  -30.804  -16.945  77.249 0.0000000000
49517  -23.720  -25.919  73.599 0.0000000000
48436  -23.197  -26.183  71.918 0.0000000000
50645  -24.663  -24.241  74.558 0.0000000000
119366  -28.529  -18.537  77.881 0.0000000000
53609  -27.190  -21.307  75.343 0.0000000000
129699  -28.299  -19.398  75.957 0.0000000000
54593  -27.156  -21.012  72.952 0.0000000000
62426  -41.141  -12.982  50.968 0.0000000000
63521  -40.046  -12.776  50.117 0.0000000000
63523  -41.534  -12.369  50.549 0.0000000000
117656  -45.237  -10.245  49.307 0.0000000000
65649  -43.257  -10.883  49.079 0.0000000000
115984  -44.222  -10.500  48.470 0.0000000000
65670  -43.353  -10.335  46.816 0.0000000000
66632  -45.127  -10.143  47.195 0.0000000000
66647  -45.624  -9.961  46.581 0.0000000000
66622  -46.276  -9.862  48.005 0.0000000000
59014  -31.297  -16.572  62.221 0.0000000000
56732  -30.752  -17.888  60.432 0.0000000000
59042  -31.514  -16.926  60.312 0.0000000000
57825  -34.856  -17.253  59.134 0.0000000000
121743  -32.915  -17.190  58.385 0.0000000000
121963  -33.761  -17.290  57.800 0.0000000000
57875  -32.386  -17.256  55.949 0.0000000000
57861  -33.796  -17.427  56.422 0.0000000000
56796  -35.211  -18.041  56.077 0.0000000000
57863  -35.483  -17.926  57.169 0.0000000000
40837  -18.370  -34.339  66.509 0.0000000000
40816  -17.638  -34.584  67.193 0.0000000000
40850  -16.781  -34.302  65.916 0.0000000000
40861  -14.636  -34.781  64.763 0.0000000000
129918  -53.332  -5.240  41.662 0.0000000000
71786  -54.126  -4.864  40.818 0.0000000000
32645  -3.717  -43.045  76.276 0.0000000000
53751  -26.698  -21.637  63.832 0.0000000000
53765  -25.793  -22.400  61.697 0.0000000000
138825  -26.955  -21.817  62.278 0.0000000000
53776  -27.440  -21.813  61.916 0.0000000000
138744  -28.743  -20.880  64.006 0.0000000000
57658  -31.193  -17.345  74.397 0.0000000000
123080  -28.960  -18.081  71.984 0.0000000000
57669  -31.024  -17.302  73.430 0.0000000000
60034  -32.481  -16.197  71.840 0.0000000000
58918  -30.780  -16.362  70.883 0.0000000000
58946  -29.954  -16.202  68.099 0.0000000000
57747  -29.542  -17.509  65.622 0.0000000000
119994  -30.320  -16.001  66.534 0.0000000000
135615  -30.623  -16.432  64.998 0.0000000000
60128  -31.526  -15.343  66.057 0.0000000000
41814  -24.402  -33.453  61.777 0.0000000000
47498  -22.270  -27.433  68.746 0.0000000000
45597  -23.434  -30.108  66.440 0.0000000000
46597  -22.180  -28.617  66.871 0.0000000000
45622  -22.737  -29.351  63.338 0.0000000000
117151  -21.514  -34.939  67.363 0.0000000000
41762  -21.322  -34.427  63.882 0.0000000000
41761  -20.378  -34.207  64.046 0.0000000000
41775  -19.709  -33.915  62.928 0.0000000000
41791  -18.648  -33.811  62.384 0.0000000000
66662  -47.671  -9.651  45.668 0.0000000000
66675  -46.239  -9.123  44.716 0.0000000000
66677  -48.133  -9.386  44.999 0.0000000000
68743  -50.990  -7.875  44.212 0.0000000000
67674  -49.303  -8.097  43.827 0.0000000000
68754  -50.660  -7.321  43.582 0.0000000000
68766  -49.306  -6.881  42.586 0.0000000000
69781  -51.122  -6.667  43.131 0.0000000000
69792  -51.579  -6.127  42.584 0.0000000000
123197  -52.713  -6.326  43.538 0.0000000000
55741  -29.929  -19.679  58.025 0.0000000000
54808  -29.707  -20.890  56.975 0.0000000000
118124  -34.796  -19.062  48.037 0.0000000000
55859  -35.203  -18.501  49.401 0.0000000000
55788  -35.615  -19.317  53.885 0.0000000000
55804  -34.789  -19.696  52.458 0.0000000000
54832  -36.660  -19.910  52.750 0.0000000000
57912  -39.910  -17.891  52.368 0.0000000000
55827  -38.067  -19.362  51.969 0.0000000000
57923  -38.716  -17.393  51.600 0.0000000000
59113  -37.689  -17.649  51.305 0.0000000000
59115  -39.088  -16.479  51.507 0.0000000000
60256  -39.478  -15.630  51.422 0.0000000000
60245  -41.098  -15.733  52.377 0.0000000000
37025  -9.126  -37.947  69.942 0.0000000000
121163  -8.448  -38.524  71.146 0.0000000000
37015  -8.570  -38.419  72.196 0.0000000000
36184  -8.291  -39.049  70.287 0.0000000000
36183  -7.831  -39.935  70.247 0.0000000000
36193  -8.271  -39.496  69.476 0.0000000000
31833  -5.718  -44.479  71.289 0.0000000000
32703  -5.879  -43.842  72.774 0.0000000000
138800  -5.370  -45.325  72.338 0.0000000000
125190  -3.561  -46.870  73.892 0.0000000000
29928  -3.908  -45.986  74.126 0.0000000000
30899  -3.113  -45.610  74.460 0.0000000000
30886  -3.106  -45.042  74.706 0.0000000000
29925  -2.398  -46.053  74.144 0.0000000000
52652  -26.655  -22.070  76.481 0.0000000000
64601  -43.837  -11.525  51.915 0.0000000000
64613  -43.371  -11.388  50.499 0.0000000000
138843  -44.806  -10.741  51.513 0.0000000000
59031  -32.812  -16.040  61.130 0.0000000000
41773  -17.434  -33.550  63.358 0.0000000000
41757  -16.501  -33.849  64.492 0.0000000000
33513  -5.629  -42.085  76.015 0.0000000000
33528  -5.251  -42.668  75.574 0.0000000000
51811  -24.726  -23.388  62.994 0.0000000000
52792  -26.039  -21.934  64.574 0.0000000000
132763  -27.115  -20.733  66.009 0.0000000000
61165  -32.744  -14.986  69.514 0.0000000000
41777  -21.809  -34.290  63.090 0.0000000000
41811  -20.870  -34.229  61.599 0.0000000000
41778  -22.890  -34.286  63.011 0.0000000000
41779  -23.890  -34.065  62.937 0.0000000000
42756  -25.105  -32.952  62.090 0.0000000000
50718  -23.183  -24.538  68.748 0.0000000000
48500  -21.895  -26.696  67.410 0.0000000000
49585  -22.629  -24.990  67.477 0.0000000000
123793  -21.942  -25.961  65.223 0.0000000000
49651  -22.231  -25.469  63.526 0.0000000000
117191  -24.006  -35.380  67.013 0.0000000000
125656  -22.356  -35.076  66.059 0.0000000000
40855  -23.318  -35.040  65.384 0.0000000000
40865  -22.802  -34.791  64.529 0.0000000000
65678  -39.826  -11.136  45.324 0.0000000000
67688  -45.916  -8.785  41.823 0.0000000000
66652  -50.352  -10.052  46.650 0.0000000000
67665  -49.530  -9.345  44.899 0.0000000000
56806  -29.832  -18.418  55.545 0.0000000000
55857  -32.330  -20.171  49.561 0.0000000000
117959  -33.845  -19.790  50.242 0.0000000000
55767  -38.869  -19.412  55.081 0.0000000000
55791  -38.536  -19.711  53.760 0.0000000000
55780  -39.923  -19.201  54.319 0.0000000000
39865  -14.173  -35.409  68.020 0.0000000000
39851  -12.916  -35.683  68.902 0.0000000000
38866  -11.800  -36.298  70.223 0.0000000000
38865  -10.991  -36.562  70.018 0.0000000000
37916  -9.682  -37.602  69.502 0.0000000000
37052  -9.225  -38.523  68.602 0.0000000000
119659  -8.696  -39.196  68.713 0.0000000000
37062  -9.407  -38.661  67.625 0.0000000000
53662  -26.359  -21.381  69.929 0.0000000000
54640  -26.729  -20.720  69.431 0.0000000000
55564  -28.213  -19.208  72.796 0.0000000000
57642  -30.497  -17.604  74.927 0.0000000000
44597  -25.377  -30.933  67.433 0.0000000000
44596  -25.002  -30.673  67.016 0.0000000000
46575  -23.379  -28.949  69.745 0.0000000000
48451  -22.737  -26.351  70.537 0.0000000000
49549  -22.985  -25.299  70.267 0.0000000000
123388  -26.427  -22.404  75.022 0.0000000000
51697  -24.902  -22.927  72.568 0.0000000000
50683  -24.022  -23.822  70.716 0.0000000000
52695  -25.677  -22.383  71.274 0.0000000000
132048  -25.885  -22.022  70.494 0.0000000000
45570  -24.580  -29.885  70.746 0.0000000000
61333  -37.520  -14.579  50.159 0.0000000000
61351  -36.151  -14.510  48.522 0.0000000000
62432  -38.201  -13.173  49.557 0.0000000000
63534  -39.049  -11.956  48.567 0.0000000000
64624  -39.593  -11.481  47.997 0.0000000000
64619  -41.869  -11.508  49.432 0.0000000000
64626  -41.459  -11.223  48.624 0.0000000000
65662  -40.932  -10.642  47.005 0.0000000000
115415  -41.667  -10.441  46.752 0.0000000000
66657  -42.491  -9.763  45.186 0.0000000000
116611  -43.795  -9.439  44.663 0.0000000000
66673  -44.440  -9.113  44.127 0.0000000000
123156  -45.196  -9.814  45.828 0.0000000000
135166  -45.981  -9.850  46.003 0.0000000000
66649  -48.196  -9.806  46.418 0.0000000000
66624  -47.897  -9.569  48.250 0.0000000000
66637  -49.852  -9.969  47.244 0.0000000000
55713  -29.986  -19.599  60.812 0.0000000000
55724  -29.699  -20.107  59.320 0.0000000000
118505  -30.178  -18.906  60.184 0.0000000000
56762  -30.103  -19.237  58.470 0.0000000000
56778  -30.374  -18.603  57.831 0.0000000000
59053  -32.293  -16.900  59.628 0.0000000000
57836  -31.984  -17.398  58.188 0.0000000000
57847  -30.954  -17.741  57.186 0.0000000000
120709  -31.464  -17.337  55.484 0.0000000000
57886  -31.787  -17.346  54.519 0.0000000000
117022  -32.262  -17.601  53.778 0.0000000000
56829  -32.729  -18.115  53.138 0.0000000000
56818  -33.831  -18.185  54.098 0.0000000000
56820  -35.296  -18.743  54.621 0.0000000000
55765  -36.415  -18.893  55.543 0.0000000000
55742  -37.497  -18.924  56.532 0.0000000000
55756  -38.024  -19.086  56.063 0.0000000000
39882  -15.826  -34.961  67.544 0.0000000000
40849  -16.019  -34.332  65.570 0.0000000000
40834  -15.281  -34.671  65.978 0.0000000000
39880  -14.385  -35.194  67.174 0.0000000000
39892  -13.780  -35.272  66.593 0.0000000000
53787  -27.779  -21.751  60.697 0.0000000000
54761  -29.449  -20.815  61.592 0.0000000000
134119  -27.620  -19.319  69.839 0.0000000000
55598  -27.996  -18.861  69.395 0.0000000000
55624  -28.160  -19.046  67.129 0.0000000000
133693  -29.506  -17.008  70.146 0.0000000000
56636  -28.646  -18.524  66.640 0.0000000000
55649  -29.072  -19.222  64.957 0.0000000000
56690  -29.831  -19.300  63.758 0.0000000000
55690  -30.083  -20.048  62.525 0.0000000000
57784  -30.394  -18.317  62.893 0.0000000000
131115  -31.052  -16.750  63.070 0.0000000000
60171  -32.120  -15.655  63.515 0.0000000000
61194  -32.843  -14.663  67.339 0.0000000000
61213  -33.263  -14.880  65.801 0.0000000000
44612  -25.088  -30.468  65.320 0.0000000000
43658  -25.560  -31.159  63.286 0.0000000000
43657  -25.072  -30.800  62.680 0.0000000000
135396  -22.097  -28.739  65.432 0.0000000000
45623  -23.486  -29.776  63.724 0.0000000000
40838  -19.253  -34.423  66.739 0.0000000000
40851  -18.978  -34.219  65.865 0.0000000000
117242  -20.780  -34.706  65.977 0.0000000000
41748  -19.102  -33.899  64.966 0.0000000000
122984  -17.941  -33.389  63.931 0.0000000000
40885  -17.888  -33.744  62.576 0.0000000000
67661  -44.979  -8.804  43.606 0.0000000000
67671  -46.073  -8.303  43.261 0.0000000000
67682  -46.347  -8.154  42.435 0.0000000000
119291  -48.834  -8.913  44.430 0.0000000000
67673  -48.320  -8.066  43.687 0.0000000000
68764  -47.597  -7.409  42.072 0.0000000000
68770  -48.198  -7.248  41.319 0.0000000000
69800  -48.914  -6.933  40.803 0.0000000000
69802  -50.128  -6.360  40.382 0.0000000000
70854  -50.924  -5.813  40.669 0.0000000000
70846  -52.897  -5.517  42.220 0.0000000000
35257  -6.899  -41.553  71.232 0.0000000000
120415  -6.508  -42.396  72.044 0.0000000000
33582  -6.256  -42.908  70.463 0.0000000000
54790  -29.474  -20.934  58.401 0.0000000000
59145  -35.625  -16.642  49.016 0.0000000000
122754  -33.246  -18.880  52.409 0.0000000000
55803  -34.128  -19.650  52.032 0.0000000000
117267  -35.182  -19.853  50.997 0.0000000000
55807  -37.226  -19.870  52.261 0.0000000000
55825  -36.422  -19.890  51.574 0.0000000000
55840  -35.987  -19.656  50.922 0.0000000000
128700  -36.451  -18.042  50.560 0.0000000000
59127  -36.629  -16.621  50.303 0.0000000000
60275  -37.184  -15.355  50.291 0.0000000000
60277  -38.956  -14.986  50.990 0.0000000000
61336  -40.129  -13.991  51.028 0.0000000000
62412  -42.099  -13.008  51.884 0.0000000000
36160  -7.633  -39.566  73.316 0.0000000000
128785  -8.065  -38.992  72.751 0.0000000000
35251  -7.240  -40.544  72.163 0.0000000000
35263  -7.129  -41.216  70.523 0.0000000000
131331  -7.299  -41.098  69.185 0.0000000000
33549  -6.353  -42.472  73.314 0.0000000000
32676  -5.571  -43.273  74.307 0.0000000000
32660  -4.931  -43.328  75.076 0.0000000000
30922  -5.114  -45.338  73.207 0.0000000000
31807  -4.231  -44.600  74.681 0.0000000000
31792  -3.837  -44.200  75.132 0.0000000000
31791  -3.375  -44.369  75.085 0.0000000000
32657  -2.664  -43.758  75.219 0.0000000000
28898  -1.992  -47.085  73.569 0.0000000000
30910  -2.002  -45.689  73.976 0.0000000000
35244  -6.886  -41.043  73.666 0.0000000000
51775  -24.824  -22.694  66.382 0.0000000000
52766  -25.444  -22.203  66.207 0.0000000000
53697  -26.275  -21.399  68.011 0.0000000000
41751  -26.130  -33.349  64.744 0.0000000000
43636  -26.109  -31.605  65.556 0.0000000000
52746  -25.827  -21.944  68.559 0.0000000000
51766  -24.652  -22.891  67.862 0.0000000000
52754  -25.174  -22.354  67.166 0.0000000000
51774  -24.397  -23.270  65.831 0.0000000000
43627  -25.871  -31.522  67.133 0.0000000000
42726  -25.983  -32.477  66.836 0.0000000000
41750  -25.602  -34.197  65.051 0.0000000000
66681  -43.410  -9.756  43.292 0.0000000000
54780  -29.032  -21.175  60.049 0.0000000000
54781  -29.501  -20.642  59.731 0.0000000000
57910  -31.285  -17.846  53.029 0.0000000000
56843  -30.187  -18.313  52.473 0.0000000000
56860  -30.530  -18.694  51.768 0.0000000000
56861  -31.466  -18.720  51.719 0.0000000000
38919  -11.241  -36.801  66.653 0.0000000000
38908  -10.734  -37.148  67.295 0.0000000000
56551  -29.283  -18.184  76.210 0.0000000000
56542  -30.155  -17.249  77.602 0.0000000000
125785  -24.347  -25.080  74.525 0.0000000000
49518  -23.990  -25.056  73.735 0.0000000000
55530  -28.706  -18.682  76.600 0.0000000000
54575  -27.841  -20.084  75.645 0.0000000000
55537  -28.181  -19.677  75.120 0.0000000000
49505  -24.004  -25.893  74.304 0.0000000000
63516  -41.816  -12.693  51.205 0.0000000000
135427  -42.218  -12.084  50.734 0.0000000000
65656  -44.981  -10.256  48.556 0.0000000000
65665  -44.630  -10.320  47.822 0.0000000000
65666  -45.472  -10.096  47.940 0.0000000000
59030  -31.672  -16.516  61.203 0.0000000000
57837  -34.790  -17.450  58.301 0.0000000000
135036  -34.064  -17.408  57.082 0.0000000000
57862  -34.738  -17.673  56.666 0.0000000000
57851  -35.645  -17.901  57.969 0.0000000000
41737  -18.175  -34.018  65.689 0.0000000000
40836  -17.559  -34.300  66.221 0.0000000000
70858  -54.466  -4.947  41.958 0.0000000000
70857  -53.972  -4.996  41.486 0.0000000000
33512  -5.039  -42.462  76.378 0.0000000000
135297  -4.549  -42.660  76.475 0.0000000000
33511  -4.185  -42.596  76.734 0.0000000000
32646  -4.174  -43.128  76.156 0.0000000000
53739  -27.453  -21.176  64.236 0.0000000000
121435  -26.883  -21.707  62.939 0.0000000000
53752  -27.590  -21.415  63.443 0.0000000000
54738  -28.267  -21.039  63.906 0.0000000000
58833  -32.822  -16.652  75.047 0.0000000000
60062  -31.923  -15.540  70.488 0.0000000000
121826  -30.990  -15.778  70.218 0.0000000000
60076  -30.803  -15.585  69.258 0.0000000000
60094  -30.606  -15.627  68.395 0.0000000000
60095  -31.234  -15.268  68.718 0.0000000000
117770  -31.023  -15.394  66.806 0.0000000000
60115  -31.290  -15.170  67.845 0.0000000000
41810  -19.976  -34.247  61.679 0.0000000000
48466  -22.352  -26.644  69.166 0.0000000000
124467  -22.033  -27.387  68.077 0.0000000000
48483  -22.160  -26.445  68.341 0.0000000000
41776  -20.678  -34.162  63.184 0.0000000000
41792  -19.414  -33.941  62.267 0.0000000000
67690  -47.001  -8.496  41.235 0.0000000000
134720  -48.368  -9.723  45.702 0.0000000000
66676  -47.209  -9.235  44.866 0.0000000000
68744  -51.698  -7.711  44.502 0.0000000000
68755  -51.513  -7.160  43.884 0.0000000000
68767  -50.250  -6.785  42.849 0.0000000000
115365  -51.928  -6.526  43.347 0.0000000000
69782  -52.249  -6.870  43.999 0.0000000000
55753  -29.968  -19.316  57.347 0.0000000000
55752  -29.823  -19.938  56.781 0.0000000000
55858  -34.017  -19.682  49.366 0.0000000000
55875  -33.523  -20.095  48.786 0.0000000000
132675  -34.671  -19.316  49.535 0.0000000000
115250  -36.437  -19.544  54.144 0.0000000000
121060  -36.148  -19.757  53.315 0.0000000000
55789  -36.916  -19.828  53.528 0.0000000000
57913  -40.557  -17.685  52.742 0.0000000000
56866  -39.231  -18.063  51.987 0.0000000000
57924  -39.551  -17.219  51.865 0.0000000000
59116  -39.919  -16.374  51.800 0.0000000000
59102  -40.591  -16.353  52.243 0.0000000000
37016  -9.060  -37.790  70.762 0.0000000000
37024  -8.704  -38.387  70.316 0.0000000000
128314  -5.453  -45.295  71.529 0.0000000000
29927  -3.257  -46.186  74.231 0.0000000000
29926  -2.775  -46.224  74.256 0.0000000000
29937  -2.419  -46.703  73.987 0.0000000000
60201  -34.102  -15.710  62.037 0.0000000000
41789  -16.830  -33.866  63.169 0.0000000000
34404  -6.505  -41.681  74.391 0.0000000000
34392  -6.264  -41.596  75.508 0.0000000000
33529  -5.895  -42.270  75.096 0.0000000000
119411  -24.587  -23.548  63.914 0.0000000000
53710  -26.017  -21.666  66.133 0.0000000000
52791  -25.575  -22.597  64.122 0.0000000000
52777  -26.374  -21.521  65.335 0.0000000000
53738  -26.759  -21.424  64.611 0.0000000000
41763  -22.351  -34.533  63.799 0.0000000000
41765  -25.419  -33.614  63.347 0.0000000000
41780  -24.864  -33.641  62.781 0.0000000000
41797  -24.365  -33.701  62.388 0.0000000000
42748  -25.522  -32.729  62.688 0.0000000000
51738  -24.262  -23.444  69.352 0.0000000000
50719  -23.675  -23.978  69.089 0.0000000000
133045  -23.519  -24.080  68.419 0.0000000000
50743  -23.169  -24.368  66.269 0.0000000000
49617  -22.613  -24.973  65.929 0.0000000000
49616  -22.324  -25.353  65.301 0.0000000000
48542  -21.795  -26.254  64.631 0.0000000000
49635  -22.200  -25.503  64.496 0.0000000000
139217  -23.392  -24.367  63.558 0.0000000000
41726  -25.541  -33.238  68.254 0.0000000000
40823  -25.130  -34.489  67.416 0.0000000000
40822  -24.487  -35.215  67.610 0.0000000000
40841  -23.238  -35.284  66.470 0.0000000000
40842  -24.235  -35.063  66.064 0.0000000000
40866  -23.759  -34.794  64.497 0.0000000000
65679  -40.481  -10.904  44.809 0.0000000000
57873  -30.131  -17.857  54.854 0.0000000000
56817  -29.594  -18.376  54.536 0.0000000000
55836  -32.321  -19.688  50.342 0.0000000000
55837  -33.285  -19.688  50.653 0.0000000000
55768  -39.689  -19.239  54.977 0.0000000000
57902  -41.534  -17.764  53.723 0.0000000000
39864  -13.368  -35.575  68.159 0.0000000000
38886  -12.382  -35.967  69.595 0.0000000000
37930  -10.217  -37.281  68.902 0.0000000000
37929  -9.675  -37.867  68.724 0.0000000000
120617  -9.648  -38.135  68.027 0.0000000000
54610  -26.851  -20.781  71.333 0.0000000000
55574  -27.744  -19.726  72.297 0.0000000000
55555  -28.269  -19.367  73.589 0.0000000000
57614  -31.319  -16.883  76.877 0.0000000000
57626  -30.500  -17.426  75.721 0.0000000000
57627  -31.186  -16.980  76.019 0.0000000000
120247  -24.014  -29.820  69.306 0.0000000000
129654  -23.498  -28.627  70.744 0.0000000000
138684  -23.396  -25.636  72.317 0.0000000000
118855  -22.981  -26.798  71.340 0.0000000000
49540  -23.043  -25.772  71.112 0.0000000000
139444  -23.872  -24.203  72.044 0.0000000000
53602  -27.010  -21.388  76.144 0.0000000000
129657  -26.531  -22.346  75.443 0.0000000000
53614  -26.936  -21.687  74.037 0.0000000000
52665  -26.457  -22.183  74.360 0.0000000000
129212  -26.554  -22.017  73.682 0.0000000000
121679  -24.729  -23.127  71.711 0.0000000000
121162  -25.378  -22.651  71.907 0.0000000000
51708  -25.154  -22.842  71.145 0.0000000000
52684  -26.058  -22.086  72.096 0.0000000000
55554  -27.961  -20.019  73.831 0.0000000000
53636  -26.535  -21.418  71.737 0.0000000000
54601  -26.989  -20.889  72.186 0.0000000000
53650  -26.419  -21.369  70.856 0.0000000000
135202  -23.979  -28.665  71.640 0.0000000000
46566  -24.320  -29.302  71.163 0.0000000000
44578  -24.650  -30.380  69.080 0.0000000000
62422  -37.868  -13.854  49.951 0.0000000000
63529  -40.472  -12.179  49.651 0.0000000000
63528  -39.577  -12.343  49.386 0.0000000000
64617  -40.047  -11.795  48.876 0.0000000000
64614  -44.045  -11.082  50.543 0.0000000000
64612  -42.640  -11.524  50.125 0.0000000000
117472  -42.845  -10.662  47.950 0.0000000000
127089  -42.726  -10.889  48.634 0.0000000000
65654  -42.032  -10.890  48.097 0.0000000000
65653  -41.104  -10.893  47.821 0.0000000000
131414  -41.593  -10.691  47.405 0.0000000000
66645  -43.825  -10.095  46.204 0.0000000000
66644  -42.884  -9.995  46.030 0.0000000000
66658  -43.369  -9.736  45.396 0.0000000000
66659  -44.290  -9.778  45.598 0.0000000000
66648  -46.619  -9.807  46.640 0.0000000000
117532  -47.371  -9.760  46.307 0.0000000000
119609  -47.588  -9.737  46.951 0.0000000000
66636  -49.188  -9.878  47.224 0.0000000000
56731  -30.334  -18.895  61.145 0.0000000000
56748  -30.595  -18.170  59.463 0.0000000000
56763  -30.500  -18.400  58.631 0.0000000000
57835  -31.176  -17.619  58.803 0.0000000000
59044  -33.568  -16.328  60.409 0.0000000000
59043  -32.486  -16.500  60.362 0.0000000000
59054  -33.239  -16.690  59.714 0.0000000000
117518  -32.724  -17.312  57.591 0.0000000000
57858  -30.832  -17.650  56.314 0.0000000000
57859  -31.667  -17.392  56.508 0.0000000000
57887  -32.426  -17.271  55.093 0.0000000000
139084  -32.538  -17.461  54.384 0.0000000000
57901  -33.064  -17.841  53.851 0.0000000000
57888  -33.212  -17.571  54.655 0.0000000000
56808  -34.896  -18.222  55.219 0.0000000000
56809  -35.747  -18.549  55.606 0.0000000000
55775  -36.039  -19.034  54.797 0.0000000000
56781  -37.339  -18.718  57.542 0.0000000000
55743  -37.863  -18.812  57.019 0.0000000000
55758  -39.184  -19.005  55.700 0.0000000000
116529  -16.959  -34.568  66.662 0.0000000000
40815  -16.690  -34.779  67.381 0.0000000000
39867  -16.433  -35.089  68.241 0.0000000000
41771  -15.883  -34.147  64.232 0.0000000000
41756  -16.066  -34.089  64.892 0.0000000000
40848  -14.606  -34.798  65.489 0.0000000000
40814  -15.179  -34.907  66.916 0.0000000000
40833  -14.523  -34.984  66.326 0.0000000000
133085  -2.697  -43.080  75.701 0.0000000000
52833  -25.083  -22.664  61.004 0.0000000000
53785  -26.018  -21.951  60.029 0.0000000000
54759  -28.212  -21.593  62.352 0.0000000000
54769  -28.051  -21.711  61.522 0.0000000000
54760  -28.825  -21.303  61.989 0.0000000000
54770  -28.737  -21.350  60.997 0.0000000000
54751  -29.523  -20.745  62.504 0.0000000000
55575  -28.066  -19.041  71.952 0.0000000000
54641  -27.154  -19.970  69.892 0.0000000000
55585  -27.977  -18.900  71.089 0.0000000000
125571  -29.525  -17.565  71.864 0.0000000000
56599  -28.444  -18.308  70.746 0.0000000000
56609  -28.441  -18.253  69.890 0.0000000000
55612  -28.004  -18.967  68.275 0.0000000000
56617  -28.485  -18.282  69.007 0.0000000000
58925  -29.805  -16.489  69.473 0.0000000000
58911  -30.950  -16.651  71.604 0.0000000000
57707  -29.289  -17.066  69.118 0.0000000000
56618  -28.917  -17.737  67.872 0.0000000000
56625  -28.952  -17.835  67.041 0.0000000000
134599  -28.823  -18.799  65.755 0.0000000000
56637  -29.079  -18.017  66.135 0.0000000000
57757  -29.840  -17.780  64.598 0.0000000000
56671  -29.566  -18.794  64.420 0.0000000000
56705  -30.049  -19.690  63.154 0.0000000000
56691  -30.157  -18.874  63.233 0.0000000000
56706  -30.283  -19.181  62.544 0.0000000000
133730  -30.232  -18.173  63.368 0.0000000000
58984  -31.043  -16.233  64.543 0.0000000000
58998  -30.851  -16.772  63.830 0.0000000000
60156  -31.527  -15.908  64.064 0.0000000000
60170  -31.391  -16.177  63.497 0.0000000000
119352  -33.089  -14.827  68.947 0.0000000000
61180  -32.979  -14.668  68.235 0.0000000000
60158  -33.110  -15.214  64.520 0.0000000000
116573  -21.701  -34.137  61.642 0.0000000000
40896  -21.534  -34.369  60.896 0.0000000000
45590  -24.325  -30.417  67.554 0.0000000000
44604  -25.070  -30.637  66.117 0.0000000000
45598  -24.318  -30.478  66.701 0.0000000000
45606  -23.357  -30.050  65.560 0.0000000000
134115  -24.341  -30.239  65.002 0.0000000000
44618  -24.521  -30.073  64.058 0.0000000000
133861  -25.015  -30.427  63.402 0.0000000000
48518  -21.849  -26.487  66.456 0.0000000000
47513  -21.808  -27.525  66.742 0.0000000000
46605  -21.908  -28.225  66.064 0.0000000000
119981  -19.983  -34.541  67.256 0.0000000000
135694  -19.511  -34.406  66.169 0.0000000000
132294  -21.619  -34.864  65.821 0.0000000000
41760  -19.516  -33.877  64.173 0.0000000000
41749  -20.029  -34.243  64.788 0.0000000000
41759  -18.676  -33.538  64.080 0.0000000000
41774  -18.344  -33.486  63.169 0.0000000000
66674  -45.314  -9.073  44.466 0.0000000000
67663  -46.708  -8.492  43.996 0.0000000000
67662  -45.775  -8.646  43.911 0.0000000000
120943  -46.692  -8.020  43.225 0.0000000000
124374  -49.802  -8.704  44.421 0.0000000000
68751  -47.886  -7.490  42.938 0.0000000000
68765  -48.404  -7.056  42.322 0.0000000000
119783  -49.818  -6.435  41.984 0.0000000000
69791  -48.975  -6.729  41.677 0.0000000000
69796  -49.539  -6.445  41.075 0.0000000000
69801  -49.481  -6.780  40.437 0.0000000000
69793  -52.382  -5.950  42.826 0.0000000000
70845  -52.071  -5.662  41.977 0.0000000000
70833  -54.091  -5.613  43.181 0.0000000000
137486  -6.913  -41.699  70.646 0.0000000000
34440  -6.650  -42.158  70.732 0.0000000000
135785  -29.553  -20.633  59.025 0.0000000000
54791  -29.632  -20.377  58.536 0.0000000000
56903  -35.113  -18.265  48.339 0.0000000000
128249  -35.369  -17.512  48.727 0.0000000000
56830  -33.599  -18.513  53.311 0.0000000000
56846  -34.198  -19.176  52.832 0.0000000000
55805  -35.708  -19.929  52.494 0.0000000000
117224  -34.992  -19.930  51.768 0.0000000000
55824  -35.860  -20.004  51.613 0.0000000000
115330  -38.431  -19.743  53.065 0.0000000000
134878  -37.960  -19.851  52.872 0.0000000000
139474  -38.495  -19.587  52.760 0.0000000000
56864  -37.590  -18.922  51.527 0.0000000000
55826  -37.421  -19.680  51.918 0.0000000000
56863  -36.805  -19.434  51.339 0.0000000000
56875  -36.322  -18.883  50.683 0.0000000000
59114  -38.160  -16.613  51.231 0.0000000000
59128  -37.320  -16.680  50.832 0.0000000000
60274  -37.029  -16.055  50.424 0.0000000000
60276  -38.067  -15.171  50.649 0.0000000000
61315  -40.597  -14.508  51.534 0.0000000000
61314  -39.816  -14.790  51.280 0.0000000000
62410  -40.835  -13.710  51.277 0.0000000000
62395  -41.825  -13.754  52.182 0.0000000000
36176  -7.980  -39.143  71.841 0.0000000000
36175  -7.567  -39.946  71.630 0.0000000000
36168  -7.586  -39.749  72.442 0.0000000000
35258  -7.231  -40.735  71.298 0.0000000000
35277  -7.764  -40.332  69.306 0.0000000000
33560  -6.380  -42.637  72.624 0.0000000000
32691  -5.737  -43.674  73.611 0.0000000000
31808  -5.015  -44.038  74.328 0.0000000000
29960  -4.727  -47.063  72.450 0.0000000000
29949  -5.134  -46.046  72.188 0.0000000000
135768  -3.491  -45.572  74.406 0.0000000000
30900  -4.028  -45.264  74.396 0.0000000000
32658  -3.701  -43.614  75.617 0.0000000000
134820  -2.849  -45.058  74.608 0.0000000000
31790  -2.969  -44.473  75.016 0.0000000000
29947  -1.648  -46.614  73.050 0.0000000000
29936  -1.969  -46.390  73.778 0.0000000000
136733  -6.419  -42.116  73.784 0.0000000000
51798  -25.041  -23.057  64.583 0.0000000000
51785  -25.112  -22.699  65.473 0.0000000000
138388  -26.653  -20.977  67.533 0.0000000000
41764  -24.554  -34.442  63.980 0.0000000000
42743  -26.120  -32.909  63.905 0.0000000000
51753  -24.721  -22.952  68.782 0.0000000000
51752  -24.077  -23.514  68.404 0.0000000000
51765  -24.154  -23.337  67.410 0.0000000000
50744  -23.741  -23.733  66.666 0.0000000000
132447  -23.149  -24.411  65.533 0.0000000000
51784  -23.506  -24.162  64.901 0.0000000000
50755  -23.688  -23.892  65.669 0.0000000000
124028  -24.297  -23.609  64.893 0.0000000000
138313  -25.223  -31.074  68.810 0.0000000000
42720  -25.751  -32.298  67.892 0.0000000000
117691  -25.933  -33.298  66.425 0.0000000000
41738  -25.494  -34.116  66.527 0.0000000000
40843  -25.199  -34.570  65.805 0.0000000000
65681  -41.742  -10.329  44.208 0.0000000000
66688  -44.542  -9.564  42.505 0.0000000000
53800  -27.280  -21.681  59.107 0.0000000000
56828  -29.415  -18.383  53.660 0.0000000000
57898  -30.025  -18.054  53.248 0.0000000000
56842  -29.396  -18.502  52.775 0.0000000000
55822  -31.871  -19.201  51.036 0.0000000000
39878  -12.488  -35.849  67.291 0.0000000000
39863  -12.637  -35.788  68.112 0.0000000000
38910  -11.957  -36.117  67.901 0.0000000000
38900  -11.421  -36.411  68.531 0.0000000000
38884  -10.842  -36.696  69.158 0.0000000000
37936  -9.864  -38.188  67.224 0.0000000000
55547  -28.271  -19.499  74.346 0.0000000000
56565  -28.600  -18.935  74.106 0.0000000000
56558  -28.705  -18.947  74.861 0.0000000000
57613  -30.571  -17.033  76.607 0.0000000000
57615  -32.026  -17.055  77.213 0.0000000000
138778  -23.725  -28.071  72.112 0.0000000000
46555  -23.332  -27.853  71.465 0.0000000000
47472  -23.341  -27.233  72.121 0.0000000000
49530  -23.599  -25.404  72.949 0.0000000000
51684  -24.296  -24.106  73.587 0.0000000000
54565  -27.690  -20.047  76.348 0.0000000000
54574  -27.706  -20.562  75.015 0.0000000000
54584  -27.309  -21.136  73.695 0.0000000000
54585  -27.705  -20.627  74.140 0.0000000000
55546  -27.973  -20.084  74.491 0.0000000000
48410  -23.819  -26.727  73.888 0.0000000000
62424  -39.668  -13.464  50.485 0.0000000000
63522  -40.832  -12.590  50.334 0.0000000000
63530  -41.266  -12.003  49.905 0.0000000000
115363  -44.536  -10.679  49.840 0.0000000000
115187  -43.948  -10.721  49.137 0.0000000000
65655  -43.448  -10.689  48.500 0.0000000000
120908  -42.926  -10.508  47.296 0.0000000000
65664  -43.679  -10.498  47.702 0.0000000000
66631  -44.250  -10.315  47.028 0.0000000000
66633  -46.008  -9.905  47.327 0.0000000000
57797  -30.936  -17.348  61.775 0.0000000000
57811  -31.068  -17.281  61.003 0.0000000000
124466  -33.845  -16.907  59.231 0.0000000000
57824  -33.048  -17.012  59.090 0.0000000000
124231  -33.865  -17.129  58.652 0.0000000000
57860  -32.508  -17.338  56.776 0.0000000000
57849  -33.306  -17.329  57.001 0.0000000000
120075  -33.045  -17.288  56.339 0.0000000000
57877  -34.357  -17.697  55.812 0.0000000000
126308  -35.385  -17.969  56.629 0.0000000000
56797  -35.878  -18.304  56.664 0.0000000000
40802  -18.091  -34.684  68.101 0.0000000000
133178  -15.183  -34.569  64.348 0.0000000000
39899  -13.454  -35.449  65.149 0.0000000000
70856  -52.635  -5.345  41.366 0.0000000000
70863  -52.434  -5.309  40.410 0.0000000000
70864  -53.350  -5.077  40.834 0.0000000000
71794  -53.889  -4.962  40.073 0.0000000000
135836  -3.447  -43.348  75.874 0.0000000000
52817  -26.167  -22.099  63.112 0.0000000000
52816  -25.725  -22.550  62.485 0.0000000000
53766  -26.332  -22.072  62.346 0.0000000000
53775  -26.585  -22.039  61.570 0.0000000000
129956  -26.522  -22.021  60.773 0.0000000000
53767  -27.595  -21.641  62.672 0.0000000000
54749  -28.281  -21.392  63.140 0.0000000000
54739  -28.816  -21.051  63.576 0.0000000000
57657  -30.429  -17.673  74.118 0.0000000000
56582  -29.287  -18.010  72.723 0.0000000000
57668  -30.033  -17.689  73.299 0.0000000000
57679  -29.918  -17.543  72.526 0.0000000000
119362  -30.480  -17.345  72.742 0.0000000000
58894  -31.798  -16.531  72.035 0.0000000000
58919  -31.530  -16.126  71.148 0.0000000000
58926  -30.334  -16.005  69.661 0.0000000000
58945  -29.511  -16.745  67.933 0.0000000000
57735  -29.341  -17.295  66.592 0.0000000000
58959  -29.732  -16.535  67.175 0.0000000000
57736  -29.801  -16.705  66.106 0.0000000000
57748  -30.064  -16.924  65.197 0.0000000000
57769  -30.277  -17.611  63.839 0.0000000000
58971  -30.432  -16.239  65.670 0.0000000000
119610  -31.161  -15.825  65.329 0.0000000000
61181  -33.701  -14.912  68.617 0.0000000000
41796  -23.450  -33.914  62.169 0.0000000000
46591  -23.026  -29.406  68.198 0.0000000000
122043  -23.594  -30.130  67.235 0.0000000000
46590  -22.518  -28.963  67.607 0.0000000000
46598  -22.803  -29.542  67.009 0.0000000000
45596  -22.512  -29.327  66.111 0.0000000000
47539  -21.692  -27.920  64.071 0.0000000000
117698  -21.713  -27.813  65.106 0.0000000000
40839  -20.740  -34.729  66.885 0.0000000000
40864  -21.804  -34.696  64.551 0.0000000000
40863  -20.892  -34.504  64.625 0.0000000000
131349  -19.865  -33.987  63.577 0.0000000000
135239  -19.002  -33.699  62.813 0.0000000000
41809  -19.162  -34.138  61.786 0.0000000000
66661  -46.700  -9.629  45.655 0.0000000000
67675  -50.189  -8.000  43.971 0.0000000000
68753  -49.763  -7.406  43.343 0.0000000000
123523  -50.735  -6.279  42.290 0.0000000000
34474  -6.776  -41.882  69.195 0.0000000000
33598  -6.478  -42.376  69.890 0.0000000000
54799  -29.690  -20.187  58.117 0.0000000000
55740  -29.765  -20.179  57.552 0.0000000000
55876  -34.185  -19.711  48.408 0.0000000000
56885  -34.663  -19.116  48.714 0.0000000000
56832  -34.948  -18.953  53.929 0.0000000000
55787  -35.001  -19.395  53.206 0.0000000000
136235  -35.605  -19.626  53.223 0.0000000000
56848  -39.453  -18.692  52.559 0.0000000000
56847  -38.658  -19.216  52.380 0.0000000000
137712  -38.996  -18.626  52.155 0.0000000000
56865  -38.456  -18.502  51.795 0.0000000000
60255  -38.577  -15.780  51.126 0.0000000000
60257  -40.398  -15.475  51.778 0.0000000000
60258  -41.105  -14.943  52.029 0.0000000000
37907  -9.703  -37.396  70.312 0.0000000000
37899  -9.809  -37.304  71.213 0.0000000000
130178  -9.138  -37.806  71.696 0.0000000000
124012  -7.867  -39.392  71.019 0.0000000000
35296  -8.197  -39.953  68.567 0.0000000000
32716  -6.038  -43.594  71.107 0.0000000000
120348  -5.962  -43.962  71.965 0.0000000000
31824  -5.610  -44.664  72.380 0.0000000000
30898  -2.791  -45.619  74.417 0.0000000000
30897  -2.469  -45.361  74.343 0.0000000000
52651  -26.424  -22.568  76.074 0.0000000000
63518  -43.156  -11.950  51.716 0.0000000000
63524  -42.923  -11.775  50.931 0.0000000000
64608  -43.627  -11.474  51.155 0.0000000000
64609  -44.281  -11.103  51.318 0.0000000000
65644  -44.762  -10.702  50.775 0.0000000000
65650  -46.151  -9.871  49.366 0.0000000000
65658  -46.448  -9.771  48.572 0.0000000000
60200  -33.222  -15.681  61.931 0.0000000000
59032  -34.045  -15.975  61.230 0.0000000000
59045  -34.665  -16.516  60.501 0.0000000000
41758  -17.229  -33.569  64.397 0.0000000000
41772  -16.659  -33.742  63.817 0.0000000000
135107  -25.211  -23.099  63.106 0.0000000000
52790  -25.168  -23.106  63.639 0.0000000000
52804  -25.593  -22.701  63.254 0.0000000000
53724  -27.140  -21.002  65.177 0.0000000000
54717  -27.631  -20.447  65.505 0.0000000000
136297  -32.440  -15.201  70.084 0.0000000000
41794  -21.283  -34.154  62.353 0.0000000000
41795  -22.290  -34.117  62.265 0.0000000000
130055  -22.851  -25.013  69.015 0.0000000000
138480  -22.365  -25.728  68.333 0.0000000000
49574  -22.657  -25.137  68.331 0.0000000000
49584  -22.273  -25.735  67.781 0.0000000000
49598  -22.234  -25.596  66.823 0.0000000000
50731  -23.133  -24.385  67.149 0.0000000000
49599  -22.712  -24.831  66.729 0.0000000000
138078  -21.822  -26.399  65.759 0.0000000000
47531  -21.613  -27.002  64.374 0.0000000000
50763  -22.740  -24.849  63.955 0.0000000000
40820  -22.342  -35.188  66.944 0.0000000000
40854  -22.188  -34.916  65.258 0.0000000000
65672  -39.687  -10.935  46.010 0.0000000000
66651  -49.550  -10.033  46.597 0.0000000000
66664  -49.676  -9.850  45.660 0.0000000000
66665  -50.444  -9.866  45.826 0.0000000000
68745  -52.449  -7.366  44.632 0.0000000000
56807  -30.234  -18.095  56.206 0.0000000000
55764  -29.680  -19.467  55.898 0.0000000000
55778  -38.449  -19.650  54.510 0.0000000000
54823  -38.085  -19.816  53.955 0.0000000000
55779  -39.134  -19.505  54.377 0.0000000000
55792  -39.286  -19.427  53.625 0.0000000000
55793  -40.062  -19.020  53.810 0.0000000000
56834  -40.501  -18.629  53.603 0.0000000000
56850  -40.906  -18.105  53.343 0.0000000000
57914  -41.145  -17.385  53.074 0.0000000000
126526  -40.744  -16.999  52.592 0.0000000000
59103  -41.192  -16.552  52.759 0.0000000000
37917  -10.279  -37.033  69.777 0.0000000000
37037  -9.267  -38.119  69.286 0.0000000000
37051  -9.006  -39.032  68.033 0.0000000000
53680  -26.325  -21.375  68.967 0.0000000000
54623  -26.778  -20.723  70.384 0.0000000000
55584  -27.622  -19.571  71.429 0.0000000000
56573  -28.751  -18.630  73.354 0.0000000000
56566  -29.157  -18.385  74.225 0.0000000000
57656  -29.759  -17.958  73.972 0.0000000000
57643  -31.184  -17.259  75.195 0.0000000000
129615  -33.211  -16.929  77.550 0.0000000000
115611  -26.071  -31.768  66.372 0.0000000000
44605  -25.686  -31.025  66.428 0.0000000000
45583  -24.251  -30.236  68.414 0.0000000000
45582  -23.646  -29.804  68.582 0.0000000000
47491  -22.800  -28.020  69.975 0.0000000000
46574  -22.683  -28.281  69.191 0.0000000000
135783  -22.474  -27.471  69.390 0.0000000000
48467  -22.543  -25.997  69.734 0.0000000000
49563  -22.804  -25.286  69.499 0.0000000000
51675  -26.103  -22.888  75.609 0.0000000000
51680  -25.214  -23.427  74.773 0.0000000000
125576  -25.358  -22.906  74.201 0.0000000000
53608  -26.840  -21.905  74.897 0.0000000000
51685  -25.134  -22.822  73.450 0.0000000000
51696  -24.282  -23.661  72.477 0.0000000000
50671  -24.179  -23.726  71.505 0.0000000000
50682  -23.510  -24.477  70.447 0.0000000000
50702  -23.254  -24.601  69.569 0.0000000000
50703  -23.813  -23.874  69.909 0.0000000000
51722  -24.422  -23.377  70.181 0.0000000000
52711  -25.427  -22.592  70.672 0.0000000000
53626  -26.693  -21.533  72.549 0.0000000000
52696  -26.109  -21.863  71.294 0.0000000000
121031  -25.396  -22.538  69.977 0.0000000000
52728  -25.867  -21.974  69.495 0.0000000000
45571  -24.758  -30.291  70.193 0.0000000000
44588  -25.097  -30.785  68.405 0.0000000000
61345  -36.645  -14.754  49.599 0.0000000000
137459  -36.259  -14.571  49.044 0.0000000000
62431  -37.333  -13.494  49.234 0.0000000000
62433  -39.138  -12.940  49.866 0.0000000000
63527  -38.580  -12.514  49.091 0.0000000000
63532  -37.344  -12.796  47.916 0.0000000000
137350  -41.895  -11.854  50.163 0.0000000000
64620  -42.686  -11.156  49.309 0.0000000000
64627  -42.148  -11.131  48.823 0.0000000000
64625  -40.558  -11.314  48.326 0.0000000000
65661  -40.171  -11.020  47.345 0.0000000000
65660  -39.667  -11.040  46.640 0.0000000000
65668  -40.256  -10.723  46.469 0.0000000000
118718  -40.973  -10.390  46.183 0.0000000000
65674  -41.047  -10.332  45.306 0.0000000000
65669  -42.490  -10.321  46.693 0.0000000000
66643  -41.850  -10.063  45.861 0.0000000000
66656  -41.725  -10.014  44.878 0.0000000000
122551  -42.990  -9.568  44.704 0.0000000000
66672  -43.102  -9.520  44.022 0.0000000000
138787  -43.751  -9.319  43.840 0.0000000000
123904  -44.787  -9.446  45.011 0.0000000000
66623  -47.075  -9.676  48.092 0.0000000000
126557  -47.801  -9.647  47.584 0.0000000000
66635  -48.437  -9.772  47.135 0.0000000000
66650  -48.880  -9.912  46.751 0.0000000000
55703  -29.842  -20.200  61.213 0.0000000000
55712  -29.703  -20.129  60.272 0.0000000000
132780  -29.816  -19.639  59.971 0.0000000000
56747  -30.065  -19.253  59.225 0.0000000000
57823  -32.139  -17.219  58.939 0.0000000000
127985  -31.064  -17.750  58.019 0.0000000000
56795  -30.319  -18.297  56.951 0.0000000000
57874  -30.522  -17.681  55.503 0.0000000000
57885  -30.823  -17.496  54.547 0.0000000000
57900  -31.446  -17.540  53.761 0.0000000000
57911  -31.957  -17.798  53.203 0.0000000000
56845  -32.030  -18.308  52.473 0.0000000000
57889  -34.052  -17.860  54.948 0.0000000000
56819  -34.565  -18.483  54.379 0.0000000000
135652  -37.326  -19.454  55.144 0.0000000000
56779  -36.174  -18.300  57.581 0.0000000000
135616  -36.494  -18.542  57.146 0.0000000000
137854  -37.274  -18.586  58.350 0.0000000000
56780  -36.948  -18.808  56.960 0.0000000000
55754  -37.051  -19.010  55.897 0.0000000000
55755  -37.688  -19.310  55.626 0.0000000000
55766  -38.231  -19.454  55.276 0.0000000000
119008  -38.521  -19.191  55.673 0.0000000000
41745  -16.651  -33.938  65.108 0.0000000000
40862  -15.337  -34.392  65.042 0.0000000000
39879  -13.632  -35.427  67.398 0.0000000000
117634  -13.069  -35.531  66.864 0.0000000000
39891  -13.202  -35.447  66.011 0.0000000000
39890  -12.451  -35.892  66.280 0.0000000000
71787  -54.771  -4.725  41.235 0.0000000000
71795  -54.634  -4.760  40.384 0.0000000000
53786  -26.918  -21.843  60.331 0.0000000000
118933  -27.508  -21.686  59.897 0.0000000000
53788  -28.282  -21.546  60.238 0.0000000000
54661  -26.756  -20.705  68.394 0.0000000000
54682  -27.066  -20.400  67.487 0.0000000000
56590  -28.485  -18.443  71.576 0.0000000000
55611  -27.510  -19.522  69.123 0.0000000000
55623  -27.599  -19.677  67.396 0.0000000000
54700  -27.975  -19.884  65.844 0.0000000000
57680  -30.281  -17.135  71.985 0.0000000000
57692  -30.159  -16.842  71.071 0.0000000000
57691  -29.483  -17.331  71.047 0.0000000000
135126  -28.592  -18.214  68.275 0.0000000000
55636  -28.311  -19.214  66.220 0.0000000000
54718  -28.266  -20.229  65.022 0.0000000000
56651  -28.552  -19.584  65.399 0.0000000000
125411  -28.868  -20.065  64.699 0.0000000000
55678  -29.328  -20.747  63.320 0.0000000000
56652  -29.316  -18.337  65.228 0.0000000000
55664  -29.372  -19.714  64.280 0.0000000000
55679  -29.627  -20.139  63.649 0.0000000000
122171  -29.778  -20.337  63.080 0.0000000000
121682  -29.930  -20.319  61.949 0.0000000000
55691  -30.187  -19.672  61.789 0.0000000000
56717  -30.366  -18.925  61.891 0.0000000000
57796  -30.534  -18.313  62.241 0.0000000000
57770  -30.552  -17.566  63.285 0.0000000000
57785  -30.743  -17.538  62.634 0.0000000000
60186  -31.700  -16.000  62.825 0.0000000000
60187  -32.671  -15.597  62.748 0.0000000000
123014  -32.404  -14.859  68.794 0.0000000000
61193  -31.946  -14.898  66.919 0.0000000000
60129  -32.319  -15.075  65.952 0.0000000000
61195  -33.740  -14.779  67.666 0.0000000000
136602  -32.770  -14.796  66.538 0.0000000000
60144  -32.592  -15.264  65.104 0.0000000000
60157  -32.391  -15.464  64.279 0.0000000000
60172  -33.199  -15.326  63.675 0.0000000000
43643  -25.736  -30.929  64.779 0.0000000000
43651  -25.998  -31.591  63.878 0.0000000000
45607  -24.305  -30.392  65.854 0.0000000000
44619  -25.355  -30.649  63.974 0.0000000000
135172  -25.629  -31.724  62.765 0.0000000000
43665  -25.369  -31.837  62.223 0.0000000000
45605  -22.590  -29.447  65.132 0.0000000000
45613  -22.660  -29.400  64.234 0.0000000000
44625  -24.366  -30.043  63.143 0.0000000000
43682  -25.051  -31.998  61.575 0.0000000000
40818  -19.346  -34.472  67.579 0.0000000000
40840  -21.542  -34.901  66.516 0.0000000000
40853  -20.558  -34.518  65.259 0.0000000000
40852  -19.838  -34.380  65.644 0.0000000000
137242  -18.594  -33.923  65.333 0.0000000000
41747  -18.146  -33.622  64.817 0.0000000000
66682  -44.228  -9.218  43.223 0.0000000000
67670  -45.443  -8.545  43.216 0.0000000000
67681  -45.609  -8.566  42.561 0.0000000000
67689  -46.475  -8.454  41.675 0.0000000000
66678  -48.911  -9.600  45.271 0.0000000000
67672  -47.374  -7.985  43.484 0.0000000000
67683  -47.093  -7.718  42.694 0.0000000000
68763  -46.923  -7.886  41.867 0.0000000000
68769  -47.496  -7.822  41.304 0.0000000000
68772  -47.962  -7.864  40.813 0.0000000000
68773  -48.533  -7.642  40.554 0.0000000000
70855  -51.777  -5.502  41.008 0.0000000000
69798  -51.224  -5.838  41.665 0.0000000000
70847  -53.798  -5.307  42.322 0.0000000000
70848  -54.681  -5.179  42.618 0.0000000000
118993  -7.018  -41.203  71.873 0.0000000000
119497  -6.792  -41.792  71.996 0.0000000000
137395  -6.629  -42.097  71.478 0.0000000000
33570  -6.362  -42.691  71.335 0.0000000000
60294  -35.894  -15.987  49.238 0.0000000000
55823  -33.356  -19.450  51.507 0.0000000000
116730  -34.209  -19.829  51.095 0.0000000000
54833  -37.343  -19.891  53.014 0.0000000000
54843  -37.102  -19.887  52.498 0.0000000000
55808  -37.952  -19.747  52.515 0.0000000000
127185  -36.883  -19.885  51.854 0.0000000000
55839  -35.215  -19.374  50.279 0.0000000000
56874  -35.710  -18.982  50.312 0.0000000000
57931  -35.878  -18.173  50.135 0.0000000000
57933  -36.860  -17.420  50.736 0.0000000000
57932  -36.235  -17.343  50.189 0.0000000000
59146  -36.054  -16.600  49.688 0.0000000000
60295  -36.428  -15.773  49.821 0.0000000000
61334  -38.421  -14.396  50.499 0.0000000000
61335  -39.310  -14.203  50.786 0.0000000000
62411  -41.477  -13.382  51.561 0.0000000000
35245  -7.204  -40.366  73.047 0.0000000000
121806  -7.425  -40.747  69.951 0.0000000000
35276  -7.095  -41.352  69.797 0.0000000000
34427  -6.635  -42.081  72.669 0.0000000000
32692  -6.117  -43.146  73.017 0.0000000000
32677  -5.982  -43.040  73.703 0.0000000000
33539  -5.550  -42.843  74.860 0.0000000000
30911  -4.474  -45.551  73.949 0.0000000000
31815  -4.763  -44.910  74.080 0.0000000000
31793  -4.382  -43.970  75.008 0.0000000000
32659  -4.259  -43.554  75.520 0.0000000000
121372  -3.151  -43.696  75.534 0.0000000000
28899  -2.521  -47.498  73.793 0.0000000000
28910  -2.087  -47.769  73.264 0.0000000000
35264  -7.401  -40.536  70.612 0.0000000000
40809  -25.328  -33.977  68.084 0.0000000000
42733  -26.165  -32.595  65.993 0.0000000000
43635  -25.578  -30.845  65.618 0.0000000000
44579  -24.925  -30.680  69.350 0.0000000000
44587  -24.836  -30.567  67.961 0.0000000000
44633  -24.216  -30.218  62.303 0.0000000000
45577  -24.552  -30.018  69.922 0.0000000000
46583  -22.443  -28.401  68.333 0.0000000000
46584  -23.149  -29.175  68.919 0.0000000000
46614  -22.069  -28.716  64.641 0.0000000000
47462  -23.776  -27.768  72.762 0.0000000000
47482  -22.857  -27.479  70.710 0.0000000000
47490  -22.496  -26.995  69.943 0.0000000000
47504  -22.020  -27.949  67.526 0.0000000000
48409  -23.499  -26.557  72.920 0.0000000000
48532  -21.702  -26.756  65.174 0.0000000000
49531  -23.862  -24.507  72.835 0.0000000000
50637  -24.743  -24.939  75.231 0.0000000000
50670  -23.656  -24.444  71.334 0.0000000000
50775  -22.804  -24.877  62.976 0.0000000000
51674  -25.604  -23.354  75.369 0.0000000000
51679  -24.804  -23.430  74.012 0.0000000000
51707  -24.604  -23.292  70.933 0.0000000000
51723  -24.960  -22.923  70.452 0.0000000000
52664  -25.882  -22.744  74.767 0.0000000000
52672  -25.898  -22.408  73.779 0.0000000000
52683  -25.622  -22.475  72.796 0.0000000000
52745  -25.263  -22.433  68.189 0.0000000000
52776  -25.735  -22.057  65.414 0.0000000000
52805  -25.984  -22.168  63.795 0.0000000000
53615  -27.306  -21.213  74.509 0.0000000000
53621  -26.889  -21.619  73.306 0.0000000000
53711  -26.619  -21.168  66.076 0.0000000000
54564  -27.416  -20.706  75.836 0.0000000000
54566  -28.111  -19.358  77.007 0.0000000000
54594  -27.611  -20.538  73.369 0.0000000000
54602  -27.449  -20.394  72.619 0.0000000000
54611  -27.294  -20.243  71.809 0.0000000000
54624  -27.190  -20.113  70.898 0.0000000000
54662  -27.038  -20.135  69.026 0.0000000000
54699  -27.383  -20.220  66.505 0.0000000000
54730  -28.581  -20.626  64.375 0.0000000000
54834  -37.951  -19.883  53.240 0.0000000000
54844  -37.600  -19.853  52.711 0.0000000000
55597  -27.567  -19.443  70.560 0.0000000000
55635  -27.853  -19.594  66.617 0.0000000000
55663  -29.078  -20.540  64.023 0.0000000000
55776  -36.746  -19.314  55.013 0.0000000000
55790  -37.596  -19.845  53.750 0.0000000000
56543  -31.324  -17.306  77.752 0.0000000000
56552  -29.853  -17.567  76.429 0.0000000000
56574  -29.381  -18.125  73.513 0.0000000000
56591  -28.948  -17.866  71.276 0.0000000000
56610  -28.916  -17.648  69.541 0.0000000000
56624  -28.566  -18.384  67.545 0.0000000000
56821  -40.636  -18.787  54.221 0.0000000000
56833  -39.806  -18.969  53.230 0.0000000000
56849  -40.245  -18.396  52.950 0.0000000000
57603  -34.077  -16.577  77.431 0.0000000000
57616  -32.761  -16.962  77.250 0.0000000000
57628  -31.944  -16.880  76.420 0.0000000000
57641  -29.792  -17.961  74.626 0.0000000000
57659  -31.967  -16.994  74.821 0.0000000000
57714  -29.223  -17.172  68.275 0.0000000000
57909  -30.636  -17.990  52.937 0.0000000000
58917  -30.231  -16.378  70.277 0.0000000000
58933  -29.614  -16.614  68.637 0.0000000000
58934  -30.114  -16.034  68.932 0.0000000000
58983  -30.428  -16.956  64.452 0.0000000000
60048  -32.275  -15.872  71.199 0.0000000000
60114  -30.433  -15.753  67.483 0.0000000000
60127  -30.869  -15.707  66.055 0.0000000000
61151  -33.178  -15.215  70.199 0.0000000000
61179  -31.747  -15.002  68.571 0.0000000000
62425  -40.452  -13.246  50.720 0.0000000000
62430  -36.553  -13.993  48.973 0.0000000000
65673  -40.330  -10.649  45.670 0.0000000000
117107  -33.730  -16.758  77.035 0.0000000000
118635  -32.172  -14.762  67.960 0.0000000000
118662  -22.089  -25.749  65.931 0.0000000000
119192  -27.306  -19.894  68.291 0.0000000000
121520  -37.171  -19.692  54.371 0.0000000000
124663  -27.984  -18.832  70.247 0.0000000000
124978  -28.895  -17.677  68.673 0.0000000000
124996  -24.595  -22.831  67.091 0.0000000000
127431  -25.211  -22.873  61.883 0.0000000000
127522  -23.107  -24.498  67.993 0.0000000000
129402  -37.124  -14.086  49.629 0.0000000000
129727  -39.327  -11.360  45.721 0.0000000000
130098  -29.263  -18.362  74.994 0.0000000000
130788  -23.301  -25.016  70.948 0.0000000000
132606  -25.741  -21.885  66.819 0.0000000000
132739  -24.323  -24.626  74.119 0.0000000000
133358  -23.333  -25.281  71.620 0.0000000000
133808  -44.590  -10.467  49.080 0.0000000000
134287  -25.073  -30.354  64.615 0.0000000000
136170  -31.878  -15.413  65.419 0.0000000000
136876  -28.525  -19.168  75.418 0.0000000000
137642  -29.866  -17.194  71.495 0.0000000000
138159  -24.601  -23.338  73.223 0.0000000000
138448  -32.031  -16.190  71.566 0.0000000000
138851  -23.080  -29.677  67.620 0.0000000000
139039  -50.004  -10.075  46.185 0.0000000000
