#!ascii label  , from subject sub-v1s4x0050683_ses-1 vox2ras=TkReg
1059
64143  -19.265  -12.768  -8.867 0.5555555820
64155  -19.673  -12.519  -9.461 0.6666666865
64171  -19.993  -11.872  -10.041 0.7777777910
127436  -20.878  -11.367  -10.952 0.7777777910
67269  -20.222  -9.557  -10.858 0.8888888955
66269  -23.184  -10.111  -12.424 0.8888888955
63079  -18.641  -13.444  -7.951 0.5555555820
64142  -18.742  -12.760  -8.369 0.5555555820
65234  -19.159  -11.158  -9.397 0.6666666865
65235  -19.682  -11.074  -10.000 0.8888888955
66258  -21.262  -9.885  -11.553 0.8888888955
67294  -22.196  -9.045  -12.189 1.0000000000
67296  -23.540  -9.319  -12.630 0.8888888955
68347  -23.297  -8.421  -12.709 1.0000000000
65226  -18.593  -11.267  -8.757 0.7777777910
67254  -18.828  -9.042  -9.798 1.0000000000
68310  -18.438  -8.266  -9.609 1.0000000000
67267  -19.416  -8.801  -10.376 1.0000000000
68332  -20.021  -8.085  -10.927 1.0000000000
68320  -19.009  -8.243  -10.180 1.0000000000
68334  -21.399  -7.987  -11.741 1.0000000000
69366  -19.715  -7.535  -10.807 1.0000000000
69377  -20.261  -7.431  -11.235 1.0000000000
131814  -21.742  -7.290  -11.983 1.0000000000
69392  -23.555  -7.508  -12.740 1.0000000000
69378  -21.003  -7.220  -11.688 1.0000000000
126287  -22.314  -7.084  -12.358 1.0000000000
70394  -23.894  -6.685  -12.881 1.0000000000
70403  -22.990  -6.159  -12.884 1.0000000000
70405  -24.294  -5.911  -13.152 0.7777777910
129622  -17.471  -6.998  -9.035 0.8888888955
69354  -18.584  -7.586  -9.948 1.0000000000
70378  -19.881  -6.894  -11.076 1.0000000000
70364  -18.695  -6.933  -10.226 1.0000000000
71413  -19.424  -6.283  -10.862 1.0000000000
130129  -20.631  -6.234  -11.668 1.0000000000
70392  -22.397  -6.415  -12.538 1.0000000000
71437  -22.588  -5.768  -12.821 1.0000000000
71449  -24.116  -5.355  -13.554 1.0000000000
71450  -24.725  -5.278  -13.563 0.8888888955
72348  -25.349  -4.893  -13.390 0.7777777910
72336  -26.760  -4.571  -12.225 0.7777777910
71393  -16.438  -5.287  -8.557 0.5555555820
73187  -16.545  -3.903  -9.107 0.7777777910
72295  -16.519  -4.569  -8.855 0.8888888955
71423  -19.518  -5.429  -11.183 1.0000000000
127333  -20.049  -6.240  -11.358 1.0000000000
71422  -18.919  -4.871  -10.771 0.8888888955
72335  -19.963  -4.744  -11.646 1.0000000000
72346  -21.452  -5.125  -12.428 1.0000000000
72358  -22.847  -5.052  -13.309 1.0000000000
72360  -24.544  -4.782  -14.159 0.8888888955
127392  -24.425  -4.363  -14.724 1.0000000000
73245  -25.426  -4.092  -13.790 0.8888888955
120603  -26.581  -3.108  -12.765 0.7777777910
73229  -27.290  -3.232  -11.904 0.6666666865
74089  -27.319  -2.456  -11.551 0.6666666865
74033  -14.707  -3.183  -8.260 0.4444444478
74035  -15.850  -3.480  -8.652 0.7777777910
74051  -16.195  -2.767  -8.996 0.6666666865
73210  -18.370  -3.177  -10.729 0.7777777910
72333  -18.651  -4.105  -10.733 0.8888888955
73227  -20.337  -4.013  -11.982 0.8888888955
72347  -22.182  -5.184  -12.778 1.0000000000
118827  -21.051  -4.186  -12.431 1.0000000000
127310  -22.798  -4.236  -13.682 1.0000000000
73258  -24.637  -3.832  -15.321 0.8888888955
73246  -25.877  -3.222  -13.654 0.7777777910
74088  -26.902  -2.441  -12.315 0.7777777910
74957  -28.142  -1.986  -10.163 0.5555555820
74970  -27.055  -1.768  -11.694 0.7777777910
74931  -16.630  -1.954  -9.447 0.6666666865
74050  -15.768  -2.148  -8.804 0.6666666865
74069  -17.858  -2.444  -10.446 0.7777777910
74070  -18.522  -2.288  -11.003 0.7777777910
121712  -19.371  -2.993  -11.553 0.8888888955
73243  -20.579  -3.266  -12.419 0.8888888955
74087  -19.618  -2.448  -11.862 1.0000000000
73256  -22.801  -3.304  -14.221 1.0000000000
73257  -23.763  -3.952  -14.674 0.8888888955
74114  -25.485  -2.715  -15.491 0.8888888955
74103  -25.859  -2.639  -14.423 0.8888888955
74104  -26.280  -2.437  -13.239 0.7777777910
74998  -25.799  -1.981  -15.203 0.8888888955
74984  -26.076  -1.785  -13.865 0.7777777910
74985  -26.531  -1.562  -12.667 0.7777777910
135280  -27.254  -1.215  -11.116 0.7777777910
127227  -16.339  -1.205  -9.231 0.6666666865
74919  -15.640  -1.587  -8.767 0.5555555820
74952  -18.116  -1.551  -10.688 0.7777777910
74086  -19.086  -2.271  -11.529 0.8888888955
74100  -20.090  -2.405  -12.343 0.8888888955
74983  -20.990  -1.946  -13.454 1.0000000000
74102  -21.716  -2.698  -13.638 1.0000000000
125300  -24.301  -2.218  -16.004 1.0000000000
74113  -24.915  -3.029  -15.854 0.8888888955
120164  -26.230  -1.041  -13.467 0.7777777910
75851  -26.719  -0.005  -11.693 0.7777777910
139312  -27.549  0.184  -10.627 0.6666666865
75840  -27.910  -0.142  -10.249 0.5555555820
127494  -17.628  -0.899  -10.284 0.7777777910
75815  -17.088  -0.668  -9.721 0.6666666865
74953  -18.756  -1.465  -11.368 0.8888888955
118207  -21.699  -1.811  -14.037 1.0000000000
74996  -23.307  -1.980  -15.242 1.0000000000
75882  -25.393  -1.245  -15.701 0.8888888955
117182  -25.176  -2.179  -16.005 0.8888888955
75883  -25.761  -0.528  -15.013 0.8888888955
120086  -25.984  -1.140  -14.609 0.8888888955
76846  -26.385  0.358  -12.592 0.7777777910
76828  -26.687  1.011  -11.707 0.7777777910
76819  -27.844  0.796  -10.389 0.5555555820
76861  -26.180  0.796  -13.512 0.7777777910
77728  -27.323  1.375  -10.953 0.5555555820
77714  -28.925  1.871  -9.968 0.5555555820
77727  -26.892  1.806  -11.452 0.6666666865
76813  -17.942  1.106  -9.643 0.4444444478
75835  -17.881  -0.326  -10.395 0.5555555820
75864  -20.079  -0.507  -12.864 0.7777777910
74994  -20.900  -1.081  -13.629 1.0000000000
126854  -19.599  -0.894  -12.344 0.8888888955
119546  -21.834  -1.068  -14.354 1.0000000000
75009  -23.816  -1.374  -15.853 0.8888888955
75898  -24.762  -0.856  -16.053 0.8888888955
74997  -24.594  -1.472  -16.190 0.8888888955
76873  -25.221  -0.358  -15.575 0.8888888955
77745  -26.475  1.817  -12.098 0.6666666865
78599  -27.952  2.632  -10.737 0.5555555820
76859  -20.981  0.296  -13.689 0.6666666865
76845  -19.787  0.234  -12.352 0.6666666865
76860  -21.704  0.328  -14.346 0.7777777910
75896  -23.291  -0.561  -15.365 0.8888888955
76871  -23.680  0.130  -15.510 0.7777777910
76872  -24.523  -0.179  -15.803 0.8888888955
117922  -25.029  0.533  -15.544 0.7777777910
77756  -26.033  1.449  -14.272 0.7777777910
77757  -26.245  1.697  -13.090 0.6666666865
78644  -25.893  2.193  -14.871 0.6666666865
78645  -26.181  2.337  -13.808 0.6666666865
78634  -26.439  2.635  -12.602 0.6666666865
80452  -26.869  4.459  -12.389 0.6666666865
79550  -26.569  3.684  -12.663 0.5555555820
80432  -27.218  4.019  -11.749 0.5555555820
79512  -28.298  3.267  -10.757 0.4444444478
78633  -21.525  2.293  -12.831 0.3333333433
78641  -21.687  1.819  -13.697 0.3333333433
77755  -22.199  1.116  -14.512 0.5555555820
78652  -22.388  2.060  -14.387 0.5555555820
130489  -22.991  0.783  -15.105 0.7777777910
130257  -23.536  0.908  -15.368 0.7777777910
78654  -24.066  2.090  -15.607 0.6666666865
77766  -24.701  1.528  -15.663 0.6666666865
78656  -26.099  2.991  -14.474 0.6666666865
79567  -26.017  3.728  -15.002 0.6666666865
122463  -26.555  4.468  -13.185 0.6666666865
81282  -28.157  5.447  -11.595 0.5555555820
81294  -26.911  5.128  -12.683 0.6666666865
78642  -21.995  2.621  -13.499 0.4444444478
78643  -22.635  2.914  -14.189 0.5555555820
78653  -23.283  2.278  -15.052 0.6666666865
78664  -24.646  2.427  -15.757 0.6666666865
78665  -25.344  2.189  -15.535 0.6666666865
78655  -25.593  2.980  -15.402 0.6666666865
81304  -26.956  5.894  -13.086 0.6666666865
82168  -27.577  6.613  -12.651 0.5555555820
81295  -27.481  5.716  -12.262 0.6666666865
79558  -22.938  3.657  -13.854 0.4444444478
79573  -23.969  3.646  -15.437 0.6666666865
78663  -23.977  2.786  -15.523 0.6666666865
79574  -24.733  3.285  -15.865 0.6666666865
118724  -25.137  2.812  -15.787 0.6666666865
79575  -25.174  3.368  -15.882 0.6666666865
81313  -26.292  5.244  -14.754 0.6666666865
66244  -19.877  -10.182  -10.456 0.8888888955
66232  -19.317  -10.379  -9.835 1.0000000000
67255  -19.379  -9.571  -10.149 1.0000000000
67283  -20.248  -8.761  -11.004 1.0000000000
127448  -22.573  -8.400  -12.455 1.0000000000
129539  -15.099  -2.447  -8.483 0.5555555820
137197  -16.053  -0.958  -8.981 0.5555555820
76814  -18.571  -0.086  -10.953 0.5555555820
74968  -19.070  -0.719  -11.755 0.7777777910
74995  -22.437  -1.685  -14.591 1.0000000000
75865  -26.117  -0.239  -13.775 0.8888888955
78615  -26.824  2.497  -11.651 0.6666666865
125852  -24.234  0.712  -15.629 0.7777777910
79530  -27.479  3.130  -11.240 0.4444444478
74918  -13.839  -1.079  -8.360 0.4444444478
75813  -15.018  -0.257  -8.474 0.4444444478
82158  -28.759  6.293  -11.621 0.5555555820
78614  -21.974  2.945  -12.612 0.2222222239
79557  -22.453  3.322  -13.227 0.3333333433
82169  -28.417  6.963  -12.088 0.5555555820
60948  -19.926  -14.685  -8.750 0.5555555820
62025  -20.483  -14.465  -9.353 0.5555555820
63090  -19.611  -13.202  -9.136 0.6666666865
64156  -20.320  -12.708  -9.983 0.5555555820
63103  -21.000  -12.863  -10.361 0.5555555820
130675  -22.738  -11.300  -11.777 0.7777777910
65258  -23.245  -10.969  -11.939 0.8888888955
62001  -19.356  -14.697  -8.004 0.5555555820
64173  -21.281  -12.188  -10.776 0.6666666865
64186  -21.652  -11.618  -11.225 0.6666666865
65256  -22.096  -11.107  -11.666 0.8888888955
66270  -23.888  -9.966  -12.406 0.7777777910
67297  -24.328  -9.406  -12.373 0.7777777910
126826  -24.108  -8.092  -12.670 0.8888888955
63061  -18.018  -13.789  -6.815 0.4444444478
64141  -18.294  -12.020  -8.130 0.5555555820
66221  -17.844  -10.667  -7.865 0.2222222239
67240  -18.328  -9.692  -9.076 0.6666666865
70395  -24.582  -6.486  -12.825 0.8888888955
126911  -25.195  -6.213  -12.645 0.6666666865
71440  -25.997  -5.101  -12.612 0.7777777910
68309  -17.819  -8.263  -8.937 0.5555555820
119478  -27.350  -4.120  -11.800 0.6666666865
133369  -16.187  -6.399  -7.870 0.4444444478
72320  -27.759  -3.811  -11.089 0.5555555820
73166  -13.588  -3.704  -7.707 0.2222222239
75841  -28.368  -1.087  -9.789 0.5555555820
74917  -12.658  -1.365  -8.071 0.4444444478
125620  -28.535  -0.336  -9.708 0.5555555820
76766  -13.662  0.917  -7.271 0.3333333433
76820  -28.515  0.481  -9.827 0.5555555820
76794  -17.253  0.747  -9.424 0.4444444478
77715  -29.686  1.722  -9.750 0.4444444478
77693  -17.384  1.400  -9.027 0.3333333433
78601  -29.553  2.548  -10.086 0.5555555820
79513  -29.106  3.328  -10.470 0.4444444478
132708  -21.248  1.913  -12.467 0.3333333433
77744  -21.195  1.559  -12.958 0.3333333433
77753  -20.789  0.882  -13.015 0.4444444478
79531  -27.998  3.955  -11.107 0.4444444478
81283  -29.118  5.583  -11.261 0.4444444478
137320  -29.960  6.811  -11.584 0.2222222239
126843  -24.618  4.164  -16.004 0.6666666865
79576  -25.420  3.869  -15.782 0.6666666865
80474  -25.884  4.547  -15.435 0.6666666865
130767  -26.300  5.891  -15.006 0.6666666865
82182  -26.533  6.560  -14.589 0.6666666865
118593  -26.588  5.923  -14.068 0.6666666865
82159  -29.387  7.083  -11.774 0.3333333433
79566  -23.408  4.058  -14.480 0.5555555820
63080  -19.243  -13.444  -8.560 0.5555555820
62024  -19.855  -13.924  -9.126 0.6666666865
63091  -20.044  -13.338  -9.570 0.6666666865
123305  -19.520  -11.727  -9.561 0.6666666865
64172  -20.575  -12.036  -10.487 0.7777777910
65245  -20.252  -11.144  -10.508 0.8888888955
122261  -20.706  -9.340  -11.283 1.0000000000
67268  -19.813  -9.235  -10.610 1.0000000000
66257  -20.597  -10.329  -11.025 0.8888888955
66268  -22.440  -9.820  -12.208 1.0000000000
66259  -21.923  -10.306  -11.806 0.8888888955
65257  -22.607  -10.629  -12.018 0.8888888955
62012  -19.052  -13.978  -8.094 0.5555555820
63069  -18.228  -13.470  -7.410 0.4444444478
64130  -18.226  -12.861  -7.722 0.5555555820
64154  -19.011  -12.037  -8.939 0.6666666865
65255  -21.351  -10.784  -11.408 0.8888888955
66267  -21.848  -9.592  -11.897 1.0000000000
67295  -22.850  -9.199  -12.604 1.0000000000
67284  -21.428  -8.957  -11.746 1.0000000000
68346  -21.974  -8.394  -12.047 1.0000000000
68348  -23.976  -8.781  -12.645 1.0000000000
69391  -22.817  -7.673  -12.593 1.0000000000
65225  -18.154  -11.221  -8.152 0.5555555820
66222  -18.251  -10.551  -8.560 0.6666666865
66231  -18.741  -10.495  -9.257 0.8888888955
125799  -18.920  -9.839  -9.663 1.0000000000
69353  -17.958  -7.593  -9.351 1.0000000000
68321  -19.541  -8.149  -10.584 1.0000000000
69365  -19.163  -7.581  -10.430 1.0000000000
127916  -20.807  -8.586  -11.431 1.0000000000
69379  -22.165  -7.764  -12.200 1.0000000000
70365  -19.318  -6.958  -10.639 1.0000000000
69393  -24.350  -7.290  -12.698 0.8888888955
70393  -23.071  -6.824  -12.744 1.0000000000
70391  -21.647  -6.618  -12.101 1.0000000000
70379  -20.479  -6.771  -11.483 1.0000000000
71439  -25.237  -5.531  -12.961 0.7777777910
70348  -17.236  -6.177  -9.018 1.0000000000
128666  -16.298  -5.983  -8.200 0.5555555820
69333  -17.343  -7.560  -8.640 0.6666666865
70349  -18.041  -6.893  -9.625 1.0000000000
70330  -16.756  -6.787  -8.355 0.5555555820
119160  -18.859  -6.402  -10.476 1.0000000000
71395  -18.150  -6.088  -9.914 0.8888888955
71412  -18.734  -5.601  -10.530 1.0000000000
71424  -20.358  -5.621  -11.658 1.0000000000
71436  -21.878  -5.884  -12.435 1.0000000000
71448  -23.336  -5.535  -13.266 1.0000000000
72361  -24.942  -4.692  -14.014 0.8888888955
72349  -26.017  -4.334  -12.893 0.7777777910
73228  -26.789  -3.815  -12.476 0.6666666865
71372  -15.555  -5.305  -7.842 0.5555555820
72276  -15.603  -4.597  -8.227 0.6666666865
71394  -17.305  -5.296  -9.343 0.7777777910
73169  -15.823  -4.061  -8.537 0.7777777910
124571  -16.570  -3.296  -9.258 0.6666666865
73188  -17.235  -3.555  -9.675 0.8888888955
72296  -17.428  -4.439  -9.634 0.8888888955
73209  -17.936  -3.855  -10.247 0.8888888955
71411  -18.025  -5.232  -9.940 0.8888888955
72334  -19.290  -4.430  -11.192 0.8888888955
72345  -20.711  -4.972  -12.033 1.0000000000
139209  -22.441  -4.706  -13.142 1.0000000000
129104  -24.928  -4.289  -14.712 0.8888888955
135980  -26.093  -3.688  -13.073 0.7777777910
74075  -27.765  -2.838  -10.863 0.5555555820
74971  -27.490  -1.903  -10.920 0.6666666865
74034  -15.291  -2.978  -8.481 0.5555555820
74031  -12.512  -2.326  -7.743 0.3333333433
123630  -14.578  -3.614  -8.103 0.3333333433
73168  -15.003  -3.819  -8.152 0.6666666865
74052  -17.121  -2.702  -9.713 0.6666666865
73226  -19.660  -3.808  -11.583 0.8888888955
72357  -21.921  -4.336  -12.896 1.0000000000
134360  -22.093  -3.578  -13.439 1.0000000000
124139  -27.739  -1.067  -10.428 0.5555555820
74112  -23.831  -3.034  -15.343 1.0000000000
75866  -26.450  -0.565  -12.607 0.7777777910
125054  -26.813  -0.915  -11.720 0.7777777910
75852  -27.279  -0.391  -10.946 0.6666666865
75800  -14.004  0.020  -8.165 0.4444444478
74969  -19.490  -1.637  -12.006 0.8888888955
74111  -22.608  -2.411  -14.493 1.0000000000
76829  -27.209  0.492  -11.014 0.6666666865
125902  -28.503  1.231  -10.006 0.5555555820
76800  -29.240  1.062  -9.646 0.5555555820
75814  -16.461  -0.687  -9.281 0.5555555820
74982  -20.236  -1.572  -12.819 0.8888888955
125206  -26.368  1.141  -12.557 0.8888888955
131459  -25.764  0.417  -14.772 0.8888888955
77713  -28.067  1.847  -10.450 0.5555555820
75850  -18.954  -0.014  -11.508 0.5555555820
75863  -19.417  -0.219  -12.108 0.5555555820
75880  -21.300  -0.358  -14.094 0.7777777910
75881  -22.244  -0.413  -14.670 0.7777777910
78600  -28.636  2.601  -10.379 0.5555555820
77743  -20.212  0.726  -12.378 0.5555555820
76858  -20.348  0.245  -13.029 0.5555555820
77754  -21.377  1.010  -13.757 0.4444444478
75879  -20.677  -0.281  -13.502 0.7777777910
76844  -19.333  0.318  -11.805 0.6666666865
77767  -25.518  1.371  -15.159 0.6666666865
79559  -26.314  3.742  -13.863 0.6666666865
123029  -26.312  3.086  -13.449 0.6666666865
79529  -26.794  3.223  -11.900 0.5555555820
80433  -27.860  4.614  -11.453 0.4444444478
80417  -28.694  3.896  -10.777 0.4444444478
77764  -22.982  1.448  -15.036 0.6666666865
77765  -23.792  1.485  -15.476 0.7777777910
80465  -26.313  4.483  -14.340 0.6666666865
122056  -23.348  3.216  -14.774 0.6666666865
75801  -15.924  0.494  -8.580 0.4444444478
76826  -19.063  0.279  -11.471 0.3333333433
75799  -12.820  -0.566  -7.983 0.4444444478
129721  -29.617  6.325  -11.448 0.3333333433
83138  -29.750  7.781  -12.136 0.3333333433
62013  -19.475  -14.157  -8.517 0.5555555820
130522  -23.825  -11.235  -11.587 0.6666666865
62000  -18.590  -14.160  -7.467 0.4444444478
60936  -18.903  -15.050  -7.201 0.5555555820
68349  -24.933  -7.903  -12.392 0.7777777910
64129  -17.854  -12.358  -7.327 0.4444444478
125975  -25.906  -5.853  -12.316 0.6666666865
67253  -18.222  -8.871  -9.219 0.7777777910
72275  -14.894  -4.707  -7.693 0.3333333433
72260  -14.015  -4.725  -7.158 0.1111111119
73153  -12.697  -2.871  -7.468 0.1111111119
76779  -13.205  0.248  -7.748 0.4444444478
76780  -15.080  0.783  -8.175 0.3333333433
82176  -26.973  6.615  -13.602 0.6666666865
83136  -27.978  7.506  -12.699 0.4444444478
62015  -23.306  -14.536  -8.559 0.4444444478
63070  -24.740  -13.884  -7.776 0.2222222239
60949  -20.539  -15.255  -8.752 0.4444444478
60950  -21.244  -15.490  -8.737 0.4444444478
62026  -21.256  -14.394  -9.584 0.4444444478
62028  -22.942  -14.185  -9.269 0.4444444478
64157  -23.826  -13.056  -9.632 0.4444444478
63083  -25.284  -12.685  -8.786 0.2222222239
63104  -21.661  -13.573  -10.083 0.4444444478
130307  -22.451  -13.003  -10.466 0.4444444478
63106  -23.094  -13.236  -9.991 0.4444444478
64145  -26.118  -12.134  -8.615 0.1111111119
65217  -26.921  -11.721  -8.233 0.1111111119
64175  -23.310  -12.720  -10.381 0.4444444478
64176  -24.858  -11.779  -10.196 0.3333333433
137803  -21.680  -12.822  -10.566 0.4444444478
119589  -24.075  -12.350  -10.260 0.3333333433
64160  -26.109  -11.612  -9.222 0.2222222239
132021  -23.525  -12.171  -10.808 0.4444444478
64174  -22.064  -12.326  -10.934 0.5555555820
118431  -22.842  -12.326  -10.963 0.4444444478
66245  -25.837  -10.586  -10.520 0.2222222239
66247  -27.133  -10.005  -9.911 0.1111111119
68311  -27.920  -8.898  -9.953 0.1111111119
66262  -25.951  -9.864  -11.039 0.3333333433
67285  -24.556  -10.171  -11.906 0.4444444478
67286  -25.236  -9.469  -11.810 0.5555555820
68335  -25.512  -8.543  -11.932 0.6666666865
68337  -27.021  -8.020  -11.165 0.4444444478
70366  -28.267  -6.593  -10.621 0.3333333433
69380  -25.754  -7.781  -11.976 0.6666666865
70381  -27.515  -6.568  -11.068 0.5555555820
69394  -25.221  -7.041  -12.389 0.6666666865
70380  -26.608  -6.360  -11.662 0.5555555820
124001  -27.333  -5.906  -11.305 0.5555555820
70382  -28.054  -5.912  -10.827 0.4444444478
71427  -28.240  -5.175  -10.743 0.3333333433
70396  -25.785  -6.524  -12.201 0.5555555820
72321  -28.312  -4.406  -10.633 0.4444444478
72337  -27.746  -4.602  -11.141 0.4444444478
74076  -28.358  -2.835  -10.200 0.4444444478
120314  -25.005  4.140  -16.215 0.5555555820
134516  -24.924  4.558  -16.392 0.5555555820
81324  -25.772  5.434  -15.854 0.5555555820
82193  -26.011  6.307  -15.655 0.5555555820
83144  -26.906  7.409  -14.163 0.5555555820
62014  -22.485  -14.846  -8.907 0.4444444478
63082  -24.443  -13.674  -8.393 0.2222222239
136701  -20.252  -13.882  -9.536 0.4444444478
64159  -25.473  -12.025  -9.377 0.2222222239
65248  -26.325  -10.711  -9.994 0.2222222239
133437  -26.811  -10.462  -9.795 0.1111111119
67270  -26.585  -9.461  -10.869 0.4444444478
67271  -27.246  -9.368  -10.406 0.3333333433
69381  -26.433  -7.700  -11.575 0.6666666865
73214  -28.314  -3.565  -10.474 0.4444444478
123505  -29.244  -0.828  -9.297 0.4444444478
81332  -24.980  5.715  -16.812 0.5555555820
82191  -24.963  6.350  -16.831 0.5555555820
69367  -27.753  -7.434  -10.752 0.2222222239
59856  -21.566  -16.491  -7.572 0.4444444478
60939  -22.504  -15.827  -7.741 0.4444444478
60940  -23.233  -15.471  -7.407 0.4444444478
62003  -24.340  -14.502  -7.365 0.2222222239
62004  -25.059  -14.147  -7.033 0.2222222239
135839  -19.943  -15.232  -8.300 0.4444444478
59870  -21.422  -16.006  -8.156 0.4444444478
64144  -25.829  -12.892  -8.059 0.1111111119
64131  -26.568  -12.396  -7.775 0.1111111119
63071  -25.461  -13.505  -7.520 0.1111111119
66233  -27.290  -10.400  -9.297 0.1111111119
66224  -28.278  -9.862  -8.469 0.1111111119
68312  -28.541  -8.545  -9.499 0.1111111119
69368  -28.572  -7.177  -10.321 0.2222222239
71414  -28.689  -5.747  -10.482 0.1111111119
72322  -28.937  -5.041  -10.282 0.2222222239
73196  -28.872  -4.164  -10.105 0.2222222239
74057  -28.839  -2.443  -9.627 0.4444444478
74939  -28.816  -1.644  -9.528 0.3333333433
75824  -29.904  -0.180  -9.171 0.3333333433
77742  -19.688  0.595  -11.947 0.4444444478
81274  -30.275  4.834  -10.875 0.3333333433
83145  -27.568  7.904  -13.426 0.5555555820
80481  -23.877  4.670  -15.247 0.5555555820
81322  -24.766  5.606  -16.564 0.5555555820
82192  -25.401  6.030  -16.431 0.5555555820
123903  -25.445  6.868  -16.396 0.5555555820
83151  -26.522  7.918  -15.096 0.5555555820
81321  -24.123  5.575  -15.604 0.5555555820
60962  -21.009  -15.011  -9.228 0.4444444478
64187  -22.438  -11.781  -11.393 0.5555555820
64188  -23.255  -11.704  -11.441 0.5555555820
66260  -23.899  -10.613  -11.989 0.6666666865
130271  -24.696  -8.692  -12.375 0.6666666865
71425  -26.795  -5.397  -11.837 0.5555555820
75823  -29.233  0.161  -9.422 0.4444444478
126518  -29.534  5.009  -10.960 0.3333333433
63092  -20.684  -13.645  -9.843 0.4444444478
65259  -24.529  -10.975  -11.330 0.3333333433
65246  -24.124  -11.691  -10.945 0.3333333433
62016  -24.055  -14.211  -8.135 0.3333333433
63081  -23.774  -13.779  -8.913 0.4444444478
59869  -20.868  -15.809  -8.328 0.4444444478
60963  -21.669  -15.008  -9.153 0.4444444478
60951  -22.032  -15.582  -8.481 0.4444444478
62027  -22.106  -14.338  -9.533 0.4444444478
63105  -22.588  -13.675  -9.827 0.4444444478
63093  -23.264  -13.604  -9.534 0.4444444478
63094  -24.521  -13.173  -8.906 0.4444444478
128526  -25.066  -13.315  -8.248 0.2222222239
64158  -24.683  -12.525  -9.525 0.4444444478
65228  -27.166  -11.081  -8.721 0.1111111119
65247  -25.168  -11.094  -10.662 0.3333333433
64177  -25.772  -11.288  -9.908 0.2222222239
65236  -26.611  -11.034  -9.400 0.2222222239
67256  -27.602  -9.658  -9.634 0.1111111119
67257  -28.170  -9.349  -9.234 0.1111111119
66261  -25.245  -10.392  -11.240 0.3333333433
67287  -26.116  -9.094  -11.399 0.4444444478
68336  -26.308  -8.336  -11.524 0.4444444478
131090  -26.894  -8.824  -11.070 0.4444444478
68322  -27.571  -8.447  -10.626 0.3333333433
70367  -28.883  -6.402  -10.317 0.1111111119
69395  -26.129  -7.118  -11.883 0.5555555820
69382  -26.915  -7.204  -11.329 0.5555555820
71426  -27.598  -5.295  -11.234 0.5555555820
81323  -25.068  5.496  -16.663 0.5555555820
80482  -24.624  4.884  -16.221 0.5555555820
83158  -26.287  7.122  -15.294 0.5555555820
60952  -22.879  -15.226  -8.193 0.4444444478
67241  -27.810  -9.948  -9.026 0.1111111119
82190  -24.395  6.370  -16.013 0.5555555820
68323  -28.266  -8.047  -10.217 0.2222222239
59871  -21.955  -16.132  -7.919 0.4444444478
60941  -23.916  -15.119  -7.008 0.2222222239
62002  -23.620  -14.834  -7.770 0.4444444478
60938  -20.327  -15.745  -8.045 0.4444444478
60937  -19.635  -15.496  -7.652 0.4444444478
63072  -26.222  -13.078  -7.256 0.1111111119
55402  -21.963  -21.108  -2.695 0.1111111119
56414  -20.380  -19.862  -5.028 0.3333333433
56402  -21.738  -19.986  -3.690 0.2222222239
55417  -22.138  -20.270  -2.876 0.2222222239
55403  -22.788  -19.771  -2.528 0.1111111119
57490  -18.625  -18.074  -5.191 0.3333333433
139556  -18.816  -19.290  -4.867 0.3333333433
56413  -19.550  -19.645  -5.051 0.3333333433
56423  -20.936  -19.237  -5.394 0.3333333433
57473  -21.678  -18.944  -4.995 0.3333333433
57474  -22.414  -18.549  -4.412 0.2222222239
56403  -22.385  -19.493  -3.264 0.2222222239
57455  -22.595  -18.867  -3.664 0.2222222239
59820  -18.363  -16.627  -5.462 0.2222222239
58672  -18.836  -17.442  -5.598 0.2222222239
58660  -18.193  -17.352  -5.016 0.2222222239
57491  -19.389  -18.102  -5.662 0.3333333433
56422  -20.153  -19.219  -5.470 0.3333333433
59839  -18.818  -16.222  -6.185 0.2222222239
59821  -19.037  -16.908  -5.994 0.3333333433
59840  -19.640  -16.728  -6.597 0.3333333433
58673  -19.554  -17.467  -6.077 0.3333333433
58692  -20.299  -17.445  -6.489 0.3333333433
58694  -21.515  -17.706  -6.338 0.3333333433
58693  -21.035  -17.385  -6.779 0.3333333433
58674  -21.957  -17.895  -5.891 0.3333333433
58695  -22.191  -17.346  -6.251 0.3333333433
58675  -22.545  -17.536  -5.519 0.3333333433
57475  -22.896  -17.778  -4.616 0.1111111119
58676  -23.246  -17.073  -5.118 0.2222222239
60924  -18.530  -15.404  -6.413 0.2222222239
59854  -20.028  -16.222  -7.374 0.3333333433
59841  -20.519  -16.849  -7.040 0.3333333433
58711  -21.732  -17.031  -6.917 0.3333333433
59857  -22.183  -16.438  -7.359 0.3333333433
59822  -22.860  -16.878  -5.884 0.3333333433
59823  -23.539  -16.423  -5.551 0.1111111119
60923  -17.966  -14.926  -5.846 0.3333333433
61991  -18.263  -14.582  -6.624 0.3333333433
59855  -20.835  -16.344  -7.734 0.3333333433
59858  -22.845  -16.046  -6.996 0.3333333433
60926  -23.524  -15.679  -6.659 0.3333333433
74058  -29.481  -2.963  -9.316 0.2222222239
74940  -29.624  -1.904  -9.096 0.2222222239
135861  -30.482  -1.873  -8.765 0.2222222239
137112  -29.849  1.221  -9.581 0.3333333433
76801  -30.042  0.632  -9.398 0.2222222239
56415  -21.238  -19.787  -4.617 0.3333333433
57508  -20.855  -18.009  -6.265 0.3333333433
57493  -21.382  -18.427  -5.773 0.3333333433
60925  -19.256  -15.862  -6.906 0.3333333433
54439  -21.797  -21.961  -2.776 0.1111111119
54440  -22.582  -21.514  -2.335 0.1111111119
127300  -18.797  -19.930  -4.629 0.3333333433
55426  -19.663  -20.470  -4.639 0.3333333433
55427  -20.567  -20.469  -4.468 0.3333333433
55415  -20.800  -21.003  -3.844 0.3333333433
55416  -21.491  -20.726  -3.334 0.3333333433
123133  -22.655  -20.634  -2.304 0.1111111119
57471  -18.378  -18.683  -4.777 0.3333333433
56404  -23.089  -18.910  -2.929 0.1111111119
59803  -17.759  -15.962  -4.911 0.2222222239
137048  -23.328  -17.709  -4.033 0.1111111119
60914  -18.192  -15.726  -5.659 0.2222222239
59843  -23.200  -16.269  -6.282 0.1111111119
60927  -24.092  -15.381  -6.370 0.1111111119
61990  -17.772  -14.145  -6.058 0.1111111119
122743  -30.312  -0.952  -8.943 0.2222222239
77716  -30.840  1.995  -10.147 0.2222222239
77717  -31.230  1.285  -10.105 0.2222222239
63068  -17.814  -13.088  -7.065 0.2222222239
67239  -17.686  -9.030  -8.492 0.5555555820
75825  -30.686  -0.065  -9.264 0.2222222239
55428  -21.183  -20.412  -4.036 0.3333333433
57472  -19.259  -18.829  -5.283 0.3333333433
129033  -17.978  -17.971  -4.577 0.2222222239
57492  -20.604  -18.651  -5.811 0.3333333433
56416  -22.043  -19.296  -4.155 0.2222222239
57494  -22.156  -18.221  -5.256 0.2222222239
135259  -19.921  -18.628  -5.715 0.3333333433
57456  -23.098  -18.223  -3.717 0.1111111119
57507  -20.121  -18.084  -6.037 0.3333333433
58710  -21.154  -16.856  -7.235 0.3333333433
59842  -22.498  -16.692  -6.633 0.3333333433
58661  -23.552  -17.261  -4.340 0.1111111119
60915  -23.819  -15.838  -5.969 0.1111111119
55425  -18.661  -20.675  -4.313 0.3333333433
55424  -17.981  -20.066  -4.139 0.2222222239
54465  -19.282  -21.274  -4.189 0.3333333433
54466  -20.071  -21.175  -4.237 0.3333333433
57470  -17.770  -18.651  -4.156 0.2222222239
74941  -31.151  -1.404  -8.823 0.1111111119
74943  -32.518  -1.203  -9.566 0.1111111119
74942  -31.876  -0.949  -9.244 0.1111111119
75826  -31.577  -0.068  -9.581 0.1111111119
75842  -32.537  -0.153  -10.613 0.1111111119
76802  -30.954  0.657  -9.642 0.1111111119
76803  -31.662  0.623  -10.060 0.1111111119
76821  -32.118  0.487  -10.491 0.1111111119
79515  -30.765  3.319  -10.575 0.2222222239
77718  -31.859  1.104  -10.634 0.1111111119
76830  -32.389  0.657  -11.224 0.1111111119
80419  -30.450  4.044  -10.688 0.1111111119
80418  -29.521  4.183  -10.695 0.2222222239
81285  -30.926  5.355  -11.211 0.1111111119
80420  -31.127  3.952  -10.898 0.1111111119
80436  -31.472  4.606  -11.403 0.1111111119
81284  -30.101  5.668  -11.159 0.1111111119
138521  -23.296  4.947  -13.254 0.4444444478
82161  -31.115  6.094  -11.614 0.1111111119
82202  -24.982  6.219  -16.825 0.4444444478
83146  -28.262  8.230  -12.939 0.3333333433
83137  -28.889  7.837  -12.343 0.2222222239
82170  -31.099  6.852  -11.925 0.1111111119
126507  -31.654  7.246  -12.606 0.1111111119
83164  -24.984  7.219  -16.882 0.4444444478
83156  -24.634  7.212  -16.491 0.4444444478
84099  -24.921  8.097  -16.932 0.4444444478
133147  -25.904  7.588  -15.919 0.4444444478
84093  -25.925  8.293  -15.980 0.4444444478
84083  -26.623  8.622  -15.217 0.4444444478
84830  -27.869  9.177  -13.991 0.4444444478
117715  -28.675  9.382  -13.632 0.2222222239
84075  -29.368  9.079  -13.152 0.2222222239
84832  -30.135  9.572  -13.424 0.2222222239
84076  -30.322  8.862  -12.908 0.2222222239
87118  -31.063  13.107  -17.067 0.1111111119
86326  -31.434  11.605  -15.321 0.1111111119
84845  -32.446  9.455  -14.330 0.1111111119
82175  -23.305  6.402  -13.859 0.4444444478
82181  -23.742  6.386  -14.891 0.4444444478
83155  -23.973  7.138  -15.353 0.3333333433
84092  -25.170  8.582  -16.819 0.4444444478
84839  -26.078  9.293  -16.033 0.4444444478
127501  -27.665  9.694  -14.642 0.4444444478
85596  -25.975  10.874  -16.735 0.3333333433
85578  -27.846  10.275  -14.919 0.3333333433
85579  -28.674  10.533  -14.630 0.1111111119
85580  -29.532  10.687  -14.442 0.1111111119
85581  -30.443  10.663  -14.313 0.1111111119
84843  -30.787  10.047  -13.807 0.1111111119
124296  -31.793  10.941  -14.853 0.1111111119
82167  -23.328  6.281  -12.998 0.2222222239
126686  -24.160  8.009  -15.868 0.3333333433
84091  -24.597  8.679  -16.525 0.3333333433
84859  -25.081  9.364  -17.019 0.3333333433
84852  -27.054  9.897  -15.348 0.4444444478
86322  -26.926  11.425  -16.273 0.2222222239
85587  -27.143  10.701  -15.705 0.2222222239
85589  -29.042  11.134  -14.954 0.2222222239
86324  -29.511  11.717  -15.353 0.1111111119
86323  -27.620  11.711  -16.028 0.1111111119
118316  -27.653  11.258  -15.713 0.1111111119
87105  -29.006  12.295  -15.887 0.1111111119
86325  -30.510  11.744  -15.269 0.1111111119
86332  -28.025  12.193  -16.216 0.1111111119
87106  -29.998  12.326  -15.774 0.1111111119
83150  -23.481  7.148  -14.221 0.3333333433
133952  -23.730  7.731  -14.679 0.3333333433
84072  -23.748  8.614  -13.677 0.3333333433
84850  -24.123  8.924  -15.470 0.3333333433
84858  -25.043  9.917  -17.138 0.3333333433
84860  -25.420  10.077  -16.876 0.3333333433
85595  -25.183  10.544  -17.037 0.2222222239
87110  -27.090  12.070  -16.609 0.1111111119
87111  -28.519  12.850  -16.598 0.1111111119
87113  -30.385  12.824  -16.480 0.1111111119
87874  -30.017  13.639  -19.255 0.1111111119
84060  -24.533  8.567  -11.749 0.1111111119
84065  -24.323  8.967  -12.473 0.1111111119
84829  -24.170  9.895  -13.597 0.2222222239
85573  -24.356  10.602  -14.100 0.2222222239
84838  -24.190  9.787  -14.867 0.3333333433
86321  -24.669  11.285  -15.849 0.2222222239
85577  -24.425  10.529  -15.497 0.3333333433
120935  -25.727  12.269  -17.064 0.1111111119
133992  -25.768  12.797  -17.309 0.1111111119
131352  -26.468  12.672  -17.323 0.1111111119
138218  -27.513  12.609  -16.791 0.1111111119
87855  -28.630  13.436  -17.132 0.1111111119
87860  -28.312  13.766  -17.505 0.1111111119
87856  -29.444  13.216  -16.848 0.1111111119
115928  -30.832  13.388  -17.862 0.1111111119
87863  -31.579  13.235  -17.630 0.1111111119
84821  -24.626  9.805  -11.570 0.1111111119
85563  -24.631  10.551  -12.001 0.1111111119
84825  -24.330  9.881  -12.604 0.1111111119
86313  -24.910  11.473  -12.853 0.1111111119
86314  -25.246  12.051  -13.159 0.1111111119
87095  -24.947  12.176  -14.049 0.1111111119
87103  -24.864  11.888  -16.059 0.2222222239
87852  -24.993  13.444  -15.723 0.1111111119
87104  -24.811  12.678  -15.881 0.1111111119
127244  -25.568  13.943  -16.862 0.1111111119
87854  -25.896  13.287  -17.431 0.1111111119
88663  -26.841  14.364  -17.612 0.1111111119
87859  -27.603  13.960  -17.496 0.1111111119
86295  -25.289  11.282  -11.735 0.1111111119
85564  -25.667  10.847  -11.356 0.1111111119
86307  -25.453  11.752  -12.375 0.1111111119
87096  -25.483  12.639  -13.666 0.1111111119
87835  -25.741  13.253  -14.083 0.1111111119
87847  -25.508  13.520  -14.816 0.1111111119
87848  -26.065  13.838  -14.380 0.1111111119
88659  -25.652  14.847  -16.491 0.1111111119
86308  -26.882  11.936  -12.432 0.1111111119
87836  -26.810  13.295  -13.534 0.1111111119
133468  -32.238  -1.432  -9.203 0.1111111119
122302  -31.160  -0.642  -9.131 0.1111111119
75827  -32.281  -0.496  -9.841 0.1111111119
75854  -33.208  -0.777  -10.990 0.1111111119
77729  -32.073  1.659  -11.333 0.1111111119
78617  -31.668  2.506  -11.137 0.1111111119
81286  -31.589  5.513  -11.778 0.1111111119
81312  -23.543  5.601  -14.520 0.4444444478
84073  -27.848  8.532  -13.532 0.4444444478
84074  -28.498  8.834  -13.318 0.3333333433
84067  -29.628  8.401  -12.573 0.2222222239
127999  -30.977  8.563  -12.883 0.1111111119
82172  -32.170  6.708  -12.900 0.1111111119
83157  -25.220  7.738  -16.706 0.4444444478
86318  -30.031  11.245  -14.769 0.1111111119
86319  -30.956  11.177  -14.737 0.1111111119
123670  -32.425  10.621  -15.018 0.1111111119
84098  -24.951  8.883  -17.032 0.3333333433
86317  -24.580  11.392  -14.485 0.2222222239
87109  -25.249  12.076  -16.597 0.1111111119
88641  -25.683  14.029  -15.192 0.1111111119
88667  -26.068  14.787  -17.753 0.1111111119
87849  -26.789  14.036  -14.060 0.1111111119
87087  -27.440  12.395  -12.730 0.1111111119
74972  -33.780  -1.423  -11.367 0.1111111119
74958  -32.871  -0.928  -10.203 0.1111111119
125301  -30.184  2.099  -9.884 0.2222222239
79514  -29.972  3.376  -10.366 0.2222222239
80473  -23.343  4.880  -14.100 0.4444444478
128025  -24.829  8.035  -16.851 0.4444444478
85588  -28.135  10.903  -15.223 0.2222222239
139372  -24.930  10.697  -11.359 0.1111111119
84811  -25.726  9.618  -10.456 0.1111111119
85565  -26.763  10.666  -11.499 0.1111111119
87085  -25.823  12.333  -12.969 0.1111111119
129332  -26.096  12.949  -13.458 0.1111111119
74959  -33.470  -1.427  -10.528 0.1111111119
74059  -30.234  -2.705  -8.854 0.1111111119
74040  -31.170  -2.425  -8.670 0.1111111119
127755  -34.252  -1.943  -13.184 0.1111111119
134485  -33.975  -1.910  -10.853 0.1111111119
74999  -33.785  -1.433  -13.356 0.1111111119
135169  -33.152  -0.260  -12.290 0.1111111119
75867  -33.089  -0.110  -13.049 0.1111111119
76847  -32.773  0.455  -12.261 0.1111111119
131230  -32.365  1.808  -12.139 0.1111111119
77746  -32.571  1.199  -12.636 0.1111111119
137049  -32.448  1.164  -11.878 0.1111111119
78618  -32.072  2.466  -11.804 0.1111111119
115945  -32.350  3.050  -13.062 0.1111111119
80455  -32.241  4.347  -12.820 0.1111111119
80454  -31.991  4.896  -12.174 0.1111111119
81296  -32.018  5.601  -12.396 0.1111111119
83147  -31.813  7.870  -13.104 0.1111111119
82177  -32.466  6.479  -13.575 0.1111111119
81303  -23.298  5.615  -13.549 0.4444444478
84086  -33.168  8.241  -14.712 0.1111111119
82156  -23.504  6.072  -12.124 0.2222222239
83143  -23.402  7.083  -13.322 0.3333333433
121892  -23.539  7.905  -13.681 0.2222222239
85590  -32.361  11.270  -15.505 0.1111111119
83129  -24.323  7.622  -11.889 0.1111111119
84064  -23.890  8.422  -13.133 0.2222222239
87119  -31.848  12.863  -16.976 0.1111111119
87864  -32.300  13.022  -17.566 0.1111111119
83121  -24.229  7.633  -10.841 0.1111111119
84053  -24.564  8.292  -10.310 0.1111111119
132954  -25.118  9.293  -10.339 0.1111111119
84793  -25.557  9.106  -9.839 0.1111111119
87875  -31.148  13.504  -19.377 0.1111111119
84812  -26.806  9.544  -10.458 0.1111111119
88668  -26.443  15.127  -18.183 0.1111111119
88669  -28.019  14.677  -18.259 0.1111111119
88675  -29.065  13.929  -19.396 0.1111111119
87881  -29.625  13.838  -20.194 0.1111111119
86297  -27.268  11.278  -11.959 0.1111111119
88642  -26.301  14.491  -14.660 0.1111111119
90326  -25.859  15.975  -17.166 0.1111111119
87837  -27.609  13.762  -13.638 0.1111111119
78602  -30.417  2.677  -10.209 0.1111111119
83139  -30.340  7.261  -11.862 0.1111111119
84084  -27.202  8.407  -14.276 0.4444444478
80435  -30.899  4.580  -10.931 0.2222222239
76804  -32.080  0.119  -10.067 0.1111111119
75868  -33.461  -0.790  -11.872 0.1111111119
79532  -31.346  3.231  -10.987 0.1111111119
80437  -31.948  3.963  -11.984 0.1111111119
124706  -31.522  3.797  -11.337 0.1111111119
82171  -31.739  6.316  -12.258 0.1111111119
83140  -31.271  7.990  -12.710 0.1111111119
83148  -32.319  7.355  -13.403 0.1111111119
84841  -28.436  9.880  -14.227 0.2222222239
85574  -29.893  10.209  -13.927 0.1111111119
84833  -31.099  9.231  -13.350 0.2222222239
84834  -31.989  9.003  -13.713 0.1111111119
125098  -31.368  12.582  -16.450 0.1111111119
87862  -30.198  13.329  -17.316 0.1111111119
87107  -30.949  12.257  -15.807 0.1111111119
87114  -32.074  12.369  -16.527 0.1111111119
86334  -32.709  11.785  -16.393 0.1111111119
84846  -33.160  9.058  -14.762 0.1111111119
84085  -32.662  8.645  -14.183 0.1111111119
84844  -31.654  9.771  -13.963 0.2222222239
128902  -26.314  10.210  -16.086 0.3333333433
123969  -31.319  10.495  -14.333 0.2222222239
120680  -28.428  11.594  -15.586 0.2222222239
87112  -29.484  12.730  -16.285 0.1111111119
84082  -23.791  8.401  -14.531 0.3333333433
83134  -23.742  7.686  -12.874 0.1111111119
84837  -23.885  9.149  -14.175 0.3333333433
84851  -24.626  9.573  -16.505 0.3333333433
85594  -25.167  10.611  -17.061 0.2222222239
86331  -26.128  11.797  -16.881 0.1111111119
87861  -29.238  13.577  -17.655 0.1111111119
121098  -30.044  13.545  -18.211 0.1111111119
87867  -29.237  13.738  -18.589 0.1111111119
87868  -30.681  13.505  -18.628 0.1111111119
83114  -24.196  7.885  -9.871 0.1111111119
83135  -24.265  8.200  -12.453 0.1111111119
84828  -24.044  9.155  -13.268 0.1111111119
85586  -24.889  10.492  -16.792 0.3333333433
86329  -25.094  11.221  -16.741 0.2222222239
86330  -25.468  11.282  -16.964 0.1111111119
138727  -25.233  13.120  -16.734 0.1111111119
87858  -26.751  13.500  -17.593 0.1111111119
87117  -27.638  13.228  -17.291 0.1111111119
88670  -28.662  14.091  -18.739 0.1111111119
117559  -28.582  14.009  -18.029 0.1111111119
86294  -24.877  11.186  -12.057 0.1111111119
84810  -24.770  9.028  -10.750 0.1111111119
85570  -24.506  10.734  -12.889 0.1111111119
129831  -24.829  11.706  -13.541 0.1111111119
87101  -25.067  12.862  -14.768 0.1111111119
124510  -24.610  11.213  -13.511 0.1111111119
87100  -24.736  12.079  -15.145 0.1111111119
88658  -25.167  14.117  -16.188 0.1111111119
89485  -25.957  15.085  -17.206 0.1111111119
88664  -27.737  14.362  -17.721 0.1111111119
85550  -25.356  10.322  -10.933 0.1111111119
85551  -26.254  10.141  -10.972 0.1111111119
86296  -26.113  11.487  -11.923 0.1111111119
125270  -26.104  12.064  -12.481 0.1111111119
134168  -26.289  13.484  -13.871 0.1111111119
88655  -25.851  14.749  -15.469 0.1111111119
134782  -25.897  15.648  -16.355 0.1111111119
74923  -31.874  -1.743  -8.868 0.1111111119
84078  -32.228  8.219  -13.589 0.1111111119
84853  -32.937  9.964  -14.954 0.1111111119
85591  -32.884  10.622  -15.392 0.1111111119
135351  -25.732  15.262  -17.980 0.1111111119
136066  -26.896  14.741  -14.434 0.1111111119
74986  -34.001  -1.538  -12.394 0.1111111119
79551  -32.126  3.133  -12.251 0.1111111119
131940  -32.235  3.643  -12.699 0.1111111119
83152  -32.762  7.833  -14.104 0.1111111119
85592  -33.456  10.202  -15.657 0.1111111119
83113  -23.836  7.261  -10.384 0.1111111119
87115  -32.554  12.475  -17.011 0.1111111119
89497  -27.639  15.346  -18.807 0.1111111119
89472  -26.031  15.502  -15.670 0.1111111119
90302  -26.125  16.185  -16.015 0.1111111119
68297  -16.785  -8.067  -7.603 0.2222222239
69331  -16.176  -6.801  -7.576 0.2222222239
65216  -17.838  -11.511  -7.491 0.3333333433
69332  -16.700  -7.520  -7.944 0.4444444478
80464  -23.181  4.312  -13.492 0.3333333433
79549  -22.996  3.843  -12.900 0.2222222239
81281  -23.357  5.234  -12.098 0.1111111119
81293  -23.351  5.430  -12.726 0.2222222239
77726  -19.985  0.770  -11.992 0.2222222239
76827  -19.435  0.522  -11.719 0.1111111119
125032  -17.465  -9.387  -7.907 0.2222222239
77708  -19.399  0.936  -10.679 0.1111111119
78613  -21.737  2.516  -12.332 0.1111111119
80430  -22.783  3.705  -12.029 0.1111111119
81272  -22.577  5.073  -11.017 0.1111111119
81273  -23.493  6.104  -11.538 0.1111111119
128854  -17.656  -12.038  -6.968 0.2222222239
67225  -17.586  -9.974  -7.635 0.2222222239
122458  -17.822  -9.895  -8.247 0.3333333433
74904  -11.689  -1.178  -7.444 0.2222222239
79548  -22.626  3.516  -12.363 0.1111111119
74008  -12.052  -2.238  -7.164 0.1111111119
75778  -11.878  -0.219  -6.717 0.3333333433
80451  -23.222  4.526  -12.580 0.3333333433
67238  -17.191  -8.747  -7.805 0.2222222239
80450  -23.035  3.940  -12.250 0.1111111119
80431  -23.136  4.314  -12.115 0.1111111119
79528  -22.241  3.139  -12.075 0.1111111119
80429  -21.881  3.725  -10.912 0.1111111119
132473  -22.319  4.334  -11.170 0.1111111119
69355  -28.861  -7.693  -9.780 0.1111111119
54453  -18.774  -21.889  -3.771 0.1111111119
124858  -20.428  -21.630  -3.800 0.1111111119
121290  -20.403  -22.310  -3.650 0.1111111119
53479  -17.243  -21.935  -2.998 0.1111111119
55414  -17.809  -20.827  -3.764 0.1111111119
56411  -17.584  -19.425  -3.749 0.1111111119
56412  -18.144  -19.330  -4.432 0.1111111119
119798  -17.632  -12.273  -6.679 0.1111111119
69311  -15.638  -6.685  -7.074 0.1111111119
69312  -16.306  -7.411  -7.248 0.1111111119
68298  -17.223  -8.224  -8.213 0.1111111119
77681  -15.180  1.293  -7.794 0.2222222239
76793  -16.720  1.067  -8.798 0.2222222239
77671  -16.692  1.529  -7.952 0.2222222239
77682  -17.429  1.507  -8.621 0.2222222239
54452  -17.908  -21.629  -3.571 0.1111111119
70309  -14.987  -5.954  -7.040 0.1111111119
70329  -15.593  -6.067  -7.452 0.1111111119
53482  -19.739  -22.987  -3.589 0.1111111119
54438  -16.661  -21.247  -2.238 0.1111111119
138408  -17.321  -20.685  -3.286 0.1111111119
56401  -17.172  -19.750  -2.765 0.1111111119
128763  -17.702  -17.932  -3.894 0.1111111119
58659  -17.799  -17.238  -4.356 0.1111111119
59804  -17.891  -16.726  -4.798 0.1111111119
64106  -17.589  -13.005  -6.289 0.1111111119
65206  -17.642  -11.596  -7.063 0.1111111119
69293  -15.803  -7.350  -7.391 0.1111111119
77662  -15.430  1.442  -6.662 0.2222222239
77683  -18.025  1.547  -8.728 0.2222222239
124335  -18.276  1.358  -9.327 0.1111111119
54455  -21.191  -21.593  -3.322 0.1111111119
53481  -19.005  -22.639  -3.483 0.1111111119
116518  -17.921  1.498  -9.210 0.2222222239
77694  -18.365  1.137  -9.745 0.1111111119
77669  -14.696  1.409  -7.195 0.2222222239
71371  -14.983  -5.460  -7.358 0.1111111119
118066  -17.674  -16.435  -4.216 0.1111111119
137053  -17.625  -15.816  -4.422 0.1111111119
60913  -17.737  -15.262  -5.242 0.1111111119
63060  -17.689  -13.364  -6.359 0.1111111119
64117  -17.649  -12.650  -6.700 0.1111111119
54464  -18.496  -21.284  -3.986 0.1111111119
54454  -19.674  -21.995  -3.825 0.1111111119
136853  -16.963  -8.447  -7.527 0.1111111119
67224  -17.337  -9.255  -7.580 0.1111111119
53480  -18.126  -22.341  -3.326 0.1111111119
54451  -17.247  -21.191  -3.134 0.1111111119
125325  -17.392  -20.190  -3.438 0.1111111119
64107  -18.211  -12.179  -5.605 0.1111111119
76760  -16.936  1.232  -7.424 0.1111111119
57439  -17.339  -18.997  -2.524 0.1111111119
66211  -17.672  -10.739  -7.402 0.1111111119
77684  -18.702  1.140  -9.058 0.1111111119
77695  -18.823  0.979  -9.832 0.1111111119
121852  -20.700  1.243  -12.408 0.1111111119
76749  -13.396  0.882  -5.901 0.1111111119
124815  -20.961  1.653  -11.477 0.1111111119
65227  -26.604  -11.528  -8.837 0.2222222239
66246  -26.568  -10.078  -10.361 0.1111111119
68333  -20.576  -8.002  -11.347 1.0000000000
70390  -20.992  -6.551  -11.801 1.0000000000
70404  -23.636  -6.063  -13.048 1.0000000000
71370  -14.728  -5.289  -7.332 0.1111111119
71435  -21.100  -5.895  -12.038 1.0000000000
71438  -24.750  -5.853  -13.055 0.7777777910
72273  -13.639  -4.170  -7.401 0.1111111119
72274  -14.702  -4.641  -7.649 0.1111111119
72317  -18.286  -4.700  -10.322 0.8888888955
72359  -23.756  -4.727  -13.910 1.0000000000
73154  -13.278  -3.734  -7.450 0.2222222239
73167  -14.645  -4.126  -7.917 0.3333333433
73195  -28.836  -3.323  -9.835 0.2222222239
73225  -19.023  -3.553  -11.183 0.7777777910
73242  -19.978  -3.118  -11.914 0.8888888955
73244  -21.357  -3.402  -12.903 0.8888888955
73259  -25.340  -3.492  -15.016 0.8888888955
74020  -12.072  -1.859  -7.531 0.1111111119
74032  -13.206  -2.617  -7.992 0.3333333433
74101  -20.788  -2.535  -12.936 0.8888888955
74892  -11.495  -0.888  -6.971 0.2222222239
74916  -12.136  -1.587  -7.728 0.2222222239
74932  -17.414  -1.782  -10.064 0.7777777910
75008  -22.836  -1.172  -14.956 1.0000000000
75770  -13.819  0.724  -5.306 0.1111111119
75787  -11.657  -0.509  -7.324 0.3333333433
75798  -12.014  -0.897  -7.706 0.2222222239
75853  -32.898  -0.140  -11.532 0.1111111119
75897  -24.168  -0.773  -15.969 0.8888888955
76750  -14.332  1.178  -5.646 0.1111111119
76757  -13.246  0.861  -6.693 0.3333333433
76758  -13.948  1.313  -6.481 0.1111111119
76764  -11.990  0.011  -7.185 0.3333333433
76765  -12.746  0.405  -7.260 0.4444444478
76778  -12.219  -0.208  -7.588 0.3333333433
76870  -22.676  0.242  -14.906 0.7777777910
77663  -16.182  1.386  -7.019 0.1111111119
77670  -15.715  1.486  -7.486 0.2222222239
77698  -30.402  1.386  -9.734 0.3333333433
77725  -19.013  0.832  -10.810 0.3333333433
78603  -31.143  2.606  -10.573 0.1111111119
78616  -27.395  2.235  -11.039 0.6666666865
78635  -32.352  2.439  -12.586 0.1111111119
79533  -31.766  3.187  -11.569 0.1111111119
79560  -32.353  3.738  -13.448 0.1111111119
80434  -28.671  4.683  -11.073 0.3333333433
80453  -27.371  4.913  -11.963 0.5555555820
80483  -24.968  5.032  -16.580 0.5555555820
80484  -25.256  4.731  -16.245 0.5555555820
82157  -28.047  6.230  -11.952 0.5555555820
82160  -30.446  6.434  -11.536 0.3333333433
84066  -28.927  8.510  -12.802 0.3333333433
84068  -30.499  8.077  -12.433 0.1111111119
84077  -31.562  8.485  -13.232 0.1111111119
84822  -24.959  9.907  -10.814 0.1111111119
84831  -29.271  9.759  -13.725 0.2222222239
84840  -27.107  9.191  -14.879 0.4444444478
84842  -29.144  10.239  -14.171 0.1111111119
85582  -32.126  10.235  -14.526 0.2222222239
86333  -31.840  12.020  -15.964 0.1111111119
87086  -26.625  12.579  -12.961 0.1111111119
87870  -32.628  13.167  -18.275 0.1111111119
88662  -26.076  14.252  -17.406 0.1111111119
115422  -18.815  0.905  -10.273 0.1111111119
119349  -31.512  1.862  -10.639 0.1111111119
123069  -27.401  7.212  -13.289 0.6666666865
123967  -16.904  1.458  -8.487 0.2222222239
123990  -11.656  -1.547  -7.212 0.1111111119
124147  -13.422  -1.980  -8.280 0.4444444478
125501  -19.808  -8.603  -10.704 1.0000000000
126125  -14.284  0.852  -7.789 0.3333333433
127615  -13.117  -3.157  -7.629 0.1111111119
128719  -12.680  -1.999  -8.012 0.3333333433
131169  -31.005  7.513  -12.245 0.1111111119
131496  -17.697  -3.150  -10.203 0.7777777910
132044  -18.853  -2.853  -11.235 0.8888888955
132396  -24.517  8.201  -11.105 0.1111111119
134183  -16.065  1.366  -8.170 0.2222222239
134772  -17.041  -1.242  -9.728 0.6666666865
135540  -26.590  5.207  -13.643 0.6666666865
136764  -30.675  5.901  -11.367 0.1111111119
137400  -28.098  -0.661  -10.027 0.5555555820
138662  -28.530  -6.147  -10.546 0.1111111119
138705  -24.682  -11.398  -10.776 0.3333333433
139200  -18.437  -0.562  -10.953 0.6666666865
139229  -27.296  -4.789  -11.655 0.4444444478
