#!ascii label  , from subject sub-v1s4x0050683_ses-1 vox2ras=TkReg
968
56402  -21.738  -19.986  -3.690 0.4285714328
57474  -22.414  -18.549  -4.412 0.2857142985
57455  -22.595  -18.867  -3.664 0.4285714328
57456  -23.098  -18.223  -3.717 0.4285714328
58645  -23.778  -17.593  -3.562 0.4285714328
57475  -22.896  -17.778  -4.616 0.2857142985
58661  -23.552  -17.261  -4.340 0.4285714328
59805  -23.969  -16.526  -4.732 0.4285714328
59843  -23.200  -16.269  -6.282 0.4285714328
115223  -24.097  -15.987  -5.345 0.4285714328
60927  -24.092  -15.381  -6.370 0.4285714328
61992  -24.606  -14.817  -6.501 0.4285714328
62016  -24.055  -14.211  -8.135 0.5714285970
62003  -24.340  -14.502  -7.365 0.5714285970
62004  -25.059  -14.147  -7.033 0.4285714328
63071  -25.461  -13.505  -7.520 0.2857142985
63082  -24.443  -13.674  -8.393 0.7142857313
64131  -26.568  -12.396  -7.775 0.7142857313
65217  -26.921  -11.721  -8.233 0.4285714328
64144  -25.829  -12.892  -8.059 0.7142857313
65228  -27.166  -11.081  -8.721 0.5714285970
64145  -26.118  -12.134  -8.615 0.5714285970
66233  -27.290  -10.400  -9.297 0.5714285970
66223  -27.720  -10.482  -8.552 0.5714285970
64160  -26.109  -11.612  -9.222 0.5714285970
66224  -28.278  -9.862  -8.469 0.4285714328
67257  -28.170  -9.349  -9.234 0.5714285970
68313  -29.198  -8.190  -8.946 0.5714285970
66247  -27.133  -10.005  -9.911 0.7142857313
68312  -28.541  -8.545  -9.499 0.7142857313
69340  -29.797  -7.577  -8.709 0.5714285970
67256  -27.602  -9.658  -9.634 0.5714285970
66245  -25.837  -10.586  -10.520 0.5714285970
68311  -27.920  -8.898  -9.953 0.8571428657
69356  -29.410  -7.282  -9.429 0.7142857313
70338  -29.981  -6.827  -9.138 0.5714285970
67271  -27.246  -9.368  -10.406 0.7142857313
67270  -26.585  -9.461  -10.869 0.5714285970
70354  -29.479  -6.438  -9.775 0.7142857313
70339  -30.546  -6.427  -8.738 0.5714285970
68323  -28.266  -8.047  -10.217 0.7142857313
131745  -29.081  -6.986  -10.014 0.7142857313
71402  -30.117  -5.408  -9.413 0.5714285970
69368  -28.572  -7.177  -10.321 0.7142857313
118815  -31.220  -5.023  -8.768 0.5714285970
69367  -27.753  -7.434  -10.752 0.5714285970
134950  -29.670  -5.786  -9.718 0.7142857313
72305  -30.006  -4.789  -9.434 0.7142857313
72283  -30.664  -4.899  -9.146 0.7142857313
71414  -28.689  -5.747  -10.482 0.7142857313
71415  -29.223  -5.783  -10.130 0.7142857313
72304  -29.536  -5.247  -9.801 0.7142857313
73175  -30.796  -3.449  -8.841 0.7142857313
117921  -30.464  -4.240  -9.149 0.5714285970
72322  -28.937  -5.041  -10.282 0.7142857313
70381  -27.515  -6.568  -11.068 0.5714285970
74040  -31.170  -2.425  -8.670 0.5714285970
74923  -31.874  -1.743  -8.868 0.5714285970
70382  -28.054  -5.912  -10.827 0.8571428657
74059  -30.234  -2.705  -8.854 0.7142857313
73196  -28.872  -4.164  -10.105 0.8571428657
132015  -29.408  -3.831  -9.578 0.7142857313
122743  -30.312  -0.952  -8.943 0.8571428657
74942  -31.876  -0.949  -9.244 0.5714285970
135861  -30.482  -1.873  -8.765 0.8571428657
74057  -28.839  -2.443  -9.627 0.8571428657
74058  -29.481  -2.963  -9.316 0.8571428657
75824  -29.904  -0.180  -9.171 0.8571428657
76802  -30.954  0.657  -9.642 0.8571428657
137112  -29.849  1.221  -9.581 0.8571428657
74940  -29.624  -1.904  -9.096 0.8571428657
75823  -29.233  0.161  -9.422 0.8571428657
75840  -27.910  -0.142  -10.249 1.0000000000
76820  -28.515  0.481  -9.827 1.0000000000
123505  -29.244  -0.828  -9.297 0.8571428657
76800  -29.240  1.062  -9.646 1.0000000000
125620  -28.535  -0.336  -9.708 1.0000000000
77714  -28.925  1.871  -9.968 1.0000000000
77727  -26.892  1.806  -11.452 0.7142857313
125902  -28.503  1.231  -10.006 1.0000000000
76819  -27.844  0.796  -10.389 1.0000000000
77713  -28.067  1.847  -10.450 1.0000000000
81282  -28.157  5.447  -11.595 1.0000000000
80452  -26.869  4.459  -12.389 0.8571428657
82168  -27.577  6.613  -12.651 0.8571428657
81295  -27.481  5.716  -12.262 1.0000000000
84830  -27.869  9.177  -13.991 0.8571428657
83145  -27.568  7.904  -13.426 0.8571428657
83136  -27.978  7.506  -12.699 1.0000000000
85578  -27.846  10.275  -14.919 0.8571428657
84841  -28.436  9.880  -14.227 0.8571428657
85588  -28.135  10.903  -15.223 0.7142857313
84839  -26.078  9.293  -16.033 0.5714285970
86322  -26.926  11.425  -16.273 0.7142857313
118316  -27.653  11.258  -15.713 0.5714285970
84858  -25.043  9.917  -17.138 0.5714285970
84859  -25.081  9.364  -17.019 0.5714285970
85586  -24.889  10.492  -16.792 0.4285714328
120935  -25.727  12.269  -17.064 0.4285714328
131352  -26.468  12.672  -17.323 0.4285714328
124510  -24.610  11.213  -13.511 0.2857142985
129831  -24.829  11.706  -13.541 0.2857142985
86317  -24.580  11.392  -14.485 0.2857142985
86314  -25.246  12.051  -13.159 0.2857142985
67241  -27.810  -9.948  -9.026 0.5714285970
133468  -32.238  -1.432  -9.203 0.5714285970
73197  -30.012  -3.595  -9.113 0.7142857313
74941  -31.151  -1.404  -8.823 0.8571428657
75826  -31.577  -0.068  -9.581 0.8571428657
75825  -30.686  -0.065  -9.264 0.8571428657
76801  -30.042  0.632  -9.398 0.8571428657
79512  -28.298  3.267  -10.757 0.8571428657
85565  -26.763  10.666  -11.499 0.1428571492
57494  -22.156  -18.221  -5.256 0.2857142985
58675  -22.545  -17.536  -5.519 0.2857142985
58676  -23.246  -17.073  -5.118 0.2857142985
59823  -23.539  -16.423  -5.551 0.4285714328
60916  -24.508  -15.412  -5.715 0.4285714328
60941  -23.916  -15.119  -7.008 0.4285714328
61980  -25.035  -14.858  -5.831 0.4285714328
60940  -23.233  -15.471  -7.407 0.5714285970
63070  -24.740  -13.884  -7.776 0.5714285970
63072  -26.222  -13.078  -7.256 0.4285714328
63094  -24.521  -13.173  -8.906 0.2857142985
128526  -25.066  -13.315  -8.248 0.7142857313
64159  -25.473  -12.025  -9.377 0.5714285970
67243  -29.309  -8.885  -8.180 0.4285714328
64177  -25.772  -11.288  -9.908 0.7142857313
65248  -26.325  -10.711  -9.994 0.7142857313
67242  -28.733  -9.083  -8.715 0.5714285970
69355  -28.861  -7.693  -9.780 0.7142857313
66262  -25.951  -9.864  -11.039 0.5714285970
131090  -26.894  -8.824  -11.070 0.5714285970
71379  -30.756  -5.637  -8.918 0.5714285970
70367  -28.883  -6.402  -10.317 0.7142857313
72284  -31.243  -4.266  -8.827 0.5714285970
120726  -29.425  -4.585  -9.760 0.7142857313
122302  -31.160  -0.642  -9.131 0.5714285970
77715  -29.686  1.722  -9.750 1.0000000000
135280  -27.254  -1.215  -11.116 1.0000000000
77728  -27.323  1.375  -10.953 0.8571428657
79529  -26.794  3.223  -11.900 0.7142857313
79530  -27.479  3.130  -11.240 1.0000000000
80417  -28.694  3.896  -10.777 1.0000000000
80432  -27.218  4.019  -11.749 0.7142857313
79531  -27.998  3.955  -11.107 1.0000000000
84073  -27.848  8.532  -13.532 0.8571428657
82169  -28.417  6.963  -12.088 1.0000000000
84852  -27.054  9.897  -15.348 0.7142857313
86329  -25.094  11.221  -16.741 0.7142857313
85596  -25.975  10.874  -16.735 0.7142857313
84851  -24.626  9.573  -16.505 0.4285714328
87100  -24.736  12.079  -15.145 0.2857142985
87109  -25.249  12.076  -16.597 0.4285714328
87110  -27.090  12.070  -16.609 0.4285714328
133992  -25.768  12.797  -17.309 0.4285714328
87104  -24.811  12.678  -15.881 0.4285714328
64158  -24.683  -12.525  -9.525 0.4285714328
64176  -24.858  -11.779  -10.196 0.4285714328
86321  -24.669  11.285  -15.849 0.4285714328
85594  -25.167  10.611  -17.061 0.7142857313
87103  -24.864  11.888  -16.059 0.2857142985
87095  -24.947  12.176  -14.049 0.2857142985
56403  -22.385  -19.493  -3.264 0.4285714328
56416  -22.043  -19.296  -4.155 0.2857142985
133666  -23.617  -18.227  -3.023 0.4285714328
137048  -23.328  -17.709  -4.033 0.4285714328
59858  -22.845  -16.046  -6.996 0.2857142985
60915  -23.819  -15.838  -5.969 0.4285714328
60926  -23.524  -15.679  -6.659 0.4285714328
62002  -23.620  -14.834  -7.770 0.4285714328
63083  -25.284  -12.685  -8.786 0.5714285970
65236  -26.611  -11.034  -9.400 0.5714285970
133437  -26.811  -10.462  -9.795 0.5714285970
68299  -29.744  -8.260  -8.200 0.5714285970
65247  -25.168  -11.094  -10.662 0.7142857313
68322  -27.571  -8.447  -10.626 0.5714285970
70355  -30.099  -6.085  -9.329 0.5714285970
68337  -27.021  -8.020  -11.165 0.7142857313
70366  -28.267  -6.593  -10.621 0.8571428657
139193  -29.859  -4.235  -9.387 0.7142857313
74939  -28.816  -1.644  -9.528 0.8571428657
73214  -28.314  -3.565  -10.474 0.8571428657
75841  -28.368  -1.087  -9.789 1.0000000000
78615  -26.824  2.497  -11.651 0.8571428657
127501  -27.665  9.694  -14.642 0.8571428657
85587  -27.143  10.701  -15.705 0.7142857313
128902  -26.314  10.210  -16.086 0.5714285970
85595  -25.183  10.544  -17.037 0.5714285970
84860  -25.420  10.077  -16.876 0.5714285970
84838  -24.190  9.787  -14.867 0.4285714328
85577  -24.425  10.529  -15.497 0.4285714328
86330  -25.468  11.282  -16.964 0.4285714328
86313  -24.910  11.473  -12.853 0.2857142985
86307  -25.453  11.752  -12.375 0.2857142985
86296  -26.113  11.487  -11.923 0.1428571492
59822  -22.860  -16.878  -5.884 0.2857142985
86331  -26.128  11.797  -16.881 0.5714285970
89496  -26.381  16.051  -18.792 0.2857142985
89493  -25.655  15.910  -18.347 0.1428571492
88663  -26.841  14.364  -17.612 0.2857142985
89497  -27.639  15.346  -18.807 0.2857142985
90326  -25.859  15.975  -17.166 0.1428571492
90327  -25.736  16.777  -17.839 0.1428571492
88658  -25.167  14.117  -16.188 0.1428571492
127244  -25.568  13.943  -16.862 0.2857142985
88659  -25.652  14.847  -16.491 0.1428571492
88670  -28.662  14.091  -18.739 0.2857142985
87863  -31.579  13.235  -17.630 0.2857142985
121098  -30.044  13.545  -18.211 0.2857142985
90302  -26.125  16.185  -16.015 0.1428571492
87858  -26.751  13.500  -17.593 0.2857142985
87106  -29.998  12.326  -15.774 0.2857142985
117559  -28.582  14.009  -18.029 0.2857142985
85590  -32.361  11.270  -15.505 0.1428571492
87113  -30.385  12.824  -16.480 0.2857142985
87861  -29.238  13.577  -17.655 0.2857142985
134782  -25.897  15.648  -16.355 0.1428571492
87855  -28.630  13.436  -17.132 0.2857142985
87859  -27.603  13.960  -17.496 0.2857142985
84861  -34.016  9.640  -16.105 0.1428571492
85591  -32.884  10.622  -15.392 0.1428571492
87107  -30.949  12.257  -15.807 0.4285714328
86332  -28.025  12.193  -16.216 0.2857142985
84834  -31.989  9.003  -13.713 0.2857142985
85581  -30.443  10.663  -14.313 0.4285714328
86324  -29.511  11.717  -15.353 0.2857142985
118093  -32.721  6.985  -14.209 0.1428571492
84844  -31.654  9.771  -13.963 0.2857142985
84832  -30.135  9.572  -13.424 0.5714285970
85579  -28.674  10.533  -14.630 0.7142857313
82177  -32.466  6.479  -13.575 0.1428571492
83147  -31.813  7.870  -13.104 0.1428571492
85580  -29.532  10.687  -14.442 0.7142857313
120680  -28.428  11.594  -15.586 0.4285714328
84076  -30.322  8.862  -12.908 0.4285714328
81297  -32.290  5.185  -12.959 0.2857142985
82171  -31.739  6.316  -12.258 0.7142857313
117715  -28.675  9.382  -13.632 0.7142857313
82158  -28.759  6.293  -11.621 0.8571428657
83139  -30.340  7.261  -11.862 0.8571428657
84067  -29.628  8.401  -12.573 0.5714285970
79568  -32.314  3.767  -14.341 0.2857142985
80466  -32.383  4.606  -13.830 0.2857142985
83144  -26.906  7.409  -14.163 0.5714285970
83137  -28.889  7.837  -12.343 0.8571428657
79560  -32.353  3.738  -13.448 0.1428571492
81286  -31.589  5.513  -11.778 0.7142857313
118775  -32.400  3.052  -13.918 0.1428571492
74104  -26.280  -2.437  -13.239 0.5714285970
139312  -27.549  0.184  -10.627 0.8571428657
76829  -27.209  0.492  -11.014 0.8571428657
75866  -26.450  -0.565  -12.607 0.4285714328
76828  -26.687  1.011  -11.707 0.5714285970
80433  -27.860  4.614  -11.453 0.8571428657
79514  -29.972  3.376  -10.366 0.8571428657
81283  -29.118  5.583  -11.261 0.8571428657
115945  -32.350  3.050  -13.062 0.2857142985
80435  -30.899  4.580  -10.931 0.8571428657
81284  -30.101  5.668  -11.159 0.8571428657
83138  -29.750  7.781  -12.136 0.8571428657
77768  -32.462  1.674  -14.278 0.4285714328
80437  -31.948  3.963  -11.984 0.7142857313
73246  -25.877  -3.222  -13.654 0.2857142985
74985  -26.531  -1.562  -12.667 0.5714285970
78600  -28.636  2.601  -10.379 0.8571428657
79513  -29.106  3.328  -10.470 0.8571428657
80418  -29.521  4.183  -10.695 0.8571428657
81274  -30.275  4.834  -10.875 0.8571428657
78618  -32.072  2.466  -11.804 0.4285714328
79532  -31.346  3.231  -10.987 0.8571428657
80419  -30.450  4.044  -10.688 0.8571428657
77758  -32.574  1.393  -13.439 0.4285714328
70396  -25.785  -6.524  -12.201 0.7142857313
71439  -25.237  -5.531  -12.961 0.4285714328
70380  -26.608  -6.360  -11.662 0.7142857313
72337  -27.746  -4.602  -11.141 0.8571428657
72336  -26.760  -4.571  -12.225 0.5714285970
135980  -26.093  -3.688  -13.073 0.5714285970
73245  -25.426  -4.092  -13.790 0.4285714328
72320  -27.759  -3.811  -11.089 0.8571428657
73229  -27.290  -3.232  -11.904 0.5714285970
74088  -26.902  -2.441  -12.315 0.5714285970
74957  -28.142  -1.986  -10.163 0.8571428657
74971  -27.490  -1.903  -10.920 0.7142857313
77718  -31.859  1.104  -10.634 0.7142857313
77717  -31.230  1.285  -10.105 0.7142857313
125301  -30.184  2.099  -9.884 0.7142857313
78602  -30.417  2.677  -10.209 0.8571428657
75884  -32.863  0.019  -13.884 0.2857142985
137049  -32.448  1.164  -11.878 0.4285714328
77746  -32.571  1.199  -12.636 0.5714285970
68336  -26.308  -8.336  -11.524 0.4285714328
69380  -25.754  -7.781  -11.976 0.4285714328
70395  -24.582  -6.486  -12.825 0.4285714328
72321  -28.312  -4.406  -10.633 0.7142857313
74075  -27.765  -2.838  -10.863 0.8571428657
76804  -32.080  0.119  -10.067 0.7142857313
75867  -33.089  -0.110  -13.049 0.2857142985
76821  -32.118  0.487  -10.491 0.5714285970
76803  -31.662  0.623  -10.060 0.5714285970
67287  -26.116  -9.094  -11.399 0.4285714328
130271  -24.696  -8.692  -12.375 0.5714285970
69382  -26.915  -7.204  -11.329 0.5714285970
69395  -26.129  -7.118  -11.883 0.5714285970
71427  -28.240  -5.175  -10.743 0.7142857313
74943  -32.518  -1.203  -9.566 0.4285714328
75842  -32.537  -0.153  -10.613 0.4285714328
135169  -33.152  -0.260  -12.290 0.4285714328
70340  -31.103  -6.142  -8.366 0.4285714328
71381  -31.884  -4.784  -8.337 0.4285714328
74061  -33.397  -2.400  -9.301 0.4285714328
73176  -31.648  -3.353  -8.626 0.4285714328
74077  -33.771  -2.061  -10.114 0.4285714328
61993  -25.341  -14.352  -6.260 0.1428571492
135349  -31.946  -4.022  -8.501 0.4285714328
73177  -32.621  -3.431  -8.474 0.4285714328
64118  -26.915  -12.570  -6.974 0.1428571492
66213  -28.687  -10.329  -7.446 0.2857142985
132438  -32.288  -6.965  -6.919 0.2857142985
72266  -33.956  -4.677  -7.989 0.2857142985
71361  -33.107  -5.468  -7.473 0.2857142985
131409  -30.169  -7.776  -8.116 0.4285714328
72264  -32.682  -4.847  -7.910 0.2857142985
70317  -31.727  -6.321  -7.668 0.2857142985
116650  -33.893  -4.134  -8.373 0.2857142985
72286  -33.206  -4.252  -8.136 0.4285714328
63062  -26.567  -13.255  -6.345 0.1428571492
64119  -27.574  -12.110  -6.676 0.2857142985
65207  -27.916  -11.438  -7.102 0.2857142985
67216  -30.621  -9.403  -6.515 0.2857142985
69302  -31.902  -7.779  -6.644 0.2857142985
68286  -31.065  -8.053  -7.075 0.2857142985
132970  -29.786  -8.779  -7.734 0.2857142985
69323  -31.435  -7.237  -7.319 0.2857142985
63063  -27.217  -12.688  -6.302 0.1428571492
66185  -29.746  -10.788  -5.980 0.2857142985
64108  -27.790  -12.400  -5.890 0.2857142985
128749  -29.304  -10.420  -6.728 0.2857142985
65208  -28.575  -10.978  -6.873 0.2857142985
64132  -27.277  -11.915  -7.462 0.2857142985
67215  -29.802  -9.700  -6.936 0.2857142985
60917  -25.188  -15.162  -5.183 0.1428571492
61981  -25.591  -14.550  -5.524 0.1428571492
55403  -22.788  -19.771  -2.528 0.2857142985
55417  -22.138  -20.270  -2.876 0.2857142985
60897  -24.676  -15.800  -4.795 0.2857142985
55402  -21.963  -21.108  -2.695 0.2857142985
54439  -21.797  -21.961  -2.776 0.1428571492
65195  -29.060  -11.154  -6.221 0.2857142985
68269  -30.688  -8.710  -6.944 0.2857142985
70318  -32.692  -6.182  -7.210 0.2857142985
70316  -30.947  -6.776  -8.014 0.4285714328
71380  -31.489  -5.569  -8.308 0.4285714328
73199  -34.584  -3.433  -9.467 0.2857142985
125975  -25.906  -5.853  -12.316 0.7142857313
74043  -33.262  -2.984  -8.734 0.4285714328
74089  -27.319  -2.456  -11.551 0.5714285970
74041  -32.118  -2.557  -8.684 0.4285714328
75827  -32.281  -0.496  -9.841 0.4285714328
75868  -33.461  -0.790  -11.872 0.2857142985
76847  -32.773  0.455  -12.261 0.5714285970
78617  -31.668  2.506  -11.137 0.7142857313
84083  -26.623  8.622  -15.217 0.4285714328
84074  -28.498  8.834  -13.318 0.7142857313
76874  -32.615  0.803  -14.090 0.2857142985
129721  -29.617  6.325  -11.448 0.8571428657
83146  -28.262  8.230  -12.939 0.8571428657
80454  -31.991  4.896  -12.174 0.5714285970
138218  -27.513  12.609  -16.791 0.2857142985
84078  -32.228  8.219  -13.589 0.4285714328
84833  -31.099  9.231  -13.350 0.4285714328
89456  -26.507  15.183  -14.930 0.1428571492
86326  -31.434  11.605  -15.321 0.2857142985
123670  -32.425  10.621  -15.018 0.1428571492
56404  -23.089  -18.910  -2.929 0.1428571492
63051  -26.003  -13.954  -5.936 0.1428571492
63053  -27.245  -13.163  -5.580 0.1428571492
64109  -28.520  -12.183  -5.507 0.1428571492
65218  -27.621  -11.137  -7.915 0.2857142985
67231  -30.127  -9.067  -7.234 0.2857142985
69303  -32.773  -7.585  -6.469 0.2857142985
67229  -28.874  -9.622  -7.922 0.2857142985
70319  -33.585  -6.159  -7.132 0.2857142985
68335  -25.512  -8.543  -11.932 0.5714285970
68285  -30.314  -8.332  -7.574 0.2857142985
69393  -24.350  -7.290  -12.698 0.2857142985
72306  -34.981  -4.092  -9.071 0.2857142985
73215  -34.825  -3.148  -10.293 0.2857142985
71426  -27.598  -5.295  -11.234 0.5714285970
71450  -24.725  -5.278  -13.563 0.4285714328
71440  -25.997  -5.101  -12.612 0.5714285970
73198  -33.889  -3.120  -9.070 0.4285714328
74103  -25.859  -2.639  -14.423 0.2857142985
74062  -34.172  -2.730  -9.771 0.2857142985
73228  -26.789  -3.815  -12.476 0.7142857313
74090  -34.411  -2.205  -11.619 0.1428571492
74972  -33.780  -1.423  -11.367 0.4285714328
74958  -32.871  -0.928  -10.203 0.4285714328
74986  -34.001  -1.538  -12.394 0.1428571492
78601  -29.553  2.548  -10.086 0.8571428657
74999  -33.785  -1.433  -13.356 0.1428571492
76830  -32.389  0.657  -11.224 0.5714285970
76862  -32.753  0.620  -13.241 0.2857142985
131230  -32.365  1.808  -12.139 0.5714285970
124706  -31.522  3.797  -11.337 0.7142857313
137320  -29.960  6.811  -11.584 0.8571428657
78667  -32.099  2.116  -15.279 0.2857142985
87852  -24.993  13.444  -15.723 0.2857142985
131940  -32.235  3.643  -12.699 0.4285714328
78657  -32.379  2.436  -14.347 0.4285714328
79578  -32.028  3.740  -15.175 0.1428571492
126507  -31.654  7.246  -12.606 0.5714285970
80486  -32.212  4.456  -14.861 0.1428571492
130050  -32.286  6.003  -12.925 0.1428571492
88655  -25.851  14.749  -15.469 0.1428571492
127999  -30.977  8.563  -12.883 0.5714285970
82183  -32.548  6.128  -14.439 0.1428571492
83152  -32.762  7.833  -14.104 0.1428571492
86325  -30.510  11.744  -15.269 0.2857142985
124296  -31.793  10.941  -14.853 0.2857142985
84845  -32.446  9.455  -14.330 0.2857142985
84846  -33.160  9.058  -14.762 0.1428571492
84854  -33.607  9.378  -15.419 0.1428571492
85592  -33.456  10.202  -15.657 0.1428571492
125098  -31.368  12.582  -16.450 0.2857142985
87119  -31.848  12.863  -16.976 0.2857142985
87115  -32.554  12.475  -17.011 0.1428571492
86334  -32.709  11.785  -16.393 0.1428571492
58630  -24.341  -17.831  -2.699 0.1428571492
61982  -26.249  -14.222  -5.210 0.1428571492
138554  -32.911  -0.510  -14.466 0.2857142985
138691  -34.267  9.897  -16.721 0.1428571492
87864  -32.300  13.022  -17.566 0.2857142985
58662  -24.086  -16.942  -3.998 0.1428571492
59806  -24.666  -16.352  -4.017 0.1428571492
118966  -25.770  -13.710  -6.719 0.1428571492
66212  -28.155  -10.456  -7.948 0.2857142985
69341  -30.365  -7.155  -8.430 0.4285714328
69381  -26.433  -7.700  -11.575 0.4285714328
74060  -32.605  -1.903  -9.125 0.4285714328
124001  -27.333  -5.906  -11.305 0.7142857313
74076  -28.358  -2.835  -10.200 0.7142857313
77716  -30.840  1.995  -10.147 0.7142857313
75852  -27.279  -0.391  -10.946 0.8571428657
124139  -27.739  -1.067  -10.428 0.8571428657
78599  -27.952  2.632  -10.737 0.8571428657
84084  -27.202  8.407  -14.276 0.5714285970
85589  -29.042  11.134  -14.954 0.5714285970
86323  -27.620  11.711  -16.028 0.2857142985
87105  -29.006  12.295  -15.887 0.2857142985
67230  -29.523  -9.329  -7.554 0.2857142985
72285  -32.440  -4.260  -8.257 0.4285714328
74970  -27.055  -1.768  -11.694 0.5714285970
126518  -29.534  5.009  -10.960 0.8571428657
82159  -29.387  7.083  -11.774 0.8571428657
138727  -25.233  13.120  -16.734 0.2857142985
87854  -25.896  13.287  -17.431 0.2857142985
88668  -26.443  15.127  -18.183 0.2857142985
135351  -25.732  15.262  -17.980 0.2857142985
88667  -26.068  14.787  -17.753 0.2857142985
88669  -28.019  14.677  -18.259 0.2857142985
89485  -25.957  15.085  -17.206 0.1428571492
88664  -27.737  14.362  -17.721 0.2857142985
87118  -31.063  13.107  -17.067 0.2857142985
87867  -29.237  13.738  -18.589 0.2857142985
87856  -29.444  13.216  -16.848 0.2857142985
89472  -26.031  15.502  -15.670 0.1428571492
87112  -29.484  12.730  -16.285 0.2857142985
87117  -27.638  13.228  -17.291 0.2857142985
87860  -28.312  13.766  -17.505 0.2857142985
86319  -30.956  11.177  -14.737 0.2857142985
87111  -28.519  12.850  -16.598 0.2857142985
85598  -33.798  10.447  -16.397 0.1428571492
84853  -32.937  9.964  -14.954 0.1428571492
85597  -33.196  10.991  -15.946 0.1428571492
87114  -32.074  12.369  -16.527 0.1428571492
84085  -32.662  8.645  -14.183 0.1428571492
85574  -29.893  10.209  -13.927 0.5714285970
84843  -30.787  10.047  -13.807 0.4285714328
86318  -30.031  11.245  -14.769 0.5714285970
132737  -32.998  7.478  -14.813 0.1428571492
83148  -32.319  7.355  -13.403 0.1428571492
123969  -31.319  10.495  -14.333 0.2857142985
84075  -29.368  9.079  -13.152 0.7142857313
82172  -32.170  6.708  -12.900 0.4285714328
83140  -31.271  7.990  -12.710 0.5714285970
81296  -32.018  5.601  -12.396 0.5714285970
82161  -31.115  6.094  -11.614 0.7142857313
82170  -31.099  6.852  -11.925 0.7142857313
80455  -32.241  4.347  -12.820 0.5714285970
81285  -30.926  5.355  -11.211 0.8571428657
125054  -26.813  -0.915  -11.720 0.5714285970
75851  -26.719  -0.005  -11.693 0.4285714328
79515  -30.765  3.319  -10.575 0.8571428657
80420  -31.127  3.952  -10.898 0.8571428657
79551  -32.126  3.133  -12.251 0.4285714328
78646  -32.474  2.274  -13.496 0.5714285970
80436  -31.472  4.606  -11.403 0.8571428657
69394  -25.221  -7.041  -12.389 0.5714285970
126911  -25.195  -6.213  -12.645 0.4285714328
71425  -26.795  -5.397  -11.837 0.7142857313
119478  -27.350  -4.120  -11.800 0.7142857313
72348  -25.349  -4.893  -13.390 0.4285714328
72349  -26.017  -4.334  -12.893 0.5714285970
120603  -26.581  -3.108  -12.765 0.5714285970
72361  -24.942  -4.692  -14.014 0.4285714328
72360  -24.544  -4.782  -14.159 0.2857142985
77729  -32.073  1.659  -11.333 0.7142857313
68349  -24.933  -7.903  -12.392 0.5714285970
75854  -33.208  -0.777  -10.990 0.4285714328
128268  -33.466  -0.816  -12.777 0.2857142985
71360  -32.235  -5.515  -7.796 0.2857142985
74042  -32.810  -2.616  -8.766 0.4285714328
74959  -33.470  -1.427  -10.528 0.4285714328
65219  -28.186  -10.866  -7.449 0.2857142985
66214  -29.240  -9.884  -7.317 0.2857142985
72265  -33.399  -4.920  -7.767 0.2857142985
69322  -30.689  -7.542  -7.719 0.2857142985
73178  -33.526  -3.593  -8.550 0.4285714328
63052  -26.584  -13.672  -5.600 0.1428571492
64120  -28.319  -11.682  -6.285 0.2857142985
66203  -30.100  -10.140  -6.297 0.2857142985
123133  -22.655  -20.634  -2.304 0.1428571492
56390  -23.492  -19.379  -2.265 0.1428571492
88642  -26.301  14.491  -14.660 0.1428571492
58646  -24.500  -17.039  -3.332 0.1428571492
87848  -26.065  13.838  -14.380 0.1428571492
82182  -26.533  6.560  -14.589 0.5714285970
80465  -26.313  4.483  -14.340 0.4285714328
81313  -26.292  5.244  -14.754 0.4285714328
118593  -26.588  5.923  -14.068 0.5714285970
122463  -26.555  4.468  -13.185 0.4285714328
81304  -26.956  5.894  -13.086 0.5714285970
82176  -26.973  6.615  -13.602 0.4285714328
78634  -26.439  2.635  -12.602 0.4285714328
79550  -26.569  3.684  -12.663 0.4285714328
123029  -26.312  3.086  -13.449 0.4285714328
81294  -26.911  5.128  -12.683 0.5714285970
71403  -35.706  -5.250  -8.933 0.1428571492
72287  -34.507  -4.413  -8.470 0.1428571492
62015  -23.306  -14.536  -8.559 0.2857142985
71362  -34.002  -5.426  -7.551 0.1428571492
119111  -36.646  -5.877  -10.220 0.1428571492
136651  -37.287  -5.931  -11.662 0.1428571492
71404  -36.164  -5.458  -9.522 0.1428571492
71429  -37.513  -6.056  -12.835 0.1428571492
60952  -22.879  -15.226  -8.193 0.2857142985
70303  -33.998  -6.902  -6.864 0.1428571492
70321  -35.088  -6.292  -7.704 0.1428571492
70341  -35.692  -6.382  -8.313 0.1428571492
70383  -37.507  -6.722  -12.313 0.1428571492
127312  -36.447  -6.225  -9.587 0.1428571492
71452  -39.356  -5.778  -13.589 0.1428571492
70406  -37.891  -7.321  -14.372 0.1428571492
135881  -38.744  -6.614  -14.342 0.1428571492
60939  -22.504  -15.827  -7.741 0.2857142985
67196  -31.463  -9.501  -5.902 0.1428571492
68254  -33.123  -8.827  -6.029 0.1428571492
68271  -32.461  -8.341  -6.229 0.1428571492
68270  -31.475  -8.688  -6.418 0.1428571492
69304  -33.574  -7.593  -6.523 0.1428571492
69342  -35.899  -7.135  -8.514 0.1428571492
69324  -34.886  -7.785  -7.319 0.1428571492
70356  -36.616  -6.896  -9.762 0.1428571492
129760  -35.401  -6.947  -7.779 0.1428571492
69369  -37.322  -7.205  -11.713 0.1428571492
68355  -37.832  -7.804  -14.213 0.1428571492
132112  -39.366  -6.311  -13.174 0.1428571492
70407  -38.234  -7.252  -14.300 0.1428571492
59857  -22.183  -16.438  -7.359 0.2857142985
58711  -21.732  -17.031  -6.917 0.2857142985
66186  -30.465  -10.584  -5.685 0.1428571492
67197  -32.254  -9.904  -5.577 0.1428571492
68253  -32.298  -9.106  -5.857 0.1428571492
68272  -33.826  -8.464  -6.402 0.1428571492
69325  -35.469  -7.696  -7.967 0.1428571492
69305  -34.290  -7.699  -6.791 0.1428571492
69357  -36.786  -7.547  -10.786 0.1428571492
69396  -37.580  -7.812  -14.173 0.1428571492
71430  -39.271  -5.050  -11.815 0.1428571492
71443  -39.446  -5.512  -12.653 0.1428571492
65196  -29.528  -11.412  -5.597 0.1428571492
66187  -31.232  -10.562  -5.425 0.1428571492
139030  -30.887  -10.990  -5.252 0.1428571492
124839  -33.641  -10.274  -6.015 0.1428571492
66189  -32.867  -10.471  -5.567 0.1428571492
67232  -35.306  -9.055  -8.499 0.1428571492
67198  -33.035  -9.637  -5.743 0.1428571492
68314  -35.725  -8.721  -9.615 0.1428571492
68287  -34.545  -8.602  -6.946 0.1428571492
68315  -36.247  -8.141  -10.184 0.1428571492
68351  -38.015  -8.111  -14.041 0.1428571492
129084  -36.726  -8.168  -13.045 0.1428571492
70398  -39.286  -6.992  -12.681 0.1428571492
65176  -30.974  -11.606  -4.871 0.1428571492
132286  -28.912  -11.652  -5.748 0.1428571492
121452  -33.270  -11.042  -5.685 0.1428571492
120178  -32.538  -11.340  -5.354 0.1428571492
65198  -31.632  -11.186  -5.142 0.1428571492
67217  -34.092  -9.739  -6.434 0.1428571492
66188  -32.068  -10.608  -5.373 0.1428571492
67245  -35.345  -9.504  -9.510 0.1428571492
67244  -34.971  -9.898  -8.333 0.1428571492
67259  -35.952  -8.668  -11.040 0.1428571492
68338  -36.498  -8.684  -13.495 0.1428571492
131560  -37.697  -7.981  -14.217 0.1428571492
125744  -33.612  -12.099  -6.171 0.1428571492
129650  -32.546  -12.113  -5.243 0.1428571492
65177  -31.844  -11.979  -4.911 0.1428571492
65220  -34.494  -11.391  -8.129 0.1428571492
64122  -33.970  -12.052  -6.777 0.1428571492
66226  -35.040  -10.156  -9.381 0.1428571492
66225  -34.758  -10.702  -8.726 0.1428571492
134628  -37.052  -8.441  -13.783 0.1428571492
67273  -35.893  -8.932  -12.748 0.1428571492
66204  -34.299  -10.382  -6.733 0.1428571492
127395  -34.652  -9.930  -7.367 0.1428571492
68288  -35.156  -8.468  -7.730 0.1428571492
71431  -39.529  -5.977  -11.875 0.1428571492
72339  -38.964  -4.387  -11.828 0.1428571492
69397  -38.524  -7.523  -13.697 0.1428571492
70368  -36.927  -6.719  -10.415 0.1428571492
72308  -36.261  -5.045  -10.230 0.1428571492
59842  -22.498  -16.692  -6.633 0.2857142985
68350  -37.442  -7.941  -14.054 0.1428571492
69398  -38.761  -7.646  -12.930 0.1428571492
71416  -39.152  -5.428  -10.923 0.1428571492
72325  -38.794  -4.601  -10.923 0.1428571492
77745  -26.475  1.817  -12.098 0.4285714328
123744  -37.733  -6.818  -14.227 0.1428571492
72323  -35.828  -4.302  -10.469 0.1428571492
73200  -35.277  -3.820  -9.904 0.1428571492
83151  -26.522  7.918  -15.096 0.4285714328
87122  -33.392  12.812  -18.499 0.1428571492
139491  -31.988  13.310  -18.136 0.1428571492
72288  -35.198  -4.797  -8.654 0.1428571492
65197  -30.247  -11.180  -5.397 0.1428571492
67195  -30.852  -10.012  -5.860 0.1428571492
70302  -33.185  -6.860  -6.731 0.1428571492
73230  -34.966  -2.944  -11.229 0.1428571492
74078  -34.376  -2.480  -10.637 0.1428571492
71363  -34.709  -5.705  -7.723 0.1428571492
71383  -35.323  -5.588  -8.260 0.1428571492
72307  -35.671  -4.645  -9.510 0.1428571492
117992  -36.739  -5.477  -10.930 0.1428571492
70369  -37.207  -6.376  -11.074 0.1428571492
71441  -37.139  -5.258  -13.017 0.1428571492
129797  -34.758  -7.006  -7.267 0.1428571492
70320  -34.375  -6.239  -7.339 0.1428571492
70397  -37.604  -7.215  -13.802 0.1428571492
70342  -36.223  -6.623  -9.033 0.1428571492
70412  -38.063  -6.919  -14.696 0.1428571492
137898  -31.567  -10.109  -5.572 0.1428571492
125766  -33.186  -8.142  -6.256 0.1428571492
69343  -36.344  -7.374  -9.461 0.1428571492
69383  -37.094  -7.882  -13.784 0.1428571492
136359  -34.149  -9.136  -6.525 0.1428571492
134301  -33.666  -9.349  -6.176 0.1428571492
68301  -35.922  -7.929  -8.976 0.1428571492
68300  -35.539  -8.384  -8.518 0.1428571492
68324  -36.381  -8.374  -11.856 0.1428571492
65209  -33.818  -11.285  -6.238 0.1428571492
124120  -34.873  -9.248  -7.573 0.1428571492
67218  -34.448  -9.509  -6.871 0.1428571492
67258  -35.599  -9.166  -10.936 0.1428571492
66215  -34.605  -10.604  -7.656 0.1428571492
65210  -34.322  -11.308  -7.108 0.1428571492
121290  -20.403  -22.310  -3.650 0.1428571492
55416  -21.491  -20.726  -3.334 0.1428571492
124858  -20.428  -21.630  -3.800 0.1428571492
55415  -20.800  -21.003  -3.844 0.1428571492
56415  -21.238  -19.787  -4.617 0.1428571492
57473  -21.678  -18.944  -4.995 0.1428571492
56423  -20.936  -19.237  -5.394 0.1428571492
57493  -21.382  -18.427  -5.773 0.1428571492
58674  -21.957  -17.895  -5.891 0.1428571492
56422  -20.153  -19.219  -5.470 0.1428571492
57508  -20.855  -18.009  -6.265 0.1428571492
58694  -21.515  -17.706  -6.338 0.1428571492
59841  -20.519  -16.849  -7.040 0.1428571492
58710  -21.154  -16.856  -7.235 0.1428571492
59870  -21.422  -16.006  -8.156 0.1428571492
59856  -21.566  -16.491  -7.572 0.1428571492
60951  -22.032  -15.582  -8.481 0.2857142985
62014  -22.485  -14.846  -8.907 0.1428571492
60963  -21.669  -15.008  -9.153 0.2857142985
64157  -23.826  -13.056  -9.632 0.2857142985
66260  -23.899  -10.613  -11.989 0.4285714328
67286  -25.236  -9.469  -11.810 0.4285714328
76846  -26.385  0.358  -12.592 0.2857142985
76861  -26.180  0.796  -13.512 0.2857142985
79576  -25.420  3.869  -15.782 0.2857142985
80474  -25.884  4.547  -15.435 0.2857142985
130767  -26.300  5.891  -15.006 0.4285714328
59871  -21.955  -16.132  -7.919 0.1428571492
60950  -21.244  -15.490  -8.737 0.1428571492
62027  -22.106  -14.338  -9.533 0.2857142985
63081  -23.774  -13.779  -8.913 0.1428571492
56414  -20.380  -19.862  -5.028 0.1428571492
57492  -20.604  -18.651  -5.811 0.1428571492
58692  -20.299  -17.445  -6.489 0.1428571492
59855  -20.835  -16.344  -7.734 0.1428571492
62026  -21.256  -14.394  -9.584 0.2857142985
62028  -22.942  -14.185  -9.269 0.2857142985
63105  -22.588  -13.675  -9.827 0.2857142985
63093  -23.264  -13.604  -9.534 0.2857142985
65246  -24.124  -11.691  -10.945 0.4285714328
65258  -23.245  -10.969  -11.939 0.2857142985
120164  -26.230  -1.041  -13.467 0.2857142985
75865  -26.117  -0.239  -13.775 0.2857142985
125206  -26.368  1.141  -12.557 0.2857142985
131459  -25.764  0.417  -14.772 0.2857142985
77757  -26.245  1.697  -13.090 0.2857142985
78645  -26.181  2.337  -13.808 0.2857142985
78656  -26.099  2.991  -14.474 0.2857142985
78665  -25.344  2.189  -15.535 0.2857142985
79567  -26.017  3.728  -15.002 0.2857142985
63106  -23.094  -13.236  -9.991 0.2857142985
120086  -25.984  -1.140  -14.609 0.2857142985
77756  -26.033  1.449  -14.272 0.2857142985
77767  -25.518  1.371  -15.159 0.2857142985
78644  -25.893  2.193  -14.871 0.2857142985
79559  -26.314  3.742  -13.863 0.2857142985
76873  -25.221  -0.358  -15.575 0.2857142985
117922  -25.029  0.533  -15.544 0.2857142985
65259  -24.529  -10.975  -11.330 0.4285714328
66261  -25.245  -10.392  -11.240 0.4285714328
58695  -22.191  -17.346  -6.251 0.1428571492
119589  -24.075  -12.350  -10.260 0.4285714328
55428  -21.183  -20.412  -4.036 0.1428571492
55427  -20.567  -20.469  -4.468 0.1428571492
57507  -20.121  -18.084  -6.037 0.1428571492
58693  -21.035  -17.385  -6.779 0.1428571492
130522  -23.825  -11.235  -11.587 0.4285714328
78655  -25.593  2.980  -15.402 0.2857142985
132021  -23.525  -12.171  -10.808 0.4285714328
68348  -23.976  -8.781  -12.645 0.2857142985
67297  -24.328  -9.406  -12.373 0.2857142985
88688  -29.516  14.078  -23.047 0.1428571492
87898  -30.020  13.592  -22.650 0.1428571492
88680  -29.512  14.137  -20.853 0.1428571492
87874  -30.017  13.639  -19.255 0.1428571492
87875  -31.148  13.504  -19.377 0.1428571492
88692  -29.394  14.119  -24.157 0.1428571492
87881  -29.625  13.838  -20.194 0.1428571492
88674  -28.403  14.520  -19.174 0.1428571492
90341  -27.680  17.143  -20.495 0.1428571492
126826  -24.108  -8.092  -12.670 0.2857142985
127963  -32.017  13.408  -18.839 0.1428571492
132807  -30.499  13.496  -22.199 0.1428571492
115928  -30.832  13.388  -17.862 0.1428571492
87882  -30.490  13.592  -20.304 0.1428571492
87862  -30.198  13.329  -17.316 0.1428571492
88675  -29.065  13.929  -19.396 0.1428571492
87868  -30.681  13.505  -18.628 0.1428571492
89507  -29.134  14.748  -21.111 0.1428571492
90342  -28.256  16.307  -20.912 0.1428571492
121274  -28.516  15.342  -20.496 0.1428571492
89501  -27.515  15.958  -19.316 0.1428571492
89502  -28.171  15.243  -19.627 0.1428571492
67285  -24.556  -10.171  -11.906 0.2857142985
88684  -29.592  14.081  -21.830 0.1428571492
89519  -28.917  14.895  -23.552 0.1428571492
87889  -30.065  13.699  -21.309 0.1428571492
89518  -28.418  15.877  -24.043 0.1428571492
88679  -28.860  14.419  -20.121 0.1428571492
87890  -30.849  13.487  -21.347 0.1428571492
74997  -24.594  -1.472  -16.190 0.1428571492
75883  -25.761  -0.528  -15.013 0.1428571492
77766  -24.701  1.528  -15.663 0.1428571492
77764  -22.982  1.448  -15.036 0.1428571492
78654  -24.066  2.090  -15.607 0.1428571492
78663  -23.977  2.786  -15.523 0.1428571492
79573  -23.969  3.646  -15.437 0.1428571492
71449  -24.116  -5.355  -13.554 0.1428571492
73258  -24.637  -3.832  -15.321 0.1428571492
74114  -25.485  -2.715  -15.491 0.1428571492
117182  -25.176  -2.179  -16.005 0.1428571492
120754  -32.367  0.985  -14.978 0.1428571492
75898  -24.762  -0.856  -16.053 0.1428571492
118724  -25.137  2.812  -15.787 0.1428571492
120314  -25.005  4.140  -16.215 0.1428571492
126843  -24.618  4.164  -16.004 0.1428571492
81332  -24.980  5.715  -16.812 0.2857142985
133952  -23.730  7.731  -14.679 0.2857142985
84850  -24.123  8.924  -15.470 0.2857142985
87101  -25.067  12.862  -14.768 0.1428571492
139372  -24.930  10.697  -11.359 0.1428571492
82193  -26.011  6.307  -15.655 0.2857142985
80482  -24.624  4.884  -16.221 0.2857142985
82202  -24.982  6.219  -16.825 0.2857142985
84093  -25.925  8.293  -15.980 0.2857142985
83156  -24.634  7.212  -16.491 0.2857142985
83155  -23.973  7.138  -15.353 0.2857142985
84092  -25.170  8.582  -16.819 0.2857142985
126686  -24.160  8.009  -15.868 0.2857142985
83150  -23.481  7.148  -14.221 0.2857142985
85573  -24.356  10.602  -14.100 0.1428571492
83134  -23.742  7.686  -12.874 0.2857142985
87096  -25.483  12.639  -13.666 0.1428571492
125270  -26.104  12.064  -12.481 0.1428571492
83143  -23.402  7.083  -13.322 0.1428571492
82167  -23.328  6.281  -12.998 0.1428571492
79566  -23.408  4.058  -14.480 0.2857142985
121892  -23.539  7.905  -13.681 0.2857142985
84829  -24.170  9.895  -13.597 0.1428571492
84064  -23.890  8.422  -13.133 0.2857142985
84825  -24.330  9.881  -12.604 0.1428571492
84065  -24.323  8.967  -12.473 0.1428571492
78643  -22.635  2.914  -14.189 0.2857142985
83129  -24.323  7.622  -11.889 0.1428571492
132954  -25.118  9.293  -10.339 0.1428571492
84060  -24.533  8.567  -11.749 0.1428571492
78613  -21.737  2.516  -12.332 0.1428571492
77775  -31.917  0.959  -15.955 0.1428571492
75900  -33.187  -1.298  -14.827 0.1428571492
125300  -24.301  -2.218  -16.004 0.1428571492
75896  -23.291  -0.561  -15.365 0.1428571492
76871  -23.680  0.130  -15.510 0.1428571492
130489  -22.991  0.783  -15.105 0.1428571492
79575  -25.174  3.368  -15.882 0.1428571492
79558  -22.938  3.657  -13.854 0.2857142985
81322  -24.766  5.606  -16.564 0.1428571492
81321  -24.123  5.575  -15.604 0.1428571492
82190  -24.395  6.370  -16.013 0.2857142985
82181  -23.742  6.386  -14.891 0.1428571492
83121  -24.229  7.633  -10.841 0.1428571492
83135  -24.265  8.200  -12.453 0.1428571492
84821  -24.626  9.805  -11.570 0.1428571492
84810  -24.770  9.028  -10.750 0.1428571492
85563  -24.631  10.551  -12.001 0.1428571492
135581  -32.614  0.132  -14.691 0.1428571492
76881  -32.310  0.087  -15.610 0.1428571492
84098  -24.951  8.883  -17.032 0.2857142985
85570  -24.506  10.734  -12.889 0.1428571492
86294  -24.877  11.186  -12.057 0.1428571492
84837  -23.885  9.149  -14.175 0.2857142985
87085  -25.823  12.333  -12.969 0.1428571492
83158  -26.287  7.122  -15.294 0.2857142985
129104  -24.928  -4.289  -14.712 0.1428571492
127392  -24.425  -4.363  -14.724 0.1428571492
74984  -26.076  -1.785  -13.865 0.1428571492
122949  -33.636  -1.521  -14.149 0.1428571492
123903  -25.445  6.868  -16.396 0.2857142985
81324  -25.772  5.434  -15.854 0.1428571492
75882  -25.393  -1.245  -15.701 0.1428571492
76872  -24.523  -0.179  -15.803 0.1428571492
125852  -24.234  0.712  -15.629 0.1428571492
75009  -23.816  -1.374  -15.853 0.1428571492
130257  -23.536  0.908  -15.368 0.1428571492
77765  -23.792  1.485  -15.476 0.1428571492
78653  -23.283  2.278  -15.052 0.1428571492
78664  -24.646  2.427  -15.757 0.1428571492
74998  -25.799  -1.981  -15.203 0.1428571492
122056  -23.348  3.216  -14.774 0.1428571492
79574  -24.733  3.285  -15.865 0.1428571492
74113  -24.915  -3.029  -15.854 0.1428571492
134516  -24.924  4.558  -16.392 0.2857142985
80481  -23.877  4.670  -15.247 0.2857142985
82191  -24.963  6.350  -16.831 0.2857142985
82192  -25.401  6.030  -16.431 0.2857142985
81323  -25.068  5.496  -16.663 0.2857142985
84082  -23.791  8.401  -14.531 0.2857142985
84091  -24.597  8.679  -16.525 0.2857142985
84072  -23.748  8.614  -13.677 0.2857142985
85550  -25.356  10.322  -10.933 0.1428571492
83164  -24.984  7.219  -16.882 0.2857142985
133147  -25.904  7.588  -15.919 0.2857142985
83157  -25.220  7.738  -16.706 0.2857142985
84099  -24.921  8.097  -16.932 0.2857142985
82175  -23.305  6.402  -13.859 0.1428571492
128025  -24.829  8.035  -16.851 0.2857142985
129332  -26.096  12.949  -13.458 0.1428571492
84828  -24.044  9.155  -13.268 0.2857142985
62025  -20.483  -14.465  -9.353 0.1428571492
63104  -21.661  -13.573  -10.083 0.1428571492
63090  -19.611  -13.202  -9.136 0.1428571492
64171  -19.993  -11.872  -10.041 0.1428571492
63103  -21.000  -12.863  -10.361 0.1428571492
65245  -20.252  -11.144  -10.508 0.1428571492
64173  -21.281  -12.188  -10.776 0.1428571492
130307  -22.451  -13.003  -10.466 0.1428571492
66257  -20.597  -10.329  -11.025 0.1428571492
65256  -22.096  -11.107  -11.666 0.1428571492
64188  -23.255  -11.704  -11.441 0.1428571492
65257  -22.607  -10.629  -12.018 0.1428571492
130675  -22.738  -11.300  -11.777 0.1428571492
66244  -19.877  -10.182  -10.456 0.1428571492
66258  -21.262  -9.885  -11.553 0.1428571492
66269  -23.184  -10.111  -12.424 0.1428571492
67295  -22.850  -9.199  -12.604 0.1428571492
69392  -23.555  -7.508  -12.740 0.1428571492
70394  -23.894  -6.685  -12.881 0.1428571492
137803  -21.680  -12.822  -10.566 0.1428571492
64175  -23.310  -12.720  -10.381 0.1428571492
60948  -19.926  -14.685  -8.750 0.1428571492
62024  -19.855  -13.924  -9.126 0.1428571492
64156  -20.320  -12.708  -9.983 0.1428571492
83128  -23.697  6.889  -12.414 0.1428571492
66270  -23.888  -9.966  -12.406 0.1428571492
63092  -20.684  -13.645  -9.843 0.1428571492
118431  -22.842  -12.326  -10.963 0.1428571492
67296  -23.540  -9.319  -12.630 0.1428571492
136701  -20.252  -13.882  -9.536 0.1428571492
63091  -20.044  -13.338  -9.570 0.1428571492
123305  -19.520  -11.727  -9.561 0.1428571492
64172  -20.575  -12.036  -10.487 0.1428571492
127436  -20.878  -11.367  -10.952 0.1428571492
64186  -21.652  -11.618  -11.225 0.1428571492
64174  -22.064  -12.326  -10.934 0.1428571492
65255  -21.351  -10.784  -11.408 0.1428571492
67269  -20.222  -9.557  -10.858 0.1428571492
64187  -22.438  -11.781  -11.393 0.1428571492
66259  -21.923  -10.306  -11.806 0.1428571492
66232  -19.317  -10.379  -9.835 0.1428571492
65227  -26.604  -11.528  -8.837 0.5714285970
66246  -26.568  -10.078  -10.361 0.7142857313
71382  -34.642  -5.074  -8.049 0.1428571492
71384  -36.006  -5.878  -8.880 0.1428571492
71438  -24.750  -5.853  -13.055 0.4285714328
73179  -34.260  -3.766  -8.795 0.2857142985
73195  -28.836  -3.323  -9.835 0.8571428657
73259  -25.340  -3.492  -15.016 0.1428571492
74944  -33.148  -1.605  -9.763 0.4285714328
75853  -32.898  -0.140  -11.532 0.4285714328
75885  -33.276  -0.804  -13.781 0.1428571492
75897  -24.168  -0.773  -15.969 0.1428571492
77698  -30.402  1.386  -9.734 0.8571428657
78603  -31.143  2.606  -10.573 0.7142857313
78616  -27.395  2.235  -11.039 0.7142857313
78635  -32.352  2.439  -12.586 0.4285714328
79533  -31.766  3.187  -11.569 0.4285714328
80434  -28.671  4.683  -11.073 0.8571428657
80453  -27.371  4.913  -11.963 0.8571428657
80483  -24.968  5.032  -16.580 0.2857142985
80484  -25.256  4.731  -16.245 0.1428571492
81305  -32.445  5.607  -13.719 0.1428571492
82157  -28.047  6.230  -11.952 0.8571428657
82160  -30.446  6.434  -11.536 0.8571428657
84066  -28.927  8.510  -12.802 0.8571428657
84068  -30.499  8.077  -12.433 0.7142857313
84077  -31.562  8.485  -13.232 0.4285714328
84822  -24.959  9.907  -10.814 0.1428571492
84831  -29.271  9.759  -13.725 0.7142857313
84840  -27.107  9.191  -14.879 0.4285714328
84842  -29.144  10.239  -14.171 0.7142857313
85582  -32.126  10.235  -14.526 0.2857142985
86333  -31.840  12.020  -15.964 0.2857142985
87869  -31.368  13.416  -18.415 0.1428571492
87870  -32.628  13.167  -18.275 0.2857142985
88662  -26.076  14.252  -17.406 0.2857142985
89526  -28.902  15.057  -24.284 0.1428571492
115208  -32.504  1.830  -12.849 0.4285714328
119349  -31.512  1.862  -10.639 0.7142857313
123069  -27.401  7.212  -13.289 0.4285714328
131169  -31.005  7.513  -12.245 0.8571428657
132396  -24.517  8.201  -11.105 0.1428571492
133448  -38.954  -7.027  -13.774 0.1428571492
133939  -35.139  -7.336  -7.524 0.1428571492
134168  -26.289  13.484  -13.871 0.1428571492
135540  -26.590  5.207  -13.643 0.4285714328
136764  -30.675  5.901  -11.367 0.8571428657
137400  -28.098  -0.661  -10.027 1.0000000000
137730  -28.488  -10.063  -7.928 0.2857142985
138662  -28.530  -6.147  -10.546 0.7142857313
138705  -24.682  -11.398  -10.776 0.5714285970
139229  -27.296  -4.789  -11.655 0.8571428657
