#!ascii label  , from subject sub-v1s4x0050683_ses-1 vox2ras=TkReg
835
125249  42.601  16.924  41.693 0.0000000000
90566  47.143  15.764  29.106 0.0000000000
124471  45.646  19.462  28.082 0.0000000000
86589  51.209  10.391  21.893 0.0000000000
88253  42.536  12.228  35.387 0.0000000000
94981  49.046  21.116  34.427 0.0000000000
89180  51.752  13.777  23.010 0.0000000000
92876  42.479  18.875  25.176 0.0000000000
91198  51.414  16.972  35.037 0.0000000000
119543  45.965  15.294  35.755 0.0000000000
87362  45.537  11.783  30.523 0.0000000000
135724  47.790  22.339  22.195 0.0000000000
92053  45.732  17.317  21.691 0.0000000000
92836  51.471  18.239  28.929 0.0000000000
91302  50.360  17.410  22.144 0.0000000000
95044  42.161  21.422  24.776 0.0000000000
91187  47.456  16.209  39.287 0.0000000000
90508  44.752  15.301  38.902 0.0000000000
137233  43.220  12.199  32.879 0.0000000000
95718  47.491  22.617  29.999 0.0000000000
96442  49.342  23.192  26.521 0.0000000000
95031  45.707  20.774  26.538 0.0000000000
94321  46.124  20.886  20.519 0.0000000000
120472  46.355  18.638  23.983 0.0000000000
91215  49.264  16.457  32.660 0.0000000000
91981  52.282  17.585  32.336 0.0000000000
91246  50.439  16.505  29.218 0.0000000000
129505  54.940  13.303  21.145 0.0000000000
90617  53.454  16.910  23.022 0.0000000000
128460  50.892  13.998  21.293 0.0000000000
137672  48.042  13.346  21.598 0.0000000000
86605  48.525  10.944  21.456 0.0000000000
118451  47.053  9.650  25.044 0.0000000000
90512  40.236  15.737  39.896 0.0000000000
119265  42.894  14.035  37.756 0.0000000000
94272  46.579  20.454  31.576 0.0000000000
88323  47.436  12.959  26.340 0.0000000000
90604  48.905  15.127  25.752 0.0000000000
87436  49.960  11.808  24.924 0.0000000000
86578  55.547  11.522  22.966 0.0000000000
92752  51.757  18.529  38.574 0.0000000000
91947  50.007  17.107  39.725 0.0000000000
91201  48.067  16.212  35.878 0.0000000000
137908  46.529  15.977  32.188 0.0000000000
89827  43.879  14.012  35.396 0.0000000000
119993  44.142  14.574  32.073 0.0000000000
89856  45.361  14.305  29.497 0.0000000000
87389  47.237  11.607  28.633 0.0000000000
90514  38.494  15.926  40.351 0.0000000000
97067  49.658  24.204  24.216 0.0000000000
95765  45.994  23.227  24.365 0.0000000000
95060  44.607  21.530  21.766 0.0000000000
92885  44.091  18.169  23.065 0.0000000000
89901  44.563  14.400  24.688 0.0000000000
92779  50.907  18.548  35.226 0.0000000000
92802  48.818  18.571  31.787 0.0000000000
92839  47.695  18.523  28.875 0.0000000000
91281  51.788  17.047  25.693 0.0000000000
92869  51.504  18.420  25.575 0.0000000000
92030  48.084  18.225  24.807 0.0000000000
92062  47.641  17.446  21.409 0.0000000000
89921  46.083  14.166  22.829 0.0000000000
95045  41.266  21.197  25.068 0.0000000000
95032  43.028  21.841  25.604 0.0000000000
91176  44.464  16.612  41.305 0.0000000000
90489  44.163  15.805  40.050 0.0000000000
94287  45.554  20.508  29.228 0.0000000000
95015  46.256  21.650  28.002 0.0000000000
94298  45.369  20.150  27.676 0.0000000000
136045  45.602  19.832  25.048 0.0000000000
129491  45.928  18.843  26.048 0.0000000000
91238  48.439  16.391  31.214 0.0000000000
91237  50.207  16.496  30.187 0.0000000000
91247  49.144  16.316  29.522 0.0000000000
86601  53.085  11.222  21.352 0.0000000000
89195  52.849  13.352  20.844 0.0000000000
87461  51.224  11.648  21.178 0.0000000000
134010  49.620  11.693  21.233 0.0000000000
86590  50.137  10.388  22.008 0.0000000000
123901  48.928  9.893  23.279 0.0000000000
137971  50.188  9.835  22.703 0.0000000000
89817  41.146  14.130  37.841 0.0000000000
94991  48.156  21.843  32.841 0.0000000000
94990  47.968  21.175  33.248 0.0000000000
87418  48.441  11.843  26.649 0.0000000000
88332  48.415  12.713  25.443 0.0000000000
117961  49.797  11.584  25.786 0.0000000000
86569  54.339  10.897  24.000 0.0000000000
86567  56.181  10.600  23.614 0.0000000000
85650  55.958  11.091  22.531 0.0000000000
90519  46.314  15.452  37.590 0.0000000000
91197  47.863  16.170  36.958 0.0000000000
90527  47.234  15.905  35.416 0.0000000000
91211  46.983  16.039  33.607 0.0000000000
90532  46.169  15.688  34.070 0.0000000000
89104  43.054  13.169  36.763 0.0000000000
89097  43.664  13.662  36.953 0.0000000000
89109  43.259  13.472  35.120 0.0000000000
88276  44.146  12.551  31.470 0.0000000000
89114  43.306  13.419  32.798 0.0000000000
89130  44.224  13.805  31.032 0.0000000000
90560  44.859  14.898  30.916 0.0000000000
88298  45.398  12.849  29.543 0.0000000000
88307  46.180  12.746  28.328 0.0000000000
87376  46.355  11.716  29.586 0.0000000000
86522  49.979  10.708  30.985 0.0000000000
95763  48.874  22.554  23.786 0.0000000000
96451  49.880  23.363  24.578 0.0000000000
95773  48.912  22.914  22.910 0.0000000000
97069  48.333  23.947  23.743 0.0000000000
95775  47.048  22.947  22.531 0.0000000000
95042  44.972  22.192  23.508 0.0000000000
95780  46.766  22.484  22.264 0.0000000000
92898  45.650  19.069  20.226 0.0000000000
93622  44.932  19.962  19.520 0.0000000000
92054  44.852  17.683  22.350 0.0000000000
91291  44.687  16.195  24.572 0.0000000000
90613  45.244  15.832  23.974 0.0000000000
137377  51.290  17.588  36.837 0.0000000000
92767  51.491  18.215  36.334 0.0000000000
91974  51.644  17.484  35.174 0.0000000000
92825  51.986  18.140  30.569 0.0000000000
122018  50.998  18.407  31.864 0.0000000000
92813  50.188  18.478  30.207 0.0000000000
120977  48.866  18.506  30.093 0.0000000000
92837  50.557  18.489  28.664 0.0000000000
89898  49.555  14.286  24.339 0.0000000000
90603  49.868  15.501  25.471 0.0000000000
90611  51.405  15.862  24.492 0.0000000000
91301  52.366  17.381  22.360 0.0000000000
92047  52.729  18.001  23.665 0.0000000000
92049  51.104  18.174  23.108 0.0000000000
92871  49.548  18.385  25.157 0.0000000000
92050  49.714  18.002  22.950 0.0000000000
92051  47.909  17.805  21.918 0.0000000000
91303  49.336  17.296  21.882 0.0000000000
88372  47.256  12.483  21.408 0.0000000000
89191  46.857  13.870  22.075 0.0000000000
131051  45.561  11.898  21.941 0.0000000000
88351  45.010  12.827  22.894 0.0000000000
94973  50.419  21.358  35.683 0.0000000000
93608  41.109  20.125  25.036 0.0000000000
94316  41.781  20.535  24.345 0.0000000000
91916  47.445  17.499  41.686 0.0000000000
91161  45.878  17.125  41.709 0.0000000000
90506  46.173  15.676  38.700 0.0000000000
90520  45.723  15.153  37.516 0.0000000000
88258  42.572  12.090  34.404 0.0000000000
96431  48.025  22.994  28.529 0.0000000000
95751  47.063  22.137  27.104 0.0000000000
95041  47.002  21.378  23.304 0.0000000000
95050  47.257  22.315  22.129 0.0000000000
94309  46.520  20.934  23.106 0.0000000000
93611  45.915  19.449  21.714 0.0000000000
92890  46.794  17.899  20.800 0.0000000000
91208  50.242  16.542  33.485 0.0000000000
91979  51.983  17.420  33.589 0.0000000000
91214  51.492  16.784  32.396 0.0000000000
91236  51.496  16.768  30.503 0.0000000000
91245  51.644  17.100  28.959 0.0000000000
89189  54.488  14.114  22.099 0.0000000000
90618  53.235  16.486  23.378 0.0000000000
89917  54.234  14.807  21.928 0.0000000000
90633  52.518  15.904  21.751 0.0000000000
90634  50.917  16.034  21.715 0.0000000000
90635  49.588  15.759  21.665 0.0000000000
128459  49.672  13.883  21.430 0.0000000000
88371  48.112  12.196  21.212 0.0000000000
86592  47.080  10.436  21.827 0.0000000000
85628  48.543  9.458  25.049 0.0000000000
90491  41.620  16.315  40.961 0.0000000000
90509  42.964  15.278  39.181 0.0000000000
89805  41.606  14.851  38.519 0.0000000000
89816  42.088  14.069  37.818 0.0000000000
88238  42.414  12.780  37.078 0.0000000000
96384  48.647  22.935  31.257 0.0000000000
94995  46.462  21.127  31.214 0.0000000000
93563  45.967  19.830  30.348 0.0000000000
90589  46.767  14.892  27.800 0.0000000000
90588  47.571  15.311  27.499 0.0000000000
89889  47.822  14.112  25.788 0.0000000000
89174  49.114  13.422  24.472 0.0000000000
88349  51.035  12.729  23.359 0.0000000000
87426  51.642  11.126  25.096 0.0000000000
87434  51.910  11.293  24.102 0.0000000000
88348  52.175  12.407  23.035 0.0000000000
87452  55.444  12.566  22.126 0.0000000000
86600  54.651  11.568  21.386 0.0000000000
85652  52.984  9.877  22.246 0.0000000000
123516  51.389  9.250  22.889 0.0000000000
91946  50.821  17.536  39.337 0.0000000000
91972  50.593  17.189  37.102 0.0000000000
91186  48.447  16.404  39.177 0.0000000000
91196  48.800  16.466  36.658 0.0000000000
91200  49.141  16.473  35.755 0.0000000000
91209  48.889  16.411  33.659 0.0000000000
120762  48.188  16.381  32.043 0.0000000000
91240  46.775  16.039  30.775 0.0000000000
89802  43.883  15.069  38.823 0.0000000000
89822  44.718  14.388  36.759 0.0000000000
90529  45.113  14.955  35.088 0.0000000000
89112  43.100  13.405  33.589 0.0000000000
89832  44.045  14.584  33.820 0.0000000000
90533  45.261  15.305  34.136 0.0000000000
90541  45.324  15.461  32.170 0.0000000000
90559  45.451  15.258  30.535 0.0000000000
90567  46.299  15.400  29.387 0.0000000000
89152  46.240  13.525  27.811 0.0000000000
88313  47.184  12.339  27.325 0.0000000000
134702  49.329  11.309  27.877 0.0000000000
87359  48.457  10.815  30.239 0.0000000000
87373  49.774  11.018  29.290 0.0000000000
90492  40.677  16.607  41.272 0.0000000000
90513  39.387  15.793  40.017 0.0000000000
90515  37.671  15.520  39.831 0.0000000000
97051  51.834  24.510  25.644 0.0000000000
97706  49.064  24.870  24.902 0.0000000000
95777  44.220  22.200  25.059 0.0000000000
95053  42.627  21.240  23.853 0.0000000000
93612  42.798  19.916  23.148 0.0000000000
95066  45.102  21.233  20.455 0.0000000000
93618  43.645  20.148  21.561 0.0000000000
92886  43.352  18.852  23.540 0.0000000000
94247  49.852  20.034  35.396 0.0000000000
92789  51.848  17.684  33.836 0.0000000000
138595  50.696  18.401  33.550 0.0000000000
93549  48.468  19.607  33.683 0.0000000000
93556  47.144  19.345  31.809 0.0000000000
92829  47.027  18.686  29.736 0.0000000000
119245  46.894  18.626  28.308 0.0000000000
90586  49.596  15.919  27.039 0.0000000000
91266  50.737  16.522  27.570 0.0000000000
92017  51.707  18.001  27.720 0.0000000000
91288  52.657  17.623  24.364 0.0000000000
92029  52.085  18.108  25.561 0.0000000000
120028  51.142  18.359  27.221 0.0000000000
118186  49.705  18.562  27.025 0.0000000000
92862  47.703  18.418  26.448 0.0000000000
121433  46.595  18.538  26.448 0.0000000000
92882  47.009  18.249  24.399 0.0000000000
92052  47.317  17.777  21.109 0.0000000000
92063  46.962  17.468  21.002 0.0000000000
90637  47.828  15.211  21.835 0.0000000000
90627  46.801  15.485  22.274 0.0000000000
90620  46.440  16.089  22.293 0.0000000000
89912  45.637  14.397  23.443 0.0000000000
117963  45.623  9.577  25.629 0.0000000000
95768  42.631  22.139  26.534 0.0000000000
95767  43.663  22.402  26.245 0.0000000000
91918  43.238  17.234  41.750 0.0000000000
90490  43.481  16.564  41.290 0.0000000000
93584  45.445  19.949  28.701 0.0000000000
94294  45.478  20.563  28.464 0.0000000000
93592  45.579  19.436  27.201 0.0000000000
93600  45.567  19.366  26.186 0.0000000000
92863  45.907  18.878  26.863 0.0000000000
91248  47.969  16.177  29.739 0.0000000000
128943  48.812  16.363  30.387 0.0000000000
91258  48.186  16.041  28.895 0.0000000000
86602  51.753  11.054  21.421 0.0000000000
87460  52.475  11.824  21.018 0.0000000000
86603  50.649  10.981  21.499 0.0000000000
85654  50.877  9.830  22.466 0.0000000000
137187  49.996  21.885  35.055 0.0000000000
94989  49.057  22.002  33.966 0.0000000000
135789  48.494  21.729  33.415 0.0000000000
127975  48.505  21.160  33.829 0.0000000000
118472  49.108  11.487  27.075 0.0000000000
87417  49.104  11.733  26.221 0.0000000000
117962  49.936  11.381  26.783 0.0000000000
126951  55.957  10.731  24.262 0.0000000000
85636  56.152  10.557  23.216 0.0000000000
92033  43.015  18.015  25.707 0.0000000000
90524  46.541  15.494  36.583 0.0000000000
135269  46.707  15.612  35.826 0.0000000000
90528  46.482  15.639  35.057 0.0000000000
135008  45.786  15.396  34.816 0.0000000000
89107  42.941  12.975  35.768 0.0000000000
88288  44.800  12.304  30.821 0.0000000000
128197  44.357  13.100  30.866 0.0000000000
89137  44.655  13.658  30.415 0.0000000000
88287  45.252  12.409  30.169 0.0000000000
87377  45.734  12.059  29.831 0.0000000000
126781  48.546  22.641  22.911 0.0000000000
96460  48.317  23.179  22.814 0.0000000000
95774  47.786  22.641  22.170 0.0000000000
95040  47.575  22.719  22.028 0.0000000000
92064  46.304  17.959  20.686 0.0000000000
92065  45.349  18.242  20.848 0.0000000000
91290  45.089  16.805  23.403 0.0000000000
91296  45.791  16.359  22.763 0.0000000000
91975  51.144  17.130  35.932 0.0000000000
91971  51.482  17.675  35.979 0.0000000000
92826  51.567  18.272  29.855 0.0000000000
132135  50.808  18.474  29.343 0.0000000000
89909  51.236  14.516  23.485 0.0000000000
89897  50.597  14.905  24.025 0.0000000000
133027  51.153  17.149  22.020 0.0000000000
92059  51.473  17.822  22.550 0.0000000000
92060  50.138  17.688  22.387 0.0000000000
92061  48.801  17.562  21.963 0.0000000000
87464  46.547  11.805  21.388 0.0000000000
88373  45.975  12.094  21.676 0.0000000000
87453  45.962  11.425  21.666 0.0000000000
87454  45.398  11.311  22.190 0.0000000000
94310  41.122  20.825  24.918 0.0000000000
95054  41.753  21.008  24.401 0.0000000000
92714  46.446  17.492  41.701 0.0000000000
91917  45.590  17.408  41.680 0.0000000000
90488  45.008  15.904  40.080 0.0000000000
91189  45.822  15.991  39.937 0.0000000000
90507  45.493  15.512  38.910 0.0000000000
119583  45.811  15.347  38.109 0.0000000000
90521  45.298  15.089  38.045 0.0000000000
96398  48.260  23.089  29.987 0.0000000000
120393  49.001  23.403  29.753 0.0000000000
96415  47.903  22.957  29.379 0.0000000000
95021  46.564  21.484  26.233 0.0000000000
95764  47.964  22.017  24.750 0.0000000000
137835  46.452  21.139  25.048 0.0000000000
131711  45.798  20.475  25.280 0.0000000000
92874  45.781  19.111  24.976 0.0000000000
130769  45.716  19.819  23.362 0.0000000000
132265  45.949  19.121  23.491 0.0000000000
92891  46.189  18.603  20.476 0.0000000000
92884  46.533  18.634  22.033 0.0000000000
128320  50.608  16.586  32.755 0.0000000000
91225  50.288  16.530  31.885 0.0000000000
120750  50.595  16.555  31.019 0.0000000000
121758  51.313  16.730  29.687 0.0000000000
129942  51.868  17.205  29.795 0.0000000000
132076  54.905  13.666  21.740 0.0000000000
89918  54.078  15.042  22.221 0.0000000000
89188  54.675  13.821  21.547 0.0000000000
128461  52.180  13.984  21.185 0.0000000000
89924  52.529  14.851  21.444 0.0000000000
140362  51.685  14.419  21.335 0.0000000000
129068  51.389  14.995  21.491 0.0000000000
129067  50.193  14.872  21.551 0.0000000000
134116  48.937  11.393  21.289 0.0000000000
135048  48.905  11.917  21.143 0.0000000000
87463  48.212  11.447  21.239 0.0000000000
86606  47.584  10.910  21.406 0.0000000000
132463  48.030  10.423  21.922 0.0000000000
118981  49.178  9.559  24.211 0.0000000000
85642  48.293  9.801  23.927 0.0000000000
90511  41.148  15.616  39.703 0.0000000000
90510  42.069  15.498  39.472 0.0000000000
89099  41.717  13.234  37.496 0.0000000000
88239  41.851  12.500  37.218 0.0000000000
94992  47.444  21.237  32.498 0.0000000000
94994  47.175  21.561  31.707 0.0000000000
94274  46.127  20.457  30.822 0.0000000000
89880  46.877  14.033  26.884 0.0000000000
89879  47.411  14.243  26.402 0.0000000000
89168  47.579  13.554  26.021 0.0000000000
88331  49.164  12.151  25.351 0.0000000000
88342  49.002  12.767  24.777 0.0000000000
88341  49.623  12.424  24.557 0.0000000000
89182  49.722  13.482  23.992 0.0000000000
88340  50.381  12.171  24.140 0.0000000000
87415  51.628  11.095  26.103 0.0000000000
87425  52.593  10.884  25.591 0.0000000000
128765  52.764  10.917  24.570 0.0000000000
87433  53.447  11.332  23.521 0.0000000000
87445  54.021  12.191  22.754 0.0000000000
88359  54.835  13.204  22.136 0.0000000000
87444  55.713  12.032  22.347 0.0000000000
139359  55.875  11.661  22.141 0.0000000000
85651  54.595  10.290  22.271 0.0000000000
86587  53.853  10.691  21.742 0.0000000000
85639  52.257  9.181  22.751 0.0000000000
91926  50.339  17.773  40.493 0.0000000000
92721  50.829  18.237  40.173 0.0000000000
91964  50.220  17.155  38.345 0.0000000000
91173  47.218  16.489  40.698 0.0000000000
136144  48.005  16.448  40.263 0.0000000000
91192  48.560  16.455  37.762 0.0000000000
121026  48.596  16.343  35.213 0.0000000000
91204  48.694  16.369  34.515 0.0000000000
91217  46.799  16.077  32.801 0.0000000000
91216  47.840  16.316  32.998 0.0000000000
131158  47.216  16.225  32.176 0.0000000000
91227  47.471  16.278  31.397 0.0000000000
91228  46.636  16.033  31.563 0.0000000000
89803  43.299  14.577  38.230 0.0000000000
89823  44.115  14.004  36.371 0.0000000000
119208  44.130  14.138  37.274 0.0000000000
89826  44.577  14.432  35.739 0.0000000000
87324  42.818  11.987  33.579 0.0000000000
88262  42.767  12.718  33.908 0.0000000000
131892  43.014  12.735  33.151 0.0000000000
89836  43.661  14.034  32.434 0.0000000000
89833  43.512  14.066  33.275 0.0000000000
89835  44.025  14.630  32.909 0.0000000000
90534  44.639  14.918  34.249 0.0000000000
90538  44.620  15.074  33.461 0.0000000000
90537  45.441  15.517  33.164 0.0000000000
90542  44.640  15.114  32.555 0.0000000000
89848  45.105  14.670  30.205 0.0000000000
90568  45.606  15.051  29.741 0.0000000000
90558  46.141  15.591  30.212 0.0000000000
89855  45.862  14.752  28.995 0.0000000000
89863  46.116  14.349  28.219 0.0000000000
89864  45.676  14.149  28.812 0.0000000000
87390  46.552  11.963  28.824 0.0000000000
88306  46.816  12.152  28.024 0.0000000000
87404  47.527  11.789  27.807 0.0000000000
87403  48.384  11.536  27.572 0.0000000000
128255  48.019  11.335  28.473 0.0000000000
86524  48.211  10.651  31.127 0.0000000000
87358  49.413  10.834  30.177 0.0000000000
87357  50.391  10.964  30.056 0.0000000000
91178  40.089  17.255  41.584 0.0000000000
90493  39.093  16.618  41.116 0.0000000000
96457  50.175  23.843  24.315 0.0000000000
96450  50.585  23.761  24.884 0.0000000000
96449  50.926  24.246  24.905 0.0000000000
97699  51.337  24.916  25.349 0.0000000000
97704  50.600  24.731  24.943 0.0000000000
97705  49.878  24.884  24.865 0.0000000000
96461  47.284  23.299  23.067 0.0000000000
95766  44.751  22.808  25.544 0.0000000000
95776  45.621  22.737  23.862 0.0000000000
95052  44.020  21.618  23.189 0.0000000000
95061  43.231  21.081  22.794 0.0000000000
94323  43.034  20.602  22.796 0.0000000000
132726  46.635  21.573  21.588 0.0000000000
95058  46.222  21.746  20.879 0.0000000000
95065  45.842  21.295  20.251 0.0000000000
92892  44.471  18.510  21.652 0.0000000000
93623  44.487  19.923  20.123 0.0000000000
124766  43.821  18.827  22.446 0.0000000000
119432  43.428  19.437  22.438 0.0000000000
92042  43.805  17.929  24.204 0.0000000000
92031  44.124  17.263  24.557 0.0000000000
90614  44.751  15.386  24.775 0.0000000000
93511  52.017  19.258  38.400 0.0000000000
93535  51.092  18.738  35.934 0.0000000000
126923  51.379  19.099  36.684 0.0000000000
93536  50.416  19.300  35.545 0.0000000000
94246  50.556  19.807  36.045 0.0000000000
91206  52.110  17.332  32.796 0.0000000000
92793  52.216  17.789  32.914 0.0000000000
119413  49.814  18.495  32.094 0.0000000000
92795  50.555  18.416  32.824 0.0000000000
92791  49.429  18.784  33.564 0.0000000000
92796  48.961  18.670  32.663 0.0000000000
93552  48.208  19.217  33.039 0.0000000000
92797  47.912  18.942  32.288 0.0000000000
92828  48.198  18.508  29.607 0.0000000000
92815  47.674  18.658  30.515 0.0000000000
92840  46.538  18.833  28.984 0.0000000000
92851  47.802  18.494  27.873 0.0000000000
89878  48.116  14.742  26.067 0.0000000000
90587  48.531  15.621  27.270 0.0000000000
90595  48.705  15.389  26.497 0.0000000000
91282  50.803  16.314  25.987 0.0000000000
91274  50.753  16.446  26.761 0.0000000000
91265  51.506  17.409  27.301 0.0000000000
91273  51.628  17.369  26.442 0.0000000000
89907  53.655  16.069  22.646 0.0000000000
91295  53.104  17.321  23.577 0.0000000000
92880  51.712  18.433  24.883 0.0000000000
92037  52.276  18.195  24.731 0.0000000000
92868  51.818  18.219  25.793 0.0000000000
92859  51.437  18.320  26.296 0.0000000000
92860  50.635  18.531  26.536 0.0000000000
92870  50.632  18.551  25.839 0.0000000000
117355  48.426  18.380  25.809 0.0000000000
92872  47.238  18.337  25.599 0.0000000000
92873  46.347  18.589  25.353 0.0000000000
91305  47.412  16.943  21.277 0.0000000000
89925  49.169  14.718  21.632 0.0000000000
90636  48.632  15.513  21.690 0.0000000000
89926  48.324  14.483  21.720 0.0000000000
89192  46.202  13.558  22.358 0.0000000000
89919  47.164  14.889  22.155 0.0000000000
89920  46.609  14.494  22.485 0.0000000000
89911  46.337  15.035  22.951 0.0000000000
90621  45.803  15.467  23.383 0.0000000000
88352  44.456  12.190  23.300 0.0000000000
131021  44.595  12.991  23.512 0.0000000000
122358  46.959  9.726  24.193 0.0000000000
85615  46.393  9.608  25.438 0.0000000000
95034  40.942  21.521  25.787 0.0000000000
95033  41.905  21.672  25.726 0.0000000000
91162  44.871  17.232  41.723 0.0000000000
130895  43.979  17.108  41.739 0.0000000000
126792  46.306  21.635  29.966 0.0000000000
95729  46.786  22.219  29.512 0.0000000000
95016  45.709  21.150  28.740 0.0000000000
95022  45.684  21.083  27.702 0.0000000000
140587  45.421  19.911  25.922 0.0000000000
91226  49.103  16.448  31.779 0.0000000000
118489  49.541  16.461  31.077 0.0000000000
91257  49.365  16.226  28.668 0.0000000000
88366  54.651  12.909  20.897 0.0000000000
130083  54.239  13.474  20.944 0.0000000000
88367  53.346  12.675  20.781 0.0000000000
88368  51.931  12.421  20.907 0.0000000000
89196  51.402  13.092  21.065 0.0000000000
89197  50.181  12.996  21.252 0.0000000000
88369  50.583  12.174  21.105 0.0000000000
87462  50.288  11.507  21.297 0.0000000000
86604  49.561  11.041  21.466 0.0000000000
138971  48.724  10.189  22.453 0.0000000000
85655  49.482  10.060  22.585 0.0000000000
85641  49.843  9.579  23.450 0.0000000000
89806  40.684  14.943  38.586 0.0000000000
95705  49.147  22.737  32.711 0.0000000000
95703  48.780  22.287  33.172 0.0000000000
94271  47.060  20.472  32.262 0.0000000000
88322  47.946  12.415  26.236 0.0000000000
88333  47.810  13.003  25.806 0.0000000000
87428  48.586  12.131  25.953 0.0000000000
86559  53.804  10.663  24.947 0.0000000000
127893  54.981  10.779  24.423 0.0000000000
86568  55.936  11.041  23.663 0.0000000000
87443  55.884  11.557  22.392 0.0000000000
86577  56.119  11.083  22.991 0.0000000000
91171  49.527  17.167  40.761 0.0000000000
91194  46.895  15.843  38.372 0.0000000000
91193  47.686  16.144  38.074 0.0000000000
90518  47.082  15.794  37.287 0.0000000000
90523  47.242  15.842  36.313 0.0000000000
91205  47.887  16.189  34.925 0.0000000000
90531  47.080  15.950  34.509 0.0000000000
90536  46.284  15.826  33.239 0.0000000000
141761  43.195  13.606  37.310 0.0000000000
89815  43.527  14.054  37.573 0.0000000000
89106  43.521  13.533  36.088 0.0000000000
87332  43.767  12.015  32.236 0.0000000000
88267  43.377  12.741  32.470 0.0000000000
88277  43.708  12.776  31.919 0.0000000000
89122  43.605  13.380  32.115 0.0000000000
141920  43.898  13.949  31.706 0.0000000000
120896  44.359  14.445  31.318 0.0000000000
89857  44.921  14.126  30.068 0.0000000000
89136  45.092  13.596  29.780 0.0000000000
89145  45.491  13.593  29.128 0.0000000000
88297  45.936  12.373  29.116 0.0000000000
124096  46.999  11.391  29.458 0.0000000000
86523  49.076  10.637  31.094 0.0000000000
96452  49.056  22.798  25.233 0.0000000000
95762  49.195  23.053  23.522 0.0000000000
96458  49.484  23.603  23.755 0.0000000000
97068  49.006  24.105  23.876 0.0000000000
96459  48.924  23.367  23.183 0.0000000000
95051  45.730  22.110  21.864 0.0000000000
93617  45.697  19.613  20.123 0.0000000000
94327  45.385  20.454  19.815 0.0000000000
92903  45.167  19.820  19.633 0.0000000000
92899  44.882  19.280  20.174 0.0000000000
92041  44.404  17.442  23.721 0.0000000000
91962  51.574  17.966  37.742 0.0000000000
92766  51.674  18.571  37.438 0.0000000000
139558  51.537  17.950  36.775 0.0000000000
92778  51.552  17.962  35.493 0.0000000000
91995  52.263  17.644  30.819 0.0000000000
92799  52.202  17.934  32.091 0.0000000000
138409  51.838  18.198  31.702 0.0000000000
92800  51.399  18.389  30.930 0.0000000000
92801  50.029  18.475  31.267 0.0000000000
92814  48.862  18.531  30.873 0.0000000000
92827  49.492  18.504  29.334 0.0000000000
92838  49.088  18.520  28.480 0.0000000000
89887  49.175  14.775  25.047 0.0000000000
90612  50.135  15.216  24.704 0.0000000000
90602  51.006  16.077  25.225 0.0000000000
91300  53.222  17.185  22.781 0.0000000000
91294  53.127  17.495  23.206 0.0000000000
92058  52.668  17.828  22.940 0.0000000000
92038  51.981  18.406  23.930 0.0000000000
128329  50.840  18.503  25.163 0.0000000000
92881  50.550  18.336  24.173 0.0000000000
92039  49.001  18.131  23.942 0.0000000000
92040  47.850  18.020  23.481 0.0000000000
134777  48.617  17.873  22.823 0.0000000000
91304  48.310  17.158  21.498 0.0000000000
89927  47.547  14.209  21.869 0.0000000000
89199  47.211  13.342  21.742 0.0000000000
88361  46.487  12.819  21.778 0.0000000000
89183  45.590  13.502  22.838 0.0000000000
88363  45.054  12.050  22.449 0.0000000000
87447  44.782  11.314  22.876 0.0000000000
94974  49.656  21.020  35.112 0.0000000000
95046  40.575  21.048  25.369 0.0000000000
93607  41.883  19.730  24.640 0.0000000000
91160  46.892  17.026  41.605 0.0000000000
91174  46.282  16.536  41.061 0.0000000000
91175  45.368  16.592  41.229 0.0000000000
91188  46.626  16.112  39.622 0.0000000000
90525  45.873  15.137  36.788 0.0000000000
87316  42.690  11.471  34.236 0.0000000000
87323  43.361  11.600  33.099 0.0000000000
139700  44.462  11.415  32.198 0.0000000000
87345  44.550  11.811  31.598 0.0000000000
87344  45.348  11.490  31.235 0.0000000000
87343  46.100  11.192  30.991 0.0000000000
96413  49.315  23.456  28.789 0.0000000000
96430  48.801  23.283  28.071 0.0000000000
95739  46.799  22.225  28.501 0.0000000000
95738  47.531  22.610  27.873 0.0000000000
96443  48.382  22.915  27.213 0.0000000000
95750  48.049  22.488  26.155 0.0000000000
95030  47.842  21.854  23.215 0.0000000000
138904  45.845  20.276  22.036 0.0000000000
138021  50.530  16.649  34.829 0.0000000000
91202  51.365  16.825  34.212 0.0000000000
91207  51.573  16.866  33.267 0.0000000000
91213  52.056  17.164  31.998 0.0000000000
91224  51.437  16.756  31.491 0.0000000000
91223  52.013  17.126  31.137 0.0000000000
91235  52.022  17.225  30.440 0.0000000000
92003  51.941  17.794  29.300 0.0000000000
92009  51.792  17.889  28.501 0.0000000000
89190  53.251  14.084  22.579 0.0000000000
89908  53.068  15.243  23.078 0.0000000000
90625  53.874  15.707  22.246 0.0000000000
129606  53.709  14.317  21.334 0.0000000000
129800  53.647  15.410  21.815 0.0000000000
135336  53.551  16.113  22.112 0.0000000000
91314  52.027  16.741  21.926 0.0000000000
91315  49.982  16.849  21.782 0.0000000000
89198  48.830  13.870  21.552 0.0000000000
129520  49.045  12.904  21.375 0.0000000000
129989  47.349  11.535  21.234 0.0000000000
86581  46.716  10.050  22.560 0.0000000000
85629  47.660  9.691  24.523 0.0000000000
86579  48.115  10.042  22.897 0.0000000000
85614  47.749  9.515  25.396 0.0000000000
136384  41.991  16.771  41.583 0.0000000000
125811  42.576  16.173  40.734 0.0000000000
89804  42.503  14.718  38.412 0.0000000000
89098  42.603  13.424  37.408 0.0000000000
88248  42.572  12.494  36.373 0.0000000000
96397  48.761  23.193  30.582 0.0000000000
95709  48.030  22.759  30.834 0.0000000000
95706  48.502  22.419  32.428 0.0000000000
95710  47.581  22.220  31.379 0.0000000000
95719  46.855  22.092  30.329 0.0000000000
95000  46.004  21.070  30.435 0.0000000000
94279  45.746  20.477  30.038 0.0000000000
93583  45.816  19.391  28.902 0.0000000000
90577  47.337  15.552  28.281 0.0000000000
90596  47.825  15.042  26.753 0.0000000000
89167  48.129  13.549  25.412 0.0000000000
89899  48.705  13.987  24.825 0.0000000000
89910  50.186  14.127  23.794 0.0000000000
89181  50.527  13.516  23.525 0.0000000000
87416  50.765  11.264  26.479 0.0000000000
87427  50.717  11.342  25.496 0.0000000000
87435  50.914  11.543  24.582 0.0000000000
87446  51.349  11.958  23.699 0.0000000000
138322  52.097  13.068  22.799 0.0000000000
88360  53.346  13.063  22.499 0.0000000000
88358  55.322  12.915  21.678 0.0000000000
87451  55.800  12.144  21.978 0.0000000000
87457  55.681  11.970  21.687 0.0000000000
87458  55.131  12.400  21.232 0.0000000000
86588  52.354  10.444  21.800 0.0000000000
85653  51.780  9.789  22.316 0.0000000000
139665  51.795  8.738  23.244 0.0000000000
91945  51.443  17.940  38.918 0.0000000000
91963  51.102  17.538  38.032 0.0000000000
91195  49.943  16.764  36.373 0.0000000000
91915  48.401  17.531  41.503 0.0000000000
91172  48.809  16.716  40.632 0.0000000000
91185  49.311  16.701  39.909 0.0000000000
124287  49.335  16.723  38.679 0.0000000000
91191  49.541  16.788  37.436 0.0000000000
91199  50.321  16.691  35.496 0.0000000000
91203  49.819  16.503  34.289 0.0000000000
91210  47.859  16.256  34.030 0.0000000000
91239  47.715  16.253  30.578 0.0000000000
91249  46.967  15.921  29.951 0.0000000000
138777  43.416  15.736  39.976 0.0000000000
123944  43.898  14.458  37.940 0.0000000000
89814  44.592  14.678  37.849 0.0000000000
89813  45.289  14.786  37.181 0.0000000000
89825  45.279  14.801  36.192 0.0000000000
89110  42.761  12.821  34.791 0.0000000000
89830  43.532  13.965  34.320 0.0000000000
89829  44.283  14.502  34.768 0.0000000000
130848  46.055  15.770  32.560 0.0000000000
90551  44.702  15.044  31.697 0.0000000000
90550  45.344  15.382  31.333 0.0000000000
90540  45.967  15.734  31.799 0.0000000000
90549  46.002  15.729  31.016 0.0000000000
90578  46.496  15.157  28.577 0.0000000000
89871  46.551  14.175  27.451 0.0000000000
89161  46.685  13.510  27.173 0.0000000000
88314  46.612  12.843  27.544 0.0000000000
140449  47.458  12.515  26.750 0.0000000000
87419  47.779  12.013  27.018 0.0000000000
87361  46.219  11.441  30.306 0.0000000000
138109  46.777  11.231  30.108 0.0000000000
87375  47.745  11.141  29.368 0.0000000000
87374  48.742  10.979  29.316 0.0000000000
87388  49.050  11.159  28.499 0.0000000000
129081  50.063  11.192  28.527 0.0000000000
91164  41.988  17.271  41.795 0.0000000000
91177  41.380  17.020  41.709 0.0000000000
123782  39.752  16.609  41.189 0.0000000000
118272  37.885  16.525  40.948 0.0000000000
134848  38.216  14.926  38.788 0.0000000000
97060  48.096  24.858  25.322 0.0000000000
97061  47.185  24.477  25.450 0.0000000000
95043  43.454  21.724  24.490 0.0000000000
94315  42.411  20.848  23.693 0.0000000000
93613  42.191  20.031  23.987 0.0000000000
92887  42.583  19.346  24.209 0.0000000000
119234  46.551  21.983  21.487 0.0000000000
95059  45.996  21.849  20.853 0.0000000000
94334  44.917  20.138  19.557 0.0000000000
94329  44.496  20.466  20.252 0.0000000000
94322  43.915  20.846  21.526 0.0000000000
92875  43.193  18.432  24.748 0.0000000000
92032  43.665  17.433  25.227 0.0000000000
133143  44.497  16.855  24.319 0.0000000000
94238  51.737  19.592  37.468 0.0000000000
128993  50.591  20.580  36.114 0.0000000000
128849  50.171  20.556  35.656 0.0000000000
94260  49.284  20.177  34.756 0.0000000000
91977  51.829  17.421  34.455 0.0000000000
92786  51.688  17.825  34.754 0.0000000000
92790  50.784  18.420  34.299 0.0000000000
92794  51.800  18.159  32.454 0.0000000000
125971  51.644  18.149  33.293 0.0000000000
92787  49.270  19.346  34.313 0.0000000000
94261  48.650  20.292  34.165 0.0000000000
94268  48.112  20.428  33.540 0.0000000000
93553  47.422  19.737  32.541 0.0000000000
93554  46.838  19.946  31.926 0.0000000000
92803  47.797  18.758  31.446 0.0000000000
92804  47.012  19.056  31.153 0.0000000000
93557  46.488  19.756  31.213 0.0000000000
93574  46.122  19.269  29.710 0.0000000000
92841  46.155  18.966  28.240 0.0000000000
90576  48.359  15.840  28.067 0.0000000000
91267  49.501  16.085  27.845 0.0000000000
90594  49.709  15.725  26.251 0.0000000000
91256  50.660  16.529  28.385 0.0000000000
91255  51.543  17.340  28.097 0.0000000000
90619  52.014  15.626  23.773 0.0000000000
90610  52.595  16.703  24.140 0.0000000000
91289  52.075  16.898  24.910 0.0000000000
91280  52.239  17.739  25.230 0.0000000000
91272  51.928  17.736  25.845 0.0000000000
92023  51.691  18.019  26.903 0.0000000000
92848  51.324  18.277  28.138 0.0000000000
92849  50.264  18.520  27.873 0.0000000000
92850  49.035  18.527  27.676 0.0000000000
92861  49.597  18.512  26.162 0.0000000000
137368  48.707  18.473  26.519 0.0000000000
120682  47.330  18.470  27.086 0.0000000000
92852  46.571  18.667  27.498 0.0000000000
92853  45.895  19.023  27.595 0.0000000000
92883  47.172  18.180  22.358 0.0000000000
91307  46.480  17.011  21.336 0.0000000000
91316  48.937  16.617  21.603 0.0000000000
91317  48.066  16.342  21.549 0.0000000000
90626  47.335  15.877  21.773 0.0000000000
129312  46.897  16.234  21.714 0.0000000000
89900  45.281  14.972  24.194 0.0000000000
89184  45.086  13.546  23.473 0.0000000000
89175  44.584  13.558  24.108 0.0000000000
85640  50.656  9.363  23.148 0.0000000000
85626  50.508  8.971  23.906 0.0000000000
85627  49.891  9.201  24.270 0.0000000000
86591  49.053  10.528  21.889 0.0000000000
86593  46.646  10.946  21.474 0.0000000000
87402  50.082  11.297  27.717 0.0000000000
87459  53.922  12.088  20.988 0.0000000000
88299  44.861  12.986  30.219 0.0000000000
88308  45.709  13.011  28.861 0.0000000000
88324  47.000  12.918  26.896 0.0000000000
88350  50.016  12.809  23.897 0.0000000000
88357  55.218  12.968  21.249 0.0000000000
88362  45.648  12.673  22.213 0.0000000000
88370  49.653  12.264  21.184 0.0000000000
89121  43.931  13.272  31.492 0.0000000000
89144  45.824  13.568  28.467 0.0000000000
89160  47.122  13.526  26.596 0.0000000000
89187  55.062  13.299  21.404 0.0000000000
89849  44.639  14.286  30.631 0.0000000000
89870  47.121  14.624  27.109 0.0000000000
89888  48.416  14.404  25.446 0.0000000000
89913  45.070  14.190  24.041 0.0000000000
91158  48.901  17.205  41.232 0.0000000000
91159  48.043  16.941  41.345 0.0000000000
91306  46.863  16.860  21.290 0.0000000000
91312  53.565  16.422  22.548 0.0000000000
91313  53.032  16.716  22.213 0.0000000000
91987  52.280  17.578  31.618 0.0000000000
92002  52.125  17.738  30.072 0.0000000000
92022  51.850  18.021  26.168 0.0000000000
92048  52.140  18.202  23.194 0.0000000000
92812  52.115  18.108  31.282 0.0000000000
92816  46.583  19.148  30.497 0.0000000000
92879  51.975  18.307  25.345 0.0000000000
92893  44.045  19.357  21.297 0.0000000000
93547  49.921  19.263  34.990 0.0000000000
93550  47.855  19.857  33.197 0.0000000000
93575  45.648  19.888  29.530 0.0000000000
94269  47.565  20.484  32.945 0.0000000000
94304  45.365  20.001  26.553 0.0000000000
94328  45.187  20.593  19.745 0.0000000000
94333  45.037  20.156  19.477 0.0000000000
94964  51.045  21.024  36.469 0.0000000000
94993  46.832  20.975  31.909 0.0000000000
95008  46.233  21.675  29.095 0.0000000000
95009  45.783  21.105  29.645 0.0000000000
95690  49.531  21.762  34.589 0.0000000000
95707  47.815  22.024  32.133 0.0000000000
95711  46.955  21.840  31.021 0.0000000000
95728  47.370  22.656  29.012 0.0000000000
96414  48.508  23.247  29.149 0.0000000000
96440  51.313  23.966  25.595 0.0000000000
97066  50.261  24.307  24.563 0.0000000000
117895  48.334  18.490  27.112 0.0000000000
118358  52.419  11.796  23.391 0.0000000000
119509  48.244  22.563  31.678 0.0000000000
121461  47.374  22.340  30.729 0.0000000000
125244  54.567  14.278  21.905 0.0000000000
127690  49.462  16.468  35.014 0.0000000000
132610  42.397  20.435  23.661 0.0000000000
134859  55.459  11.268  21.891 0.0000000000
136459  49.450  12.926  24.298 0.0000000000
136943  42.998  13.313  34.317 0.0000000000
137302  55.475  12.506  21.569 0.0000000000
139659  48.615  18.496  29.068 0.0000000000
140769  48.607  13.276  24.922 0.0000000000
141628  46.483  21.550  30.615 0.0000000000
