#!ascii label  , from subject sub-v1s4x0050683_ses-1 vox2ras=TkReg
859
70290  18.823  -7.328  -7.714 0.2500000000
70288  19.994  -7.840  -8.524 0.7500000000
123326  17.543  -3.909  -7.774 0.2500000000
73259  18.260  -4.492  -8.168 0.3750000000
73240  17.012  -5.339  -7.510 0.2500000000
71342  18.492  -6.781  -7.696 0.2500000000
70299  19.692  -7.182  -8.510 0.7500000000
71341  19.108  -6.744  -8.100 0.3750000000
69262  20.510  -8.279  -8.841 0.8750000000
69260  22.040  -8.531  -9.867 0.8750000000
124947  19.203  -5.177  -8.559 0.3750000000
72335  18.921  -6.080  -8.175 0.3750000000
71357  19.680  -6.357  -8.685 0.8750000000
70309  22.543  -7.496  -10.595 1.0000000000
70310  21.806  -7.102  -10.220 1.0000000000
71356  20.374  -6.631  -9.244 0.8750000000
140732  22.415  -8.169  -10.313 1.0000000000
120568  20.614  -7.492  -9.221 0.8750000000
69284  23.916  -8.518  -11.108 1.0000000000
74196  18.518  -3.147  -8.306 0.2500000000
72351  20.328  -5.194  -9.441 0.8750000000
137902  20.204  -5.937  -9.244 0.8750000000
72352  19.680  -5.555  -8.858 0.7500000000
70320  24.234  -7.201  -11.621 1.0000000000
71369  21.635  -6.305  -10.292 1.0000000000
120138  24.526  -7.869  -11.620 1.0000000000
137566  23.496  -7.575  -11.162 1.0000000000
70308  23.035  -8.239  -10.660 1.0000000000
74177  17.988  -2.466  -7.778 0.1250000000
73258  19.547  -4.077  -8.852 0.6250000000
72363  21.579  -5.428  -10.350 1.0000000000
73273  19.797  -4.612  -9.090 0.8750000000
72362  22.174  -5.814  -10.742 1.0000000000
70332  25.158  -7.287  -12.255 1.0000000000
71381  23.602  -6.712  -11.430 1.0000000000
126170  22.908  -6.079  -11.212 1.0000000000
70331  26.036  -7.670  -12.904 1.0000000000
70328  28.234  -8.637  -14.641 1.0000000000
127619  26.474  -8.213  -13.077 1.0000000000
75181  22.055  -2.368  -10.742 0.2500000000
74195  19.776  -3.289  -8.923 0.2500000000
74211  20.599  -3.245  -9.511 0.3750000000
74212  19.980  -3.606  -9.144 0.5000000000
73283  21.693  -4.433  -10.493 1.0000000000
74224  21.126  -3.842  -9.945 0.6250000000
138809  22.087  -5.096  -10.726 1.0000000000
71399  24.627  -5.879  -12.153 1.0000000000
72376  22.609  -5.227  -11.087 1.0000000000
71397  26.409  -7.410  -14.733 1.0000000000
71398  25.844  -6.993  -13.256 1.0000000000
72388  25.567  -5.972  -12.775 1.0000000000
71413  27.412  -6.792  -15.423 1.0000000000
71396  28.065  -8.017  -15.197 1.0000000000
71412  28.987  -7.320  -15.264 1.0000000000
71411  29.443  -7.126  -14.753 1.0000000000
75180  22.597  -2.312  -11.426 0.5000000000
75167  21.680  -2.602  -10.362 0.3750000000
74223  21.656  -3.412  -10.447 0.5000000000
74237  22.193  -2.963  -10.985 0.5000000000
74236  22.720  -3.752  -11.360 0.8750000000
73294  23.538  -4.289  -11.758 1.0000000000
74246  24.160  -3.585  -12.271 1.0000000000
126717  25.785  -5.264  -13.160 1.0000000000
73308  24.345  -4.503  -12.190 1.0000000000
72398  26.303  -5.878  -15.271 1.0000000000
73305  26.150  -5.489  -14.239 1.0000000000
73315  29.845  -5.349  -15.657 1.0000000000
72397  28.683  -6.479  -15.596 1.0000000000
72387  29.754  -6.124  -14.262 0.8750000000
76101  22.816  -1.507  -12.239 0.5000000000
131115  22.773  -2.888  -11.502 0.5000000000
75179  23.131  -2.352  -11.865 0.6250000000
75190  24.236  -2.620  -12.463 0.6250000000
74235  23.352  -3.244  -11.799 1.0000000000
73323  29.202  -4.974  -16.322 1.0000000000
73317  27.600  -5.008  -15.961 1.0000000000
122865  26.320  -4.947  -15.159 1.0000000000
73306  26.047  -4.370  -13.615 1.0000000000
131646  27.519  -5.791  -15.652 1.0000000000
129567  30.280  -4.348  -15.902 0.8750000000
73316  29.009  -5.835  -16.043 1.0000000000
73304  30.024  -5.485  -14.653 0.8750000000
75191  23.496  -1.762  -12.384 0.5000000000
132502  24.194  -1.896  -12.560 0.8750000000
75200  26.475  -3.154  -14.529 1.0000000000
74244  26.033  -3.280  -13.585 1.0000000000
74261  29.149  -4.218  -16.633 1.0000000000
141720  28.174  -3.962  -16.751 1.0000000000
75218  29.588  -2.753  -16.866 1.0000000000
75209  30.106  -3.482  -16.440 1.0000000000
75199  30.477  -3.062  -15.201 1.0000000000
75201  25.933  -2.318  -13.564 1.0000000000
76133  25.674  -2.330  -16.300 1.0000000000
75212  26.354  -2.940  -15.452 1.0000000000
76151  28.730  -1.450  -17.171 1.0000000000
125630  29.008  -2.245  -17.184 1.0000000000
77044  30.140  -1.025  -15.733 1.0000000000
76142  29.770  -1.763  -16.486 1.0000000000
75219  28.581  -2.782  -17.212 1.0000000000
76131  30.368  -2.520  -16.072 1.0000000000
76130  30.358  -1.902  -14.868 0.8750000000
139540  26.283  1.089  -14.227 1.0000000000
77852  25.730  0.724  -12.795 0.3750000000
117906  26.207  0.575  -14.051 0.8750000000
77036  25.963  -1.199  -15.281 1.0000000000
77054  28.880  -0.505  -16.910 1.0000000000
76152  27.192  -1.515  -17.408 1.0000000000
78779  26.361  1.427  -13.596 0.8750000000
78803  25.514  1.163  -15.862 1.0000000000
120763  26.063  0.743  -14.992 1.0000000000
77878  25.345  0.199  -16.203 1.0000000000
77890  25.575  0.604  -16.521 1.0000000000
77057  25.532  -0.341  -16.890 1.0000000000
77055  28.050  -0.869  -17.313 1.0000000000
126232  28.100  -0.294  -17.296 1.0000000000
78802  29.474  0.778  -16.581 1.0000000000
79744  26.650  2.182  -13.701 0.7500000000
78815  25.566  1.566  -16.247 1.0000000000
78814  26.224  1.172  -17.031 1.0000000000
79778  29.219  1.729  -17.601 1.0000000000
78813  27.413  0.941  -17.423 1.0000000000
77888  27.702  0.243  -17.384 1.0000000000
140968  27.020  1.580  -17.394 1.0000000000
78821  28.233  1.645  -17.586 1.0000000000
84141  27.998  7.427  -14.392 0.1250000000
84150  26.019  7.191  -15.516 0.2500000000
85066  26.524  7.794  -15.163 0.1250000000
84151  25.417  7.548  -16.003 0.3750000000
85965  25.388  8.986  -15.341 0.2500000000
85079  24.567  8.677  -16.691 0.5000000000
85068  24.830  8.500  -15.995 0.2500000000
85090  24.178  9.646  -17.067 0.3750000000
85955  26.068  9.733  -14.800 0.2500000000
85069  24.523  9.383  -15.854 0.2500000000
85966  24.942  9.981  -15.326 0.2500000000
132029  24.519  11.035  -15.577 0.2500000000
85979  23.779  10.425  -16.963 0.2500000000
87731  23.624  11.730  -17.087 0.2500000000
87743  23.756  11.193  -17.182 0.3750000000
86848  23.846  11.583  -16.533 0.2500000000
86857  24.807  11.190  -17.301 0.3750000000
87741  24.845  11.811  -16.676 0.2500000000
71324  17.037  -7.009  -7.062 0.1250000000
123112  18.370  -6.224  -7.774 0.2500000000
73241  16.335  -4.508  -7.240 0.1250000000
69293  26.891  -8.828  -13.213 1.0000000000
75189  25.049  -2.519  -12.889 0.8750000000
75220  27.481  -2.962  -17.143 1.0000000000
69242  18.455  -8.725  -7.230 0.1250000000
68262  20.310  -8.995  -8.470 0.6250000000
123649  21.709  -9.698  -9.350 0.7500000000
74179  15.607  -3.725  -6.819 0.1250000000
68287  22.771  -9.792  -9.993 1.0000000000
72317  16.595  -6.315  -6.985 0.1250000000
69272  23.274  -8.947  -10.575 1.0000000000
69294  26.173  -8.767  -12.528 1.0000000000
132467  27.440  -9.114  -14.030 1.0000000000
75155  20.217  -2.951  -9.154 0.3750000000
74210  21.220  -2.928  -9.890 0.2500000000
73314  30.287  -4.634  -14.718 0.8750000000
74252  30.413  -3.771  -14.564 0.8750000000
77841  23.379  1.018  -12.567 0.1250000000
76112  23.698  -1.151  -12.649 0.3750000000
76122  25.773  -1.419  -13.418 0.6250000000
76141  30.243  -1.619  -15.559 1.0000000000
128643  26.109  0.919  -13.271 0.5000000000
77853  25.291  0.071  -12.597 0.3750000000
117450  26.147  -0.346  -14.213 0.8750000000
77877  29.617  0.116  -16.347 1.0000000000
78792  26.237  1.610  -14.629 1.0000000000
78812  28.727  0.937  -17.307 1.0000000000
79755  26.423  2.483  -14.548 0.8750000000
80702  25.829  3.044  -16.577 1.0000000000
79791  28.230  2.470  -17.760 1.0000000000
126479  28.971  7.092  -12.983 0.1250000000
138645  27.935  6.155  -13.946 0.1250000000
82377  25.917  5.418  -16.008 0.6250000000
84167  25.065  7.956  -16.938 0.5000000000
85054  27.500  8.065  -14.793 0.2500000000
85991  24.579  9.886  -17.458 0.5000000000
136406  27.341  9.662  -14.574 0.2500000000
85956  25.427  10.692  -14.856 0.2500000000
86867  24.407  10.795  -17.405 0.5000000000
86866  25.669  10.473  -17.652 0.5000000000
139694  24.974  11.345  -15.147 0.1250000000
122955  24.795  12.286  -15.998 0.2500000000
87728  27.304  12.000  -15.786 0.2500000000
86856  26.164  10.991  -17.054 0.3750000000
86843  24.709  11.957  -15.666 0.1250000000
70274  18.529  -8.001  -7.439 0.1250000000
70289  19.276  -7.879  -7.892 0.3750000000
69253  19.735  -8.455  -8.176 0.5000000000
68274  21.551  -9.017  -9.416 0.7500000000
69261  21.291  -8.197  -9.478 0.8750000000
68273  22.286  -9.315  -9.781 1.0000000000
69273  22.638  -8.747  -10.255 1.0000000000
71355  21.154  -6.821  -9.731 1.0000000000
69274  21.908  -7.827  -10.060 1.0000000000
69283  24.810  -8.520  -11.588 1.0000000000
70319  25.547  -8.168  -12.261 1.0000000000
73272  20.455  -4.213  -9.526 0.8750000000
70330  26.157  -8.119  -14.037 1.0000000000
71380  24.429  -6.581  -11.865 1.0000000000
72374  23.802  -5.921  -11.652 1.0000000000
70329  27.113  -8.440  -14.631 1.0000000000
136520  26.687  -8.695  -14.048 1.0000000000
74222  22.116  -3.799  -10.868 0.8750000000
73295  22.894  -4.599  -11.341 1.0000000000
73293  24.076  -5.147  -11.909 1.0000000000
139216  25.181  -6.542  -12.423 1.0000000000
128130  25.852  -6.243  -13.852 1.0000000000
72396  29.470  -6.293  -15.277 1.0000000000
123647  23.669  -2.683  -12.171 0.6250000000
74245  25.153  -3.442  -12.816 1.0000000000
127046  25.181  -4.374  -12.653 1.0000000000
72386  30.175  -5.530  -13.366 0.8750000000
74254  26.458  -3.896  -14.337 1.0000000000
74253  26.679  -4.138  -15.426 1.0000000000
74262  27.694  -4.283  -16.293 1.0000000000
75211  27.362  -3.516  -16.520 1.0000000000
74263  26.674  -3.630  -15.766 1.0000000000
75210  28.721  -3.461  -16.990 1.0000000000
76111  24.845  -1.669  -12.802 0.7500000000
76121  26.258  -2.045  -14.321 1.0000000000
127335  26.256  -1.848  -14.883 1.0000000000
76132  26.619  -2.936  -16.592 1.0000000000
76145  25.384  -1.729  -16.699 1.0000000000
76144  26.215  -2.241  -17.066 1.0000000000
77045  29.632  -0.789  -16.366 1.0000000000
76143  27.881  -2.270  -17.374 1.0000000000
77871  26.049  -0.161  -15.079 1.0000000000
77863  26.005  0.235  -13.370 0.7500000000
76153  25.674  -1.293  -17.137 1.0000000000
77046  25.310  -0.815  -16.515 1.0000000000
79766  25.750  2.177  -15.528 0.8750000000
77889  26.395  0.316  -17.223 1.0000000000
77056  26.814  -0.569  -17.352 1.0000000000
77887  28.798  0.230  -16.965 1.0000000000
128610  26.125  1.953  -16.771 1.0000000000
79780  25.931  2.589  -16.646 1.0000000000
79781  25.409  2.411  -15.983 1.0000000000
83218  28.788  6.315  -13.042 0.1250000000
84149  27.084  7.180  -15.004 0.1250000000
82364  28.303  5.876  -13.421 0.1250000000
85954  27.778  8.895  -14.652 0.2500000000
85067  25.676  8.042  -15.470 0.2500000000
83228  27.488  6.425  -14.556 0.3750000000
83235  26.417  6.339  -15.427 0.5000000000
85089  24.799  8.867  -17.269 0.5000000000
87729  25.692  12.236  -15.986 0.2500000000
87740  26.660  11.504  -16.348 0.2500000000
69241  18.866  -8.603  -7.523 0.2500000000
68253  18.505  -9.071  -7.233 0.1250000000
68261  21.000  -9.570  -8.817 0.7500000000
140760  22.857  -9.296  -10.220 1.0000000000
77854  23.998  0.179  -12.378 0.5000000000
77015  24.613  -0.787  -12.616 0.7500000000
77025  26.195  -1.157  -14.240 0.8750000000
77026  25.848  -0.583  -13.379 0.8750000000
80703  25.411  3.069  -15.957 1.0000000000
81556  27.395  3.576  -17.463 1.0000000000
79798  28.916  2.966  -18.762 1.0000000000
82365  27.598  5.494  -14.110 0.3750000000
83242  25.654  6.317  -16.883 0.7500000000
83236  25.763  6.466  -16.193 0.7500000000
84160  25.390  7.217  -16.568 0.7500000000
128931  27.950  11.514  -16.098 0.2500000000
86855  27.396  11.161  -16.855 0.3750000000
64246  24.304  -13.462  -9.705 0.7500000000
64253  27.180  -13.459  -10.355 0.7500000000
64247  23.545  -13.144  -9.499 0.7500000000
123941  23.045  -12.625  -9.419 0.7500000000
132201  26.228  -12.318  -10.659 0.7500000000
126639  24.788  -12.841  -10.171 0.7500000000
65243  24.231  -12.635  -10.016 0.7500000000
66273  23.230  -11.955  -9.735 0.7500000000
65265  26.787  -11.916  -11.008 0.7500000000
140295  26.263  -11.802  -10.900 0.7500000000
65258  24.744  -12.047  -10.473 0.7500000000
67276  21.477  -10.332  -8.993 0.7500000000
66288  24.255  -11.239  -10.488 0.7500000000
67286  23.817  -10.493  -10.456 0.8750000000
67287  23.063  -10.442  -10.002 0.8750000000
66297  28.148  -11.728  -11.377 0.7500000000
66299  26.353  -11.266  -11.260 0.7500000000
140121  25.669  -11.038  -11.121 0.7500000000
67285  24.598  -10.507  -10.808 0.8750000000
68286  23.396  -9.709  -10.414 0.8750000000
67298  27.598  -10.535  -12.089 0.7500000000
67299  26.807  -10.529  -11.785 0.7500000000
133496  25.661  -9.888  -11.566 0.8750000000
68298  24.629  -9.179  -11.282 0.8750000000
67309  27.788  -9.883  -12.612 0.7500000000
68295  27.085  -9.905  -12.401 0.8750000000
68310  26.649  -9.300  -12.556 0.8750000000
69281  28.677  -9.159  -12.713 0.8750000000
68308  27.957  -9.288  -13.117 0.8750000000
69292  28.324  -8.888  -13.685 0.8750000000
70327  28.886  -8.162  -13.844 0.8750000000
71367  30.638  -6.415  -10.861 0.3750000000
71378  30.282  -6.344  -11.970 0.6250000000
71379  29.807  -7.039  -12.551 0.7500000000
128833  29.372  -7.350  -13.699 0.7500000000
72361  30.591  -5.558  -11.414 0.5000000000
72373  30.338  -5.717  -12.412 0.7500000000
71394  29.831  -6.397  -13.255 0.7500000000
124882  31.228  -3.259  -10.091 0.1250000000
74217  31.036  -3.681  -10.882 0.3750000000
73292  30.599  -4.889  -12.222 0.6250000000
73303  30.375  -4.730  -13.487 0.6250000000
75148  31.628  -1.973  -8.850 0.1250000000
131043  30.898  -3.278  -11.752 0.1250000000
75176  31.079  -2.391  -11.523 0.1250000000
138448  30.767  -3.365  -12.738 0.6250000000
75198  30.600  -2.956  -13.570 0.6250000000
75175  31.203  -2.063  -10.806 0.1250000000
76988  31.421  -0.379  -10.766 0.1250000000
76109  31.088  -1.347  -12.206 0.1250000000
76110  30.948  -2.014  -12.884 0.5000000000
76120  30.584  -2.043  -13.903 0.7500000000
76074  31.538  -1.439  -9.594 0.1250000000
77013  31.139  -0.581  -12.269 0.5000000000
77014  30.902  -1.110  -13.113 0.5000000000
120889  30.584  -1.235  -14.032 0.7500000000
80667  26.954  2.912  -13.734 0.5000000000
138625  26.061  2.755  -15.087 0.7500000000
77024  30.729  -0.320  -13.716 0.6250000000
77870  30.595  0.179  -14.506 0.6250000000
78777  30.912  1.170  -13.452 0.5000000000
77862  30.751  0.511  -13.787 0.6250000000
78778  30.706  1.022  -14.262 0.6250000000
122779  30.531  0.751  -15.002 0.7500000000
80680  26.553  3.282  -14.614 0.7500000000
129209  30.288  -0.090  -15.527 0.8750000000
78811  29.779  1.559  -16.603 0.8750000000
79777  29.899  2.322  -17.112 0.8750000000
128864  30.361  1.812  -15.753 0.8750000000
79765  30.344  2.362  -16.196 0.8750000000
80701  30.053  3.033  -17.668 0.8750000000
127119  31.127  1.923  -13.138 0.3750000000
78790  30.839  1.828  -13.948 0.5000000000
78791  30.586  1.644  -14.909 0.6250000000
80665  31.367  3.321  -13.186 0.2500000000
79743  31.107  2.610  -13.604 0.3750000000
79753  30.787  2.539  -14.429 0.5000000000
81522  26.170  3.929  -15.204 0.6250000000
80691  25.823  3.053  -15.470 0.8750000000
81533  25.735  3.780  -15.801 0.7500000000
81545  26.195  3.443  -16.855 0.8750000000
79790  29.033  2.225  -18.239 0.8750000000
80721  29.396  3.519  -19.148 0.7500000000
80720  30.052  3.776  -18.655 0.8750000000
79754  30.558  2.468  -15.293 0.6250000000
80690  30.562  3.093  -15.790 0.7500000000
80677  31.031  3.407  -14.017 0.3750000000
131376  30.776  3.878  -14.571 0.5000000000
81544  30.516  4.626  -16.638 0.7500000000
129915  31.325  3.937  -13.450 0.2500000000
80679  26.910  4.078  -14.452 0.6250000000
82385  25.969  4.206  -16.807 0.8750000000
81568  27.680  4.272  -17.999 0.8750000000
81555  28.438  3.638  -18.578 0.8750000000
82409  27.832  5.140  -18.510 0.7500000000
81566  29.404  4.175  -19.477 0.8750000000
81554  30.435  4.696  -17.678 0.7500000000
127957  30.494  3.720  -16.434 0.5000000000
82370  30.986  5.277  -14.279 0.2500000000
82371  30.647  5.282  -15.075 0.5000000000
130982  30.608  3.852  -15.331 0.5000000000
81511  31.475  4.516  -13.311 0.2500000000
81521  26.912  4.724  -14.788 0.5000000000
119468  25.755  5.472  -16.580 0.6250000000
82398  26.000  5.559  -17.221 0.7500000000
83249  26.954  5.791  -18.039 0.7500000000
83262  28.017  5.994  -19.220 0.7500000000
82417  29.037  5.542  -20.127 0.7500000000
82408  28.594  5.202  -19.657 0.7500000000
84186  27.921  7.052  -19.521 0.7500000000
82407  29.710  5.836  -19.883 0.7500000000
82406  30.253  5.723  -18.991 0.7500000000
82384  30.485  5.461  -16.846 0.5000000000
83241  30.384  6.294  -17.071 0.3750000000
82396  30.405  5.576  -17.869 0.6250000000
83226  30.924  6.043  -14.671 0.2500000000
82375  30.561  5.353  -15.918 0.3750000000
83234  30.500  6.276  -16.043 0.3750000000
83250  26.192  6.441  -17.631 0.7500000000
138931  27.242  7.283  -18.799 0.7500000000
84184  29.108  7.353  -20.145 0.7500000000
84174  29.608  7.394  -19.494 0.6250000000
125787  30.166  7.892  -16.941 0.3750000000
84173  30.022  7.430  -18.199 0.3750000000
84147  31.118  7.540  -15.093 0.1250000000
85065  30.858  8.037  -15.695 0.1250000000
129381  30.483  7.746  -16.177 0.2500000000
84176  26.517  7.437  -18.130 0.6250000000
84185  28.641  7.232  -20.115 0.7500000000
84165  29.709  8.224  -18.684 0.3750000000
83261  29.539  6.695  -19.936 0.7500000000
85086  30.133  8.812  -17.099 0.2500000000
131425  29.922  8.377  -17.708 0.3750000000
83260  30.019  6.584  -19.229 0.6250000000
126701  32.238  9.412  -16.143 0.1250000000
85977  31.530  9.350  -16.353 0.1250000000
85064  31.538  8.320  -15.326 0.1250000000
84166  25.640  8.152  -17.576 0.6250000000
85098  26.490  8.477  -18.280 0.6250000000
85108  27.760  8.762  -19.981 0.3750000000
84175  27.370  7.959  -19.081 0.3750000000
85107  28.394  8.284  -20.227 0.3750000000
86877  29.222  10.082  -20.004 0.2500000000
85096  29.169  8.353  -19.820 0.3750000000
85988  31.054  9.760  -17.043 0.1250000000
85989  30.295  9.404  -17.459 0.3750000000
85087  29.723  9.050  -18.243 0.3750000000
85976  32.902  9.544  -16.276 0.1250000000
85978  30.688  9.138  -16.646 0.1250000000
86880  26.659  9.986  -18.339 0.3750000000
85088  25.551  9.155  -17.786 0.3750000000
85097  27.219  8.792  -18.885 0.3750000000
86892  27.682  9.768  -20.237 0.3750000000
126958  27.922  9.782  -20.649 0.3750000000
86014  27.991  9.227  -20.413 0.3750000000
86001  29.174  9.416  -19.694 0.3750000000
86013  28.323  9.123  -20.302 0.3750000000
86889  31.352  10.685  -19.416 0.1250000000
86000  29.890  9.740  -18.569 0.1250000000
86876  30.022  10.332  -19.040 0.2500000000
86862  32.598  10.125  -17.768 0.1250000000
87749  27.783  10.760  -18.760 0.2500000000
87756  27.647  11.161  -20.043 0.2500000000
86878  27.561  10.453  -19.940 0.3750000000
86879  27.522  10.067  -18.969 0.3750000000
86905  28.320  11.423  -21.349 0.1250000000
86891  27.736  10.488  -20.610 0.3750000000
128097  29.228  10.786  -20.649 0.1250000000
86890  28.122  10.471  -20.960 0.2500000000
87779  30.918  12.183  -21.053 0.1250000000
86865  27.042  10.631  -18.018 0.3750000000
121874  28.281  11.194  -18.604 0.2500000000
88666  28.075  12.173  -21.261 0.1250000000
87766  28.026  12.045  -20.547 0.1250000000
88681  28.404  12.437  -21.402 0.1250000000
133595  28.496  12.585  -20.884 0.1250000000
87778  31.945  11.374  -20.822 0.1250000000
88679  30.036  12.897  -21.485 0.1250000000
88654  30.014  12.666  -19.011 0.1250000000
88687  30.018  13.030  -21.414 0.1250000000
121685  29.373  13.071  -20.279 0.1250000000
87789  31.200  12.984  -22.674 0.1250000000
118449  31.693  12.039  -21.801 0.1250000000
68297  25.333  -9.408  -11.560 0.8750000000
69291  29.138  -8.418  -12.760 0.6250000000
77023  31.002  -0.254  -12.879 0.6250000000
78801  30.159  0.962  -15.798 0.8750000000
81519  31.070  4.388  -13.973 0.3750000000
81532  26.035  4.578  -15.701 0.6250000000
82386  25.890  4.888  -16.851 0.8750000000
138504  26.695  4.025  -17.205 0.8750000000
82397  26.606  4.807  -17.399 0.7500000000
81567  28.521  4.382  -19.135 0.8750000000
81578  29.014  4.613  -19.767 0.7500000000
81577  29.520  4.912  -19.806 0.7500000000
81565  29.908  4.396  -19.360 0.7500000000
83227  30.624  5.917  -15.342 0.5000000000
122111  30.424  10.735  -19.545 0.1250000000
89472  29.049  12.927  -21.150 0.1250000000
128362  30.858  12.859  -21.816 0.1250000000
74243  30.703  -4.034  -12.535 0.5000000000
77861  30.962  0.446  -13.093 0.3750000000
79733  31.381  2.623  -12.825 0.2500000000
118599  30.383  3.940  -17.422 0.7500000000
86904  29.085  11.567  -21.222 0.1250000000
81505  31.680  4.086  -12.723 0.1250000000
64245  25.063  -14.199  -9.556 0.7500000000
63211  23.501  -13.865  -9.134 0.7500000000
64229  22.864  -13.299  -9.024 0.7500000000
63218  26.752  -14.024  -9.988 0.7500000000
64255  25.279  -13.400  -10.020 0.7500000000
65255  27.803  -12.941  -10.615 0.7500000000
66275  21.914  -10.939  -9.156 0.6250000000
65263  28.168  -12.332  -10.958 0.6250000000
129060  28.099  -11.069  -11.762 0.7500000000
67296  29.365  -10.434  -11.464 0.6250000000
68293  29.072  -9.803  -12.118 0.6250000000
134094  29.775  -8.325  -11.849 0.5000000000
129098  30.549  -7.247  -10.877 0.3750000000
70318  29.794  -7.706  -12.133 0.5000000000
72360  30.973  -5.493  -10.488 0.1250000000
127487  31.167  -4.075  -10.201 0.1250000000
76057  31.835  -0.981  -8.970 0.1250000000
76978  31.635  -0.685  -9.802 0.1250000000
77816  31.778  0.142  -9.927 0.1250000000
77828  31.631  0.460  -10.573 0.1250000000
124154  31.294  -0.223  -11.628 0.1250000000
77851  31.238  0.286  -12.229 0.1250000000
78764  31.230  1.236  -12.552 0.2500000000
80666  27.242  3.707  -13.766 0.5000000000
83217  31.519  6.194  -13.877 0.1250000000
84140  31.933  7.858  -14.612 0.1250000000
85063  32.305  8.646  -15.082 0.1250000000
82376  26.772  5.504  -15.129 0.3750000000
85963  32.651  9.192  -15.609 0.1250000000
126415  33.164  9.827  -17.033 0.1250000000
85975  33.718  9.584  -16.408 0.1250000000
86888  32.312  10.439  -19.450 0.1250000000
86902  33.323  10.419  -20.557 0.1250000000
119167  28.912  11.627  -17.590 0.2500000000
87748  29.898  12.055  -17.005 0.1250000000
89471  29.971  13.280  -20.733 0.1250000000
136362  30.812  12.847  -18.455 0.1250000000
123468  31.747  12.338  -23.061 0.1250000000
88691  31.292  13.385  -23.028 0.1250000000
71395  29.134  -8.070  -14.946 0.7500000000
77035  30.405  -0.854  -14.796 0.7500000000
119843  26.063  1.402  -12.626 0.3750000000
79789  29.489  2.380  -17.981 0.8750000000
67275  22.266  -10.245  -9.558 0.7500000000
69282  25.452  -8.864  -11.820 0.8750000000
74251  30.504  -3.900  -13.567 0.6250000000
138639  28.157  3.143  -17.863 0.8750000000
80729  28.983  3.792  -19.331 0.8750000000
80710  29.440  2.913  -18.568 0.8750000000
85990  25.490  9.998  -17.827 0.3750000000
87727  28.922  11.510  -15.783 0.1250000000
87739  28.415  11.405  -16.601 0.2500000000
140637  23.930  -12.962  -9.772 0.7500000000
64254  26.243  -13.224  -10.299 0.7500000000
131294  27.821  -13.664  -10.299 0.7500000000
65256  26.961  -12.663  -10.660 0.7500000000
65245  22.357  -12.628  -8.975 0.7500000000
120341  22.629  -12.067  -9.374 0.7500000000
65257  25.470  -12.603  -10.426 0.7500000000
65259  23.935  -11.946  -10.112 0.7500000000
66287  25.037  -11.179  -10.814 0.7500000000
66274  22.642  -11.243  -9.571 0.7500000000
66289  23.480  -11.226  -10.084 0.7500000000
66298  27.335  -11.309  -11.508 0.7500000000
67300  25.309  -10.497  -11.179 0.8750000000
67301  24.940  -9.881  -11.220 0.8750000000
67297  28.482  -10.444  -12.101 0.7500000000
68309  27.345  -9.251  -12.956 0.8750000000
69280  29.479  -9.053  -12.041 0.6250000000
137791  29.360  -7.674  -12.962 0.7500000000
70317  30.237  -7.073  -11.562 0.5000000000
73281  30.861  -4.630  -10.940 0.5000000000
73280  31.186  -4.791  -10.096 0.1250000000
74234  30.823  -4.091  -11.622 0.3750000000
75162  31.308  -2.252  -9.949 0.1250000000
75163  31.158  -2.816  -10.823 0.1250000000
124021  31.186  -1.567  -11.369 0.1250000000
139349  31.281  -1.025  -11.027 0.1250000000
75188  30.893  -2.658  -12.404 0.5000000000
76085  31.364  -1.338  -10.464 0.1250000000
77002  31.226  -0.848  -11.542 0.1250000000
138126  30.346  2.893  -16.650 0.7500000000
80678  30.693  3.216  -14.884 0.5000000000
122459  30.275  4.844  -18.747 0.7500000000
81531  30.583  4.572  -15.673 0.5000000000
126638  31.359  6.923  -14.532 0.1250000000
82363  31.459  5.206  -13.546 0.1250000000
83274  28.649  6.312  -20.049 0.7500000000
83248  30.266  6.438  -18.083 0.6250000000
84158  30.386  7.084  -16.485 0.3750000000
83233  30.748  6.669  -15.153 0.1250000000
84148  30.613  7.248  -15.698 0.3750000000
125511  28.016  7.870  -20.042 0.3750000000
85078  30.576  8.415  -16.378 0.3750000000
85987  32.149  9.829  -16.857 0.1250000000
85964  31.892  8.989  -15.699 0.1250000000
86003  26.522  9.376  -18.342 0.3750000000
86863  31.561  10.151  -17.720 0.1250000000
86875  30.986  10.412  -18.590 0.1250000000
86864  30.597  10.003  -17.936 0.1250000000
86002  27.449  9.428  -19.060 0.3750000000
86906  27.974  11.477  -21.083 0.3750000000
133868  28.313  9.692  -20.534 0.3750000000
86874  31.992  10.292  -18.583 0.1250000000
87764  31.650  11.092  -20.193 0.1250000000
86873  32.948  10.147  -18.722 0.1250000000
86854  27.992  11.141  -17.692 0.2500000000
87755  28.723  11.648  -19.121 0.2500000000
87781  28.559  12.113  -21.473 0.1250000000
87765  30.364  11.384  -20.466 0.1250000000
88665  28.922  12.488  -19.734 0.1250000000
88680  29.060  12.695  -21.418 0.1250000000
87780  29.604  12.265  -21.304 0.1250000000
88642  30.419  12.508  -17.793 0.1250000000
88655  29.522  12.200  -18.329 0.1250000000
127496  25.002  -14.869  -9.129 0.7500000000
64244  25.923  -14.036  -9.803 0.7500000000
131212  26.471  -14.577  -9.632 0.7500000000
63210  24.212  -14.528  -9.138 0.7500000000
66262  21.232  -11.132  -8.642 0.5000000000
65246  21.933  -11.791  -8.942 0.6250000000
69271  30.187  -8.673  -11.149 0.5000000000
77839  31.424  0.393  -11.303 0.1250000000
78734  32.181  1.696  -10.241 0.1250000000
83225  32.029  7.186  -13.971 0.1250000000
86887  33.182  10.262  -19.633 0.1250000000
86903  32.549  10.711  -20.260 0.1250000000
63193  23.433  -14.545  -8.734 0.7500000000
64230  22.022  -13.342  -8.501 0.5000000000
126532  26.713  -15.269  -9.398 0.6250000000
64242  29.309  -13.999  -9.669 0.3750000000
63216  28.216  -14.168  -10.041 0.6250000000
65242  30.188  -12.534  -9.716 0.2500000000
64251  29.054  -13.381  -10.111 0.3750000000
70307  30.213  -7.802  -11.316 0.3750000000
81512  27.457  4.542  -13.862 0.2500000000
138353  25.808  -14.868  -9.321 0.6250000000
66285  28.763  -12.058  -10.924 0.5000000000
66296  28.858  -11.229  -11.389 0.5000000000
63206  29.386  -14.527  -9.113 0.5000000000
63207  28.742  -14.652  -9.638 0.6250000000
68284  29.811  -9.609  -11.335 0.5000000000
61184  26.498  -16.610  -8.701 0.6250000000
119311  22.664  -14.133  -8.509 0.3750000000
62221  26.160  -15.736  -8.959 0.6250000000
62239  25.343  -15.445  -8.865 0.6250000000
62223  23.751  -15.288  -8.506 0.6250000000
62219  29.315  -14.960  -8.411 0.3750000000
62237  28.314  -15.518  -9.319 0.5000000000
61200  27.025  -16.094  -9.159 0.6250000000
64231  21.157  -13.238  -8.023 0.2500000000
64228  29.813  -14.282  -8.370 0.3750000000
64227  30.412  -13.157  -9.155 0.2500000000
122509  20.097  -9.766  -8.095 0.3750000000
66272  29.965  -11.960  -10.170 0.2500000000
127146  29.621  -11.001  -10.930 0.3750000000
67284  30.265  -10.303  -10.593 0.2500000000
68283  30.428  -9.362  -10.721 0.2500000000
121682  30.712  -7.926  -10.655 0.2500000000
75154  20.836  -2.669  -9.506 0.1250000000
70306  31.099  -7.176  -10.251 0.2500000000
77016  23.125  -0.364  -12.967 0.3750000000
76113  22.817  -0.889  -12.993 0.2500000000
63208  27.946  -14.844  -9.784 0.6250000000
64252  28.382  -13.510  -10.291 0.5000000000
65254  28.600  -12.792  -10.548 0.5000000000
65231  21.568  -12.611  -8.499 0.3750000000
67264  20.645  -10.456  -8.398 0.2500000000
62222  24.623  -15.307  -8.762 0.6250000000
121115  21.045  -11.971  -8.357 0.3750000000
62238  27.515  -15.496  -9.474 0.6250000000
130514  29.739  -13.270  -9.701 0.2500000000
119787  29.899  -13.844  -9.098 0.2500000000
65241  30.810  -12.450  -9.150 0.2500000000
65253  29.395  -12.531  -10.279 0.3750000000
66284  29.445  -11.685  -10.699 0.3750000000
63192  28.970  -15.127  -9.102 0.5000000000
138581  24.979  -15.736  -8.615 0.6250000000
62220  28.769  -15.608  -8.554 0.3750000000
61199  27.726  -16.198  -9.118 0.5000000000
128247  30.679  -10.935  -9.945 0.2500000000
68272  30.983  -9.554  -10.180 0.2500000000
75138  20.513  -1.574  -8.445 0.1250000000
60128  25.005  -16.806  -8.022 0.5000000000
137796  27.853  -16.689  -8.578 0.2500000000
60125  27.404  -17.317  -8.260 0.3750000000
61183  27.255  -16.796  -8.790 0.5000000000
60113  24.550  -17.318  -7.504 0.3750000000
61168  23.300  -16.368  -7.543 0.5000000000
61186  24.486  -16.007  -8.360 0.5000000000
61167  24.089  -16.597  -7.816 0.5000000000
60087  23.247  -17.996  -5.967 0.1250000000
60098  24.162  -17.757  -6.946 0.3750000000
62207  22.937  -15.593  -7.872 0.2500000000
57868  24.358  -19.753  -5.837 0.1250000000
134072  23.850  -18.111  -6.433 0.2500000000
59005  24.995  -18.083  -7.263 0.3750000000
61166  27.953  -16.999  -7.923 0.2500000000
59003  26.405  -18.574  -7.683 0.3750000000
60112  26.324  -17.983  -7.998 0.5000000000
58981  23.140  -18.542  -5.394 0.1250000000
58993  24.550  -18.477  -6.670 0.3750000000
59004  25.829  -18.480  -7.640 0.3750000000
60100  22.493  -17.252  -6.108 0.1250000000
137357  21.915  -15.922  -6.801 0.1250000000
130825  31.387  2.031  -12.467 0.1250000000
139483  22.991  -14.911  -8.354 0.3750000000
61185  25.492  -16.211  -8.529 0.5000000000
60127  25.978  -17.173  -8.291 0.5000000000
62224  22.254  -14.862  -7.895 0.2500000000
63194  21.537  -14.075  -7.849 0.2500000000
118835  28.449  -16.266  -7.915 0.2500000000
122941  25.461  -17.646  -7.791 0.5000000000
60114  23.712  -17.064  -7.242 0.5000000000
60126  26.829  -17.439  -8.397 0.3750000000
59002  26.982  -18.144  -7.873 0.3750000000
61157  22.920  -16.812  -6.899 0.1250000000
61169  22.526  -16.131  -7.197 0.1250000000
135921  23.685  -15.992  -8.067 0.5000000000
58994  23.953  -18.780  -5.988 0.1250000000
60088  22.530  -17.855  -5.417 0.1250000000
60099  23.389  -17.507  -6.608 0.1250000000
62208  22.052  -15.492  -7.331 0.1250000000
57869  23.565  -19.331  -5.329 0.1250000000
61158  22.161  -16.483  -6.519 0.1250000000
57882  24.921  -19.327  -6.484 0.2500000000
57891  26.106  -19.141  -7.406 0.2500000000
66263  20.307  -11.338  -7.969 0.2500000000
60111  27.616  -17.558  -7.450 0.2500000000
58992  25.404  -18.905  -7.116 0.2500000000
57881  25.814  -19.715  -6.937 0.1250000000
66264  19.599  -11.070  -7.488 0.1250000000
79734  26.534  2.105  -12.074 0.1250000000
117554  26.571  1.991  -12.964 0.1250000000
80658  26.992  2.538  -12.854 0.1250000000
79724  26.080  2.172  -11.052 0.1250000000
136130  26.883  2.162  -10.971 0.1250000000
128225  28.001  3.505  -12.139 0.1250000000
117009  25.893  2.951  -10.201 0.1250000000
79715  26.591  2.397  -10.272 0.1250000000
140154  28.322  4.205  -12.435 0.1250000000
117268  25.240  1.697  -11.754 0.1250000000
137647  27.302  2.533  -10.761 0.1250000000
80650  27.869  3.212  -11.153 0.1250000000
81490  27.228  4.032  -10.075 0.1250000000
65223  20.286  -12.438  -7.504 0.1250000000
77004  22.724  0.495  -13.133 0.1250000000
117277  23.972  1.445  -12.016 0.1250000000
133201  23.961  2.249  -11.853 0.1250000000
117010  25.143  2.346  -11.379 0.1250000000
117125  25.034  3.541  -10.990 0.1250000000
81479  25.291  4.877  -10.152 0.1250000000
127913  27.058  4.661  -9.685 0.1250000000
81489  28.107  3.983  -10.645 0.1250000000
77840  24.855  0.949  -12.351 0.1250000000
68263  19.447  -9.182  -7.791 0.1250000000
68252  18.699  -9.359  -7.266 0.1250000000
79723  27.397  2.650  -11.739 0.1250000000
130896  20.914  -12.623  -8.094 0.1250000000
64232  20.598  -12.923  -7.660 0.1250000000
125556  19.301  -9.881  -7.589 0.1250000000
67265  19.786  -10.521  -7.748 0.1250000000
65232  20.436  -12.202  -7.814 0.1250000000
66253  19.483  -11.066  -7.419 0.1250000000
66252  19.830  -11.760  -7.448 0.1250000000
117607  25.642  2.601  -10.736 0.1250000000
80643  26.530  3.411  -9.987 0.1250000000
81491  24.490  4.707  -11.132 0.1250000000
81500  28.432  3.989  -11.650 0.1250000000
117017  23.313  5.779  -11.867 0.1250000000
81477  27.853  4.586  -9.888 0.1250000000
63178  29.685  -14.658  -7.590 0.1250000000
120712  30.571  -13.540  -7.204 0.1250000000
64217  30.425  -13.548  -8.282 0.1250000000
65222  31.095  -12.818  -7.808 0.1250000000
66261  31.214  -11.865  -9.069 0.1250000000
66271  30.613  -11.726  -9.666 0.1250000000
66270  31.317  -11.084  -9.317 0.1250000000
67274  31.094  -10.313  -9.836 0.1250000000
68259  32.343  -9.313  -8.477 0.1250000000
68260  31.903  -9.499  -9.116 0.1250000000
68271  31.446  -9.705  -9.619 0.1250000000
70283  32.053  -7.698  -8.727 0.1250000000
69270  30.871  -8.730  -10.398 0.1250000000
131741  32.179  -6.884  -8.259 0.1250000000
137900  31.728  -7.395  -9.276 0.1250000000
126072  31.529  -6.887  -9.590 0.1250000000
60097  27.878  -17.534  -6.405 0.1250000000
58991  26.631  -18.901  -7.345 0.1250000000
60110  28.281  -16.846  -6.973 0.1250000000
62197  29.308  -15.487  -6.538 0.1250000000
64209  30.692  -13.708  -6.213 0.1250000000
63166  30.117  -14.287  -6.788 0.1250000000
66234  32.084  -11.739  -6.885 0.1250000000
67249  32.343  -10.834  -8.105 0.1250000000
126817  31.888  -10.789  -8.774 0.1250000000
68247  32.653  -9.075  -7.725 0.1250000000
70282  32.411  -7.627  -7.972 0.1250000000
71350  31.626  -6.131  -9.299 0.1250000000
71334  31.963  -6.100  -8.540 0.1250000000
71333  32.309  -6.164  -7.843 0.1250000000
71366  31.238  -6.253  -10.035 0.1250000000
125602  29.158  -15.430  -7.526 0.1250000000
63177  30.131  -14.081  -7.655 0.1250000000
69269  31.288  -8.040  -10.049 0.1250000000
65229  31.618  -12.159  -8.005 0.1250000000
69259  31.477  -8.885  -9.679 0.1250000000
62206  28.831  -16.040  -6.859 0.1250000000
58990  27.320  -18.391  -6.889 0.1250000000
63167  29.635  -14.920  -6.778 0.1250000000
65221  31.612  -12.251  -7.255 0.1250000000
66260  31.725  -11.553  -8.525 0.1250000000
67273  31.668  -10.262  -9.223 0.1250000000
69249  32.029  -8.654  -8.969 0.1250000000
67263  32.189  -10.130  -8.638 0.1250000000
69248  32.381  -8.448  -8.272 0.1250000000
70298  31.701  -8.030  -9.413 0.1250000000
129153  31.856  -6.849  -8.939 0.1250000000
132486  32.521  -6.881  -7.585 0.1250000000
138720  27.672  -18.046  -5.867 0.1250000000
60096  28.368  -17.003  -6.010 0.1250000000
64208  31.191  -12.886  -6.635 0.1250000000
72326  32.137  -5.314  -8.042 0.1250000000
61182  28.246  -16.135  -8.812 0.5000000000
63209  27.169  -14.731  -9.725 0.6250000000
63217  27.525  -14.152  -10.041 0.7500000000
64243  28.769  -13.987  -9.989 0.5000000000
65230  31.268  -12.322  -8.548 0.1250000000
65244  23.662  -12.548  -9.756 0.7500000000
65264  27.554  -12.145  -11.053 0.7500000000
66251  32.023  -11.619  -7.701 0.1250000000
66283  30.104  -11.267  -10.340 0.2500000000
66286  25.672  -11.740  -10.794 0.7500000000
68275  20.944  -8.806  -9.047 0.7500000000
68285  24.214  -9.817  -10.807 0.8750000000
68294  28.360  -9.733  -12.565 0.6250000000
68296  26.404  -9.847  -11.926 0.8750000000
68299  23.874  -9.225  -10.828 1.0000000000
68311  25.988  -9.304  -11.959 0.8750000000
71368  22.325  -6.627  -10.679 1.0000000000
71382  22.932  -6.911  -11.035 1.0000000000
71414  26.024  -6.399  -15.013 1.0000000000
72336  18.581  -5.805  -8.058 0.2500000000
72350  20.925  -5.903  -9.744 0.8750000000
72364  21.055  -4.858  -9.886 1.0000000000
72375  23.290  -5.208  -11.485 1.0000000000
73282  22.362  -4.490  -10.969 1.0000000000
73307  24.974  -5.181  -12.427 1.0000000000
74178  16.843  -3.097  -7.425 0.2500000000
76098  31.047  -1.990  -12.068 0.5000000000
79779  27.032  2.206  -17.370 1.0000000000
80642  27.364  3.134  -10.346 0.1250000000
80657  27.456  3.235  -12.871 0.1250000000
80711  26.876  2.906  -17.122 1.0000000000
81478  26.367  4.344  -9.904 0.1250000000
81507  27.826  4.031  -13.034 0.2500000000
81520  30.701  4.540  -14.781 0.5000000000
81546  25.626  3.599  -16.281 0.8750000000
81576  30.047  5.105  -19.512 0.7500000000
82358  28.200  4.919  -13.101 0.3750000000
83219  28.340  6.721  -13.752 0.1250000000
83263  27.149  6.672  -18.524 0.7500000000
83273  29.155  6.479  -20.191 0.7500000000
84159  25.655  7.197  -17.253 0.6250000000
85055  26.664  8.730  -15.003 0.2500000000
85077  31.188  8.718  -15.992 0.1250000000
85080  24.236  9.483  -16.506 0.2500000000
85967  24.051  10.426  -16.266 0.2500000000
85992  23.986  10.465  -17.260 0.5000000000
86849  23.636  11.179  -16.943 0.2500000000
87730  23.931  12.165  -16.742 0.2500000000
87742  23.867  11.684  -17.226 0.3750000000
87782  28.146  11.982  -21.431 0.1250000000
88686  31.096  13.124  -21.966 0.1250000000
117088  24.538  2.956  -11.511 0.1250000000
119494  25.745  4.548  -16.311 0.6250000000
123049  30.244  7.022  -17.315 0.3750000000
127521  21.385  -7.478  -9.732 1.0000000000
128547  26.020  -10.508  -11.502 0.7500000000
133833  28.641  5.737  -19.943 0.7500000000
134750  30.843  -12.889  -8.609 0.1250000000
135664  31.486  -7.509  -9.718 0.1250000000
138232  25.067  7.991  -16.412 0.5000000000
139653  29.704  3.924  -19.238 0.7500000000
141778  18.359  -7.391  -7.489 0.2500000000
