#!ascii label  , from subject sub-v1s4x0050682_ses-1 vox2ras=TkReg
1062
50346  30.343  -19.323  52.695 0.0000000000
62339  42.766  -6.032  38.839 0.0000000000
56720  33.966  -12.871  45.781 0.0000000000
46707  14.662  -24.045  63.578 0.0000000000
53700  26.138  -14.897  56.659 0.0000000000
60440  34.863  -8.933  44.968 0.0000000000
52010  19.208  -18.277  59.706 0.0000000000
46715  18.887  -23.318  62.181 0.0000000000
124495  22.026  -17.132  57.091 0.0000000000
62334  47.073  -6.367  38.484 0.0000000000
53718  32.920  -15.284  53.921 0.0000000000
54671  33.036  -13.721  52.171 0.0000000000
51218  35.053  -18.154  54.094 0.0000000000
66036  45.701  -2.932  37.987 0.0000000000
64208  49.296  -4.778  35.118 0.0000000000
63243  39.329  -5.737  41.563 0.0000000000
59495  42.347  -9.227  41.658 0.0000000000
58633  38.063  -9.675  41.986 0.0000000000
126053  39.031  -12.922  45.769 0.0000000000
46775  29.195  -22.898  56.783 0.0000000000
112331  14.532  -27.810  68.233 0.0000000000
40528  9.680  -29.022  67.729 0.0000000000
41479  6.586  -29.065  71.082 0.0000000000
51223  27.622  -19.324  54.551 0.0000000000
122207  25.130  -19.974  56.314 0.0000000000
57661  29.504  -11.321  49.569 0.0000000000
56655  34.820  -11.281  51.177 0.0000000000
67839  52.207  -1.233  34.925 0.0000000000
62337  44.346  -6.260  38.576 0.0000000000
61399  44.540  -7.666  40.315 0.0000000000
52099  31.228  -17.269  52.878 0.0000000000
52105  33.047  -17.067  51.862 0.0000000000
50329  33.224  -19.302  53.777 0.0000000000
64155  42.123  -4.283  39.777 0.0000000000
66020  44.659  -2.904  39.223 0.0000000000
65098  43.991  -4.144  38.034 0.0000000000
63310  45.607  -4.900  37.056 0.0000000000
37880  7.613  -33.133  71.327 0.0000000000
61387  38.362  -7.721  41.592 0.0000000000
61372  36.945  -7.752  43.159 0.0000000000
57734  33.849  -11.419  44.681 0.0000000000
56771  35.867  -12.142  44.020 0.0000000000
55770  36.634  -13.278  45.974 0.0000000000
55722  36.684  -13.114  48.396 0.0000000000
45789  16.716  -24.176  62.873 0.0000000000
45762  18.016  -24.207  64.954 0.0000000000
44789  16.711  -25.125  64.926 0.0000000000
43662  16.474  -26.285  68.507 0.0000000000
43715  14.700  -26.217  65.588 0.0000000000
43679  10.391  -26.588  67.171 0.0000000000
41515  7.537  -29.006  68.370 0.0000000000
52889  27.173  -16.953  55.708 0.0000000000
49401  26.000  -20.354  54.564 0.0000000000
52081  24.779  -17.615  54.644 0.0000000000
50263  22.247  -18.815  58.978 0.0000000000
51178  24.031  -17.915  58.893 0.0000000000
54655  35.829  -14.632  52.628 0.0000000000
55683  33.499  -12.474  51.946 0.0000000000
61344  36.531  -7.678  44.573 0.0000000000
107712  33.919  -8.755  47.003 0.0000000000
59429  32.423  -10.151  46.471 0.0000000000
49351  20.163  -20.459  59.150 0.0000000000
48449  20.743  -21.805  62.327 0.0000000000
48474  18.609  -21.402  60.189 0.0000000000
49329  17.087  -21.303  61.752 0.0000000000
48440  15.703  -21.821  63.402 0.0000000000
53703  23.584  -14.994  55.583 0.0000000000
54607  21.885  -14.803  57.022 0.0000000000
52039  20.739  -17.415  57.888 0.0000000000
110381  30.754  -13.643  54.845 0.0000000000
110632  30.350  -13.703  52.837 0.0000000000
54646  32.669  -14.453  52.828 0.0000000000
52922  34.268  -16.107  51.577 0.0000000000
66042  48.965  -2.599  36.088 0.0000000000
64199  47.241  -4.016  36.212 0.0000000000
106332  47.696  -5.584  36.641 0.0000000000
62329  40.929  -6.010  39.718 0.0000000000
61401  42.896  -7.701  40.068 0.0000000000
60483  40.658  -8.185  40.709 0.0000000000
58630  40.465  -10.125  42.056 0.0000000000
57747  40.647  -11.831  43.635 0.0000000000
58625  35.967  -9.875  42.834 0.0000000000
57750  38.088  -11.760  43.174 0.0000000000
48528  29.606  -21.956  53.945 0.0000000000
48525  32.182  -20.962  55.129 0.0000000000
110922  41.803  -4.110  41.740 0.0000000000
45752  13.216  -24.811  64.871 0.0000000000
43697  12.477  -26.629  66.050 0.0000000000
41512  12.475  -28.716  68.248 0.0000000000
40495  11.827  -29.770  70.256 0.0000000000
39596  9.516  -30.668  69.418 0.0000000000
38744  7.439  -31.676  69.272 0.0000000000
116064  5.637  -31.311  71.000 0.0000000000
38725  4.408  -31.712  73.009 0.0000000000
50332  28.657  -19.603  53.380 0.0000000000
47687  27.726  -22.100  54.043 0.0000000000
47658  26.876  -22.108  56.533 0.0000000000
52035  24.011  -17.623  56.525 0.0000000000
56706  31.458  -12.174  47.602 0.0000000000
55695  30.792  -13.074  50.903 0.0000000000
55710  32.322  -12.832  49.368 0.0000000000
55724  34.704  -13.045  48.276 0.0000000000
50290  34.617  -19.749  56.505 0.0000000000
66993  53.315  -1.385  32.809 0.0000000000
66060  50.575  -3.008  34.490 0.0000000000
65119  51.867  -3.570  33.520 0.0000000000
62338  43.511  -6.116  38.659 0.0000000000
62324  44.715  -6.793  39.149 0.0000000000
61414  43.376  -7.218  39.586 0.0000000000
51245  30.618  -18.556  52.676 0.0000000000
51244  31.542  -18.159  52.439 0.0000000000
50331  31.638  -19.610  52.953 0.0000000000
64171  42.139  -5.223  39.081 0.0000000000
65088  42.878  -4.362  38.815 0.0000000000
63280  43.229  -5.378  38.475 0.0000000000
63279  44.056  -5.600  38.222 0.0000000000
36099  6.198  -33.765  71.092 0.0000000000
62291  37.490  -7.065  43.032 0.0000000000
62278  37.548  -6.758  43.999 0.0000000000
56741  33.587  -12.186  45.253 0.0000000000
56739  34.943  -12.654  44.935 0.0000000000
55772  34.869  -13.050  45.715 0.0000000000
55756  36.164  -13.297  46.755 0.0000000000
113054  35.213  -13.247  46.721 0.0000000000
45779  15.380  -24.246  63.305 0.0000000000
45764  16.485  -24.849  64.059 0.0000000000
126426  15.308  -25.158  64.037 0.0000000000
44770  15.257  -25.780  65.052 0.0000000000
44792  14.213  -25.210  64.298 0.0000000000
52877  26.713  -16.066  55.890 0.0000000000
52067  25.732  -17.187  54.551 0.0000000000
53712  24.897  -15.579  54.878 0.0000000000
50232  22.011  -19.849  60.249 0.0000000000
57593  28.286  -11.349  54.002 0.0000000000
55662  35.451  -13.612  52.979 0.0000000000
59427  33.325  -9.295  46.412 0.0000000000
60393  32.724  -9.202  47.595 0.0000000000
49363  19.646  -20.037  58.976 0.0000000000
48487  19.164  -20.950  59.630 0.0000000000
50249  18.651  -19.823  59.684 0.0000000000
49328  17.414  -20.584  61.724 0.0000000000
113031  16.960  -20.497  63.094 0.0000000000
48439  16.393  -21.219  63.069 0.0000000000
55628  23.614  -13.727  57.996 0.0000000000
52844  19.752  -16.983  59.751 0.0000000000
107671  20.471  -16.738  58.284 0.0000000000
52021  19.860  -18.013  58.747 0.0000000000
50265  20.672  -19.423  58.582 0.0000000000
54638  31.995  -14.124  53.999 0.0000000000
54637  32.628  -14.549  53.523 0.0000000000
51241  34.054  -18.131  52.815 0.0000000000
52104  33.903  -16.872  51.718 0.0000000000
52094  35.258  -17.128  52.735 0.0000000000
52906  35.959  -16.765  53.256 0.0000000000
52074  35.594  -17.816  54.416 0.0000000000
66026  45.294  -2.816  38.672 0.0000000000
109413  47.589  -2.868  36.884 0.0000000000
108349  46.094  -3.604  37.082 0.0000000000
62347  46.513  -6.037  37.680 0.0000000000
63293  46.846  -5.627  36.928 0.0000000000
62346  47.508  -6.030  37.535 0.0000000000
63242  39.958  -5.311  41.061 0.0000000000
62317  40.351  -6.620  40.116 0.0000000000
117516  39.631  -6.991  40.669 0.0000000000
59499  38.580  -9.082  41.692 0.0000000000
59498  39.386  -9.250  41.587 0.0000000000
58631  39.678  -10.004  41.965 0.0000000000
58621  40.761  -10.734  42.502 0.0000000000
57759  39.460  -11.254  42.822 0.0000000000
60439  35.486  -8.549  44.708 0.0000000000
60438  35.730  -8.755  43.880 0.0000000000
59478  35.490  -9.564  43.435 0.0000000000
56753  37.329  -12.707  44.462 0.0000000000
57751  37.147  -11.673  43.177 0.0000000000
56751  39.049  -12.514  44.509 0.0000000000
114671  39.779  -12.385  44.508 0.0000000000
47665  29.320  -22.565  55.186 0.0000000000
47663  30.663  -22.356  55.936 0.0000000000
63221  40.346  -4.891  43.152 0.0000000000
64147  40.523  -4.737  41.490 0.0000000000
64157  40.671  -4.966  40.627 0.0000000000
106562  19.538  -22.822  61.994 0.0000000000
47581  19.664  -23.040  63.452 0.0000000000
42509  15.240  -27.392  68.382 0.0000000000
42494  16.051  -27.117  69.740 0.0000000000
125557  15.199  -27.817  69.626 0.0000000000
41499  14.302  -28.426  69.619 0.0000000000
45735  12.290  -24.860  66.118 0.0000000000
44773  12.691  -25.401  65.432 0.0000000000
122984  12.058  -25.582  65.962 0.0000000000
41538  10.125  -27.837  67.124 0.0000000000
41536  11.514  -27.979  66.968 0.0000000000
40527  10.668  -28.977  67.871 0.0000000000
40514  11.971  -29.166  68.838 0.0000000000
40506  10.666  -29.843  69.165 0.0000000000
39594  11.034  -30.044  69.997 0.0000000000
39607  9.838  -30.120  68.900 0.0000000000
41502  7.145  -28.627  69.663 0.0000000000
40519  7.143  -29.747  68.664 0.0000000000
127916  6.410  -29.819  69.924 0.0000000000
38746  6.152  -31.656  69.819 0.0000000000
118643  5.990  -30.495  70.820 0.0000000000
51222  28.440  -19.106  54.853 0.0000000000
51221  29.105  -18.856  54.221 0.0000000000
51235  28.525  -19.307  53.992 0.0000000000
49411  28.253  -20.682  53.232 0.0000000000
49412  27.554  -20.467  53.748 0.0000000000
49390  25.578  -20.248  55.090 0.0000000000
48522  25.880  -21.046  55.175 0.0000000000
48512  25.799  -21.155  56.221 0.0000000000
52879  22.360  -16.112  56.167 0.0000000000
122539  23.685  -17.099  55.912 0.0000000000
113123  23.310  -17.243  56.654 0.0000000000
50245  25.012  -18.617  59.573 0.0000000000
60468  42.824  -8.693  41.200 0.0000000000
113856  43.669  -8.647  41.346 0.0000000000
59485  44.099  -9.016  42.153 0.0000000000
123435  30.088  -10.614  49.158 0.0000000000
58555  30.993  -10.907  47.841 0.0000000000
57673  30.523  -11.385  48.509 0.0000000000
55686  31.539  -13.419  52.043 0.0000000000
120769  29.935  -13.501  51.985 0.0000000000
124082  31.073  -13.317  51.597 0.0000000000
56639  34.038  -11.667  51.792 0.0000000000
55693  32.821  -12.475  50.615 0.0000000000
56673  33.338  -12.532  49.844 0.0000000000
55725  33.283  -13.023  48.335 0.0000000000
56671  34.834  -11.920  50.230 0.0000000000
120216  35.669  -12.346  49.748 0.0000000000
113474  33.624  -20.407  56.083 0.0000000000
66987  52.503  -1.471  34.118 0.0000000000
108397  48.715  -3.322  35.603 0.0000000000
66052  49.477  -2.836  35.409 0.0000000000
65114  50.012  -3.814  34.542 0.0000000000
64206  51.719  -4.758  33.959 0.0000000000
64216  52.856  -4.514  33.408 0.0000000000
51999  19.371  -17.549  60.145 0.0000000000
51140  18.528  -18.570  60.957 0.0000000000
62335  46.086  -6.381  38.467 0.0000000000
62322  47.366  -6.522  39.482 0.0000000000
62323  45.670  -6.807  39.286 0.0000000000
52908  31.736  -16.777  53.222 0.0000000000
52915  32.437  -16.386  52.722 0.0000000000
52098  31.761  -17.369  52.402 0.0000000000
51242  33.227  -18.243  52.519 0.0000000000
51231  33.619  -18.693  53.327 0.0000000000
65073  44.132  -3.030  40.724 0.0000000000
65080  43.324  -3.555  39.391 0.0000000000
65086  43.977  -3.340  38.871 0.0000000000
121419  44.787  -3.831  37.619 0.0000000000
65103  45.477  -3.865  37.218 0.0000000000
64179  44.550  -4.498  37.618 0.0000000000
62348  45.648  -5.963  37.851 0.0000000000
37873  8.299  -32.531  71.838 0.0000000000
63234  39.093  -5.580  42.459 0.0000000000
62308  39.094  -6.519  41.265 0.0000000000
62301  38.151  -6.575  42.442 0.0000000000
61371  37.851  -7.332  42.131 0.0000000000
60461  37.235  -8.783  42.216 0.0000000000
58598  34.255  -10.581  44.275 0.0000000000
57752  34.938  -10.833  43.668 0.0000000000
57733  34.593  -11.465  44.162 0.0000000000
56754  36.463  -12.694  44.546 0.0000000000
55769  37.524  -13.224  45.944 0.0000000000
55754  38.076  -13.209  46.665 0.0000000000
55738  37.831  -13.249  47.544 0.0000000000
46759  28.889  -23.161  58.245 0.0000000000
119036  17.529  -23.656  62.175 0.0000000000
114752  18.617  -23.775  63.732 0.0000000000
45776  17.957  -24.183  63.860 0.0000000000
45751  17.403  -24.694  65.388 0.0000000000
44753  17.239  -24.939  66.730 0.0000000000
114246  15.691  -26.539  67.198 0.0000000000
42541  14.519  -27.061  66.794 0.0000000000
44740  11.227  -25.599  67.050 0.0000000000
43680  9.725  -26.930  67.543 0.0000000000
42530  8.849  -28.034  67.626 0.0000000000
40529  8.751  -29.048  67.780 0.0000000000
42497  8.207  -27.610  69.037 0.0000000000
42483  8.077  -27.541  69.978 0.0000000000
42473  7.562  -27.936  71.403 0.0000000000
52065  27.642  -18.141  55.590 0.0000000000
109495  26.555  -19.065  54.549 0.0000000000
52079  26.121  -18.095  54.548 0.0000000000
52080  25.343  -17.805  54.510 0.0000000000
50305  24.761  -18.902  55.565 0.0000000000
51179  22.315  -18.006  58.127 0.0000000000
52019  23.466  -17.721  58.156 0.0000000000
106183  23.296  -18.076  58.933 0.0000000000
58618  43.065  -10.248  42.898 0.0000000000
121808  28.593  -11.273  50.669 0.0000000000
120670  34.703  -14.604  51.911 0.0000000000
118021  33.021  -12.945  51.815 0.0000000000
54669  34.176  -13.528  52.194 0.0000000000
56627  34.296  -11.867  52.477 0.0000000000
66980  51.491  -1.578  35.263 0.0000000000
37018  4.907  -34.012  71.810 0.0000000000
60407  35.901  -8.168  46.174 0.0000000000
124876  35.250  -8.363  46.248 0.0000000000
59443  34.222  -9.317  45.248 0.0000000000
59444  33.456  -9.771  45.501 0.0000000000
58584  32.917  -10.598  45.532 0.0000000000
56742  32.766  -11.954  45.727 0.0000000000
49338  21.720  -20.315  60.824 0.0000000000
48448  21.261  -21.130  61.946 0.0000000000
48472  20.475  -21.314  60.399 0.0000000000
48461  19.946  -21.957  60.881 0.0000000000
128364  18.775  -22.426  61.033 0.0000000000
50234  18.010  -19.745  60.870 0.0000000000
109622  17.534  -21.268  61.073 0.0000000000
47607  17.451  -22.663  61.456 0.0000000000
47608  16.751  -22.630  61.844 0.0000000000
46719  15.860  -23.186  62.607 0.0000000000
47582  15.135  -22.505  63.604 0.0000000000
53702  24.529  -14.933  55.493 0.0000000000
54605  23.974  -13.860  57.022 0.0000000000
54619  22.528  -14.769  56.457 0.0000000000
52880  21.742  -16.012  56.622 0.0000000000
54594  21.263  -14.897  58.642 0.0000000000
53690  20.875  -16.125  57.727 0.0000000000
52038  21.376  -17.130  57.407 0.0000000000
51180  21.332  -18.779  58.361 0.0000000000
49350  20.944  -20.088  59.088 0.0000000000
56596  29.520  -12.664  55.663 0.0000000000
126537  28.688  -12.510  54.121 0.0000000000
55655  30.124  -13.563  54.246 0.0000000000
55663  31.186  -13.866  53.392 0.0000000000
54658  32.845  -14.166  52.432 0.0000000000
52924  32.749  -16.560  52.176 0.0000000000
106566  33.268  -15.994  51.897 0.0000000000
53736  33.786  -15.454  51.633 0.0000000000
126480  35.518  -15.686  52.139 0.0000000000
52912  36.347  -15.957  53.032 0.0000000000
66043  48.452  -2.504  36.814 0.0000000000
66053  48.140  -3.069  36.242 0.0000000000
65109  47.929  -3.879  35.823 0.0000000000
64189  46.821  -4.472  36.425 0.0000000000
64198  47.528  -4.568  36.017 0.0000000000
62328  41.616  -6.324  39.409 0.0000000000
61415  42.549  -7.138  39.564 0.0000000000
61416  41.765  -6.990  39.618 0.0000000000
60482  41.583  -8.157  40.523 0.0000000000
124024  41.319  -8.638  41.004 0.0000000000
60484  39.721  -7.853  40.833 0.0000000000
60470  40.786  -8.989  41.265 0.0000000000
59488  41.799  -9.861  42.071 0.0000000000
58620  41.522  -10.634  42.566 0.0000000000
58612  41.966  -11.136  43.101 0.0000000000
61360  36.954  -7.353  43.836 0.0000000000
61373  36.724  -8.482  42.800 0.0000000000
59489  37.299  -9.648  42.164 0.0000000000
57762  36.011  -10.641  42.926 0.0000000000
57761  36.760  -10.928  42.735 0.0000000000
116079  38.577  -11.188  42.720 0.0000000000
57748  39.797  -11.745  43.418 0.0000000000
49410  29.826  -20.885  52.988 0.0000000000
49399  31.587  -20.734  54.107 0.0000000000
48526  31.261  -21.445  54.803 0.0000000000
48510  32.082  -21.843  56.456 0.0000000000
64145  42.043  -4.009  40.714 0.0000000000
64163  41.724  -4.883  39.568 0.0000000000
109390  14.288  -23.132  64.424 0.0000000000
47563  13.713  -23.192  65.667 0.0000000000
45766  13.682  -24.275  64.493 0.0000000000
44772  13.543  -25.516  64.905 0.0000000000
43696  13.316  -26.691  66.007 0.0000000000
42527  13.420  -27.734  67.191 0.0000000000
43698  11.727  -26.657  66.303 0.0000000000
41535  12.106  -27.694  66.764 0.0000000000
41524  12.985  -28.236  67.713 0.0000000000
41501  12.792  -28.955  69.077 0.0000000000
114903  12.584  -29.477  70.460 0.0000000000
38737  9.312  -31.403  70.703 0.0000000000
39608  8.423  -30.379  68.505 0.0000000000
38743  8.267  -31.556  69.483 0.0000000000
38738  8.585  -31.852  70.270 0.0000000000
116226  7.570  -32.834  70.579 0.0000000000
37022  6.332  -33.104  70.441 0.0000000000
37881  5.408  -32.346  71.135 0.0000000000
40473  5.695  -30.021  72.510 0.0000000000
38732  5.206  -31.523  72.054 0.0000000000
38733  4.869  -32.310  72.192 0.0000000000
51233  30.159  -18.263  53.009 0.0000000000
52090  29.743  -18.452  53.639 0.0000000000
123798  29.751  -19.632  52.760 0.0000000000
48547  29.185  -20.995  52.907 0.0000000000
47674  28.970  -22.335  54.303 0.0000000000
47666  28.154  -22.553  55.265 0.0000000000
49400  26.724  -20.430  54.253 0.0000000000
47677  27.017  -22.198  54.975 0.0000000000
47646  28.046  -22.706  56.931 0.0000000000
52893  23.985  -15.667  55.055 0.0000000000
52068  24.237  -17.466  55.375 0.0000000000
50292  24.747  -19.162  56.518 0.0000000000
51195  24.002  -17.791  58.111 0.0000000000
50278  24.819  -18.983  57.707 0.0000000000
50277  25.346  -19.614  58.128 0.0000000000
61400  43.742  -7.720  40.174 0.0000000000
59413  31.507  -10.229  47.608 0.0000000000
57703  31.938  -11.290  46.589 0.0000000000
56722  32.481  -12.312  46.386 0.0000000000
55676  28.608  -12.675  52.390 0.0000000000
56641  28.948  -12.737  51.086 0.0000000000
56659  29.301  -12.475  50.456 0.0000000000
55685  32.489  -12.837  51.429 0.0000000000
55712  30.892  -12.818  50.145 0.0000000000
56688  31.114  -12.528  48.844 0.0000000000
113037  31.414  -12.546  48.255 0.0000000000
55743  32.680  -12.954  47.700 0.0000000000
55741  34.371  -13.169  47.338 0.0000000000
55723  35.707  -13.095  48.263 0.0000000000
50316  32.790  -19.888  54.183 0.0000000000
125156  33.552  -19.680  54.737 0.0000000000
51209  34.878  -18.914  55.321 0.0000000000
50289  35.328  -19.294  56.838 0.0000000000
51208  35.510  -18.518  55.642 0.0000000000
67843  53.539  -0.438  33.128 0.0000000000
66981  50.720  -1.887  35.592 0.0000000000
66059  51.249  -2.628  34.283 0.0000000000
64207  50.579  -4.396  34.305 0.0000000000
65120  51.221  -3.310  33.987 0.0000000000
66065  51.768  -2.743  33.777 0.0000000000
66064  52.443  -2.940  33.121 0.0000000000
66071  53.533  -2.985  32.182 0.0000000000
62325  43.858  -6.722  39.107 0.0000000000
62326  43.038  -6.632  39.132 0.0000000000
50345  31.097  -19.024  52.570 0.0000000000
49419  30.878  -19.839  52.838 0.0000000000
63281  42.577  -5.509  38.807 0.0000000000
64170  42.686  -4.913  38.712 0.0000000000
124593  6.238  -34.302  71.720 0.0000000000
56740  34.322  -12.632  45.226 0.0000000000
55757  34.417  -13.137  46.398 0.0000000000
121283  15.651  -24.848  63.754 0.0000000000
45765  14.837  -24.833  63.782 0.0000000000
44791  14.953  -25.408  64.353 0.0000000000
128456  26.279  -15.422  56.078 0.0000000000
53711  25.867  -15.731  55.214 0.0000000000
53701  25.526  -15.066  55.718 0.0000000000
49326  22.079  -19.859  61.731 0.0000000000
50231  22.479  -19.472  60.965 0.0000000000
57578  28.534  -11.337  54.864 0.0000000000
51167  19.493  -18.758  58.994 0.0000000000
50248  19.259  -19.576  59.156 0.0000000000
51168  18.906  -19.067  59.619 0.0000000000
52009  19.599  -17.695  59.397 0.0000000000
52855  19.974  -17.187  58.921 0.0000000000
126943  19.530  -18.195  59.183 0.0000000000
53724  32.827  -15.387  53.116 0.0000000000
52095  34.427  -17.418  52.352 0.0000000000
52087  34.814  -17.853  53.220 0.0000000000
52086  35.493  -17.506  53.664 0.0000000000
66027  44.965  -3.285  38.011 0.0000000000
65096  46.237  -3.102  37.498 0.0000000000
62333  47.958  -6.231  38.475 0.0000000000
38723  9.574  -31.221  72.535 0.0000000000
63256  39.689  -6.102  40.737 0.0000000000
58632  38.832  -9.859  41.932 0.0000000000
118034  39.963  -10.685  42.414 0.0000000000
58622  39.119  -10.588  42.328 0.0000000000
59460  35.137  -9.255  44.167 0.0000000000
56736  37.868  -12.991  45.168 0.0000000000
56752  38.214  -12.637  44.458 0.0000000000
56735  38.697  -12.852  45.149 0.0000000000
47655  28.817  -22.719  55.867 0.0000000000
107218  29.761  -22.696  56.113 0.0000000000
46774  29.860  -22.920  56.968 0.0000000000
63233  39.838  -5.018  42.169 0.0000000000
47605  18.818  -22.873  61.505 0.0000000000
47593  19.487  -23.106  62.675 0.0000000000
126282  14.805  -27.476  67.852 0.0000000000
42496  14.846  -27.940  69.114 0.0000000000
41510  14.090  -28.298  68.770 0.0000000000
41527  10.271  -28.419  67.362 0.0000000000
40515  11.107  -29.360  68.601 0.0000000000
40516  10.181  -29.540  68.359 0.0000000000
119538  6.965  -28.666  70.429 0.0000000000
41491  6.650  -29.276  69.960 0.0000000000
40496  6.299  -29.788  70.531 0.0000000000
51212  27.832  -18.984  55.212 0.0000000000
51211  28.356  -19.094  55.621 0.0000000000
50333  27.953  -19.787  53.892 0.0000000000
49381  25.434  -20.480  55.781 0.0000000000
117945  25.483  -20.520  56.710 0.0000000000
48503  25.941  -21.077  57.194 0.0000000000
52051  22.542  -16.876  56.637 0.0000000000
59494  43.178  -9.153  41.872 0.0000000000
57647  28.972  -10.997  50.012 0.0000000000
58528  29.333  -10.397  50.089 0.0000000000
58537  29.570  -10.777  49.545 0.0000000000
57674  29.974  -11.052  49.057 0.0000000000
56690  30.046  -11.532  49.148 0.0000000000
54672  32.262  -13.318  52.034 0.0000000000
56656  34.042  -11.653  50.880 0.0000000000
56672  34.072  -12.262  49.974 0.0000000000
109086  35.683  -11.797  50.409 0.0000000000
67838  52.868  -0.824  34.561 0.0000000000
65108  48.749  -4.215  35.287 0.0000000000
65107  49.356  -3.578  35.058 0.0000000000
118384  49.429  -4.228  34.870 0.0000000000
52818  19.507  -16.696  61.216 0.0000000000
52833  19.212  -17.387  60.941 0.0000000000
52819  19.087  -17.188  61.779 0.0000000000
52832  19.546  -16.968  60.496 0.0000000000
62336  45.202  -6.371  38.528 0.0000000000
61412  45.025  -7.227  39.818 0.0000000000
52916  31.784  -16.916  52.633 0.0000000000
50344  31.932  -18.884  52.549 0.0000000000
51243  32.394  -18.191  52.349 0.0000000000
51232  32.809  -18.839  52.879 0.0000000000
65075  42.680  -3.762  39.958 0.0000000000
65074  43.371  -3.350  40.264 0.0000000000
64169  43.313  -4.559  38.409 0.0000000000
65087  43.435  -3.904  38.640 0.0000000000
106406  44.255  -3.630  38.225 0.0000000000
62349  44.835  -5.818  38.020 0.0000000000
63222  38.893  -5.687  43.345 0.0000000000
63223  38.544  -6.002  42.684 0.0000000000
109548  37.288  -7.909  42.481 0.0000000000
60474  37.797  -8.182  41.921 0.0000000000
127033  35.488  -12.965  45.294 0.0000000000
118828  35.659  -12.650  44.693 0.0000000000
56738  36.176  -13.031  45.260 0.0000000000
56737  37.006  -13.077  45.206 0.0000000000
111481  37.129  -13.250  47.762 0.0000000000
55721  37.542  -13.176  48.382 0.0000000000
106589  39.592  -5.242  43.170 0.0000000000
46717  16.856  -23.759  62.363 0.0000000000
46705  17.537  -24.070  62.853 0.0000000000
45763  17.303  -24.623  64.452 0.0000000000
118042  17.453  -24.679  66.129 0.0000000000
44769  16.837  -25.189  65.922 0.0000000000
44754  16.627  -25.528  66.743 0.0000000000
123564  16.226  -25.701  66.110 0.0000000000
43714  15.561  -26.015  65.871 0.0000000000
43694  15.124  -26.584  66.494 0.0000000000
43695  14.209  -26.703  66.120 0.0000000000
43664  9.466  -26.720  68.342 0.0000000000
42510  9.097  -27.377  67.894 0.0000000000
42511  8.446  -27.797  68.184 0.0000000000
43665  8.834  -27.172  68.703 0.0000000000
42484  7.494  -28.081  70.406 0.0000000000
52876  27.418  -16.552  56.614 0.0000000000
52066  26.709  -17.486  54.957 0.0000000000
52901  24.925  -17.022  54.428 0.0000000000
51225  25.102  -18.270  54.624 0.0000000000
51213  25.111  -18.927  54.864 0.0000000000
57636  28.371  -10.868  51.336 0.0000000000
121293  28.346  -11.589  51.428 0.0000000000
54656  35.093  -14.126  52.358 0.0000000000
55653  35.608  -12.901  53.844 0.0000000000
54657  34.586  -12.820  52.753 0.0000000000
126527  35.000  -12.543  53.303 0.0000000000
37010  4.030  -33.611  72.449 0.0000000000
60425  34.028  -8.995  46.061 0.0000000000
59428  32.832  -9.944  46.093 0.0000000000
58569  32.528  -10.506  46.067 0.0000000000
57717  33.113  -11.367  45.248 0.0000000000
57718  32.467  -11.189  45.896 0.0000000000
122052  21.128  -20.797  60.348 0.0000000000
49340  20.684  -20.717  59.700 0.0000000000
48473  19.559  -21.536  60.154 0.0000000000
47618  19.128  -22.035  60.646 0.0000000000
47619  18.350  -22.020  60.717 0.0000000000
51155  18.407  -19.291  60.380 0.0000000000
51141  18.166  -19.189  61.302 0.0000000000
47620  17.711  -22.024  61.021 0.0000000000
48462  17.112  -21.972  61.470 0.0000000000
48451  16.019  -21.977  62.762 0.0000000000
47595  15.625  -22.583  62.930 0.0000000000
46706  15.283  -23.428  63.130 0.0000000000
54604  24.979  -13.864  57.187 0.0000000000
55627  24.474  -13.706  57.773 0.0000000000
54606  22.811  -14.112  57.278 0.0000000000
53704  22.137  -15.410  56.387 0.0000000000
53689  21.409  -15.583  57.149 0.0000000000
122763  20.627  -16.010  58.390 0.0000000000
52868  20.886  -16.758  57.628 0.0000000000
51197  21.125  -18.020  57.831 0.0000000000
49362  20.211  -19.912  58.784 0.0000000000
49339  21.426  -20.311  59.902 0.0000000000
55644  30.524  -13.272  55.568 0.0000000000
55645  29.786  -13.200  54.949 0.0000000000
54647  31.968  -14.015  53.116 0.0000000000
54659  32.103  -13.738  52.546 0.0000000000
52106  32.487  -17.029  52.077 0.0000000000
124230  33.002  -16.663  51.890 0.0000000000
52923  33.527  -16.379  51.726 0.0000000000
53735  34.570  -15.325  51.665 0.0000000000
52921  35.070  -15.863  51.815 0.0000000000
52905  36.470  -16.415  53.730 0.0000000000
66015  44.779  -2.719  40.164 0.0000000000
66971  48.810  -2.177  37.458 0.0000000000
66034  47.937  -2.446  37.632 0.0000000000
66044  47.390  -3.473  36.447 0.0000000000
64190  45.997  -4.256  36.839 0.0000000000
63309  46.366  -5.028  36.701 0.0000000000
63308  47.198  -5.119  36.390 0.0000000000
63322  48.016  -5.164  35.951 0.0000000000
61417  41.124  -6.700  39.729 0.0000000000
61404  40.265  -7.425  40.431 0.0000000000
61403  41.081  -7.422  40.084 0.0000000000
61386  39.009  -7.376  41.173 0.0000000000
59497  40.219  -9.467  41.615 0.0000000000
60471  39.954  -8.698  41.173 0.0000000000
59496  40.999  -9.661  41.738 0.0000000000
58629  41.113  -10.211  42.157 0.0000000000
57757  41.143  -11.270  43.007 0.0000000000
57746  41.569  -11.713  43.618 0.0000000000
61343  37.228  -7.259  44.720 0.0000000000
59477  36.111  -9.020  43.138 0.0000000000
59490  36.622  -9.364  42.512 0.0000000000
58624  36.608  -10.171  42.481 0.0000000000
57732  35.317  -11.508  43.749 0.0000000000
120913  35.507  -10.984  43.311 0.0000000000
109816  36.133  -11.478  43.311 0.0000000000
57760  37.651  -11.094  42.686 0.0000000000
57749  38.984  -11.747  43.287 0.0000000000
48538  30.167  -21.423  53.610 0.0000000000
48537  30.868  -21.254  54.048 0.0000000000
48527  30.367  -21.858  54.506 0.0000000000
47644  31.223  -22.753  57.279 0.0000000000
111234  31.309  -22.339  56.510 0.0000000000
64146  41.211  -4.439  41.078 0.0000000000
63254  41.023  -5.233  39.920 0.0000000000
63268  41.551  -5.588  39.411 0.0000000000
48460  20.650  -21.638  61.362 0.0000000000
48437  21.275  -21.117  62.909 0.0000000000
46694  18.615  -23.750  64.527 0.0000000000
47572  14.740  -22.498  64.391 0.0000000000
46673  13.165  -23.627  66.101 0.0000000000
46686  13.332  -23.960  65.186 0.0000000000
46685  13.850  -23.483  64.803 0.0000000000
44793  13.711  -24.926  64.413 0.0000000000
43717  12.947  -26.111  65.503 0.0000000000
42542  13.781  -27.211  66.635 0.0000000000
42543  12.841  -27.305  66.535 0.0000000000
44756  10.908  -26.205  66.849 0.0000000000
44755  11.489  -26.065  66.321 0.0000000000
43699  10.900  -26.779  66.628 0.0000000000
41525  12.103  -28.321  67.404 0.0000000000
42528  12.706  -27.877  67.091 0.0000000000
41511  13.303  -28.529  68.504 0.0000000000
40505  11.496  -29.607  69.419 0.0000000000
40504  12.300  -29.370  69.655 0.0000000000
39595  10.263  -30.346  69.714 0.0000000000
39584  10.553  -30.504  70.550 0.0000000000
39585  9.815  -30.857  70.223 0.0000000000
38736  9.995  -30.910  71.092 0.0000000000
40530  8.069  -29.204  68.008 0.0000000000
40518  8.223  -29.709  68.141 0.0000000000
124648  7.694  -29.587  68.307 0.0000000000
38750  7.121  -31.057  68.862 0.0000000000
38749  7.880  -31.028  68.833 0.0000000000
37885  7.731  -32.284  69.917 0.0000000000
37879  8.174  -32.367  70.594 0.0000000000
37891  7.075  -32.289  69.627 0.0000000000
111256  5.998  -31.081  70.193 0.0000000000
126390  5.974  -32.146  70.027 0.0000000000
38739  5.791  -31.865  70.332 0.0000000000
37888  5.893  -32.608  70.331 0.0000000000
40472  6.277  -29.237  72.181 0.0000000000
41467  5.799  -29.452  73.150 0.0000000000
39569  5.074  -30.820  72.856 0.0000000000
123286  30.665  -17.664  53.079 0.0000000000
51234  29.332  -18.969  53.349 0.0000000000
50347  29.222  -19.543  52.928 0.0000000000
49421  29.349  -20.300  52.796 0.0000000000
50348  28.696  -20.123  52.981 0.0000000000
48541  27.733  -21.406  53.629 0.0000000000
48540  28.663  -21.362  53.246 0.0000000000
47686  28.349  -22.023  53.768 0.0000000000
47675  28.232  -22.368  54.452 0.0000000000
47676  27.570  -22.303  54.701 0.0000000000
50318  26.227  -19.668  54.446 0.0000000000
48521  26.332  -21.695  55.878 0.0000000000
48530  26.512  -21.748  54.996 0.0000000000
47668  26.911  -22.170  55.685 0.0000000000
47657  27.482  -22.437  56.333 0.0000000000
47637  28.054  -22.724  57.916 0.0000000000
47647  27.426  -22.389  57.176 0.0000000000
51204  24.441  -18.242  56.117 0.0000000000
50261  25.487  -19.437  59.025 0.0000000000
50262  24.971  -18.811  58.655 0.0000000000
60381  31.885  -9.220  48.660 0.0000000000
59401  31.097  -9.614  48.789 0.0000000000
57689  31.031  -11.569  47.881 0.0000000000
57688  31.434  -11.429  47.271 0.0000000000
56723  31.878  -11.948  46.818 0.0000000000
55665  29.660  -13.478  53.500 0.0000000000
55666  28.780  -12.821  53.352 0.0000000000
55675  29.319  -13.344  52.626 0.0000000000
55687  30.477  -13.373  51.554 0.0000000000
55688  29.071  -13.090  51.755 0.0000000000
55696  29.747  -13.137  51.085 0.0000000000
56658  30.136  -12.775  50.239 0.0000000000
55684  33.131  -12.385  51.317 0.0000000000
56674  32.736  -12.671  49.849 0.0000000000
111182  32.119  -12.769  50.395 0.0000000000
55711  31.502  -12.796  49.613 0.0000000000
56675  30.652  -12.528  49.543 0.0000000000
55727  31.800  -12.822  48.737 0.0000000000
55708  33.930  -12.857  48.976 0.0000000000
116131  33.959  -13.113  48.103 0.0000000000
55742  33.466  -13.067  47.491 0.0000000000
112790  35.154  -13.193  47.629 0.0000000000
55706  36.148  -12.777  49.104 0.0000000000
49398  32.342  -20.392  54.451 0.0000000000
49388  34.055  -19.975  55.955 0.0000000000
49389  33.547  -20.148  55.497 0.0000000000
50303  34.000  -19.724  55.379 0.0000000000
50315  34.267  -19.271  54.997 0.0000000000
50302  34.483  -19.460  55.708 0.0000000000
51189  35.694  -18.713  56.412 0.0000000000
51201  36.127  -18.109  56.017 0.0000000000
67844  53.107  -1.048  33.722 0.0000000000
66976  49.452  -2.021  36.798 0.0000000000
66061  49.910  -3.130  34.896 0.0000000000
66051  50.247  -2.515  35.169 0.0000000000
66989  50.994  -2.228  34.845 0.0000000000
112001  52.093  -4.301  33.570 0.0000000000
64217  51.286  -4.160  33.877 0.0000000000
66995  52.331  -2.144  33.630 0.0000000000
61413  44.214  -7.248  39.676 0.0000000000
118417  30.928  -17.829  52.632 0.0000000000
50330  32.435  -19.473  53.298 0.0000000000
64162  42.360  -4.588  39.176 0.0000000000
65081  42.758  -4.043  39.247 0.0000000000
64180  43.920  -4.874  38.030 0.0000000000
37008  6.937  -33.840  71.669 0.0000000000
62290  38.161  -6.289  43.417 0.0000000000
62277  38.156  -6.468  44.259 0.0000000000
56756  34.366  -12.116  44.710 0.0000000000
55771  35.764  -13.221  45.932 0.0000000000
55739  36.430  -13.259  47.602 0.0000000000
45790  16.047  -23.820  62.736 0.0000000000
45778  16.194  -24.450  63.292 0.0000000000
44790  15.809  -25.315  64.479 0.0000000000
43713  16.099  -25.581  65.380 0.0000000000
44771  14.377  -25.777  64.861 0.0000000000
43650  8.688  -27.104  69.674 0.0000000000
52890  26.301  -16.539  55.019 0.0000000000
52891  25.313  -16.337  54.560 0.0000000000
50246  22.510  -19.286  60.100 0.0000000000
126914  22.399  -19.082  59.590 0.0000000000
57608  28.171  -11.410  52.979 0.0000000000
53723  36.429  -15.114  53.114 0.0000000000
54645  36.171  -14.179  53.338 0.0000000000
60410  33.223  -9.106  47.118 0.0000000000
59411  32.640  -9.595  46.842 0.0000000000
48486  19.946  -21.023  59.618 0.0000000000
120271  19.579  -20.564  59.307 0.0000000000
49352  19.098  -20.260  59.376 0.0000000000
48488  18.537  -20.564  59.859 0.0000000000
106673  18.017  -19.294  62.072 0.0000000000
50211  17.516  -19.892  62.605 0.0000000000
49318  16.963  -20.860  62.409 0.0000000000
48450  16.572  -21.784  62.193 0.0000000000
54593  21.969  -14.360  58.152 0.0000000000
52843  20.236  -16.307  59.192 0.0000000000
52020  20.269  -17.484  58.401 0.0000000000
51181  20.408  -18.078  58.248 0.0000000000
51182  20.006  -18.607  58.531 0.0000000000
50266  19.906  -19.318  58.680 0.0000000000
121028  31.592  -13.871  54.645 0.0000000000
52096  33.576  -17.597  52.154 0.0000000000
52914  34.784  -16.618  51.951 0.0000000000
52913  35.625  -16.237  52.403 0.0000000000
52073  36.147  -17.165  54.217 0.0000000000
127342  45.810  -2.529  39.034 0.0000000000
66035  47.016  -2.795  37.504 0.0000000000
66045  46.816  -3.249  36.981 0.0000000000
65102  46.689  -3.807  36.607 0.0000000000
63294  46.016  -5.523  37.208 0.0000000000
63292  48.374  -5.863  37.220 0.0000000000
62345  48.344  -6.046  37.954 0.0000000000
63255  40.351  -5.647  40.310 0.0000000000
60473  38.324  -8.438  41.665 0.0000000000
60472  39.036  -8.343  41.350 0.0000000000
57758  40.295  -11.299  42.933 0.0000000000
60422  36.070  -8.029  45.304 0.0000000000
121687  35.995  -8.163  44.413 0.0000000000
56770  36.749  -12.219  43.814 0.0000000000
56769  37.676  -12.263  43.760 0.0000000000
56768  38.574  -12.215  43.824 0.0000000000
56767  39.377  -12.137  43.914 0.0000000000
47673  29.671  -22.266  54.634 0.0000000000
47664  30.091  -22.347  55.274 0.0000000000
47645  30.523  -22.716  56.718 0.0000000000
64139  40.733  -4.599  42.422 0.0000000000
120029  41.130  -4.394  41.846 0.0000000000
47604  20.123  -22.273  61.734 0.0000000000
47592  20.147  -22.547  62.743 0.0000000000
47580  20.224  -22.430  63.841 0.0000000000
43678  15.825  -26.736  67.974 0.0000000000
43648  16.526  -26.516  69.347 0.0000000000
42508  15.966  -26.967  68.861 0.0000000000
109136  15.490  -27.518  69.304 0.0000000000
41498  14.909  -28.085  69.949 0.0000000000
45753  12.823  -24.443  65.636 0.0000000000
43718  12.209  -26.087  65.858 0.0000000000
43700  10.175  -27.208  67.013 0.0000000000
42545  10.653  -27.401  66.840 0.0000000000
41537  10.819  -27.907  66.980 0.0000000000
41526  11.168  -28.452  67.393 0.0000000000
41513  11.597  -28.873  68.037 0.0000000000
110703  7.384  -28.619  68.938 0.0000000000
41503  6.996  -29.181  69.060 0.0000000000
39610  6.882  -30.526  68.881 0.0000000000
38751  6.769  -31.026  69.051 0.0000000000
38745  6.730  -31.603  69.333 0.0000000000
39598  6.403  -30.872  69.437 0.0000000000
39562  4.181  -30.834  73.590 0.0000000000
120625  28.211  -20.097  53.387 0.0000000000
50319  25.586  -19.598  54.721 0.0000000000
48511  26.359  -21.632  56.805 0.0000000000
47648  26.875  -21.980  57.267 0.0000000000
48502  26.551  -21.518  57.682 0.0000000000
52878  23.101  -15.770  55.574 0.0000000000
52050  23.105  -16.587  55.974 0.0000000000
51164  24.323  -18.235  59.629 0.0000000000
117294  24.550  -18.247  59.061 0.0000000000
60481  42.435  -8.204  40.558 0.0000000000
60480  43.285  -8.204  40.684 0.0000000000
107340  29.867  -9.765  50.172 0.0000000000
106483  30.489  -10.147  48.972 0.0000000000
59402  30.974  -10.216  48.294 0.0000000000
58544  30.462  -10.742  48.606 0.0000000000
112143  30.784  -13.546  52.109 0.0000000000
119668  31.681  -13.001  51.286 0.0000000000
56640  33.585  -11.908  51.350 0.0000000000
56657  33.451  -12.089  50.694 0.0000000000
55709  33.058  -12.868  49.147 0.0000000000
55707  35.023  -12.667  49.227 0.0000000000
48509  32.799  -21.346  56.508 0.0000000000
49380  33.010  -20.761  55.816 0.0000000000
49379  33.456  -20.845  56.569 0.0000000000
49378  34.022  -20.337  56.574 0.0000000000
111341  34.426  -20.244  57.077 0.0000000000
66994  52.830  -1.654  33.469 0.0000000000
65118  52.572  -3.866  33.092 0.0000000000
64229  53.390  -4.158  32.842 0.0000000000
124013  18.768  -18.641  60.215 0.0000000000
52000  18.963  -18.042  60.560 0.0000000000
51988  18.795  -17.898  61.420 0.0000000000
53667  20.537  -15.579  59.885 0.0000000000
53655  19.950  -16.262  60.418 0.0000000000
119401  46.522  -6.622  39.125 0.0000000000
61411  45.717  -7.181  40.043 0.0000000000
52907  32.582  -16.151  53.557 0.0000000000
52107  32.176  -16.891  52.312 0.0000000000
52097  32.343  -17.503  52.214 0.0000000000
123131  32.859  -17.688  52.143 0.0000000000
51230  34.372  -18.460  53.724 0.0000000000
65079  44.000  -3.093  39.730 0.0000000000
123044  44.592  -3.193  38.546 0.0000000000
65097  45.508  -3.441  37.536 0.0000000000
64191  45.209  -4.324  37.244 0.0000000000
63311  45.012  -4.857  37.357 0.0000000000
63296  44.582  -5.186  37.727 0.0000000000
63295  45.274  -5.379  37.497 0.0000000000
38724  8.933  -31.827  72.211 0.0000000000
62300  38.707  -6.162  41.972 0.0000000000
62309  38.448  -6.884  41.705 0.0000000000
59500  37.857  -8.964  41.874 0.0000000000
59461  34.489  -9.661  44.481 0.0000000000
58614  34.871  -10.044  43.771 0.0000000000
56755  35.087  -12.132  44.313 0.0000000000
55768  38.359  -13.072  45.858 0.0000000000
55737  38.681  -13.187  47.333 0.0000000000
55755  37.122  -13.300  46.883 0.0000000000
55720  38.413  -13.199  48.248 0.0000000000
46768  28.709  -22.942  57.369 0.0000000000
114968  29.558  -23.160  57.682 0.0000000000
46758  29.640  -23.426  58.634 0.0000000000
46716  18.226  -23.714  62.467 0.0000000000
46703  18.972  -23.566  63.075 0.0000000000
46704  18.297  -23.928  63.165 0.0000000000
45777  17.055  -24.456  63.527 0.0000000000
44739  16.391  -26.002  67.546 0.0000000000
43693  15.961  -26.106  66.642 0.0000000000
42525  15.094  -27.092  67.419 0.0000000000
42526  14.306  -27.539  67.410 0.0000000000
42529  9.538  -27.645  67.385 0.0000000000
41528  9.401  -28.372  67.503 0.0000000000
125619  8.816  -28.524  67.677 0.0000000000
41514  8.283  -28.561  67.917 0.0000000000
42512  7.851  -28.250  68.558 0.0000000000
42498  7.654  -28.087  69.396 0.0000000000
41490  7.096  -28.408  71.063 0.0000000000
50317  27.094  -19.856  54.271 0.0000000000
52078  27.067  -18.510  54.895 0.0000000000
51224  25.673  -18.740  54.550 0.0000000000
50304  25.144  -19.647  55.497 0.0000000000
51196  21.877  -17.533  57.525 0.0000000000
52037  22.750  -17.372  57.419 0.0000000000
51165  23.847  -18.170  59.671 0.0000000000
51166  23.080  -18.606  59.766 0.0000000000
59487  42.707  -9.750  42.282 0.0000000000
59486  43.474  -9.634  42.536 0.0000000000
58529  28.765  -10.626  50.655 0.0000000000
57646  29.041  -11.684  50.149 0.0000000000
108172  34.087  -14.571  51.705 0.0000000000
54670  33.543  -13.662  52.031 0.0000000000
55673  34.006  -12.345  52.317 0.0000000000
56638  34.629  -11.258  52.193 0.0000000000
63320  49.293  -5.235  35.530 0.0000000000
117103  36.853  -7.658  45.469 0.0000000000
60423  35.361  -8.425  45.542 0.0000000000
60424  34.707  -8.722  45.767 0.0000000000
58599  33.922  -9.994  44.803 0.0000000000
58583  33.526  -10.631  44.931 0.0000000000
56721  33.143  -12.625  45.992 0.0000000000
48459  21.197  -21.031  61.058 0.0000000000
119659  19.417  -22.440  61.283 0.0000000000
50233  18.142  -20.101  60.289 0.0000000000
50221  17.800  -19.835  61.593 0.0000000000
49341  17.768  -20.398  60.951 0.0000000000
110197  17.986  -20.879  60.400 0.0000000000
48475  17.988  -21.526  60.620 0.0000000000
47606  18.159  -22.585  61.178 0.0000000000
46730  18.001  -23.269  61.690 0.0000000000
46731  17.123  -23.266  61.856 0.0000000000
46718  16.442  -23.232  62.259 0.0000000000
47594  16.170  -22.587  62.387 0.0000000000
54616  25.250  -14.441  56.378 0.0000000000
54617  24.282  -14.317  56.244 0.0000000000
54618  23.323  -14.460  56.298 0.0000000000
108483  22.819  -15.148  55.929 0.0000000000
125403  22.590  -15.586  55.979 0.0000000000
52052  21.865  -16.579  56.818 0.0000000000
54608  21.382  -15.001  57.706 0.0000000000
53676  20.965  -15.488  58.033 0.0000000000
52867  21.310  -16.372  57.154 0.0000000000
112069  20.508  -18.711  58.339 0.0000000000
50264  21.405  -19.414  58.839 0.0000000000
50247  21.844  -19.598  59.507 0.0000000000
56605  28.952  -12.568  54.906 0.0000000000
55656  29.278  -13.054  54.198 0.0000000000
55664  30.464  -13.735  53.643 0.0000000000
55654  31.023  -13.810  54.148 0.0000000000
55674  31.297  -13.734  52.652 0.0000000000
53730  33.086  -15.474  52.445 0.0000000000
53737  33.391  -14.960  52.026 0.0000000000
119993  33.610  -14.562  51.839 0.0000000000
53729  35.317  -15.122  52.033 0.0000000000
53728  35.919  -15.475  52.493 0.0000000000
106464  48.140  -4.595  35.654 0.0000000000
63321  48.661  -4.929  35.527 0.0000000000
62340  42.131  -5.906  39.060 0.0000000000
62327  42.299  -6.513  39.252 0.0000000000
61402  42.031  -7.636  40.004 0.0000000000
60469  42.013  -8.694  41.060 0.0000000000
119709  41.549  -9.186  41.465 0.0000000000
58619  42.327  -10.444  42.674 0.0000000000
58611  42.774  -10.946  43.248 0.0000000000
61361  36.371  -8.112  43.659 0.0000000000
124680  37.682  -10.055  42.142 0.0000000000
58613  35.415  -10.337  43.264 0.0000000000
112573  37.319  -10.396  42.358 0.0000000000
58623  38.177  -10.423  42.272 0.0000000000
56766  40.016  -12.106  43.964 0.0000000000
49420  30.127  -20.117  52.769 0.0000000000
124839  31.407  -20.219  53.339 0.0000000000
49409  30.713  -20.682  53.286 0.0000000000
48520  30.797  -22.013  55.247 0.0000000000
48519  31.549  -21.785  55.714 0.0000000000
48518  32.355  -21.340  55.925 0.0000000000
64156  41.404  -4.608  40.240 0.0000000000
48438  20.747  -21.818  63.332 0.0000000000
47583  14.635  -23.249  63.782 0.0000000000
46695  14.148  -23.805  64.097 0.0000000000
44812  14.155  -24.540  64.029 0.0000000000
43716  13.783  -26.208  65.396 0.0000000000
108389  12.071  -27.133  66.374 0.0000000000
42544  11.359  -27.354  66.617 0.0000000000
41523  13.797  -28.064  67.946 0.0000000000
41500  13.574  -28.718  69.331 0.0000000000
41489  13.790  -28.831  70.157 0.0000000000
40503  13.071  -29.126  69.888 0.0000000000
40494  13.275  -29.185  70.679 0.0000000000
39583  11.315  -30.177  70.851 0.0000000000
38730  9.464  -31.392  71.617 0.0000000000
40517  9.125  -29.768  68.167 0.0000000000
123626  9.148  -30.402  68.773 0.0000000000
39609  7.570  -30.302  68.539 0.0000000000
39597  8.742  -30.913  69.105 0.0000000000
38742  9.081  -31.248  69.846 0.0000000000
38731  8.743  -32.040  71.179 0.0000000000
128401  8.109  -32.623  71.088 0.0000000000
37886  6.985  -32.845  70.089 0.0000000000
37016  6.862  -33.340  70.740 0.0000000000
37017  5.648  -33.376  71.056 0.0000000000
41465  6.939  -28.432  71.950 0.0000000000
40485  6.099  -29.866  71.486 0.0000000000
39575  5.624  -30.652  71.790 0.0000000000
37882  4.882  -33.161  71.828 0.0000000000
51246  29.845  -18.983  52.809 0.0000000000
48539  29.410  -21.480  53.309 0.0000000000
48548  28.822  -20.717  52.929 0.0000000000
47685  28.987  -21.928  53.618 0.0000000000
111901  28.691  -22.576  54.986 0.0000000000
121176  27.038  -21.049  53.980 0.0000000000
116181  26.465  -21.092  54.464 0.0000000000
48529  27.059  -21.778  54.295 0.0000000000
47667  27.522  -22.417  55.512 0.0000000000
47656  28.100  -22.645  56.104 0.0000000000
46776  28.573  -22.786  56.628 0.0000000000
52892  24.486  -16.346  54.626 0.0000000000
52069  23.788  -16.526  55.133 0.0000000000
119521  24.395  -16.969  54.652 0.0000000000
51214  24.731  -18.257  55.119 0.0000000000
52036  23.693  -17.620  57.414 0.0000000000
51194  24.311  -18.178  57.318 0.0000000000
51177  24.434  -18.199  58.357 0.0000000000
50291  25.184  -19.800  57.173 0.0000000000
49371  25.660  -20.376  57.646 0.0000000000
60479  44.101  -8.144  40.813 0.0000000000
60394  32.183  -9.285  48.043 0.0000000000
59412  32.096  -9.643  47.495 0.0000000000
110774  32.047  -10.163  46.970 0.0000000000
58554  31.616  -10.784  47.091 0.0000000000
58570  32.138  -10.686  46.477 0.0000000000
114282  32.292  -11.745  46.230 0.0000000000
56617  28.326  -12.066  53.645 0.0000000000
56628  28.318  -12.191  52.905 0.0000000000
56642  28.552  -12.388  51.584 0.0000000000
56660  28.693  -12.069  50.846 0.0000000000
56676  29.824  -12.091  49.678 0.0000000000
55694  31.422  -12.875  50.486 0.0000000000
56689  30.483  -12.035  48.952 0.0000000000
56707  30.952  -12.060  48.287 0.0000000000
55726  32.527  -12.943  48.539 0.0000000000
55744  31.935  -12.813  47.956 0.0000000000
56705  32.141  -12.588  47.161 0.0000000000
55759  32.873  -12.847  46.841 0.0000000000
55758  33.675  -13.021  46.594 0.0000000000
55740  35.739  -13.254  47.421 0.0000000000
49408  32.073  -20.083  53.716 0.0000000000
49397  32.922  -20.294  54.995 0.0000000000
51220  33.956  -19.031  54.215 0.0000000000
51219  34.633  -18.704  54.568 0.0000000000
50276  34.982  -19.875  57.313 0.0000000000
50301  35.093  -19.124  56.066 0.0000000000
111340  35.290  -18.355  54.872 0.0000000000
52060  35.981  -17.819  55.115 0.0000000000
66982  49.852  -2.182  35.864 0.0000000000
66988  51.765  -1.974  34.388 0.0000000000
111025  49.925  -4.631  34.697 0.0000000000
64218  50.710  -3.746  34.187 0.0000000000
67000  52.877  -2.177  32.999 0.0000000000
65130  53.093  -3.421  32.637 0.0000000000
66072  53.038  -2.737  32.641 0.0000000000
66999  53.379  -2.213  32.327 0.0000000000
37887  6.447  -32.423  69.875 0.0000000000
39586  6.247  -30.317  70.000 0.0000000000
40507  6.593  -29.944  69.332 0.0000000000
44741  10.724  -25.958  67.547 0.0000000000
56606  28.448  -11.986  54.483 0.0000000000
58536  29.962  -10.207  49.575 0.0000000000
108869  31.588  -9.654  48.122 0.0000000000
112368  28.233  -11.896  52.202 0.0000000000
