#!ascii label  , from subject sub-v1s4x0050706_ses-1 vox2ras=TkReg
1229
104001  -43.602  39.326  33.231 0.0000000000
111422  -30.931  52.527  23.860 0.0000000000
141956  -33.472  42.329  29.674 0.0000000000
140153  -41.760  42.888  23.813 0.0000000000
111946  -37.997  53.789  25.373 0.0000000000
126318  -37.179  45.733  22.623 0.0000000000
107877  -40.303  45.655  17.637 0.0000000000
104762  -36.092  39.120  17.589 0.0000000000
96977  -42.472  28.226  35.975 0.0000000000
101041  -41.768  34.386  33.664 0.0000000000
131911  -24.567  58.706  19.182 0.0000000000
137187  -31.900  60.681  23.050 0.0000000000
114051  -34.579  58.108  19.841 0.0000000000
105277  -38.023  42.258  35.370 0.0000000000
108974  -32.138  48.176  27.159 0.0000000000
108388  -39.111  48.528  28.894 0.0000000000
105311  -38.625  41.937  31.239 0.0000000000
104685  -35.333  40.581  26.689 0.0000000000
102344  -32.451  36.532  24.044 0.0000000000
102840  -42.237  38.215  31.054 0.0000000000
111446  -38.398  53.128  22.419 0.0000000000
135674  -40.560  50.678  21.555 0.0000000000
110071  -38.114  49.344  18.594 0.0000000000
107868  -37.096  45.299  19.176 0.0000000000
98457  -42.350  31.485  34.047 0.0000000000
99148  -39.458  31.823  32.575 0.0000000000
114028  -21.797  58.022  20.075 0.0000000000
114035  -31.684  57.597  21.003 0.0000000000
103396  -35.604  39.030  34.523 0.0000000000
105927  -35.735  42.180  31.631 0.0000000000
110955  -27.966  51.771  23.872 0.0000000000
141530  -31.430  48.708  23.567 0.0000000000
107242  -41.132  44.389  22.289 0.0000000000
107208  -38.514  45.046  25.185 0.0000000000
145359  -42.142  45.394  26.272 0.0000000000
127428  -40.617  44.729  30.589 0.0000000000
142092  -39.606  42.883  27.244 0.0000000000
105323  -37.221  41.171  29.128 0.0000000000
105347  -38.324  41.890  24.944 0.0000000000
104103  -32.794  38.386  21.211 0.0000000000
111943  -34.247  53.759  24.795 0.0000000000
110010  -34.790  48.925  23.026 0.0000000000
110018  -38.078  49.658  22.664 0.0000000000
108460  -39.763  46.866  20.212 0.0000000000
106035  -41.604  42.897  18.971 0.0000000000
125296  -38.074  41.414  20.652 0.0000000000
106039  -38.477  41.726  17.486 0.0000000000
106030  -34.452  41.572  19.002 0.0000000000
124560  -44.984  30.519  36.653 0.0000000000
100429  -44.392  33.850  35.485 0.0000000000
102234  -43.146  37.396  34.947 0.0000000000
112448  -21.984  55.036  24.227 0.0000000000
144913  -24.986  55.300  23.364 0.0000000000
112970  -27.618  56.003  23.282 0.0000000000
136366  -29.996  57.130  24.362 0.0000000000
113982  -33.042  58.088  25.037 0.0000000000
113492  -36.336  56.837  23.097 0.0000000000
112988  -37.432  56.440  21.629 0.0000000000
113536  -36.740  58.316  18.819 0.0000000000
101647  -38.092  35.837  33.033 0.0000000000
133099  -39.696  38.391  34.876 0.0000000000
103980  -41.606  40.293  35.287 0.0000000000
135173  -32.943  46.822  28.541 0.0000000000
129323  -34.755  45.739  24.717 0.0000000000
108393  -36.449  49.101  27.993 0.0000000000
107183  -35.750  45.161  29.126 0.0000000000
106572  -38.200  44.653  31.516 0.0000000000
105923  -40.136  44.335  33.690 0.0000000000
103998  -39.522  40.475  33.433 0.0000000000
103443  -37.830  38.711  31.497 0.0000000000
103459  -36.141  38.232  29.860 0.0000000000
102284  -34.813  37.300  28.068 0.0000000000
133731  -35.442  41.347  22.659 0.0000000000
104073  -33.174  39.571  25.634 0.0000000000
101706  -33.903  35.617  26.388 0.0000000000
102824  -44.604  37.598  33.350 0.0000000000
103450  -44.445  38.471  31.889 0.0000000000
103448  -43.164  38.699  31.474 0.0000000000
111454  -37.421  52.552  21.785 0.0000000000
110984  -38.216  51.332  20.605 0.0000000000
110983  -36.996  51.316  20.502 0.0000000000
109560  -36.208  49.121  18.675 0.0000000000
105308  -34.596  42.096  30.402 0.0000000000
111420  -29.253  52.916  24.170 0.0000000000
105999  -42.601  43.956  22.631 0.0000000000
107220  -42.162  44.963  24.151 0.0000000000
106619  -42.480  44.280  24.729 0.0000000000
106602  -41.749  44.439  26.680 0.0000000000
126360  -40.534  42.637  25.055 0.0000000000
105978  -38.741  42.188  25.740 0.0000000000
105989  -39.113  42.025  24.400 0.0000000000
111426  -35.844  53.580  25.088 0.0000000000
110963  -36.461  51.298  23.655 0.0000000000
110964  -37.689  51.592  24.030 0.0000000000
109570  -40.976  48.592  18.703 0.0000000000
132699  -40.850  48.551  19.715 0.0000000000
108471  -41.262  46.473  18.303 0.0000000000
107265  -41.547  44.803  19.274 0.0000000000
107282  -41.404  44.136  17.868 0.0000000000
106033  -40.037  42.201  17.926 0.0000000000
107280  -38.937  43.959  18.080 0.0000000000
106661  -35.835  43.308  19.572 0.0000000000
125940  -42.100  33.385  33.707 0.0000000000
99816  -43.205  33.073  34.625 0.0000000000
129929  -42.651  34.282  34.284 0.0000000000
128313  -44.459  35.343  35.177 0.0000000000
139831  -42.329  35.705  34.395 0.0000000000
114549  -23.150  58.265  19.411 0.0000000000
113502  -23.458  55.944  21.151 0.0000000000
112998  -25.029  55.764  20.714 0.0000000000
112969  -26.293  55.611  22.364 0.0000000000
113516  -26.473  56.617  20.422 0.0000000000
115521  -30.223  60.517  21.650 0.0000000000
114016  -29.126  58.096  21.875 0.0000000000
114002  -30.658  58.903  23.175 0.0000000000
113463  -32.264  57.615  25.045 0.0000000000
114004  -32.115  59.488  23.922 0.0000000000
114050  -32.898  57.447  19.938 0.0000000000
114006  -34.506  57.240  22.742 0.0000000000
114038  -36.122  58.079  21.140 0.0000000000
113506  -37.487  56.894  21.783 0.0000000000
133333  -36.616  58.364  20.436 0.0000000000
113518  -37.174  57.720  20.484 0.0000000000
126208  -36.355  58.761  18.998 0.0000000000
101643  -33.290  35.572  33.256 0.0000000000
100443  -34.181  33.400  32.689 0.0000000000
101049  -35.241  34.532  32.662 0.0000000000
101051  -37.109  34.351  32.477 0.0000000000
101646  -36.438  36.131  33.118 0.0000000000
103986  -36.550  40.547  34.947 0.0000000000
103398  -37.358  39.030  34.704 0.0000000000
103977  -39.017  40.775  35.649 0.0000000000
103388  -41.153  39.573  35.504 0.0000000000
142438  -39.756  41.659  35.617 0.0000000000
108957  -31.034  49.329  28.232 0.0000000000
108381  -31.672  48.356  28.797 0.0000000000
108943  -33.024  49.362  28.550 0.0000000000
109007  -36.076  47.785  22.763 0.0000000000
108997  -34.531  46.977  23.544 0.0000000000
108421  -36.141  45.891  23.417 0.0000000000
108405  -39.858  47.364  27.431 0.0000000000
107799  -37.911  47.188  27.188 0.0000000000
108946  -38.539  48.777  28.775 0.0000000000
107793  -36.385  47.674  29.190 0.0000000000
127940  -37.519  46.526  29.575 0.0000000000
107174  -37.534  44.704  30.471 0.0000000000
107772  -39.358  45.974  30.354 0.0000000000
105953  -40.206  43.774  30.648 0.0000000000
106565  -40.363  44.916  32.556 0.0000000000
105936  -39.647  42.982  31.954 0.0000000000
104627  -39.516  41.489  33.810 0.0000000000
105293  -38.582  41.310  32.375 0.0000000000
104010  -38.824  39.746  32.610 0.0000000000
104646  -37.595  40.432  31.193 0.0000000000
104676  -36.245  40.777  27.866 0.0000000000
104667  -36.521  40.495  29.068 0.0000000000
104046  -35.378  39.213  28.766 0.0000000000
140886  -35.689  37.435  28.999 0.0000000000
103465  -34.721  38.825  28.253 0.0000000000
139824  -37.032  40.282  19.035 0.0000000000
105394  -36.515  41.292  21.337 0.0000000000
105403  -35.518  40.390  20.179 0.0000000000
103499  -32.384  38.201  23.241 0.0000000000
104719  -32.661  39.756  23.301 0.0000000000
103489  -32.473  38.510  25.267 0.0000000000
102894  -33.034  37.722  26.439 0.0000000000
102321  -32.859  36.896  25.905 0.0000000000
101724  -33.485  35.092  25.820 0.0000000000
101043  -45.220  34.689  34.552 0.0000000000
102859  -41.159  37.152  29.896 0.0000000000
111950  -39.247  53.729  24.132 0.0000000000
110965  -40.012  52.092  23.889 0.0000000000
111456  -39.905  52.194  22.242 0.0000000000
110062  -39.979  49.878  18.984 0.0000000000
109049  -39.749  47.950  17.986 0.0000000000
107869  -37.984  45.544  18.572 0.0000000000
108476  -37.476  47.186  18.573 0.0000000000
145611  -42.325  29.980  34.722 0.0000000000
98456  -41.187  30.355  33.707 0.0000000000
100450  -41.011  32.938  32.909 0.0000000000
115059  -23.869  60.427  18.899 0.0000000000
114542  -31.500  59.188  22.121 0.0000000000
114065  -32.328  57.621  17.843 0.0000000000
143520  -33.225  57.961  17.143 0.0000000000
103414  -35.213  38.228  34.165 0.0000000000
104626  -35.337  41.032  34.240 0.0000000000
105292  -36.277  42.199  33.598 0.0000000000
108409  -32.100  46.937  24.565 0.0000000000
107240  -38.464  44.870  22.216 0.0000000000
107228  -37.360  44.916  23.575 0.0000000000
125646  -39.566  44.504  23.556 0.0000000000
107811  -40.860  45.905  25.835 0.0000000000
108397  -41.103  46.682  27.278 0.0000000000
137820  -40.157  46.760  29.436 0.0000000000
107199  -41.409  45.406  28.056 0.0000000000
144677  -40.384  43.826  28.792 0.0000000000
105964  -39.524  43.054  28.886 0.0000000000
105329  -38.020  41.765  29.331 0.0000000000
105966  -38.058  42.037  27.914 0.0000000000
105336  -37.198  41.552  26.778 0.0000000000
144876  -36.588  41.367  25.912 0.0000000000
104750  -33.790  39.236  20.160 0.0000000000
105961  -32.290  43.015  29.018 0.0000000000
111423  -32.292  53.201  24.244 0.0000000000
110960  -33.069  51.293  23.344 0.0000000000
110962  -34.654  51.201  23.386 0.0000000000
110016  -36.276  49.600  22.834 0.0000000000
109519  -37.735  48.309  22.098 0.0000000000
110020  -40.315  50.591  22.303 0.0000000000
109533  -39.001  48.425  21.398 0.0000000000
107851  -38.557  45.672  21.383 0.0000000000
107255  -40.228  44.590  21.061 0.0000000000
106655  -42.388  43.907  20.662 0.0000000000
106016  -41.604  42.522  21.387 0.0000000000
146269  -39.512  41.787  21.968 0.0000000000
105396  -39.708  41.716  20.001 0.0000000000
105414  -38.323  40.761  17.723 0.0000000000
104772  -36.998  39.938  17.176 0.0000000000
106663  -38.076  43.112  18.295 0.0000000000
105412  -36.181  41.113  17.577 0.0000000000
98442  -43.956  30.648  35.942 0.0000000000
99117  -44.935  32.547  36.258 0.0000000000
100430  -45.428  33.863  35.661 0.0000000000
135262  -44.894  35.332  35.081 0.0000000000
102236  -44.310  36.503  34.766 0.0000000000
102807  -44.041  38.073  34.434 0.0000000000
111932  -23.271  53.712  24.320 0.0000000000
112951  -23.256  55.229  23.637 0.0000000000
111934  -24.903  53.840  24.355 0.0000000000
111935  -26.355  54.140  24.490 0.0000000000
112433  -27.584  54.726  24.531 0.0000000000
135660  -29.467  54.527  24.517 0.0000000000
142006  -26.246  59.563  19.337 0.0000000000
114032  -27.721  57.843  20.480 0.0000000000
113475  -28.694  56.427  24.048 0.0000000000
136308  -30.461  54.488  24.528 0.0000000000
112438  -32.414  55.219  24.890 0.0000000000
112937  -33.947  56.256  25.394 0.0000000000
112419  -35.511  55.353  25.543 0.0000000000
114005  -32.528  58.407  23.393 0.0000000000
113479  -34.741  56.881  24.424 0.0000000000
112940  -36.660  55.541  24.943 0.0000000000
132417  -38.054  55.123  23.811 0.0000000000
112461  -37.557  54.793  22.519 0.0000000000
112470  -35.290  55.108  21.405 0.0000000000
113003  -36.853  56.601  20.131 0.0000000000
114067  -35.510  59.028  17.801 0.0000000000
100448  -38.935  33.715  32.501 0.0000000000
101039  -39.846  34.919  33.019 0.0000000000
102820  -37.513  37.202  33.717 0.0000000000
130864  -39.080  36.775  33.784 0.0000000000
102253  -40.561  36.535  34.077 0.0000000000
102804  -41.122  37.959  34.936 0.0000000000
103403  -42.355  39.569  35.235 0.0000000000
103990  -42.600  39.859  34.951 0.0000000000
106592  -33.319  43.906  28.764 0.0000000000
140595  -33.119  48.911  23.292 0.0000000000
108992  -33.182  46.738  24.232 0.0000000000
107805  -33.735  46.303  25.701 0.0000000000
145553  -36.576  45.220  25.139 0.0000000000
107798  -35.845  46.278  26.357 0.0000000000
108976  -34.530  48.637  27.464 0.0000000000
139096  -34.765  49.313  28.641 0.0000000000
128321  -34.813  46.908  28.718 0.0000000000
106579  -34.619  43.336  29.440 0.0000000000
106570  -35.938  43.183  30.370 0.0000000000
105928  -36.629  42.881  32.109 0.0000000000
105922  -37.981  43.884  33.907 0.0000000000
107176  -39.884  45.413  31.382 0.0000000000
106557  -39.705  44.931  33.678 0.0000000000
106545  -39.212  43.853  35.014 0.0000000000
105278  -39.794  42.610  35.205 0.0000000000
104629  -41.343  40.652  34.790 0.0000000000
104013  -42.120  39.665  33.477 0.0000000000
103431  -41.284  38.942  32.542 0.0000000000
103445  -39.537  38.276  31.908 0.0000000000
102847  -38.525  37.374  30.825 0.0000000000
104659  -37.246  40.497  30.412 0.0000000000
102835  -37.438  38.230  30.981 0.0000000000
102266  -37.885  37.040  30.237 0.0000000000
102286  -37.263  36.439  28.840 0.0000000000
102304  -36.002  36.444  28.092 0.0000000000
105373  -38.485  41.717  23.103 0.0000000000
124165  -36.746  41.495  23.991 0.0000000000
105345  -34.962  40.933  25.033 0.0000000000
104730  -33.428  40.384  22.021 0.0000000000
104712  -34.123  40.696  24.651 0.0000000000
104064  -34.069  39.612  26.810 0.0000000000
103470  -33.560  38.175  27.095 0.0000000000
102302  -34.547  36.711  27.432 0.0000000000
103435  -44.414  38.476  32.845 0.0000000000
102832  -44.681  37.975  32.381 0.0000000000
103434  -44.103  38.960  32.514 0.0000000000
103449  -44.101  38.840  31.593 0.0000000000
103433  -43.505  39.116  32.371 0.0000000000
111960  -36.248  52.743  21.709 0.0000000000
110971  -36.566  51.917  21.175 0.0000000000
105297  -34.104  41.486  30.801 0.0000000000
105322  -33.775  41.872  30.144 0.0000000000
111421  -30.078  52.718  24.034 0.0000000000
111434  -30.260  51.745  23.605 0.0000000000
111435  -31.211  51.654  23.518 0.0000000000
105998  -42.408  43.356  23.044 0.0000000000
106629  -42.468  43.751  23.856 0.0000000000
105991  -41.676  43.099  24.555 0.0000000000
105980  -41.420  43.314  25.416 0.0000000000
105990  -40.351  42.351  24.277 0.0000000000
111945  -36.865  53.851  25.489 0.0000000000
142231  -36.574  53.166  24.904 0.0000000000
111441  -38.233  52.453  24.682 0.0000000000
108478  -40.517  47.148  17.820 0.0000000000
109043  -41.098  48.268  18.807 0.0000000000
133462  -40.849  46.355  17.693 0.0000000000
107879  -41.320  45.131  17.902 0.0000000000
128650  -40.774  44.690  17.610 0.0000000000
134512  -40.035  43.726  17.618 0.0000000000
107281  -39.644  44.785  17.823 0.0000000000
97712  -43.509  28.905  36.220 0.0000000000
101042  -42.564  35.025  34.316 0.0000000000
101651  -41.568  35.253  33.808 0.0000000000
126277  -23.966  57.999  19.300 0.0000000000
114043  -24.050  57.201  19.534 0.0000000000
114044  -24.864  57.681  19.368 0.0000000000
112999  -25.831  56.063  20.620 0.0000000000
114045  -25.878  57.791  19.505 0.0000000000
116004  -32.055  61.460  22.394 0.0000000000
116003  -31.337  61.621  22.031 0.0000000000
115037  -31.365  60.278  22.751 0.0000000000
114017  -30.531  59.033  22.804 0.0000000000
114534  -30.852  59.642  22.746 0.0000000000
114003  -31.581  59.316  23.391 0.0000000000
114535  -31.447  59.765  22.895 0.0000000000
147848  -33.703  57.568  20.563 0.0000000000
114037  -35.204  58.050  20.678 0.0000000000
138920  -36.932  58.111  20.909 0.0000000000
114052  -36.075  58.626  19.779 0.0000000000
122685  -35.463  58.704  19.066 0.0000000000
102246  -32.735  36.327  33.509 0.0000000000
135858  -34.160  35.710  33.197 0.0000000000
101655  -34.710  35.131  32.900 0.0000000000
101644  -34.968  35.892  33.143 0.0000000000
101656  -35.537  35.308  32.834 0.0000000000
104618  -37.510  41.150  35.357 0.0000000000
104608  -38.651  41.579  35.644 0.0000000000
105267  -39.307  42.411  35.558 0.0000000000
108400  -31.577  47.139  26.175 0.0000000000
108973  -31.262  48.417  27.346 0.0000000000
109454  -32.566  49.551  28.261 0.0000000000
108959  -32.997  49.242  27.747 0.0000000000
108434  -36.667  46.232  22.777 0.0000000000
108433  -36.012  46.774  22.987 0.0000000000
107837  -36.861  45.438  23.188 0.0000000000
134965  -39.347  48.277  28.293 0.0000000000
108395  -38.379  48.618  28.203 0.0000000000
108387  -38.325  48.870  29.064 0.0000000000
108370  -39.028  48.188  29.341 0.0000000000
107779  -38.652  46.889  29.725 0.0000000000
107780  -39.620  46.759  29.721 0.0000000000
105952  -39.398  42.805  30.909 0.0000000000
105301  -38.896  42.066  32.135 0.0000000000
105300  -38.165  41.181  31.578 0.0000000000
104675  -35.557  40.371  27.543 0.0000000000
104670  -35.853  40.115  28.453 0.0000000000
104053  -35.063  39.614  28.011 0.0000000000
104674  -34.802  39.962  27.189 0.0000000000
104753  -36.393  39.839  18.905 0.0000000000
122642  -36.346  40.777  20.251 0.0000000000
104752  -35.674  39.480  18.952 0.0000000000
102913  -32.414  37.447  23.730 0.0000000000
103495  -32.358  38.373  24.269 0.0000000000
102907  -32.425  37.599  24.716 0.0000000000
102893  -32.593  37.671  25.622 0.0000000000
102333  -32.598  36.820  25.076 0.0000000000
131509  -32.849  36.191  25.376 0.0000000000
101733  -32.562  35.917  24.663 0.0000000000
101055  -44.847  35.086  33.671 0.0000000000
102860  -42.394  37.694  29.660 0.0000000000
141106  -41.783  37.710  30.489 0.0000000000
131333  -39.179  53.599  23.221 0.0000000000
111956  -39.759  53.073  23.590 0.0000000000
111447  -39.531  52.880  22.772 0.0000000000
110511  -38.763  50.846  20.005 0.0000000000
110985  -39.514  51.290  20.771 0.0000000000
110061  -38.708  49.898  18.902 0.0000000000
110072  -39.294  49.343  18.538 0.0000000000
109568  -38.770  48.710  18.310 0.0000000000
109048  -38.197  47.990  18.290 0.0000000000
109567  -37.610  48.728  18.466 0.0000000000
109047  -36.177  48.372  18.743 0.0000000000
97722  -40.962  29.455  34.178 0.0000000000
99840  -40.062  32.480  32.596 0.0000000000
115541  -22.601  60.498  18.317 0.0000000000
114057  -31.399  57.472  18.661 0.0000000000
114075  -32.233  57.682  16.805 0.0000000000
114074  -31.141  57.539  16.703 0.0000000000
105291  -35.064  41.401  32.350 0.0000000000
104635  -35.069  41.197  33.556 0.0000000000
147069  -35.587  41.690  33.236 0.0000000000
105284  -35.756  41.608  34.009 0.0000000000
105299  -36.014  42.152  32.603 0.0000000000
110952  -27.142  51.966  24.021 0.0000000000
108991  -31.585  47.333  24.304 0.0000000000
107241  -39.769  44.522  21.966 0.0000000000
122922  -38.926  44.523  22.838 0.0000000000
107230  -40.264  44.450  22.829 0.0000000000
107211  -42.298  45.237  25.148 0.0000000000
107210  -41.560  45.453  25.051 0.0000000000
107812  -41.828  45.742  25.820 0.0000000000
134652  -41.201  46.311  26.565 0.0000000000
107802  -41.757  45.847  26.546 0.0000000000
135392  -41.430  46.143  27.535 0.0000000000
107202  -41.862  45.337  26.900 0.0000000000
105971  -40.603  43.559  27.241 0.0000000000
106598  -40.634  43.924  28.040 0.0000000000
105968  -39.853  43.274  27.967 0.0000000000
105963  -38.476  42.276  28.653 0.0000000000
105967  -38.870  42.574  27.756 0.0000000000
124785  -38.036  41.983  26.321 0.0000000000
105977  -37.963  41.878  25.652 0.0000000000
126412  -37.368  41.634  25.288 0.0000000000
111424  -33.336  53.277  24.357 0.0000000000
111437  -33.609  52.258  23.770 0.0000000000
111438  -34.622  52.240  23.860 0.0000000000
110486  -37.191  50.870  23.522 0.0000000000
137350  -36.318  50.435  23.191 0.0000000000
110490  -37.368  50.180  23.059 0.0000000000
110017  -37.043  49.284  22.651 0.0000000000
143369  -37.623  48.969  22.403 0.0000000000
110497  -40.525  51.138  22.150 0.0000000000
110488  -39.965  51.570  23.544 0.0000000000
110031  -40.463  50.172  21.595 0.0000000000
109032  -40.413  47.746  19.906 0.0000000000
109546  -40.205  48.528  20.485 0.0000000000
109021  -39.363  47.576  20.692 0.0000000000
109020  -38.534  47.342  21.287 0.0000000000
107860  -39.671  45.894  20.290 0.0000000000
107254  -39.326  44.947  21.166 0.0000000000
106664  -42.118  43.717  19.080 0.0000000000
126323  -42.130  44.156  20.065 0.0000000000
106026  -42.228  43.475  19.964 0.0000000000
106017  -42.320  43.416  21.023 0.0000000000
106025  -41.746  42.713  20.178 0.0000000000
106024  -40.815  42.079  20.337 0.0000000000
139322  -40.930  42.238  19.364 0.0000000000
106040  -39.251  41.905  17.661 0.0000000000
105415  -39.156  41.524  17.822 0.0000000000
105424  -38.324  41.157  17.470 0.0000000000
104764  -37.455  40.276  17.422 0.0000000000
108470  -37.255  46.217  18.863 0.0000000000
107273  -37.920  44.546  18.678 0.0000000000
107272  -37.040  44.232  19.256 0.0000000000
106023  -35.450  42.751  19.440 0.0000000000
106031  -36.322  42.192  18.508 0.0000000000
98440  -42.177  30.551  34.283 0.0000000000
129412  -42.908  30.219  35.107 0.0000000000
98441  -43.073  31.129  34.873 0.0000000000
99817  -44.164  32.842  35.548 0.0000000000
99811  -44.955  33.286  36.054 0.0000000000
99812  -45.605  32.975  36.118 0.0000000000
101032  -45.243  34.640  35.115 0.0000000000
101031  -44.921  34.691  35.442 0.0000000000
134959  -43.612  36.518  34.960 0.0000000000
101634  -44.314  36.029  35.022 0.0000000000
102235  -43.907  36.824  34.955 0.0000000000
132412  -44.071  37.307  34.697 0.0000000000
102806  -43.505  38.124  34.802 0.0000000000
132971  -21.307  55.065  24.597 0.0000000000
112426  -20.963  54.335  24.866 0.0000000000
112427  -21.705  54.354  24.553 0.0000000000
111413  -22.806  52.853  24.344 0.0000000000
112428  -22.399  54.492  24.361 0.0000000000
114539  -21.140  58.371  20.257 0.0000000000
131065  -22.092  57.440  20.554 0.0000000000
112982  -23.877  55.537  21.741 0.0000000000
112981  -23.148  55.773  21.983 0.0000000000
112952  -24.188  55.225  23.590 0.0000000000
112450  -23.997  54.924  24.131 0.0000000000
112430  -24.524  54.593  24.291 0.0000000000
143406  -25.677  53.994  24.432 0.0000000000
112451  -25.110  55.069  24.209 0.0000000000
131394  -26.802  55.667  23.292 0.0000000000
112931  -26.770  55.208  24.383 0.0000000000
112954  -27.207  55.672  23.994 0.0000000000
112434  -28.560  54.603  24.520 0.0000000000
136061  -28.241  55.239  24.487 0.0000000000
114046  -26.877  57.981  19.747 0.0000000000
114553  -27.788  58.687  20.086 0.0000000000
113491  -29.814  57.834  23.318 0.0000000000
113490  -28.911  57.124  22.910 0.0000000000
147221  -29.333  56.886  24.153 0.0000000000
113460  -29.214  56.349  24.345 0.0000000000
112934  -30.104  56.367  24.569 0.0000000000
112437  -31.382  54.910  24.657 0.0000000000
136375  -31.246  56.946  24.787 0.0000000000
112936  -33.061  56.668  25.223 0.0000000000
113464  -33.814  57.053  25.174 0.0000000000
132086  -34.643  55.599  25.508 0.0000000000
146954  -34.394  56.386  25.320 0.0000000000
114034  -31.083  57.919  20.882 0.0000000000
123139  -31.839  57.944  22.090 0.0000000000
114018  -32.525  57.640  22.205 0.0000000000
114007  -35.585  57.279  22.527 0.0000000000
113993  -34.247  57.300  23.880 0.0000000000
113994  -35.482  56.937  23.312 0.0000000000
113467  -36.073  56.086  24.559 0.0000000000
144197  -36.716  55.966  24.268 0.0000000000
112956  -37.383  55.789  23.879 0.0000000000
113482  -37.457  56.302  22.979 0.0000000000
112973  -37.644  55.845  22.338 0.0000000000
112972  -37.137  55.403  21.956 0.0000000000
111954  -36.653  53.704  22.233 0.0000000000
112987  -36.676  55.652  21.374 0.0000000000
114053  -36.880  58.423  19.663 0.0000000000
113528  -36.956  57.345  19.356 0.0000000000
113017  -36.026  56.138  19.582 0.0000000000
114066  -34.487  58.599  17.337 0.0000000000
99836  -36.868  32.925  32.396 0.0000000000
101658  -37.781  34.965  32.624 0.0000000000
140284  -37.807  34.141  32.469 0.0000000000
101052  -38.490  34.305  32.548 0.0000000000
101053  -39.301  34.333  32.662 0.0000000000
101659  -38.865  35.156  32.832 0.0000000000
102819  -36.544  37.345  33.712 0.0000000000
147593  -36.484  38.737  34.449 0.0000000000
102802  -38.800  38.163  34.543 0.0000000000
102821  -38.459  37.366  34.002 0.0000000000
102822  -39.305  37.520  34.325 0.0000000000
124044  -39.736  36.240  33.644 0.0000000000
102252  -39.864  36.966  34.146 0.0000000000
102233  -41.338  37.133  34.602 0.0000000000
102803  -40.167  37.754  34.654 0.0000000000
103979  -40.957  40.403  35.495 0.0000000000
103389  -41.738  39.918  35.421 0.0000000000
103989  -42.076  40.170  35.133 0.0000000000
108382  -32.551  48.331  28.690 0.0000000000
107196  -33.045  44.652  28.577 0.0000000000
110485  -33.854  50.567  23.196 0.0000000000
110484  -33.053  50.342  23.211 0.0000000000
110009  -33.933  48.877  23.196 0.0000000000
108420  -34.575  46.371  23.907 0.0000000000
130575  -33.895  47.412  23.566 0.0000000000
108412  -34.316  46.097  24.414 0.0000000000
108411  -33.548  46.291  24.754 0.0000000000
107816  -34.251  45.897  25.106 0.0000000000
107217  -37.818  44.782  24.358 0.0000000000
107216  -36.871  44.997  24.383 0.0000000000
107207  -37.378  45.108  25.232 0.0000000000
108394  -37.465  48.641  27.922 0.0000000000
108404  -36.687  47.380  27.165 0.0000000000
108403  -35.724  47.632  27.132 0.0000000000
125759  -34.987  47.787  27.026 0.0000000000
108392  -35.371  48.931  27.707 0.0000000000
108961  -34.809  49.479  28.076 0.0000000000
108944  -35.498  49.312  28.693 0.0000000000
107778  -36.504  46.267  29.256 0.0000000000
107792  -35.627  46.358  28.929 0.0000000000
107198  -34.777  45.211  28.752 0.0000000000
107182  -35.102  44.227  29.186 0.0000000000
106580  -35.498  43.586  29.720 0.0000000000
141065  -35.879  44.348  29.509 0.0000000000
106571  -36.933  43.769  30.825 0.0000000000
106562  -37.382  43.745  31.800 0.0000000000
105929  -37.697  43.795  32.814 0.0000000000
106563  -38.892  44.873  32.762 0.0000000000
107186  -40.611  45.397  30.026 0.0000000000
107781  -40.236  45.990  30.032 0.0000000000
107177  -40.280  45.275  31.048 0.0000000000
105931  -40.285  44.253  32.788 0.0000000000
106558  -40.100  44.893  33.372 0.0000000000
106551  -39.867  44.580  34.051 0.0000000000
106550  -39.201  44.445  34.383 0.0000000000
106546  -39.641  44.101  34.577 0.0000000000
105911  -39.691  43.529  35.009 0.0000000000
132332  -39.844  43.238  34.869 0.0000000000
104628  -40.395  41.201  34.586 0.0000000000
103999  -40.616  40.321  33.873 0.0000000000
125436  -41.564  40.171  34.056 0.0000000000
104012  -40.867  39.543  33.232 0.0000000000
104011  -39.732  39.599  32.997 0.0000000000
104028  -38.303  39.182  32.028 0.0000000000
103429  -39.079  38.966  32.348 0.0000000000
103444  -38.599  38.457  31.765 0.0000000000
102837  -39.021  37.759  31.396 0.0000000000
102836  -38.147  37.986  31.282 0.0000000000
105324  -37.533  41.190  29.934 0.0000000000
141224  -36.985  40.662  29.717 0.0000000000
104042  -36.236  39.000  30.033 0.0000000000
104036  -36.735  39.182  30.543 0.0000000000
103452  -36.743  38.424  30.488 0.0000000000
102846  -37.209  37.687  30.474 0.0000000000
102845  -36.617  37.772  30.108 0.0000000000
102275  -37.534  36.669  29.446 0.0000000000
102857  -36.253  37.457  29.499 0.0000000000
102867  -35.189  37.719  28.699 0.0000000000
102285  -36.137  36.885  28.818 0.0000000000
101695  -36.707  36.002  27.591 0.0000000000
102303  -35.272  36.556  27.761 0.0000000000
106014  -38.938  41.657  21.167 0.0000000000
105384  -38.680  41.674  22.225 0.0000000000
122410  -38.136  41.546  21.651 0.0000000000
105382  -36.093  41.401  22.226 0.0000000000
105371  -36.292  41.443  23.218 0.0000000000
105370  -35.482  41.323  23.635 0.0000000000
105359  -35.598  41.234  24.504 0.0000000000
105358  -34.807  41.078  24.121 0.0000000000
104741  -33.270  39.552  21.224 0.0000000000
104081  -32.893  39.724  24.895 0.0000000000
104711  -33.202  40.280  24.157 0.0000000000
104698  -33.562  40.165  25.178 0.0000000000
104699  -34.354  40.500  25.545 0.0000000000
104683  -33.835  39.933  26.011 0.0000000000
104051  -33.694  38.938  27.093 0.0000000000
103479  -33.170  38.590  26.528 0.0000000000
102322  -33.358  36.881  26.503 0.0000000000
102301  -33.897  36.830  27.017 0.0000000000
102323  -34.293  36.121  26.886 0.0000000000
101693  -35.001  35.988  27.182 0.0000000000
102258  -44.698  36.724  33.537 0.0000000000
128889  -44.721  37.174  32.541 0.0000000000
102841  -44.579  38.317  30.852 0.0000000000
111455  -38.710  52.467  21.946 0.0000000000
110972  -37.760  51.897  21.249 0.0000000000
110510  -37.498  50.809  19.871 0.0000000000
109566  -37.070  49.297  18.652 0.0000000000
110531  -36.910  50.286  19.299 0.0000000000
105298  -34.291  41.175  31.583 0.0000000000
105309  -34.913  41.714  31.197 0.0000000000
111432  -28.627  52.343  23.970 0.0000000000
142440  -29.532  51.376  23.574 0.0000000000
110483  -31.756  49.957  23.300 0.0000000000
107243  -42.258  44.186  22.266 0.0000000000
107231  -41.784  44.520  23.115 0.0000000000
107232  -42.434  44.278  23.337 0.0000000000
106620  -42.468  44.882  24.652 0.0000000000
106609  -42.501  45.013  25.304 0.0000000000
106603  -42.327  45.098  26.082 0.0000000000
106608  -42.186  44.379  25.735 0.0000000000
106607  -41.015  43.449  26.304 0.0000000000
141349  -39.969  42.937  26.656 0.0000000000
105970  -38.973  42.475  26.659 0.0000000000
105979  -39.954  42.680  25.846 0.0000000000
122538  -39.438  42.270  25.049 0.0000000000
111425  -34.927  53.246  24.592 0.0000000000
111439  -35.705  52.722  24.403 0.0000000000
110487  -38.261  50.957  23.637 0.0000000000
110046  -40.901  49.844  19.989 0.0000000000
109547  -40.881  49.312  20.042 0.0000000000
109034  -41.112  48.767  19.272 0.0000000000
109033  -41.100  48.011  19.183 0.0000000000
108461  -40.841  46.905  19.274 0.0000000000
107861  -41.081  45.767  19.188 0.0000000000
107870  -41.397  45.482  18.295 0.0000000000
107274  -41.659  44.583  18.409 0.0000000000
106671  -41.565  43.493  18.263 0.0000000000
106041  -40.892  42.822  18.029 0.0000000000
106670  -40.214  42.894  17.734 0.0000000000
106669  -39.300  42.710  17.684 0.0000000000
107271  -36.089  44.145  19.726 0.0000000000
97713  -44.312  29.660  36.428 0.0000000000
99828  -42.343  32.372  33.881 0.0000000000
99123  -43.165  32.112  34.689 0.0000000000
100428  -43.227  33.871  34.648 0.0000000000
101030  -43.789  34.760  35.073 0.0000000000
101633  -43.474  35.742  34.880 0.0000000000
101632  -42.724  36.454  34.728 0.0000000000
112949  -21.636  55.770  23.985 0.0000000000
114548  -22.263  58.482  19.568 0.0000000000
114029  -22.722  57.041  20.391 0.0000000000
114030  -23.384  56.917  19.962 0.0000000000
113524  -24.049  56.614  19.869 0.0000000000
112983  -24.732  55.503  21.565 0.0000000000
112968  -25.334  55.429  22.463 0.0000000000
112984  -25.664  55.639  21.438 0.0000000000
113503  -26.678  56.055  21.295 0.0000000000
115532  -29.544  61.378  20.714 0.0000000000
114540  -28.640  58.731  20.869 0.0000000000
114541  -29.574  58.858  21.848 0.0000000000
114001  -29.593  58.018  22.648 0.0000000000
113477  -30.809  58.205  24.279 0.0000000000
113461  -30.894  57.580  24.621 0.0000000000
113980  -31.662  58.610  24.573 0.0000000000
113991  -32.249  59.152  24.371 0.0000000000
140266  -32.501  58.770  24.656 0.0000000000
114049  -31.564  57.436  19.762 0.0000000000
114036  -32.567  57.376  21.145 0.0000000000
122920  -33.606  57.389  21.426 0.0000000000
114019  -34.765  57.502  21.671 0.0000000000
114008  -36.458  57.266  22.350 0.0000000000
113493  -37.131  56.827  22.434 0.0000000000
114021  -36.557  57.766  21.516 0.0000000000
114039  -37.194  57.760  21.054 0.0000000000
113519  -37.375  57.218  21.219 0.0000000000
113004  -37.261  56.674  20.889 0.0000000000
102245  -31.859  36.168  33.555 0.0000000000
101642  -32.442  35.445  33.349 0.0000000000
101038  -32.914  34.661  33.116 0.0000000000
101047  -33.582  34.083  32.850 0.0000000000
100445  -36.531  33.721  32.431 0.0000000000
101050  -36.191  34.627  32.578 0.0000000000
126524  -36.914  35.061  32.633 0.0000000000
102257  -37.142  35.800  32.934 0.0000000000
103397  -36.449  39.595  34.751 0.0000000000
133460  -37.300  40.169  35.150 0.0000000000
126874  -38.187  39.899  35.272 0.0000000000
103400  -39.233  38.938  35.059 0.0000000000
103387  -40.177  39.522  35.450 0.0000000000
103988  -39.177  39.798  35.400 0.0000000000
103978  -40.044  40.687  35.634 0.0000000000
104609  -40.364  41.123  35.493 0.0000000000
108941  -31.227  49.228  28.818 0.0000000000
108942  -32.102  49.283  28.582 0.0000000000
108383  -33.444  48.322  28.694 0.0000000000
109511  -35.362  48.255  22.946 0.0000000000
109510  -34.458  47.967  23.253 0.0000000000
108998  -35.271  47.315  23.172 0.0000000000
140476  -35.288  46.358  23.587 0.0000000000
107827  -35.679  45.653  23.975 0.0000000000
107800  -39.044  46.598  26.829 0.0000000000
107809  -38.089  45.685  26.130 0.0000000000
142016  -38.969  47.773  27.616 0.0000000000
141806  -37.538  49.015  28.707 0.0000000000
108945  -36.380  49.398  28.776 0.0000000000
108386  -37.187  48.908  29.133 0.0000000000
142139  -37.151  47.545  29.340 0.0000000000
107184  -36.783  45.133  29.654 0.0000000000
107185  -38.156  45.740  30.078 0.0000000000
107175  -38.949  45.382  31.065 0.0000000000
106573  -40.520  44.791  31.637 0.0000000000
105937  -40.367  44.043  31.811 0.0000000000
105930  -39.798  43.205  32.871 0.0000000000
105286  -39.756  42.658  33.972 0.0000000000
105294  -39.285  42.277  32.975 0.0000000000
144042  -39.074  41.608  33.125 0.0000000000
104637  -38.714  40.642  32.768 0.0000000000
104009  -38.236  39.867  32.200 0.0000000000
104027  -37.697  39.583  31.573 0.0000000000
105327  -36.849  41.120  28.311 0.0000000000
104671  -36.360  40.647  28.422 0.0000000000
104047  -36.024  39.580  29.324 0.0000000000
104041  -35.716  38.713  29.411 0.0000000000
103458  -35.603  37.974  29.310 0.0000000000
103466  -35.181  38.412  28.822 0.0000000000
134927  -34.610  38.072  28.269 0.0000000000
105404  -37.288  41.052  20.074 0.0000000000
105395  -37.398  41.428  21.466 0.0000000000
105393  -35.545  41.145  21.442 0.0000000000
105381  -34.687  41.131  22.163 0.0000000000
104095  -32.499  38.834  22.560 0.0000000000
104729  -32.832  39.689  22.240 0.0000000000
104088  -32.393  39.057  23.726 0.0000000000
104080  -32.475  39.138  24.655 0.0000000000
144982  -32.683  39.221  25.310 0.0000000000
103478  -32.725  38.319  26.006 0.0000000000
102334  -33.266  36.050  25.989 0.0000000000
101723  -32.825  35.382  25.239 0.0000000000
100438  -45.551  33.860  34.902 0.0000000000
111947  -38.940  53.396  24.851 0.0000000000
111429  -39.159  52.723  24.722 0.0000000000
111430  -39.647  53.014  24.360 0.0000000000
110969  -40.303  51.652  22.438 0.0000000000
110975  -40.516  51.122  21.601 0.0000000000
110973  -39.079  51.823  21.397 0.0000000000
110986  -40.349  51.107  20.993 0.0000000000
110534  -40.534  50.221  19.770 0.0000000000
110073  -40.462  49.149  18.648 0.0000000000
109569  -40.451  48.437  18.310 0.0000000000
136264  -39.767  47.255  17.820 0.0000000000
107876  -39.105  45.682  18.051 0.0000000000
134024  -38.855  47.248  18.081 0.0000000000
147054  -36.775  48.751  18.574 0.0000000000
109041  -36.371  47.527  18.890 0.0000000000
97724  -42.569  29.383  35.307 0.0000000000
96991  -41.691  28.952  34.904 0.0000000000
97723  -41.785  29.780  34.461 0.0000000000
97738  -40.270  29.936  33.589 0.0000000000
99133  -41.013  31.242  33.231 0.0000000000
99134  -41.659  31.778  33.450 0.0000000000
99827  -41.594  32.508  33.327 0.0000000000
100437  -40.995  33.810  33.094 0.0000000000
115045  -21.824  59.244  19.247 0.0000000000
115046  -22.810  59.277  19.180 0.0000000000
136917  -23.519  59.734  19.044 0.0000000000
115047  -24.232  59.684  19.094 0.0000000000
115051  -31.976  60.337  22.502 0.0000000000
114048  -30.748  57.698  19.593 0.0000000000
124711  -32.564  57.563  18.827 0.0000000000
114058  -33.947  57.966  18.987 0.0000000000
125294  -33.518  57.977  18.063 0.0000000000
104625  -34.593  40.646  33.982 0.0000000000
103985  -35.648  40.028  34.690 0.0000000000
104616  -35.885  40.789  34.634 0.0000000000
105275  -36.191  41.442  34.531 0.0000000000
105276  -36.982  41.953  34.891 0.0000000000
142709  -31.330  46.999  25.106 0.0000000000
137841  -32.444  46.968  26.248 0.0000000000
107838  -37.560  45.117  22.811 0.0000000000
107239  -38.052  44.740  23.002 0.0000000000
107218  -39.023  44.663  24.352 0.0000000000
107219  -40.585  44.890  24.274 0.0000000000
107209  -39.972  45.244  25.076 0.0000000000
107810  -39.386  45.689  25.960 0.0000000000
107801  -40.228  46.485  26.627 0.0000000000
108396  -40.339  47.472  27.795 0.0000000000
108389  -39.922  47.851  28.509 0.0000000000
108371  -39.733  47.762  29.127 0.0000000000
108372  -40.434  47.065  28.858 0.0000000000
107794  -41.048  46.220  28.513 0.0000000000
107187  -40.973  45.379  29.060 0.0000000000
106599  -41.363  44.575  27.625 0.0000000000
106595  -40.994  44.601  28.558 0.0000000000
106582  -40.749  44.644  29.532 0.0000000000
106594  -40.320  43.871  29.729 0.0000000000
144975  -39.764  43.309  29.739 0.0000000000
124942  -39.080  42.636  29.741 0.0000000000
105325  -38.363  41.857  30.270 0.0000000000
105328  -37.653  41.648  28.481 0.0000000000
135213  -38.063  42.044  27.163 0.0000000000
105332  -37.418  41.598  27.679 0.0000000000
105331  -36.757  41.242  27.514 0.0000000000
104686  -36.184  41.025  26.932 0.0000000000
105335  -35.797  40.983  26.166 0.0000000000
104761  -35.243  38.784  18.203 0.0000000000
104115  -34.330  38.612  18.805 0.0000000000
104114  -33.456  38.228  19.259 0.0000000000
104104  -33.266  38.568  20.373 0.0000000000
140653  -32.516  37.761  22.221 0.0000000000
102917  -32.461  37.167  22.729 0.0000000000
124309  -32.396  36.625  23.175 0.0000000000
138975  -31.492  53.114  24.178 0.0000000000
135442  -31.777  52.397  23.767 0.0000000000
111436  -32.685  52.325  23.749 0.0000000000
110961  -33.936  51.493  23.444 0.0000000000
138700  -34.676  50.403  23.143 0.0000000000
137452  -35.579  51.770  23.753 0.0000000000
129063  -35.460  50.817  23.306 0.0000000000
135487  -35.300  49.841  22.969 0.0000000000
109517  -36.185  48.719  22.697 0.0000000000
109008  -36.890  47.385  22.418 0.0000000000
108435  -37.335  46.514  22.218 0.0000000000
143561  -39.183  51.829  24.190 0.0000000000
147302  -39.261  51.105  23.583 0.0000000000
110019  -39.312  50.039  22.586 0.0000000000
109534  -40.325  49.464  21.074 0.0000000000
110030  -39.817  49.677  21.920 0.0000000000
109520  -38.612  49.156  22.175 0.0000000000
109009  -37.850  47.457  21.818 0.0000000000
108449  -38.053  46.537  21.619 0.0000000000
124431  -41.194  44.376  21.492 0.0000000000
107256  -41.263  44.451  20.475 0.0000000000
107257  -42.204  44.111  21.120 0.0000000000
106648  -42.511  43.924  21.660 0.0000000000
106007  -42.396  43.434  22.064 0.0000000000
106006  -41.810  42.679  22.405 0.0000000000
127137  -40.839  42.339  23.198 0.0000000000
106005  -40.574  42.088  22.202 0.0000000000
106015  -40.154  41.900  21.237 0.0000000000
105406  -38.785  41.454  20.001 0.0000000000
106034  -40.042  41.838  18.693 0.0000000000
123851  -39.096  41.363  18.731 0.0000000000
105405  -38.268  41.031  19.165 0.0000000000
105413  -37.696  40.356  18.318 0.0000000000
104763  -37.012  39.737  17.695 0.0000000000
133688  -36.542  39.591  17.180 0.0000000000
136894  -38.660  44.929  18.317 0.0000000000
106662  -36.835  43.125  19.007 0.0000000000
106032  -37.542  41.880  17.718 0.0000000000
97725  -43.465  29.728  35.848 0.0000000000
99124  -44.042  31.815  35.651 0.0000000000
98433  -44.914  31.539  36.456 0.0000000000
99818  -45.815  33.052  35.545 0.0000000000
101652  -44.937  35.400  34.528 0.0000000000
101635  -44.644  35.931  34.660 0.0000000000
128826  -44.769  36.144  34.127 0.0000000000
147342  -44.355  37.627  34.156 0.0000000000
102823  -44.289  38.340  33.789 0.0000000000
143275  -44.043  38.993  33.429 0.0000000000
113474  -22.227  55.996  23.102 0.0000000000
113501  -22.841  56.294  21.471 0.0000000000
112965  -22.793  55.646  22.857 0.0000000000
112449  -22.943  54.868  24.118 0.0000000000
112429  -23.669  54.511  24.250 0.0000000000
111933  -24.099  53.788  24.289 0.0000000000
128589  -24.764  52.136  24.138 0.0000000000
111416  -25.406  52.840  24.227 0.0000000000
137673  -26.304  53.284  24.338 0.0000000000
111417  -26.937  52.784  24.246 0.0000000000
112452  -26.040  55.220  24.292 0.0000000000
112432  -26.728  54.633  24.524 0.0000000000
111418  -27.787  52.770  24.210 0.0000000000
111419  -28.556  53.097  24.267 0.0000000000
111938  -28.970  53.745  24.410 0.0000000000
111939  -29.839  53.619  24.368 0.0000000000
114551  -25.501  58.613  19.277 0.0000000000
114552  -26.318  58.540  19.449 0.0000000000
114031  -26.919  57.270  20.172 0.0000000000
113504  -27.672  56.593  21.643 0.0000000000
114015  -28.136  57.424  21.245 0.0000000000
113489  -28.072  56.486  22.559 0.0000000000
112955  -27.951  56.023  23.978 0.0000000000
127686  -29.086  55.469  24.511 0.0000000000
111940  -30.795  53.501  24.320 0.0000000000
111941  -31.743  54.008  24.541 0.0000000000
111942  -32.827  54.210  24.728 0.0000000000
139397  -33.665  54.253  24.930 0.0000000000
112439  -33.591  55.316  25.289 0.0000000000
112440  -34.420  54.655  25.359 0.0000000000
112441  -35.317  54.838  25.608 0.0000000000
112420  -36.069  54.818  25.668 0.0000000000
126645  -31.780  59.339  23.105 0.0000000000
139207  -32.081  58.801  23.026 0.0000000000
135330  -33.015  58.272  24.641 0.0000000000
122921  -33.413  57.388  22.540 0.0000000000
125670  -33.230  57.893  23.756 0.0000000000
113478  -33.738  57.447  24.808 0.0000000000
113466  -35.218  56.389  24.931 0.0000000000
112939  -35.715  55.732  25.289 0.0000000000
112922  -37.009  55.007  25.345 0.0000000000
131876  -38.180  54.666  24.569 0.0000000000
112453  -38.637  54.447  24.014 0.0000000000
111955  -38.788  54.128  23.548 0.0000000000
112957  -37.788  55.788  22.991 0.0000000000
112462  -38.159  54.908  23.187 0.0000000000
124543  -38.133  53.945  22.727 0.0000000000
111445  -37.295  53.190  22.179 0.0000000000
124213  -36.167  55.763  20.803 0.0000000000
134029  -34.842  58.627  18.305 0.0000000000
114059  -35.906  59.010  18.388 0.0000000000
114560  -36.004  59.130  17.849 0.0000000000
99839  -39.191  32.454  32.487 0.0000000000
100446  -37.387  33.589  32.416 0.0000000000
145039  -38.752  33.294  32.459 0.0000000000
127402  -39.309  33.128  32.486 0.0000000000
130520  -39.554  33.738  32.589 0.0000000000
101040  -40.111  34.151  32.799 0.0000000000
137438  -40.777  34.676  33.294 0.0000000000
102249  -36.079  36.707  33.410 0.0000000000
102250  -36.883  36.592  33.352 0.0000000000
138144  -37.573  36.400  33.303 0.0000000000
103416  -36.977  38.054  34.150 0.0000000000
102251  -38.266  36.594  33.508 0.0000000000
101648  -38.927  36.026  33.318 0.0000000000
101650  -40.498  35.620  33.562 0.0000000000
102254  -41.558  36.208  34.256 0.0000000000
137709  -42.184  37.028  34.751 0.0000000000
102805  -42.127  37.916  35.068 0.0000000000
103401  -40.699  38.692  35.256 0.0000000000
103402  -41.789  38.969  35.407 0.0000000000
132452  -42.707  38.620  35.131 0.0000000000
103404  -43.040  39.170  34.944 0.0000000000
103991  -43.194  39.425  34.524 0.0000000000
144897  -43.575  39.353  33.937 0.0000000000
106591  -32.286  43.946  28.662 0.0000000000
105962  -32.867  43.256  28.949 0.0000000000
106578  -33.643  43.093  29.230 0.0000000000
138806  -32.340  50.582  23.266 0.0000000000
110008  -32.476  48.890  23.397 0.0000000000
109509  -33.543  48.127  23.417 0.0000000000
108996  -32.213  47.568  23.901 0.0000000000
146291  -32.664  46.993  24.174 0.0000000000
134248  -32.975  46.518  25.464 0.0000000000
108401  -33.276  46.959  26.405 0.0000000000
107818  -36.115  45.332  24.502 0.0000000000
107808  -35.929  45.509  25.426 0.0000000000
141910  -36.850  45.806  26.174 0.0000000000
107807  -35.044  45.777  25.546 0.0000000000
107797  -35.018  46.610  26.447 0.0000000000
108402  -34.216  47.108  26.616 0.0000000000
108975  -33.645  48.302  27.197 0.0000000000
108960  -34.019  49.422  27.887 0.0000000000
132407  -33.945  49.332  28.566 0.0000000000
108384  -34.360  48.365  28.747 0.0000000000
108385  -36.075  48.951  29.087 0.0000000000
135222  -33.835  46.857  28.596 0.0000000000
137884  -34.126  45.736  28.585 0.0000000000
106593  -34.218  44.032  28.904 0.0000000000
105950  -34.208  42.541  29.772 0.0000000000
105951  -35.072  42.791  30.011 0.0000000000
105934  -35.438  42.426  30.754 0.0000000000
106581  -36.423  44.004  30.005 0.0000000000
105935  -36.323  42.943  31.186 0.0000000000
127071  -36.931  42.901  33.119 0.0000000000
105921  -37.201  42.890  34.121 0.0000000000
105910  -37.543  42.670  34.871 0.0000000000
107773  -39.965  45.810  30.513 0.0000000000
107169  -39.644  45.223  32.160 0.0000000000
107170  -40.219  45.077  32.182 0.0000000000
106564  -40.053  45.114  32.936 0.0000000000
106556  -38.770  44.612  33.655 0.0000000000
105917  -38.286  43.595  34.691 0.0000000000
140448  -38.465  43.195  35.165 0.0000000000
133456  -39.176  43.157  35.356 0.0000000000
105268  -39.708  42.323  35.433 0.0000000000
104619  -40.508  41.344  35.188 0.0000000000
105287  -40.084  42.322  34.863 0.0000000000
104620  -41.543  40.495  35.121 0.0000000000
104000  -42.168  40.159  34.679 0.0000000000
144316  -43.015  39.714  34.085 0.0000000000
104014  -43.031  39.475  33.118 0.0000000000
103432  -42.508  39.080  32.459 0.0000000000
103447  -41.820  38.461  31.783 0.0000000000
103430  -40.121  38.856  32.499 0.0000000000
103446  -40.649  38.254  31.901 0.0000000000
102839  -41.191  37.834  31.235 0.0000000000
102849  -40.634  37.309  30.669 0.0000000000
102848  -39.538  37.194  30.812 0.0000000000
105310  -37.806  41.174  30.774 0.0000000000
134638  -37.143  39.740  30.825 0.0000000000
104658  -36.626  39.898  30.036 0.0000000000
104037  -37.189  38.952  31.058 0.0000000000
102277  -39.454  36.495  29.402 0.0000000000
102276  -38.411  36.519  29.500 0.0000000000
127418  -37.952  36.271  28.762 0.0000000000
129029  -36.709  36.444  28.470 0.0000000000
106004  -39.514  41.855  22.759 0.0000000000
105362  -38.334  41.778  24.000 0.0000000000
123234  -36.897  41.469  22.388 0.0000000000
105372  -37.416  41.577  23.391 0.0000000000
105361  -37.443  41.622  24.415 0.0000000000
105360  -36.511  41.419  24.802 0.0000000000
105346  -35.764  41.128  25.391 0.0000000000
104700  -35.123  40.768  25.882 0.0000000000
104751  -34.670  39.772  19.964 0.0000000000
104720  -33.171  40.443  22.991 0.0000000000
104721  -33.941  40.864  23.645 0.0000000000
105369  -34.699  41.208  23.169 0.0000000000
104684  -34.566  40.262  26.377 0.0000000000
104052  -34.357  39.242  27.560 0.0000000000
103471  -34.149  38.498  27.665 0.0000000000
102878  -34.118  37.593  27.539 0.0000000000
99150  -40.955  32.075  32.922 0.0000000000
99838  -38.549  32.810  32.439 0.0000000000
100447  -38.237  33.531  32.449 0.0000000000
100449  -40.176  33.379  32.665 0.0000000000
101649  -39.563  35.578  33.259 0.0000000000
101654  -33.855  34.918  32.978 0.0000000000
101657  -36.330  35.511  32.828 0.0000000000
102232  -40.568  37.232  34.467 0.0000000000
102255  -44.550  36.789  34.229 0.0000000000
102274  -36.801  36.792  29.203 0.0000000000
102801  -37.898  38.083  34.309 0.0000000000
102818  -35.673  37.445  33.758 0.0000000000
102838  -40.085  37.668  31.367 0.0000000000
102858  -37.035  37.203  29.864 0.0000000000
102877  -33.569  37.460  26.944 0.0000000000
103390  -42.115  40.050  35.240 0.0000000000
103399  -38.409  38.945  34.854 0.0000000000
103415  -36.088  38.121  34.106 0.0000000000
103417  -43.741  38.854  34.353 0.0000000000
103987  -38.097  40.732  35.478 0.0000000000
104062  -32.817  38.966  25.917 0.0000000000
104063  -33.410  39.294  26.379 0.0000000000
104610  -40.822  40.811  35.346 0.0000000000
104615  -35.024  40.394  34.416 0.0000000000
104617  -36.800  41.368  35.009 0.0000000000
104636  -38.041  40.461  31.965 0.0000000000
104710  -32.665  39.642  24.186 0.0000000000
105269  -40.048  41.673  35.454 0.0000000000
105285  -36.573  42.112  34.418 0.0000000000
105383  -37.810  41.570  22.422 0.0000000000
105423  -37.264  40.370  17.213 0.0000000000
105904  -39.607  42.867  35.312 0.0000000000
105918  -39.893  43.970  34.418 0.0000000000
105960  -31.587  43.083  28.943 0.0000000000
105997  -39.386  41.936  23.648 0.0000000000
106630  -42.634  44.029  23.346 0.0000000000
107197  -33.815  44.765  28.626 0.0000000000
107229  -38.351  44.624  23.588 0.0000000000
107264  -40.357  44.998  20.195 0.0000000000
107266  -42.073  44.177  19.164 0.0000000000
107275  -41.896  44.044  18.496 0.0000000000
107782  -40.599  46.111  29.362 0.0000000000
107790  -32.421  45.415  28.493 0.0000000000
107803  -42.233  45.367  25.840 0.0000000000
107806  -34.421  46.166  25.893 0.0000000000
107817  -35.376  45.555  24.647 0.0000000000
107828  -36.473  45.306  23.833 0.0000000000
107850  -37.756  45.642  22.127 0.0000000000
107878  -41.048  45.630  17.665 0.0000000000
108369  -38.089  48.155  29.397 0.0000000000
108390  -40.826  47.039  28.082 0.0000000000
108407  -32.184  46.743  25.342 0.0000000000
108410  -32.762  46.619  24.737 0.0000000000
108413  -34.973  45.910  24.153 0.0000000000
108419  -33.849  46.678  23.961 0.0000000000
108450  -38.859  46.626  20.908 0.0000000000
108477  -38.359  46.428  18.319 0.0000000000
108479  -41.085  46.871  17.988 0.0000000000
108958  -31.990  49.358  27.948 0.0000000000
108962  -35.541  49.415  28.372 0.0000000000
109042  -41.129  47.409  18.520 0.0000000000
109050  -40.845  47.788  18.277 0.0000000000
109453  -30.940  49.358  28.677 0.0000000000
109455  -33.532  49.585  28.237 0.0000000000
109456  -34.979  49.508  28.433 0.0000000000
109466  -31.677  49.424  28.419 0.0000000000
109467  -34.389  49.571  28.295 0.0000000000
109507  -32.016  48.417  23.594 0.0000000000
109508  -32.746  48.212  23.532 0.0000000000
109518  -36.895  48.427  22.483 0.0000000000
109561  -41.170  48.843  18.985 0.0000000000
110007  -31.912  49.179  23.420 0.0000000000
110045  -40.695  50.099  20.832 0.0000000000
110060  -37.515  49.825  18.930 0.0000000000
110063  -40.826  49.566  19.286 0.0000000000
110064  -41.025  49.221  19.355 0.0000000000
110074  -41.087  49.101  18.969 0.0000000000
110491  -38.710  50.404  23.152 0.0000000000
110492  -39.780  50.839  23.074 0.0000000000
110493  -40.307  51.379  22.795 0.0000000000
110512  -40.032  50.812  20.250 0.0000000000
110513  -40.567  50.533  20.758 0.0000000000
110532  -38.075  50.338  19.358 0.0000000000
110533  -39.377  50.380  19.473 0.0000000000
110957  -29.962  50.874  23.461 0.0000000000
110966  -40.257  51.986  23.309 0.0000000000
110974  -40.147  51.532  21.599 0.0000000000
111414  -23.659  52.903  24.228 0.0000000000
111415  -24.482  52.919  24.200 0.0000000000
111427  -37.595  53.204  25.103 0.0000000000
111428  -38.493  53.162  25.069 0.0000000000
111433  -29.417  52.091  23.778 0.0000000000
111440  -36.815  52.317  24.343 0.0000000000
111442  -39.680  52.436  24.252 0.0000000000
111443  -39.985  52.508  23.769 0.0000000000
111448  -40.116  52.406  23.071 0.0000000000
111925  -36.550  54.398  25.560 0.0000000000
111926  -37.168  54.227  25.506 0.0000000000
111930  -21.241  53.431  24.784 0.0000000000
111931  -22.341  53.697  24.454 0.0000000000
111936  -27.119  53.739  24.459 0.0000000000
111937  -28.101  53.785  24.446 0.0000000000
111944  -35.915  54.280  25.527 0.0000000000
112421  -36.754  54.668  25.520 0.0000000000
112422  -37.624  54.465  25.268 0.0000000000
112431  -25.959  54.841  24.482 0.0000000000
112435  -29.947  55.291  24.576 0.0000000000
112436  -30.804  55.668  24.661 0.0000000000
112442  -38.568  54.083  24.810 0.0000000000
112921  -36.270  55.158  25.545 0.0000000000
112932  -27.675  55.494  24.339 0.0000000000
112933  -28.427  55.847  24.339 0.0000000000
112935  -31.859  56.184  24.899 0.0000000000
112938  -34.990  56.090  25.393 0.0000000000
112941  -37.535  55.114  24.722 0.0000000000
112950  -22.355  55.414  23.702 0.0000000000
112953  -25.870  55.440  23.586 0.0000000000
112966  -23.568  55.421  22.713 0.0000000000
112967  -24.422  55.363  22.552 0.0000000000
112971  -28.385  56.469  23.445 0.0000000000
112985  -27.228  55.957  22.340 0.0000000000
112989  -37.523  56.497  21.937 0.0000000000
112997  -24.199  55.745  20.885 0.0000000000
113462  -31.693  58.003  24.891 0.0000000000
113465  -34.458  56.757  25.065 0.0000000000
113476  -29.935  57.571  23.964 0.0000000000
113480  -35.705  56.565  23.989 0.0000000000
113481  -36.743  56.369  23.581 0.0000000000
113494  -37.518  56.416  22.321 0.0000000000
113505  -28.572  57.228  22.058 0.0000000000
113512  -23.072  56.512  20.708 0.0000000000
113513  -23.757  56.271  20.409 0.0000000000
113514  -24.487  56.184  20.229 0.0000000000
113515  -25.236  56.321  20.110 0.0000000000
113517  -27.287  56.891  20.790 0.0000000000
113525  -24.679  56.786  19.704 0.0000000000
113526  -25.460  57.010  19.683 0.0000000000
113527  -26.247  57.175  19.856 0.0000000000
113981  -32.343  58.611  24.825 0.0000000000
113989  -30.756  58.611  23.699 0.0000000000
113990  -31.745  59.238  24.017 0.0000000000
113992  -32.486  58.983  24.324 0.0000000000
114014  -22.445  56.867  21.036 0.0000000000
114020  -35.616  57.594  21.845 0.0000000000
114022  -37.150  57.358  21.594 0.0000000000
114027  -21.353  57.929  20.695 0.0000000000
114033  -28.582  58.154  21.160 0.0000000000
114042  -22.673  57.606  19.860 0.0000000000
114547  -21.410  58.674  19.741 0.0000000000
114550  -23.708  58.913  19.192 0.0000000000
115036  -29.876  59.558  21.804 0.0000000000
115038  -31.590  60.107  22.808 0.0000000000
115058  -23.066  60.180  18.799 0.0000000000
115522  -31.826  60.960  22.968 0.0000000000
115523  -32.080  60.953  22.911 0.0000000000
115542  -23.480  60.865  18.425 0.0000000000
123107  -29.136  57.023  23.700 0.0000000000
123659  -31.495  59.012  22.309 0.0000000000
124520  -33.147  47.366  23.778 0.0000000000
124876  -35.106  54.086  25.275 0.0000000000
125586  -35.488  37.041  28.431 0.0000000000
127005  -36.104  41.409  24.039 0.0000000000
127141  -37.810  37.644  30.799 0.0000000000
127506  -40.996  44.677  23.575 0.0000000000
128076  -22.948  54.295  24.329 0.0000000000
129225  -41.003  43.405  17.771 0.0000000000
129411  -41.685  31.052  33.668 0.0000000000
130503  -25.851  56.587  20.091 0.0000000000
130665  -31.542  59.355  22.031 0.0000000000
130759  -33.462  49.666  23.178 0.0000000000
132205  -41.223  46.043  17.879 0.0000000000
133050  -34.127  52.967  24.256 0.0000000000
134238  -39.746  46.582  17.761 0.0000000000
134244  -34.308  49.700  23.077 0.0000000000
134960  -35.225  48.661  28.926 0.0000000000
136523  -37.044  48.098  18.544 0.0000000000
137111  -36.476  49.746  18.910 0.0000000000
137694  -32.095  51.510  23.438 0.0000000000
137755  -39.767  48.723  18.277 0.0000000000
139008  -40.626  46.901  27.175 0.0000000000
139171  -31.379  59.594  23.068 0.0000000000
139193  -40.752  43.737  17.631 0.0000000000
139409  -35.634  47.730  29.022 0.0000000000
139942  -37.415  41.679  25.986 0.0000000000
140162  -40.706  42.366  18.498 0.0000000000
141064  -39.940  43.370  33.649 0.0000000000
141632  -23.454  57.565  19.574 0.0000000000
141700  -42.295  43.933  19.824 0.0000000000
144780  -26.517  55.482  24.058 0.0000000000
144973  -33.032  57.944  16.533 0.0000000000
145208  -35.548  49.046  22.842 0.0000000000
145555  -43.680  37.395  34.878 0.0000000000
145945  -32.866  47.883  26.936 0.0000000000
145948  -31.083  54.180  24.518 0.0000000000
146059  -40.351  41.907  19.617 0.0000000000
146302  -25.238  54.581  24.380 0.0000000000
147023  -34.395  40.306  20.796 0.0000000000
147026  -33.723  36.294  26.571 0.0000000000
147772  -32.605  38.112  21.828 0.0000000000
147937  -42.479  44.456  23.985 0.0000000000
