#!ascii label  , from subject sub-v1s4x0050706_ses-1 vox2ras=TkReg
1472
56782  -39.919  -15.420  63.467 0.0000000000
128587  -32.531  -32.488  68.145 0.0000000000
58701  -46.788  -13.621  56.489 0.0000000000
56872  -34.507  -15.696  50.949 0.0000000000
62622  -39.597  -8.958  60.106 0.0000000000
47333  -38.558  -25.437  65.012 0.0000000000
122615  -28.106  -28.010  57.802 0.0000000000
51502  -30.768  -21.438  54.256 0.0000000000
40920  -23.962  -32.965  70.696 0.0000000000
68299  -51.426  -3.334  55.647 0.0000000000
41024  -21.115  -32.052  59.934 0.0000000000
56834  -38.198  -15.517  57.055 0.0000000000
60638  -36.488  -11.504  56.048 0.0000000000
61574  -37.187  -10.608  63.083 0.0000000000
53133  -40.479  -19.897  63.704 0.0000000000
49430  -34.869  -23.565  59.574 0.0000000000
52347  -36.979  -19.579  56.956 0.0000000000
54147  -32.680  -18.607  52.221 0.0000000000
70234  -49.678  -1.514  52.394 0.0000000000
40042  -27.948  -33.763  69.824 0.0000000000
40083  -23.210  -33.464  65.802 0.0000000000
42674  -26.857  -30.939  65.139 0.0000000000
127330  -43.800  -10.476  58.451 0.0000000000
42684  -36.952  -30.563  65.783 0.0000000000
44560  -30.645  -28.590  63.323 0.0000000000
45561  -33.672  -28.444  59.757 0.0000000000
47433  -29.991  -25.957  55.079 0.0000000000
146064  -20.793  -30.894  73.344 0.0000000000
64453  -43.934  -7.826  64.867 0.0000000000
62644  -46.362  -9.998  60.456 0.0000000000
68268  -48.858  -2.800  59.896 0.0000000000
63628  -49.141  -8.983  57.241 0.0000000000
64611  -47.886  -7.717  53.385 0.0000000000
41786  -19.878  -31.413  67.376 0.0000000000
129453  -24.277  -28.290  60.060 0.0000000000
56809  -39.208  -15.218  60.038 0.0000000000
127060  -37.621  -13.224  60.095 0.0000000000
59574  -38.241  -12.773  63.647 0.0000000000
55058  -40.844  -17.650  62.865 0.0000000000
52315  -38.372  -20.221  60.540 0.0000000000
55083  -39.930  -17.356  59.435 0.0000000000
54127  -38.273  -17.738  56.696 0.0000000000
58732  -46.059  -13.737  53.760 0.0000000000
59670  -48.355  -12.709  55.112 0.0000000000
128938  -30.220  -33.157  68.980 0.0000000000
40970  -27.525  -32.387  66.993 0.0000000000
42664  -29.319  -30.751  66.480 0.0000000000
58753  -35.525  -13.174  50.244 0.0000000000
61633  -37.820  -10.215  57.952 0.0000000000
61677  -38.327  -10.537  55.326 0.0000000000
62672  -40.165  -9.881  57.722 0.0000000000
61666  -42.336  -10.299  56.509 0.0000000000
62642  -42.323  -9.587  59.914 0.0000000000
45503  -38.126  -28.571  65.505 0.0000000000
44563  -35.456  -29.369  62.982 0.0000000000
46449  -36.162  -26.445  62.721 0.0000000000
50530  -33.196  -22.361  56.826 0.0000000000
142454  -32.591  -24.921  57.543 0.0000000000
49502  -30.378  -23.797  54.656 0.0000000000
55128  -34.286  -17.195  51.841 0.0000000000
63557  -45.311  -9.255  63.231 0.0000000000
65477  -49.925  -6.989  58.300 0.0000000000
65526  -50.513  -6.115  56.693 0.0000000000
63646  -48.290  -8.404  55.417 0.0000000000
140275  -49.545  -5.906  54.303 0.0000000000
67480  -47.075  -4.508  51.040 0.0000000000
41727  -22.431  -32.052  72.811 0.0000000000
41759  -20.322  -30.965  69.775 0.0000000000
41777  -22.326  -32.327  68.820 0.0000000000
41006  -22.420  -32.891  63.486 0.0000000000
40105  -20.870  -33.340  63.354 0.0000000000
40121  -20.302  -33.688  60.339 0.0000000000
44600  -29.165  -28.123  60.139 0.0000000000
122291  -27.465  -28.353  61.930 0.0000000000
45573  -26.139  -27.486  59.350 0.0000000000
56859  -36.973  -15.719  54.160 0.0000000000
58729  -35.827  -13.477  53.459 0.0000000000
58686  -36.422  -13.383  57.111 0.0000000000
60607  -36.785  -11.453  59.178 0.0000000000
127419  -37.546  -8.953  61.814 0.0000000000
50411  -39.295  -22.743  64.400 0.0000000000
48409  -36.461  -24.533  62.384 0.0000000000
51431  -37.144  -22.240  61.494 0.0000000000
51461  -35.618  -21.689  58.386 0.0000000000
52354  -33.942  -20.928  56.151 0.0000000000
53213  -31.895  -20.046  53.986 0.0000000000
122597  -35.121  -19.342  54.909 0.0000000000
55106  -36.110  -17.757  54.006 0.0000000000
69237  -50.922  -2.154  53.655 0.0000000000
132393  -50.941  1.741  53.378 0.0000000000
40030  -25.718  -33.636  70.789 0.0000000000
40953  -23.470  -33.436  67.747 0.0000000000
40064  -25.389  -33.730  67.786 0.0000000000
40996  -24.895  -32.617  65.130 0.0000000000
42695  -23.686  -31.156  62.993 0.0000000000
60674  -36.669  -11.748  53.406 0.0000000000
60652  -43.674  -11.679  55.122 0.0000000000
59636  -45.879  -13.223  57.555 0.0000000000
41807  -34.854  -31.926  67.199 0.0000000000
42679  -31.991  -30.110  65.855 0.0000000000
146072  -33.851  -30.030  64.329 0.0000000000
44586  -32.254  -29.306  61.248 0.0000000000
44629  -30.943  -28.793  58.487 0.0000000000
47379  -34.399  -25.819  60.182 0.0000000000
46491  -31.847  -27.345  57.433 0.0000000000
122314  -29.160  -27.995  56.596 0.0000000000
124670  -39.780  -12.086  67.113 0.0000000000
42649  -33.857  -31.312  68.871 0.0000000000
44511  -38.678  -28.632  67.028 0.0000000000
46402  -39.798  -26.765  66.780 0.0000000000
125707  -38.102  -9.654  66.488 0.0000000000
127761  -37.546  -7.895  64.540 0.0000000000
132760  -39.088  -7.192  63.385 0.0000000000
65373  -41.724  -5.941  65.412 0.0000000000
63553  -42.094  -8.535  62.747 0.0000000000
62613  -44.058  -10.355  62.401 0.0000000000
132915  -45.549  -12.132  61.107 0.0000000000
59616  -48.219  -12.945  59.632 0.0000000000
65459  -47.564  -6.369  59.405 0.0000000000
62661  -48.847  -9.808  59.177 0.0000000000
60632  -50.376  -12.074  57.469 0.0000000000
125942  -49.412  -10.971  55.244 0.0000000000
67459  -48.899  -4.514  52.589 0.0000000000
42608  -18.824  -30.077  71.056 0.0000000000
40973  -18.275  -32.498  65.293 0.0000000000
40965  -21.795  -32.847  66.451 0.0000000000
40991  -19.493  -32.746  64.411 0.0000000000
43596  -28.855  -29.340  64.607 0.0000000000
43623  -25.502  -29.163  62.392 0.0000000000
42720  -22.289  -30.153  59.928 0.0000000000
41864  -23.593  -30.815  58.430 0.0000000000
56805  -39.734  -15.528  61.264 0.0000000000
57680  -38.759  -14.361  61.219 0.0000000000
57669  -38.994  -14.405  62.784 0.0000000000
143104  -40.484  -16.454  62.969 0.0000000000
55077  -40.456  -17.395  61.015 0.0000000000
146434  -40.332  -16.735  60.836 0.0000000000
55930  -39.862  -16.615  59.506 0.0000000000
58700  -45.981  -13.559  56.038 0.0000000000
58713  -46.470  -13.586  55.473 0.0000000000
58724  -47.190  -13.246  54.736 0.0000000000
58714  -47.490  -13.355  55.816 0.0000000000
40957  -31.620  -32.679  68.504 0.0000000000
141993  -29.612  -31.910  67.637 0.0000000000
41790  -31.679  -31.974  67.731 0.0000000000
56886  -33.926  -15.018  49.592 0.0000000000
144335  -34.772  -14.329  50.229 0.0000000000
62638  -38.327  -9.493  59.313 0.0000000000
62671  -39.277  -9.931  57.615 0.0000000000
127500  -39.863  -9.465  58.924 0.0000000000
62673  -41.109  -9.838  57.896 0.0000000000
62641  -41.162  -9.347  59.667 0.0000000000
46421  -37.950  -26.748  64.817 0.0000000000
45533  -36.919  -27.728  64.057 0.0000000000
47346  -36.696  -25.928  63.282 0.0000000000
50539  -32.099  -22.197  55.803 0.0000000000
50528  -31.752  -22.998  55.913 0.0000000000
50547  -30.332  -22.906  54.400 0.0000000000
49514  -28.747  -23.674  53.161 0.0000000000
55991  -34.614  -16.478  51.598 0.0000000000
56000  -32.838  -16.881  50.186 0.0000000000
146809  -33.230  -16.018  49.895 0.0000000000
66461  -50.795  -5.514  56.920 0.0000000000
66468  -50.827  -5.262  56.151 0.0000000000
66467  -50.401  -5.700  55.650 0.0000000000
67433  -50.927  -4.321  54.900 0.0000000000
40905  -23.152  -32.517  71.206 0.0000000000
41748  -22.397  -32.012  70.583 0.0000000000
40919  -23.183  -32.592  70.154 0.0000000000
41839  -21.769  -32.040  61.684 0.0000000000
41013  -21.272  -32.836  62.022 0.0000000000
41023  -20.693  -32.890  60.278 0.0000000000
39213  -20.580  -34.119  59.597 0.0000000000
145779  -21.055  -33.112  59.086 0.0000000000
45594  -28.308  -27.914  58.798 0.0000000000
45574  -27.590  -27.648  59.456 0.0000000000
125061  -26.606  -27.474  58.526 0.0000000000
57742  -37.502  -15.374  55.603 0.0000000000
145533  -36.993  -14.924  55.152 0.0000000000
133026  -37.487  -14.754  57.212 0.0000000000
59594  -37.424  -12.232  61.427 0.0000000000
59613  -37.030  -12.331  59.509 0.0000000000
124946  -37.040  -10.613  61.107 0.0000000000
125532  -37.139  -10.118  60.817 0.0000000000
62595  -37.215  -9.543  62.239 0.0000000000
51415  -39.565  -21.243  63.756 0.0000000000
50452  -38.154  -22.306  62.989 0.0000000000
51424  -39.051  -20.975  62.995 0.0000000000
53170  -38.043  -19.776  58.877 0.0000000000
52323  -37.553  -20.453  59.338 0.0000000000
52336  -36.682  -20.658  58.188 0.0000000000
52345  -35.071  -21.099  57.104 0.0000000000
52356  -35.667  -20.397  56.693 0.0000000000
52366  -34.456  -20.291  55.717 0.0000000000
53204  -36.067  -19.656  56.015 0.0000000000
55956  -38.495  -16.725  56.651 0.0000000000
54131  -37.565  -17.655  55.633 0.0000000000
55963  -37.680  -16.801  55.396 0.0000000000
55969  -36.800  -16.477  54.052 0.0000000000
123658  -26.373  -33.742  70.294 0.0000000000
40052  -25.652  -33.780  68.758 0.0000000000
40053  -26.590  -33.704  68.889 0.0000000000
41814  -27.003  -31.499  65.755 0.0000000000
40980  -25.946  -32.535  65.919 0.0000000000
41818  -25.975  -31.335  64.852 0.0000000000
41828  -24.274  -31.489  63.731 0.0000000000
41829  -24.947  -31.021  63.841 0.0000000000
59666  -35.866  -12.647  55.001 0.0000000000
59692  -35.830  -12.848  53.146 0.0000000000
60660  -36.477  -11.705  54.235 0.0000000000
61692  -39.347  -10.542  54.332 0.0000000000
60676  -38.299  -11.068  53.205 0.0000000000
61726  -39.621  -10.900  52.698 0.0000000000
123228  -43.160  -10.458  56.875 0.0000000000
61682  -43.169  -11.001  55.404 0.0000000000
60629  -43.941  -11.017  56.862 0.0000000000
60641  -44.448  -11.940  56.443 0.0000000000
60630  -44.685  -11.807  57.436 0.0000000000
42683  -35.965  -31.059  65.820 0.0000000000
42682  -34.988  -30.962  65.639 0.0000000000
42691  -35.488  -30.505  64.910 0.0000000000
44588  -34.575  -28.980  61.180 0.0000000000
43627  -34.219  -29.662  62.214 0.0000000000
43651  -33.310  -29.446  60.712 0.0000000000
145630  -31.992  -29.310  59.793 0.0000000000
44618  -32.524  -28.907  59.218 0.0000000000
49402  -35.796  -23.797  61.022 0.0000000000
48425  -35.556  -24.567  61.224 0.0000000000
48442  -34.840  -24.242  60.072 0.0000000000
47435  -31.010  -25.681  55.816 0.0000000000
46492  -32.360  -26.539  57.576 0.0000000000
46507  -31.263  -26.918  56.656 0.0000000000
45629  -30.591  -27.544  56.706 0.0000000000
53231  -32.091  -19.172  52.756 0.0000000000
45487  -39.338  -27.789  66.813 0.0000000000
50395  -41.580  -22.252  66.002 0.0000000000
60533  -39.180  -11.303  66.758 0.0000000000
138999  -37.754  -7.011  66.295 0.0000000000
65371  -38.319  -6.246  65.613 0.0000000000
64450  -38.124  -7.198  64.185 0.0000000000
65372  -38.996  -5.842  65.282 0.0000000000
65391  -42.985  -6.881  65.277 0.0000000000
65408  -41.814  -7.116  64.455 0.0000000000
64468  -43.097  -8.161  64.525 0.0000000000
63572  -42.550  -9.075  62.301 0.0000000000
63555  -43.873  -9.499  63.738 0.0000000000
63573  -45.646  -9.604  62.485 0.0000000000
61598  -45.590  -10.980  62.565 0.0000000000
61608  -46.373  -11.681  61.529 0.0000000000
59599  -46.677  -12.636  60.535 0.0000000000
61621  -47.137  -11.942  60.728 0.0000000000
66433  -48.680  -4.967  59.500 0.0000000000
63609  -50.060  -8.138  58.131 0.0000000000
64535  -49.375  -7.680  58.511 0.0000000000
132914  -49.563  -9.575  58.570 0.0000000000
60622  -50.162  -11.830  58.531 0.0000000000
61668  -49.608  -10.539  57.390 0.0000000000
60643  -50.136  -11.791  56.613 0.0000000000
62683  -48.809  -9.752  56.588 0.0000000000
64593  -47.974  -8.096  54.323 0.0000000000
63645  -47.802  -8.976  54.712 0.0000000000
63660  -47.633  -8.721  53.640 0.0000000000
70235  -50.417  -1.566  53.060 0.0000000000
68317  -50.203  -3.750  53.487 0.0000000000
68331  -49.111  -2.895  52.399 0.0000000000
41775  -20.500  -31.457  68.182 0.0000000000
42633  -19.798  -30.950  68.983 0.0000000000
41774  -19.417  -31.099  68.063 0.0000000000
41797  -18.448  -31.534  66.542 0.0000000000
41811  -18.947  -31.708  65.942 0.0000000000
40061  -23.163  -33.521  66.948 0.0000000000
40952  -22.772  -33.144  67.424 0.0000000000
40976  -22.267  -33.212  65.921 0.0000000000
40096  -20.314  -33.193  63.766 0.0000000000
37490  -19.565  -36.299  61.683 0.0000000000
43599  -31.468  -29.191  64.618 0.0000000000
43588  -29.792  -29.438  65.175 0.0000000000
44549  -29.648  -28.764  63.845 0.0000000000
123346  -25.287  -28.311  61.072 0.0000000000
43624  -26.477  -28.967  62.698 0.0000000000
43639  -25.014  -28.822  61.669 0.0000000000
43622  -24.344  -29.759  62.183 0.0000000000
123875  -23.513  -29.197  60.705 0.0000000000
135020  -22.947  -31.673  58.555 0.0000000000
56824  -38.829  -15.664  58.281 0.0000000000
57722  -38.045  -14.907  57.923 0.0000000000
57698  -38.504  -14.590  59.601 0.0000000000
58644  -37.833  -12.966  61.915 0.0000000000
59573  -37.692  -12.114  63.125 0.0000000000
53140  -40.609  -19.122  63.067 0.0000000000
52305  -39.249  -19.963  61.761 0.0000000000
53149  -40.369  -18.623  61.806 0.0000000000
53172  -39.358  -18.747  59.597 0.0000000000
53189  -38.526  -19.022  58.417 0.0000000000
53206  -37.453  -18.845  56.552 0.0000000000
55096  -39.000  -17.340  57.687 0.0000000000
55937  -39.154  -16.428  58.137 0.0000000000
59671  -49.274  -12.055  54.582 0.0000000000
40056  -29.651  -33.489  69.503 0.0000000000
40940  -27.764  -33.201  68.338 0.0000000000
40941  -28.710  -32.876  68.319 0.0000000000
41802  -28.196  -31.906  66.974 0.0000000000
42675  -27.599  -30.945  65.665 0.0000000000
61644  -37.226  -10.655  57.552 0.0000000000
60651  -36.985  -11.092  55.490 0.0000000000
61662  -38.345  -10.352  56.633 0.0000000000
61663  -39.330  -10.269  56.251 0.0000000000
140110  -39.978  -10.314  55.647 0.0000000000
122976  -41.060  -10.411  54.739 0.0000000000
61665  -41.293  -10.178  56.434 0.0000000000
62674  -42.107  -9.882  58.065 0.0000000000
61635  -43.342  -10.124  58.902 0.0000000000
145649  -37.472  -29.227  65.158 0.0000000000
43603  -36.469  -30.011  64.732 0.0000000000
141045  -36.676  -28.596  63.992 0.0000000000
44574  -35.739  -28.585  62.762 0.0000000000
46458  -35.120  -27.255  61.413 0.0000000000
49452  -34.034  -23.165  58.210 0.0000000000
48471  -33.792  -23.998  58.557 0.0000000000
49477  -32.475  -23.650  56.913 0.0000000000
49490  -31.460  -23.990  55.880 0.0000000000
47453  -30.102  -25.283  54.803 0.0000000000
128961  -28.776  -25.687  54.338 0.0000000000
48538  -28.637  -24.539  53.406 0.0000000000
55119  -33.997  -17.811  52.042 0.0000000000
55126  -32.898  -17.714  51.094 0.0000000000
65393  -43.970  -6.243  64.888 0.0000000000
64469  -44.468  -8.171  64.333 0.0000000000
65410  -44.777  -6.986  63.997 0.0000000000
65437  -45.517  -7.072  62.370 0.0000000000
64499  -45.696  -7.392  61.486 0.0000000000
67401  -49.918  -3.922  58.620 0.0000000000
66434  -49.285  -4.755  59.063 0.0000000000
145382  -50.395  -5.846  58.013 0.0000000000
65511  -50.325  -6.889  57.473 0.0000000000
64558  -49.983  -7.456  57.154 0.0000000000
125072  -48.503  -8.963  56.277 0.0000000000
127496  -48.898  -7.597  55.660 0.0000000000
65535  -49.097  -6.576  54.490 0.0000000000
143310  -48.924  -6.138  53.646 0.0000000000
71209  -48.853  -0.804  51.134 0.0000000000
69281  -48.391  -2.718  51.729 0.0000000000
69280  -47.734  -2.105  50.688 0.0000000000
41735  -21.652  -31.495  72.422 0.0000000000
42611  -20.799  -30.940  71.278 0.0000000000
41747  -21.482  -31.416  70.790 0.0000000000
41760  -21.122  -31.309  69.917 0.0000000000
41787  -21.376  -32.046  67.712 0.0000000000
40993  -22.617  -33.100  64.314 0.0000000000
40098  -22.228  -33.226  64.673 0.0000000000
41005  -21.719  -33.102  63.033 0.0000000000
41012  -20.655  -33.230  61.862 0.0000000000
40120  -19.791  -34.212  60.842 0.0000000000
37509  -19.748  -35.937  61.039 0.0000000000
39204  -20.115  -34.540  60.185 0.0000000000
123101  -29.975  -28.394  62.157 0.0000000000
44569  -29.180  -28.412  62.607 0.0000000000
44583  -28.218  -28.170  61.607 0.0000000000
45559  -26.807  -27.829  60.715 0.0000000000
45557  -24.852  -27.851  59.762 0.0000000000
56866  -35.795  -15.491  52.312 0.0000000000
127741  -35.707  -14.467  52.186 0.0000000000
57749  -36.153  -14.253  53.829 0.0000000000
58710  -35.869  -13.362  54.779 0.0000000000
59646  -36.060  -12.787  56.463 0.0000000000
58676  -37.079  -13.385  58.461 0.0000000000
59634  -36.512  -12.191  58.111 0.0000000000
60628  -36.491  -11.658  57.548 0.0000000000
61618  -37.228  -10.361  59.204 0.0000000000
126181  -37.589  -9.804  59.658 0.0000000000
139797  -38.211  -8.918  60.655 0.0000000000
48379  -38.410  -24.031  64.369 0.0000000000
48393  -37.427  -24.455  63.500 0.0000000000
49385  -37.597  -23.595  63.233 0.0000000000
50450  -37.009  -22.886  62.000 0.0000000000
50476  -36.377  -22.388  60.430 0.0000000000
52303  -37.882  -20.894  60.976 0.0000000000
126532  -36.711  -21.731  60.112 0.0000000000
50488  -35.576  -22.519  59.408 0.0000000000
50508  -34.309  -22.435  57.842 0.0000000000
51482  -33.547  -21.631  56.524 0.0000000000
51504  -31.965  -21.118  55.018 0.0000000000
52372  -30.645  -20.793  53.774 0.0000000000
52374  -32.247  -20.463  54.646 0.0000000000
53214  -32.814  -19.790  54.253 0.0000000000
54138  -33.917  -18.729  53.175 0.0000000000
53211  -36.470  -18.842  55.373 0.0000000000
53217  -35.767  -18.711  54.594 0.0000000000
55112  -34.807  -18.105  53.102 0.0000000000
55121  -35.365  -17.214  52.819 0.0000000000
55982  -35.471  -16.433  52.357 0.0000000000
68319  -51.280  -3.141  54.468 0.0000000000
70191  -51.475  -0.984  54.463 0.0000000000
71181  -51.277  -0.161  53.967 0.0000000000
71180  -50.766  0.133  53.165 0.0000000000
72192  -50.216  0.378  52.265 0.0000000000
73203  -50.049  1.378  51.002 0.0000000000
40029  -25.091  -33.526  70.653 0.0000000000
40931  -23.877  -33.117  69.659 0.0000000000
40039  -24.958  -33.625  69.895 0.0000000000
40063  -24.582  -33.766  67.530 0.0000000000
40071  -24.237  -33.710  66.741 0.0000000000
40073  -25.911  -33.425  67.295 0.0000000000
40967  -24.682  -33.444  66.253 0.0000000000
40977  -23.619  -33.291  65.353 0.0000000000
41007  -23.139  -32.649  63.866 0.0000000000
41826  -22.917  -32.072  63.008 0.0000000000
41845  -22.271  -31.086  61.446 0.0000000000
143633  -35.647  -13.543  51.808 0.0000000000
59706  -36.227  -12.593  51.727 0.0000000000
137202  -37.019  -11.353  53.919 0.0000000000
59658  -45.299  -13.272  55.601 0.0000000000
58687  -46.329  -13.538  57.036 0.0000000000
41791  -34.290  -32.354  67.776 0.0000000000
41804  -31.938  -31.306  67.073 0.0000000000
42668  -33.432  -31.166  66.368 0.0000000000
43591  -32.459  -29.887  65.315 0.0000000000
43609  -32.302  -29.202  63.805 0.0000000000
43612  -34.632  -29.787  62.999 0.0000000000
43626  -33.335  -29.578  62.192 0.0000000000
44571  -31.876  -28.947  62.054 0.0000000000
44602  -30.838  -28.692  60.735 0.0000000000
44615  -30.008  -28.507  59.518 0.0000000000
44627  -29.061  -28.364  58.057 0.0000000000
47359  -36.240  -25.472  62.508 0.0000000000
147661  -35.024  -26.333  61.189 0.0000000000
45577  -33.964  -27.487  59.746 0.0000000000
47394  -33.190  -25.669  58.477 0.0000000000
46478  -33.233  -26.608  58.673 0.0000000000
44632  -33.059  -27.913  58.750 0.0000000000
45613  -31.339  -28.098  57.647 0.0000000000
44641  -29.908  -28.458  57.640 0.0000000000
52382  -29.674  -20.421  52.620 0.0000000000
56771  -40.274  -15.433  64.369 0.0000000000
58615  -39.407  -13.745  65.003 0.0000000000
41702  -22.136  -31.596  74.369 0.0000000000
40907  -24.689  -33.188  72.134 0.0000000000
40019  -25.897  -33.495  71.600 0.0000000000
40031  -26.491  -33.659  71.065 0.0000000000
40045  -30.888  -33.268  70.199 0.0000000000
40046  -31.438  -33.124  69.710 0.0000000000
40932  -32.560  -32.637  69.297 0.0000000000
40945  -33.799  -32.343  68.803 0.0000000000
41792  -35.004  -32.165  67.862 0.0000000000
42659  -36.217  -31.097  67.525 0.0000000000
42660  -36.943  -30.861  66.980 0.0000000000
128500  -37.476  -29.507  67.329 0.0000000000
43585  -37.708  -30.034  66.584 0.0000000000
44542  -38.520  -28.907  66.352 0.0000000000
46401  -39.359  -27.102  66.253 0.0000000000
47318  -39.299  -25.995  65.727 0.0000000000
48366  -39.916  -24.686  65.705 0.0000000000
50393  -40.503  -23.073  65.448 0.0000000000
51395  -41.169  -21.566  65.362 0.0000000000
55892  -40.863  -16.313  64.517 0.0000000000
59564  -38.881  -13.053  64.965 0.0000000000
60552  -38.238  -11.894  64.812 0.0000000000
61556  -37.542  -10.419  64.727 0.0000000000
63501  -37.999  -7.939  67.335 0.0000000000
62564  -37.527  -9.050  65.570 0.0000000000
126179  -37.338  -8.894  63.927 0.0000000000
138927  -37.541  -8.419  63.298 0.0000000000
140391  -38.503  -7.699  62.895 0.0000000000
63551  -39.935  -7.926  62.103 0.0000000000
65389  -40.336  -6.287  64.574 0.0000000000
64483  -40.557  -7.658  62.853 0.0000000000
63570  -40.511  -8.389  61.552 0.0000000000
62611  -42.058  -9.103  61.371 0.0000000000
62626  -43.414  -9.995  60.980 0.0000000000
61619  -44.125  -10.612  60.531 0.0000000000
62598  -44.955  -10.217  63.350 0.0000000000
137864  -45.075  -11.517  62.022 0.0000000000
61620  -44.675  -11.288  60.175 0.0000000000
60621  -45.733  -12.597  59.244 0.0000000000
59625  -47.136  -13.405  59.187 0.0000000000
58677  -47.678  -13.589  58.495 0.0000000000
65448  -46.381  -6.563  60.862 0.0000000000
64522  -46.452  -7.972  59.479 0.0000000000
65475  -48.231  -6.907  58.712 0.0000000000
64533  -47.378  -8.356  58.885 0.0000000000
62645  -46.980  -10.172  59.685 0.0000000000
61623  -49.034  -11.877  59.435 0.0000000000
59638  -49.681  -13.064  58.432 0.0000000000
59649  -49.067  -13.278  57.105 0.0000000000
59650  -49.631  -12.732  56.604 0.0000000000
59660  -49.515  -12.272  55.682 0.0000000000
147631  -49.552  -11.544  54.472 0.0000000000
62690  -48.228  -9.315  55.557 0.0000000000
61697  -48.532  -10.373  54.747 0.0000000000
130179  -49.400  -10.981  54.416 0.0000000000
67447  -50.673  -4.101  54.172 0.0000000000
66501  -49.377  -4.921  53.160 0.0000000000
65559  -48.496  -5.960  52.832 0.0000000000
67472  -48.215  -4.475  52.039 0.0000000000
66499  -48.046  -5.674  52.167 0.0000000000
123721  -47.531  -7.116  51.921 0.0000000000
42620  -19.392  -30.362  70.606 0.0000000000
40938  -22.958  -32.971  68.276 0.0000000000
40951  -21.982  -32.732  67.207 0.0000000000
40950  -21.226  -32.229  66.953 0.0000000000
40081  -21.730  -33.175  65.104 0.0000000000
40975  -20.839  -32.680  65.407 0.0000000000
40963  -19.918  -31.949  65.810 0.0000000000
142123  -18.714  -32.646  64.757 0.0000000000
42665  -30.233  -30.564  66.523 0.0000000000
132498  -28.890  -30.364  65.900 0.0000000000
42688  -27.589  -30.256  64.949 0.0000000000
44557  -27.872  -28.872  63.193 0.0000000000
43606  -26.719  -29.459  63.467 0.0000000000
42698  -26.176  -30.087  63.827 0.0000000000
42696  -24.126  -30.337  62.569 0.0000000000
42715  -23.021  -30.439  61.703 0.0000000000
41852  -21.932  -30.756  60.367 0.0000000000
44626  -24.475  -28.230  58.028 0.0000000000
44625  -23.891  -28.574  58.667 0.0000000000
43655  -23.268  -29.139  59.110 0.0000000000
42732  -22.561  -30.554  58.834 0.0000000000
41857  -21.998  -31.064  58.963 0.0000000000
41030  -21.491  -31.906  59.091 0.0000000000
56795  -39.914  -15.709  61.973 0.0000000000
57681  -39.323  -14.922  61.815 0.0000000000
133750  -39.607  -15.217  62.697 0.0000000000
56796  -40.153  -15.887  62.793 0.0000000000
55912  -40.356  -16.370  62.176 0.0000000000
55919  -40.187  -16.170  61.209 0.0000000000
125163  -32.569  -32.769  68.731 0.0000000000
57767  -34.388  -14.966  50.248 0.0000000000
57758  -34.996  -14.872  50.982 0.0000000000
62639  -39.259  -9.271  59.447 0.0000000000
140992  -39.102  -9.525  58.844 0.0000000000
62640  -40.184  -9.231  59.549 0.0000000000
47332  -37.903  -25.859  64.541 0.0000000000
46436  -37.246  -26.566  64.099 0.0000000000
51503  -31.373  -21.589  54.820 0.0000000000
50538  -31.425  -22.418  55.287 0.0000000000
56002  -34.023  -16.276  50.890 0.0000000000
56878  -33.768  -15.699  50.222 0.0000000000
67416  -51.308  -4.113  55.990 0.0000000000
67415  -51.046  -4.807  56.418 0.0000000000
67421  -51.059  -4.544  55.684 0.0000000000
67434  -51.297  -3.887  55.293 0.0000000000
40906  -23.967  -32.939  71.779 0.0000000000
41018  -21.106  -32.370  60.958 0.0000000000
40130  -20.729  -33.336  59.575 0.0000000000
140650  -21.038  -32.654  59.391 0.0000000000
45593  -27.460  -27.633  58.595 0.0000000000
123133  -27.116  -27.674  57.787 0.0000000000
56846  -38.062  -15.787  56.157 0.0000000000
57732  -37.508  -15.043  56.437 0.0000000000
123749  -37.239  -11.578  61.788 0.0000000000
60594  -37.097  -11.377  61.007 0.0000000000
60585  -37.042  -10.866  61.725 0.0000000000
61596  -37.070  -10.134  61.582 0.0000000000
61586  -37.071  -10.364  62.352 0.0000000000
52282  -40.314  -20.670  64.151 0.0000000000
52281  -39.765  -20.464  63.362 0.0000000000
52348  -37.173  -19.954  57.716 0.0000000000
52337  -37.369  -20.223  58.525 0.0000000000
52346  -36.376  -20.371  57.350 0.0000000000
52357  -36.386  -19.859  56.637 0.0000000000
52367  -35.279  -20.074  55.922 0.0000000000
56847  -38.485  -16.214  56.764 0.0000000000
55955  -38.179  -16.439  56.069 0.0000000000
56855  -37.793  -16.036  55.427 0.0000000000
40041  -26.991  -33.785  69.708 0.0000000000
40054  -27.489  -33.624  69.022 0.0000000000
41813  -26.347  -31.756  65.515 0.0000000000
42686  -25.642  -30.847  64.172 0.0000000000
59656  -36.046  -12.232  55.729 0.0000000000
59667  -36.075  -12.201  54.568 0.0000000000
60650  -36.358  -11.677  55.121 0.0000000000
127632  -40.033  -10.571  54.005 0.0000000000
61708  -39.517  -10.697  53.532 0.0000000000
61650  -43.507  -10.470  57.581 0.0000000000
61651  -44.313  -10.989  57.918 0.0000000000
130932  -36.689  -30.913  66.086 0.0000000000
42692  -36.355  -30.519  65.255 0.0000000000
44605  -34.128  -28.788  60.475 0.0000000000
44587  -33.992  -29.353  60.912 0.0000000000
44604  -33.487  -29.128  60.218 0.0000000000
44603  -32.624  -29.284  59.945 0.0000000000
137713  -33.099  -28.933  59.618 0.0000000000
49413  -35.415  -23.514  60.265 0.0000000000
48443  -35.294  -24.199  60.655 0.0000000000
147572  -30.976  -26.344  56.121 0.0000000000
46527  -30.501  -26.219  55.629 0.0000000000
46506  -30.529  -26.893  56.145 0.0000000000
46526  -29.792  -26.761  55.620 0.0000000000
54137  -32.962  -18.939  52.953 0.0000000000
54146  -31.823  -18.848  51.999 0.0000000000
65392  -43.496  -6.922  65.141 0.0000000000
65375  -42.967  -6.145  65.462 0.0000000000
64452  -43.441  -7.631  64.915 0.0000000000
64451  -42.726  -7.422  64.847 0.0000000000
63537  -43.494  -8.831  64.131 0.0000000000
63528  -43.821  -8.402  64.625 0.0000000000
127887  -45.980  -9.824  61.529 0.0000000000
62627  -46.322  -10.924  61.694 0.0000000000
62628  -46.786  -11.116  60.706 0.0000000000
67392  -48.853  -3.796  59.937 0.0000000000
66417  -48.292  -4.164  60.451 0.0000000000
63617  -49.749  -8.824  58.162 0.0000000000
62675  -49.602  -9.730  57.834 0.0000000000
61652  -49.851  -10.663  58.520 0.0000000000
137868  -47.638  -8.136  52.860 0.0000000000
69258  -49.747  -2.243  52.645 0.0000000000
42595  -20.406  -30.623  72.756 0.0000000000
41798  -19.397  -31.517  66.590 0.0000000000
40070  -23.491  -33.607  66.507 0.0000000000
40069  -22.886  -33.456  66.232 0.0000000000
40082  -22.583  -33.297  65.487 0.0000000000
38322  -19.003  -35.940  62.081 0.0000000000
44551  -31.159  -28.797  63.930 0.0000000000
43598  -30.489  -29.036  64.595 0.0000000000
130717  -29.962  -28.597  63.516 0.0000000000
44598  -24.848  -28.158  60.465 0.0000000000
44582  -24.458  -28.590  60.888 0.0000000000
143135  -23.954  -28.896  60.883 0.0000000000
44597  -23.810  -28.725  60.334 0.0000000000
56817  -39.055  -15.433  59.207 0.0000000000
57710  -38.386  -14.821  58.811 0.0000000000
134997  -38.405  -13.614  62.381 0.0000000000
58645  -38.273  -13.649  61.532 0.0000000000
58637  -38.043  -12.888  62.778 0.0000000000
141500  -41.090  -17.988  63.347 0.0000000000
147127  -40.492  -18.830  62.392 0.0000000000
54069  -40.751  -18.243  62.572 0.0000000000
55076  -40.219  -17.600  60.237 0.0000000000
54095  -39.963  -18.177  59.906 0.0000000000
54107  -39.157  -18.474  58.806 0.0000000000
54119  -38.933  -18.184  58.002 0.0000000000
55090  -39.455  -17.524  58.525 0.0000000000
56818  -39.655  -15.931  59.710 0.0000000000
55938  -39.602  -16.805  58.719 0.0000000000
56825  -39.445  -16.183  58.891 0.0000000000
40942  -29.391  -33.160  68.832 0.0000000000
134414  -29.034  -31.493  67.038 0.0000000000
42663  -28.387  -31.049  66.268 0.0000000000
58752  -35.009  -13.676  49.787 0.0000000000
61661  -37.426  -10.668  56.755 0.0000000000
144035  -37.838  -10.369  57.263 0.0000000000
61646  -39.059  -10.149  56.988 0.0000000000
61647  -39.821  -10.098  57.008 0.0000000000
61664  -40.339  -10.196  56.339 0.0000000000
61648  -40.738  -10.031  57.108 0.0000000000
62658  -41.492  -9.639  58.846 0.0000000000
61634  -43.007  -10.090  58.187 0.0000000000
62659  -42.602  -9.832  58.921 0.0000000000
44552  -36.712  -29.356  64.442 0.0000000000
45520  -37.265  -28.536  64.637 0.0000000000
46435  -36.529  -27.004  63.396 0.0000000000
45532  -36.332  -28.101  63.399 0.0000000000
45541  -35.958  -27.475  62.763 0.0000000000
45540  -35.468  -27.984  62.053 0.0000000000
46448  -35.649  -26.884  62.169 0.0000000000
50520  -33.537  -22.854  57.507 0.0000000000
49466  -33.013  -23.418  57.402 0.0000000000
50519  -32.902  -22.972  57.059 0.0000000000
49489  -30.879  -23.948  55.259 0.0000000000
126575  -30.972  -24.846  55.525 0.0000000000
48521  -30.468  -24.698  54.951 0.0000000000
48520  -29.839  -24.563  54.365 0.0000000000
55127  -33.594  -17.439  51.450 0.0000000000
135843  -44.618  -5.977  64.235 0.0000000000
65424  -46.147  -5.716  62.394 0.0000000000
65423  -45.297  -6.692  63.159 0.0000000000
65438  -46.118  -6.372  61.721 0.0000000000
69185  -50.435  -2.742  57.580 0.0000000000
70114  -49.895  -2.148  57.924 0.0000000000
69174  -50.012  -2.578  58.262 0.0000000000
66449  -50.257  -5.085  58.193 0.0000000000
67402  -50.548  -4.588  57.800 0.0000000000
65512  -50.458  -6.243  57.581 0.0000000000
128846  -50.183  -6.812  56.726 0.0000000000
64574  -49.616  -7.197  56.207 0.0000000000
66479  -50.111  -5.433  54.727 0.0000000000
65536  -49.773  -6.129  55.048 0.0000000000
70250  -48.283  -1.994  51.287 0.0000000000
144043  -21.417  -31.319  71.634 0.0000000000
41736  -22.240  -31.887  71.668 0.0000000000
41761  -22.442  -32.166  69.672 0.0000000000
146474  -21.822  -31.690  70.052 0.0000000000
140528  -21.666  -31.746  69.346 0.0000000000
41776  -21.488  -31.855  68.528 0.0000000000
40107  -21.999  -33.271  63.867 0.0000000000
41017  -20.686  -33.004  61.206 0.0000000000
40117  -20.178  -33.520  61.232 0.0000000000
40112  -20.133  -33.499  62.090 0.0000000000
39203  -19.695  -34.857  60.672 0.0000000000
127447  -21.062  -34.501  59.237 0.0000000000
38355  -21.261  -35.097  59.370 0.0000000000
130555  -29.967  -28.376  61.357 0.0000000000
44584  -29.382  -28.300  61.881 0.0000000000
126199  -29.110  -28.154  61.189 0.0000000000
126429  -26.855  -27.578  59.910 0.0000000000
45560  -27.579  -27.748  60.323 0.0000000000
45558  -26.127  -27.697  60.225 0.0000000000
147547  -25.545  -27.665  59.799 0.0000000000
56863  -36.606  -15.898  53.490 0.0000000000
57754  -36.279  -15.385  52.956 0.0000000000
57751  -36.536  -15.135  53.615 0.0000000000
57741  -36.818  -14.591  55.919 0.0000000000
58711  -36.275  -14.075  55.240 0.0000000000
58699  -36.256  -13.725  56.216 0.0000000000
58698  -35.883  -13.161  55.601 0.0000000000
58665  -37.870  -13.908  59.490 0.0000000000
57709  -37.654  -14.090  58.710 0.0000000000
132864  -37.337  -13.256  59.168 0.0000000000
60608  -36.974  -11.476  60.044 0.0000000000
59623  -36.832  -12.677  58.671 0.0000000000
59622  -36.681  -12.008  58.780 0.0000000000
60619  -36.656  -11.490  58.373 0.0000000000
61643  -36.804  -11.050  57.939 0.0000000000
61631  -36.859  -10.887  58.775 0.0000000000
62610  -37.326  -9.567  61.318 0.0000000000
62620  -37.452  -9.671  60.496 0.0000000000
63567  -37.703  -9.126  60.972 0.0000000000
127978  -37.906  -9.315  60.188 0.0000000000
63568  -38.246  -8.559  61.421 0.0000000000
49375  -38.863  -23.348  64.390 0.0000000000
49386  -38.200  -23.422  63.804 0.0000000000
50432  -38.646  -22.657  63.749 0.0000000000
51422  -37.677  -22.088  62.142 0.0000000000
50451  -37.582  -22.866  62.729 0.0000000000
50465  -36.639  -22.647  61.163 0.0000000000
53159  -39.026  -19.699  60.927 0.0000000000
52304  -38.541  -20.451  61.375 0.0000000000
51462  -36.261  -21.301  58.650 0.0000000000
51449  -37.120  -21.107  59.744 0.0000000000
133762  -36.492  -21.504  59.384 0.0000000000
50489  -36.145  -22.143  59.732 0.0000000000
51448  -35.880  -21.900  59.065 0.0000000000
50510  -35.294  -22.309  58.770 0.0000000000
51460  -34.985  -22.066  58.124 0.0000000000
51483  -34.323  -21.367  56.824 0.0000000000
51493  -33.132  -21.198  55.856 0.0000000000
51492  -32.398  -21.475  55.587 0.0000000000
52364  -32.664  -20.815  55.253 0.0000000000
52365  -33.529  -20.442  55.386 0.0000000000
53209  -34.306  -19.723  54.957 0.0000000000
53215  -33.466  -19.919  54.731 0.0000000000
53222  -33.873  -19.329  54.101 0.0000000000
53216  -34.855  -19.052  54.306 0.0000000000
54122  -38.031  -18.428  56.935 0.0000000000
54126  -37.835  -18.060  56.265 0.0000000000
54134  -36.776  -17.568  54.641 0.0000000000
54129  -36.447  -18.178  54.739 0.0000000000
54133  -35.308  -18.333  53.797 0.0000000000
54139  -35.456  -17.706  53.315 0.0000000000
146524  -35.108  -17.624  52.921 0.0000000000
147435  -35.850  -17.300  53.371 0.0000000000
55977  -36.385  -16.454  53.441 0.0000000000
55976  -35.948  -16.766  53.087 0.0000000000
56867  -36.168  -16.106  52.900 0.0000000000
72176  -51.095  0.843  53.704 0.0000000000
139870  -50.806  -0.690  53.306 0.0000000000
72212  -50.549  1.480  52.223 0.0000000000
72211  -49.750  0.546  51.320 0.0000000000
142926  -25.330  -33.617  70.315 0.0000000000
145738  -24.890  -33.788  68.267 0.0000000000
40954  -26.940  -33.044  67.501 0.0000000000
40979  -25.189  -32.898  65.718 0.0000000000
40968  -25.468  -33.168  66.391 0.0000000000
40978  -24.402  -33.172  65.559 0.0000000000
40994  -23.377  -32.986  64.611 0.0000000000
40995  -24.229  -32.799  64.830 0.0000000000
41827  -23.586  -31.949  63.573 0.0000000000
41840  -22.402  -31.789  62.231 0.0000000000
42706  -22.956  -31.153  62.305 0.0000000000
57759  -35.388  -14.208  51.393 0.0000000000
58735  -35.750  -13.533  52.611 0.0000000000
59693  -36.312  -12.340  52.696 0.0000000000
59705  -35.852  -12.919  52.237 0.0000000000
61690  -37.699  -10.787  54.999 0.0000000000
134537  -37.003  -11.219  54.638 0.0000000000
60694  -38.812  -11.140  52.540 0.0000000000
141924  -41.768  -10.333  55.846 0.0000000000
61681  -42.499  -10.554  55.660 0.0000000000
60664  -44.110  -12.312  54.909 0.0000000000
59647  -45.121  -12.626  56.986 0.0000000000
59657  -44.855  -12.731  56.046 0.0000000000
59648  -45.571  -13.238  56.521 0.0000000000
41806  -33.917  -31.877  67.076 0.0000000000
42669  -34.449  -31.426  66.381 0.0000000000
42690  -34.468  -30.313  64.702 0.0000000000
43592  -33.351  -30.035  64.958 0.0000000000
43600  -32.408  -29.549  64.690 0.0000000000
141415  -33.261  -29.735  64.101 0.0000000000
43614  -35.927  -29.669  63.876 0.0000000000
43613  -35.249  -29.777  63.388 0.0000000000
43640  -33.069  -29.578  61.255 0.0000000000
44572  -32.590  -29.347  61.810 0.0000000000
44562  -32.425  -29.186  62.400 0.0000000000
44585  -31.378  -28.842  61.435 0.0000000000
44616  -30.959  -28.952  59.088 0.0000000000
125695  -31.413  -29.090  59.816 0.0000000000
44628  -30.104  -28.619  58.523 0.0000000000
48410  -37.038  -24.101  62.830 0.0000000000
48392  -36.819  -24.942  63.084 0.0000000000
47380  -34.913  -24.986  60.631 0.0000000000
47370  -35.338  -25.474  61.364 0.0000000000
47369  -34.802  -25.877  60.808 0.0000000000
46466  -34.538  -26.951  60.504 0.0000000000
46470  -34.064  -26.592  59.793 0.0000000000
47404  -33.123  -24.684  58.112 0.0000000000
48457  -33.614  -24.865  58.775 0.0000000000
47393  -32.808  -26.401  58.143 0.0000000000
45596  -32.669  -27.374  58.224 0.0000000000
127311  -33.221  -27.375  58.788 0.0000000000
44631  -32.586  -28.335  58.653 0.0000000000
45595  -32.016  -28.169  58.091 0.0000000000
45628  -29.880  -27.495  56.294 0.0000000000
45612  -30.622  -28.089  57.300 0.0000000000
45611  -29.888  -28.092  56.926 0.0000000000
44640  -29.180  -28.324  57.259 0.0000000000
52373  -31.133  -20.241  53.639 0.0000000000
52378  -30.452  -20.301  53.216 0.0000000000
40005  -25.987  -33.292  72.209 0.0000000000
40044  -29.957  -33.540  70.307 0.0000000000
41778  -34.233  -31.852  68.749 0.0000000000
40946  -34.431  -32.363  68.375 0.0000000000
41779  -34.843  -31.916  68.371 0.0000000000
43576  -37.015  -30.276  67.339 0.0000000000
45473  -38.421  -27.925  67.484 0.0000000000
44510  -38.110  -29.068  67.185 0.0000000000
43577  -37.725  -29.846  67.048 0.0000000000
44527  -38.281  -29.266  66.769 0.0000000000
126988  -37.973  -29.580  65.949 0.0000000000
44528  -38.858  -28.496  66.804 0.0000000000
144397  -39.571  -27.286  66.779 0.0000000000
46409  -39.790  -26.313  66.378 0.0000000000
48367  -40.475  -24.766  66.260 0.0000000000
136334  -40.347  -23.918  65.713 0.0000000000
49363  -41.196  -23.274  66.085 0.0000000000
50394  -40.979  -22.431  65.527 0.0000000000
51396  -41.639  -21.359  65.815 0.0000000000
132142  -40.930  -20.902  64.796 0.0000000000
59554  -39.345  -12.968  65.682 0.0000000000
61557  -38.207  -10.686  65.895 0.0000000000
60542  -38.594  -11.657  65.692 0.0000000000
60551  -37.701  -11.271  64.316 0.0000000000
62565  -37.671  -9.863  65.469 0.0000000000
65370  -37.607  -7.660  65.360 0.0000000000
64435  -37.682  -7.741  66.329 0.0000000000
144992  -37.427  -8.468  64.790 0.0000000000
62575  -37.376  -9.389  64.681 0.0000000000
63527  -37.472  -8.267  64.069 0.0000000000
62583  -37.263  -9.209  63.114 0.0000000000
65405  -38.773  -6.854  64.019 0.0000000000
64464  -38.286  -7.413  63.581 0.0000000000
63550  -38.822  -7.997  62.129 0.0000000000
64482  -39.453  -7.583  62.760 0.0000000000
66341  -41.914  -5.247  65.799 0.0000000000
143715  -40.879  -5.908  65.138 0.0000000000
64467  -42.211  -7.765  64.071 0.0000000000
64466  -41.215  -7.390  63.629 0.0000000000
64484  -41.643  -7.978  63.194 0.0000000000
63552  -41.063  -8.156  62.339 0.0000000000
63585  -41.094  -8.778  61.011 0.0000000000
63571  -41.570  -8.652  61.859 0.0000000000
62596  -43.478  -9.641  62.846 0.0000000000
62612  -43.018  -9.566  61.795 0.0000000000
63540  -44.971  -8.819  63.820 0.0000000000
63539  -44.577  -9.075  64.097 0.0000000000
63556  -45.020  -9.627  63.606 0.0000000000
60586  -45.596  -11.526  62.199 0.0000000000
60595  -45.482  -11.792  61.817 0.0000000000
61606  -44.869  -11.499  61.343 0.0000000000
60609  -45.235  -11.999  59.782 0.0000000000
60610  -45.995  -12.611  60.411 0.0000000000
59615  -47.366  -13.052  59.918 0.0000000000
59614  -46.564  -13.004  59.793 0.0000000000
59626  -48.057  -13.319  59.312 0.0000000000
65449  -47.199  -5.908  60.401 0.0000000000
65458  -46.682  -6.899  59.822 0.0000000000
66447  -49.376  -5.883  58.614 0.0000000000
65476  -49.135  -6.683  58.572 0.0000000000
131072  -49.381  -9.428  58.828 0.0000000000
63607  -48.826  -8.754  58.793 0.0000000000
62660  -47.685  -9.412  59.154 0.0000000000
132683  -47.868  -10.276  59.410 0.0000000000
62646  -48.744  -10.914  59.434 0.0000000000
133209  -49.816  -12.573  58.848 0.0000000000
60631  -50.206  -12.524  58.180 0.0000000000
58690  -49.267  -13.339  57.893 0.0000000000
59639  -49.985  -12.825  57.466 0.0000000000
60654  -49.859  -11.726  55.805 0.0000000000
130640  -49.594  -11.575  54.902 0.0000000000
62699  -47.884  -9.594  54.204 0.0000000000
139331  -48.092  -9.646  54.945 0.0000000000
69238  -51.185  -2.717  54.087 0.0000000000
68318  -50.908  -3.421  54.061 0.0000000000
67460  -49.595  -4.311  53.152 0.0000000000
66490  -49.046  -5.489  53.210 0.0000000000
66500  -48.718  -5.260  52.691 0.0000000000
68349  -47.782  -3.241  51.392 0.0000000000
68350  -48.470  -3.674  52.089 0.0000000000
67471  -47.709  -4.090  51.534 0.0000000000
147425  -47.494  -5.706  51.589 0.0000000000
65558  -47.928  -6.499  52.373 0.0000000000
41746  -20.634  -30.963  70.496 0.0000000000
124162  -20.097  -30.591  70.973 0.0000000000
42621  -20.002  -30.685  70.331 0.0000000000
139954  -18.956  -30.763  68.597 0.0000000000
42632  -18.944  -30.535  69.309 0.0000000000
41784  -17.950  -31.253  67.239 0.0000000000
41810  -18.308  -31.962  65.886 0.0000000000
41796  -17.719  -31.814  66.643 0.0000000000
41809  -17.806  -32.406  65.914 0.0000000000
40972  -17.826  -32.980  65.321 0.0000000000
40939  -23.722  -33.300  68.670 0.0000000000
40966  -22.554  -33.231  66.658 0.0000000000
40964  -20.990  -32.397  66.186 0.0000000000
40097  -21.413  -33.265  64.090 0.0000000000
40104  -19.326  -33.238  63.632 0.0000000000
40992  -20.665  -32.972  64.586 0.0000000000
133245  -19.965  -32.421  65.039 0.0000000000
40974  -19.029  -32.153  65.238 0.0000000000
40990  -18.718  -33.055  64.208 0.0000000000
37510  -20.365  -36.265  60.757 0.0000000000
42667  -32.411  -30.801  66.437 0.0000000000
42666  -31.283  -30.470  66.393 0.0000000000
42677  -29.583  -30.078  65.890 0.0000000000
43587  -28.941  -29.830  65.367 0.0000000000
42689  -28.327  -29.836  64.975 0.0000000000
43595  -27.948  -29.592  64.404 0.0000000000
44568  -28.206  -28.470  62.480 0.0000000000
44558  -28.665  -28.705  63.257 0.0000000000
43625  -27.327  -28.674  62.621 0.0000000000
132947  -27.186  -29.044  63.151 0.0000000000
43605  -25.851  -29.605  63.120 0.0000000000
42697  -25.345  -30.324  63.493 0.0000000000
43604  -24.925  -29.867  62.748 0.0000000000
43638  -23.252  -29.759  61.207 0.0000000000
43621  -23.720  -30.002  61.930 0.0000000000
129092  -22.546  -30.257  60.851 0.0000000000
43661  -24.167  -28.892  57.913 0.0000000000
133098  -24.379  -28.015  58.650 0.0000000000
42733  -23.551  -30.028  58.375 0.0000000000
43659  -22.941  -29.887  58.850 0.0000000000
142902  -23.019  -30.445  58.611 0.0000000000
41037  -23.229  -32.423  58.670 0.0000000000
41863  -22.652  -31.056  58.658 0.0000000000
41036  -22.097  -31.807  58.636 0.0000000000
142067  -22.436  -32.389  58.571 0.0000000000
56810  -39.756  -15.717  60.541 0.0000000000
57689  -39.289  -15.047  60.869 0.0000000000
138325  -38.735  -14.209  61.955 0.0000000000
57656  -38.584  -13.560  63.291 0.0000000000
55913  -40.683  -17.032  62.695 0.0000000000
55069  -40.653  -17.509  62.045 0.0000000000
55920  -40.497  -16.856  61.627 0.0000000000
55925  -40.213  -16.985  60.185 0.0000000000
136875  -40.050  -16.368  60.306 0.0000000000
58712  -45.732  -13.591  55.116 0.0000000000
58723  -46.255  -13.634  54.508 0.0000000000
58733  -46.936  -13.326  53.598 0.0000000000
130972  -31.131  -33.106  69.133 0.0000000000
40956  -29.722  -32.590  68.289 0.0000000000
141248  -30.677  -32.778  68.576 0.0000000000
41789  -30.590  -32.047  67.915 0.0000000000
41788  -29.933  -31.271  67.181 0.0000000000
57768  -35.182  -13.926  50.624 0.0000000000
62655  -38.588  -9.807  58.306 0.0000000000
62656  -39.571  -9.691  58.295 0.0000000000
62657  -40.471  -9.651  58.440 0.0000000000
130015  -40.632  -9.462  59.065 0.0000000000
124280  -37.656  -27.586  64.755 0.0000000000
50529  -32.445  -22.776  56.456 0.0000000000
50537  -30.839  -23.082  54.968 0.0000000000
50546  -29.834  -23.523  54.095 0.0000000000
127915  -29.324  -23.039  53.501 0.0000000000
55990  -33.849  -16.842  51.181 0.0000000000
56001  -33.351  -16.477  50.414 0.0000000000
68284  -50.916  -3.522  57.152 0.0000000000
147658  -50.846  -4.223  57.332 0.0000000000
68291  -51.137  -4.255  56.701 0.0000000000
65525  -50.022  -6.449  55.934 0.0000000000
66480  -50.652  -4.965  55.265 0.0000000000
40892  -23.142  -32.513  72.296 0.0000000000
41014  -22.101  -32.540  62.596 0.0000000000
146546  -20.441  -33.286  60.754 0.0000000000
39214  -21.192  -33.741  58.978 0.0000000000
45575  -28.369  -27.870  59.774 0.0000000000
144143  -26.934  -27.469  59.192 0.0000000000
56854  -37.286  -15.575  54.886 0.0000000000
126245  -36.690  -14.831  54.432 0.0000000000
57731  -36.811  -14.278  56.811 0.0000000000
59598  -37.279  -12.274  60.531 0.0000000000
61604  -37.009  -10.731  60.425 0.0000000000
60593  -36.936  -10.800  59.599 0.0000000000
50433  -39.414  -22.064  64.105 0.0000000000
51414  -38.830  -21.796  63.358 0.0000000000
51423  -38.398  -21.519  62.583 0.0000000000
52324  -38.227  -20.023  59.697 0.0000000000
52314  -37.736  -20.680  60.143 0.0000000000
52322  -36.892  -20.866  58.984 0.0000000000
52335  -36.016  -21.102  57.929 0.0000000000
51474  -35.334  -21.443  57.741 0.0000000000
146749  -35.695  -20.902  57.367 0.0000000000
52355  -34.781  -20.699  56.424 0.0000000000
128180  -34.957  -19.771  55.385 0.0000000000
53210  -35.636  -19.405  55.359 0.0000000000
55099  -38.175  -17.208  56.192 0.0000000000
55107  -37.253  -17.385  55.091 0.0000000000
55970  -37.119  -16.909  54.680 0.0000000000
144480  -36.648  -17.150  54.197 0.0000000000
56860  -37.325  -16.238  54.762 0.0000000000
40040  -25.568  -33.709  69.836 0.0000000000
140656  -26.216  -33.751  69.525 0.0000000000
40065  -26.248  -33.621  68.054 0.0000000000
122873  -26.989  -32.469  66.698 0.0000000000
41800  -26.688  -32.162  66.130 0.0000000000
41812  -25.572  -32.172  65.254 0.0000000000
41817  -24.939  -31.830  64.500 0.0000000000
59679  -35.812  -12.856  54.125 0.0000000000
59680  -36.142  -12.280  53.718 0.0000000000
61691  -38.501  -10.605  54.623 0.0000000000
61707  -38.737  -10.738  53.801 0.0000000000
61725  -38.996  -10.876  53.142 0.0000000000
61667  -43.191  -10.707  56.171 0.0000000000
60640  -43.785  -11.399  55.911 0.0000000000
60653  -44.254  -12.152  55.588 0.0000000000
59635  -45.420  -12.546  58.051 0.0000000000
126260  -35.438  -31.496  66.525 0.0000000000
44573  -35.117  -29.046  62.010 0.0000000000
43628  -34.845  -29.577  62.500 0.0000000000
43642  -34.422  -29.425  61.689 0.0000000000
43641  -33.777  -29.573  61.443 0.0000000000
43650  -32.690  -29.471  60.660 0.0000000000
130097  -31.878  -29.249  60.494 0.0000000000
44617  -31.860  -29.152  59.285 0.0000000000
122801  -31.441  -28.908  58.743 0.0000000000
48426  -36.133  -24.143  61.705 0.0000000000
122646  -34.421  -24.992  59.917 0.0000000000
132890  -31.837  -25.134  56.654 0.0000000000
47418  -32.159  -25.653  57.134 0.0000000000
47417  -31.526  -25.941  56.452 0.0000000000
46508  -31.825  -26.506  57.035 0.0000000000
45630  -31.172  -27.607  57.119 0.0000000000
53220  -31.572  -19.687  53.289 0.0000000000
42650  -34.732  -31.282  68.425 0.0000000000
43574  -34.852  -30.274  67.954 0.0000000000
45474  -39.159  -28.001  67.110 0.0000000000
129852  -39.760  -11.405  67.751 0.0000000000
60543  -39.255  -12.218  66.198 0.0000000000
61537  -39.397  -10.636  67.711 0.0000000000
61546  -38.797  -10.444  66.915 0.0000000000
128161  -38.069  -6.315  66.356 0.0000000000
139330  -37.852  -6.898  65.509 0.0000000000
64449  -37.777  -7.361  64.711 0.0000000000
65387  -38.363  -6.627  64.789 0.0000000000
65388  -39.315  -6.297  64.566 0.0000000000
66343  -42.982  -5.318  65.542 0.0000000000
66342  -42.491  -5.304  65.662 0.0000000000
65374  -42.470  -6.054  65.475 0.0000000000
65390  -42.288  -6.668  65.104 0.0000000000
63536  -42.605  -8.418  63.689 0.0000000000
63554  -43.028  -9.027  63.269 0.0000000000
62597  -44.333  -10.069  63.271 0.0000000000
62599  -45.408  -10.242  63.020 0.0000000000
62614  -45.867  -10.640  62.395 0.0000000000
61607  -46.015  -11.386  62.182 0.0000000000
60596  -46.038  -11.994  61.790 0.0000000000
142891  -46.190  -12.392  61.128 0.0000000000
60597  -46.551  -12.190  61.079 0.0000000000
60611  -47.433  -12.519  60.238 0.0000000000
67383  -47.862  -3.644  61.128 0.0000000000
66432  -47.948  -5.355  59.914 0.0000000000
64536  -50.084  -7.745  58.170 0.0000000000
63608  -49.650  -8.602  58.369 0.0000000000
62662  -49.493  -10.236  59.039 0.0000000000
61637  -49.701  -11.252  59.121 0.0000000000
61653  -50.150  -11.323  57.880 0.0000000000
61669  -50.002  -11.357  57.127 0.0000000000
61683  -49.429  -10.821  56.346 0.0000000000
62709  -47.757  -9.552  53.266 0.0000000000
69259  -50.348  -2.416  53.191 0.0000000000
68333  -50.629  -2.948  53.574 0.0000000000
68332  -49.949  -3.033  52.988 0.0000000000
126989  -49.403  -3.732  52.772 0.0000000000
66524  -47.035  -5.355  51.135 0.0000000000
42609  -19.502  -30.241  71.419 0.0000000000
42657  -18.443  -30.908  67.945 0.0000000000
41785  -18.895  -31.210  67.258 0.0000000000
124935  -19.989  -33.444  62.932 0.0000000000
127422  -19.136  -33.604  63.024 0.0000000000
38321  -18.608  -35.473  62.565 0.0000000000
36686  -20.063  -36.883  61.900 0.0000000000
43590  -31.697  -29.611  65.266 0.0000000000
146048  -31.211  -29.844  65.739 0.0000000000
43589  -30.812  -29.426  65.253 0.0000000000
43597  -29.657  -29.012  64.374 0.0000000000
44548  -29.081  -28.916  63.900 0.0000000000
45547  -26.764  -28.211  61.478 0.0000000000
44567  -26.802  -28.537  62.131 0.0000000000
44566  -25.977  -28.549  61.807 0.0000000000
129770  -24.790  -29.365  62.119 0.0000000000
44581  -24.125  -29.263  61.482 0.0000000000
43648  -22.851  -29.640  60.340 0.0000000000
145091  -38.511  -15.588  57.665 0.0000000000
145203  -38.081  -14.341  59.171 0.0000000000
58666  -38.190  -13.974  60.067 0.0000000000
57688  -38.694  -14.492  60.411 0.0000000000
58653  -38.205  -13.783  60.727 0.0000000000
58652  -37.742  -13.023  61.044 0.0000000000
59583  -37.560  -12.186  62.263 0.0000000000
60572  -37.258  -11.293  62.542 0.0000000000
53139  -40.016  -19.815  62.988 0.0000000000
126247  -40.003  -19.398  62.251 0.0000000000
54080  -40.219  -18.275  60.857 0.0000000000
53160  -39.575  -18.952  60.425 0.0000000000
126065  -38.882  -19.512  60.068 0.0000000000
53171  -38.697  -19.276  59.243 0.0000000000
53197  -37.649  -19.194  57.298 0.0000000000
53198  -38.303  -18.736  57.638 0.0000000000
54123  -38.565  -17.915  57.290 0.0000000000
131449  -39.264  -16.908  58.080 0.0000000000
55100  -38.620  -17.221  56.944 0.0000000000
55945  -38.848  -16.682  57.388 0.0000000000
56835  -38.747  -16.049  57.509 0.0000000000
40055  -28.582  -33.482  69.132 0.0000000000
134397  -27.984  -32.630  67.621 0.0000000000
40955  -28.856  -32.220  67.649 0.0000000000
41801  -27.480  -31.756  66.348 0.0000000000
61660  -36.739  -11.202  56.970 0.0000000000
60639  -36.988  -10.993  56.238 0.0000000000
61676  -37.737  -10.649  55.898 0.0000000000
61645  -38.495  -10.122  57.453 0.0000000000
132746  -38.586  -10.435  55.875 0.0000000000
61678  -39.169  -10.410  55.263 0.0000000000
61679  -40.172  -10.421  54.805 0.0000000000
61680  -40.914  -10.295  55.552 0.0000000000
122406  -41.718  -10.031  57.231 0.0000000000
61649  -42.645  -10.166  57.395 0.0000000000
141676  -37.167  -29.839  65.259 0.0000000000
44564  -36.158  -29.064  63.519 0.0000000000
45551  -35.024  -28.361  61.441 0.0000000000
45550  -34.664  -28.137  60.806 0.0000000000
49453  -34.440  -23.429  58.892 0.0000000000
49467  -33.391  -23.683  57.897 0.0000000000
48484  -32.794  -24.127  57.513 0.0000000000
49476  -32.004  -23.525  56.346 0.0000000000
48497  -31.908  -24.315  56.502 0.0000000000
48498  -32.288  -24.619  57.047 0.0000000000
48509  -31.442  -25.019  56.124 0.0000000000
47434  -30.515  -25.480  55.279 0.0000000000
47452  -29.537  -25.487  54.549 0.0000000000
48539  -29.137  -24.989  53.943 0.0000000000
48537  -27.993  -24.869  53.106 0.0000000000
49515  -29.276  -24.085  53.715 0.0000000000
54148  -33.535  -18.368  52.436 0.0000000000
54159  -32.416  -18.294  51.490 0.0000000000
54171  -32.162  -18.003  50.782 0.0000000000
55136  -31.928  -17.703  50.077 0.0000000000
55137  -32.568  -17.398  50.447 0.0000000000
145861  -43.851  -7.161  64.974 0.0000000000
63529  -44.162  -8.596  64.489 0.0000000000
65409  -44.221  -7.170  64.682 0.0000000000
64470  -44.905  -7.854  63.749 0.0000000000
135850  -45.238  -5.715  63.576 0.0000000000
64485  -45.212  -8.095  63.222 0.0000000000
64498  -45.461  -8.371  62.424 0.0000000000
64511  -45.647  -8.611  61.391 0.0000000000
63586  -45.940  -8.856  60.310 0.0000000000
67393  -49.343  -3.738  59.332 0.0000000000
142546  -49.712  -4.626  58.700 0.0000000000
66448  -49.943  -5.503  58.414 0.0000000000
65478  -50.201  -6.354  58.179 0.0000000000
66456  -50.612  -5.468  57.565 0.0000000000
65494  -50.285  -7.059  58.000 0.0000000000
64543  -50.234  -7.605  57.927 0.0000000000
63618  -49.924  -8.177  57.708 0.0000000000
63629  -49.100  -8.133  56.537 0.0000000000
64595  -49.344  -6.875  55.332 0.0000000000
64594  -48.599  -7.434  54.848 0.0000000000
64612  -48.435  -7.136  53.930 0.0000000000
65548  -48.242  -6.775  53.088 0.0000000000
70251  -49.279  -1.112  51.802 0.0000000000
69257  -48.983  -1.977  51.969 0.0000000000
147261  -48.694  -1.429  51.376 0.0000000000
141369  -47.865  -2.546  51.189 0.0000000000
42596  -20.951  -30.965  72.117 0.0000000000
124447  -20.819  -31.333  69.118 0.0000000000
144160  -20.672  -31.740  67.406 0.0000000000
40099  -22.892  -33.279  65.094 0.0000000000
40106  -21.431  -33.270  63.427 0.0000000000
40113  -20.908  -33.309  62.661 0.0000000000
38338  -20.159  -35.437  60.350 0.0000000000
38354  -20.625  -34.890  59.683 0.0000000000
143488  -20.821  -35.463  59.790 0.0000000000
125705  -29.990  -28.443  62.926 0.0000000000
122393  -28.796  -28.266  61.981 0.0000000000
45549  -28.328  -27.947  60.723 0.0000000000
45548  -27.516  -28.012  61.162 0.0000000000
44599  -26.057  -28.057  60.979 0.0000000000
140708  -25.437  -27.918  60.410 0.0000000000
56873  -35.173  -15.705  51.653 0.0000000000
135072  -35.437  -14.999  51.693 0.0000000000
145342  -36.024  -14.986  52.589 0.0000000000
57753  -36.050  -14.480  53.009 0.0000000000
145105  -36.133  -13.995  54.482 0.0000000000
58720  -35.905  -13.532  54.133 0.0000000000
126623  -36.251  -11.911  56.678 0.0000000000
57721  -37.098  -13.971  57.758 0.0000000000
58675  -36.602  -13.009  57.933 0.0000000000
125503  -36.310  -12.451  57.311 0.0000000000
61632  -37.201  -10.521  58.384 0.0000000000
128561  -37.223  -10.235  60.026 0.0000000000
62637  -37.714  -9.978  58.791 0.0000000000
62621  -38.645  -9.081  60.054 0.0000000000
63583  -38.952  -8.674  60.700 0.0000000000
145470  -38.640  -24.657  64.818 0.0000000000
48378  -37.970  -24.802  64.269 0.0000000000
48394  -37.869  -24.030  63.850 0.0000000000
50431  -37.992  -22.951  63.316 0.0000000000
49395  -37.186  -23.428  62.600 0.0000000000
49394  -36.689  -23.725  62.186 0.0000000000
49403  -36.389  -23.373  61.470 0.0000000000
49414  -36.069  -23.079  60.729 0.0000000000
50475  -35.808  -22.776  60.044 0.0000000000
52293  -38.755  -20.719  62.193 0.0000000000
51433  -38.106  -21.218  61.775 0.0000000000
51432  -37.485  -21.612  61.311 0.0000000000
51441  -37.302  -21.332  60.527 0.0000000000
51440  -36.920  -21.973  60.848 0.0000000000
50487  -35.022  -22.925  59.146 0.0000000000
50509  -34.679  -22.716  58.504 0.0000000000
51472  -33.938  -22.071  57.172 0.0000000000
51473  -34.656  -21.746  57.484 0.0000000000
51481  -32.778  -21.905  56.209 0.0000000000
51491  -31.839  -21.724  55.324 0.0000000000
130868  -31.395  -20.775  54.356 0.0000000000
52375  -32.914  -20.289  54.872 0.0000000000
53221  -32.396  -19.474  53.500 0.0000000000
136381  -33.180  -19.257  53.609 0.0000000000
53205  -36.793  -19.226  56.203 0.0000000000
54130  -36.985  -18.035  55.188 0.0000000000
53223  -34.572  -18.727  53.674 0.0000000000
54149  -34.251  -18.121  52.598 0.0000000000
55120  -34.701  -17.577  52.492 0.0000000000
55981  -34.901  -16.998  52.230 0.0000000000
68307  -51.487  -3.200  54.987 0.0000000000
69221  -51.498  -2.529  54.657 0.0000000000
70215  -51.429  -1.898  54.244 0.0000000000
142883  -51.199  -1.229  53.774 0.0000000000
71196  -50.081  -0.671  52.517 0.0000000000
72193  -50.757  0.976  52.985 0.0000000000
71210  -49.497  -0.289  51.618 0.0000000000
71220  -49.113  -0.130  50.783 0.0000000000
72225  -49.399  0.595  50.371 0.0000000000
72224  -48.746  -0.102  49.819 0.0000000000
40017  -24.643  -33.271  71.173 0.0000000000
40028  -24.544  -33.374  70.207 0.0000000000
40038  -24.404  -33.497  69.254 0.0000000000
40051  -24.235  -33.653  68.229 0.0000000000
145688  -24.903  -33.716  69.052 0.0000000000
40062  -23.806  -33.683  67.277 0.0000000000
40066  -26.988  -33.473  68.350 0.0000000000
40969  -26.234  -32.901  66.667 0.0000000000
145249  -25.669  -33.316  66.826 0.0000000000
40072  -25.121  -33.607  66.958 0.0000000000
40084  -23.898  -33.568  66.044 0.0000000000
41008  -23.935  -32.332  64.173 0.0000000000
41844  -21.548  -31.539  60.691 0.0000000000
45608  -26.720  -27.852  57.170 0.0000000000
58741  -35.564  -13.379  51.050 0.0000000000
145268  -35.810  -12.962  51.515 0.0000000000
59723  -36.028  -12.726  50.833 0.0000000000
60661  -37.799  -10.979  54.060 0.0000000000
60675  -37.440  -11.352  53.265 0.0000000000
141193  -37.063  -11.750  52.567 0.0000000000
147936  -42.623  -10.768  55.025 0.0000000000
126589  -44.634  -12.819  55.206 0.0000000000
142541  -33.349  -32.340  67.756 0.0000000000
139920  -32.494  -31.967  67.563 0.0000000000
41805  -32.926  -31.616  67.022 0.0000000000
42681  -33.944  -30.718  65.626 0.0000000000
42680  -32.933  -30.425  65.768 0.0000000000
43602  -35.752  -30.082  64.327 0.0000000000
43601  -35.032  -30.122  63.898 0.0000000000
128788  -34.185  -29.932  63.640 0.0000000000
43611  -34.033  -29.775  62.768 0.0000000000
43610  -33.358  -29.621  63.205 0.0000000000
129458  -32.660  -29.271  62.921 0.0000000000
44561  -31.733  -28.821  63.002 0.0000000000
44570  -30.880  -28.575  62.382 0.0000000000
144283  -30.596  -28.545  61.628 0.0000000000
44601  -29.957  -28.395  60.475 0.0000000000
136657  -30.642  -28.736  59.902 0.0000000000
44614  -29.173  -28.231  59.122 0.0000000000
47347  -37.322  -25.392  63.793 0.0000000000
135395  -35.850  -26.099  62.228 0.0000000000
48408  -35.898  -24.938  61.882 0.0000000000
47358  -35.758  -25.613  61.954 0.0000000000
46459  -35.450  -26.244  61.734 0.0000000000
45562  -34.248  -28.029  60.198 0.0000000000
48458  -34.233  -24.368  59.320 0.0000000000
47386  -33.802  -25.714  59.327 0.0000000000
47403  -32.683  -25.668  57.824 0.0000000000
46469  -33.622  -26.950  59.242 0.0000000000
45576  -33.471  -27.812  59.190 0.0000000000
44619  -33.103  -28.444  59.155 0.0000000000
44630  -31.962  -28.806  58.692 0.0000000000
44643  -31.413  -28.598  58.264 0.0000000000
44642  -30.729  -28.570  57.913 0.0000000000
144989  -28.712  -28.282  57.482 0.0000000000
45609  -27.540  -28.052  57.068 0.0000000000
54158  -31.600  -18.529  51.241 0.0000000000
57657  -39.709  -14.913  63.952 0.0000000000
57643  -39.829  -14.622  64.658 0.0000000000
58604  -39.936  -13.546  66.017 0.0000000000
59545  -39.835  -12.809  66.556 0.0000000000
42583  -21.224  -31.155  73.967 0.0000000000
41726  -21.845  -31.638  73.409 0.0000000000
137738  -22.663  -32.119  73.772 0.0000000000
40893  -23.923  -32.861  72.923 0.0000000000
40018  -25.259  -33.434  71.459 0.0000000000
40032  -27.319  -33.750  70.563 0.0000000000
124254  -28.255  -33.722  70.469 0.0000000000
40043  -28.951  -33.733  70.012 0.0000000000
40057  -30.598  -33.376  69.665 0.0000000000
40943  -31.937  -32.947  69.190 0.0000000000
40944  -33.256  -32.654  68.809 0.0000000000
40958  -33.143  -32.619  68.382 0.0000000000
40959  -33.761  -32.574  68.310 0.0000000000
41780  -35.399  -31.612  68.008 0.0000000000
41793  -35.603  -31.687  67.353 0.0000000000
42670  -36.352  -31.261  66.730 0.0000000000
145752  -36.860  -30.966  66.570 0.0000000000
42671  -37.197  -30.618  66.431 0.0000000000
43584  -37.382  -30.379  66.936 0.0000000000
42672  -37.384  -30.222  65.887 0.0000000000
45504  -38.860  -28.131  66.300 0.0000000000
45521  -38.475  -27.457  65.466 0.0000000000
46422  -38.583  -26.425  65.292 0.0000000000
47304  -40.166  -26.049  66.721 0.0000000000
47319  -40.013  -25.512  66.122 0.0000000000
48365  -39.246  -25.047  65.414 0.0000000000
48380  -39.239  -24.101  65.081 0.0000000000
49376  -39.689  -23.260  64.973 0.0000000000
50412  -40.076  -22.424  64.887 0.0000000000
50413  -40.294  -21.527  64.601 0.0000000000
52272  -41.013  -20.142  64.545 0.0000000000
53123  -41.704  -19.447  65.476 0.0000000000
53128  -41.546  -19.588  64.984 0.0000000000
124623  -41.074  -19.293  64.098 0.0000000000
53134  -41.426  -18.747  64.469 0.0000000000
54059  -41.355  -18.105  64.080 0.0000000000
55047  -41.077  -17.485  63.675 0.0000000000
55903  -40.814  -16.757  63.640 0.0000000000
56783  -40.446  -16.053  63.612 0.0000000000
58625  -39.222  -14.209  63.898 0.0000000000
58624  -38.763  -13.345  64.219 0.0000000000
59563  -38.456  -12.605  64.488 0.0000000000
59553  -38.765  -12.421  65.321 0.0000000000
59562  -37.915  -12.048  63.995 0.0000000000
60562  -37.478  -11.336  63.477 0.0000000000
61567  -37.327  -10.607  63.795 0.0000000000
63510  -38.356  -8.905  67.450 0.0000000000
62554  -37.769  -8.602  66.441 0.0000000000
133348  -37.202  -9.777  63.791 0.0000000000
126264  -37.077  -9.923  62.991 0.0000000000
139158  -37.449  -8.863  62.569 0.0000000000
64463  -37.728  -7.758  63.919 0.0000000000
64481  -37.888  -7.886  63.212 0.0000000000
63549  -37.887  -8.308  62.460 0.0000000000
63569  -39.364  -8.315  61.409 0.0000000000
66357  -39.974  -5.733  65.154 0.0000000000
65406  -39.690  -6.732  63.953 0.0000000000
137633  -41.366  -6.462  64.801 0.0000000000
65407  -40.785  -6.812  64.075 0.0000000000
64465  -40.106  -7.196  63.396 0.0000000000
63584  -40.030  -8.662  60.810 0.0000000000
62623  -40.634  -9.004  60.243 0.0000000000
62624  -41.632  -9.195  60.491 0.0000000000
62625  -42.483  -9.469  60.896 0.0000000000
62643  -43.315  -10.030  59.735 0.0000000000
124571  -43.972  -10.517  59.413 0.0000000000
63538  -44.146  -9.091  64.273 0.0000000000
62584  -44.547  -9.619  63.732 0.0000000000
61588  -45.194  -10.654  62.919 0.0000000000
61597  -44.980  -11.091  62.525 0.0000000000
61605  -44.452  -10.902  61.723 0.0000000000
61636  -44.526  -11.076  58.986 0.0000000000
60620  -44.964  -11.805  58.533 0.0000000000
59624  -46.256  -13.138  58.690 0.0000000000
59637  -46.732  -13.519  58.103 0.0000000000
58688  -47.221  -13.668  57.492 0.0000000000
64512  -45.954  -7.653  60.455 0.0000000000
65460  -48.404  -5.991  59.015 0.0000000000
64523  -47.304  -7.307  59.004 0.0000000000
63597  -46.612  -9.130  59.471 0.0000000000
127444  -47.501  -11.092  59.897 0.0000000000
61622  -48.032  -11.931  59.858 0.0000000000
60612  -48.352  -12.467  59.681 0.0000000000
142049  -49.748  -12.041  59.125 0.0000000000
60613  -49.089  -12.565  59.312 0.0000000000
59627  -49.015  -13.070  59.124 0.0000000000
58678  -48.711  -13.410  58.598 0.0000000000
58689  -48.302  -13.576  57.766 0.0000000000
58702  -47.885  -13.503  56.826 0.0000000000
59659  -48.705  -13.018  56.155 0.0000000000
60642  -50.103  -12.249  56.594 0.0000000000
62691  -48.541  -10.108  55.585 0.0000000000
145596  -49.402  -10.976  54.739 0.0000000000
68306  -51.146  -3.700  54.628 0.0000000000
67432  -50.393  -4.759  54.407 0.0000000000
67446  -50.026  -4.532  53.689 0.0000000000
66491  -49.672  -5.298  53.837 0.0000000000
66514  -48.326  -5.002  52.254 0.0000000000
66513  -47.697  -4.982  51.685 0.0000000000
64624  -47.765  -7.341  52.598 0.0000000000
42610  -20.240  -30.536  71.783 0.0000000000
123629  -19.565  -30.613  69.843 0.0000000000
40949  -17.210  -31.965  67.127 0.0000000000
40930  -23.116  -32.760  69.181 0.0000000000
40937  -22.170  -32.518  67.988 0.0000000000
41799  -20.358  -31.785  66.716 0.0000000000
135830  -21.580  -32.916  65.797 0.0000000000
40989  -18.229  -33.013  64.761 0.0000000000
41803  -30.925  -31.245  67.144 0.0000000000
42678  -30.454  -29.899  65.849 0.0000000000
42676  -28.287  -30.344  65.519 0.0000000000
146594  -27.000  -30.397  64.703 0.0000000000
44559  -29.399  -28.616  63.367 0.0000000000
43608  -28.325  -29.108  63.858 0.0000000000
43607  -27.522  -29.308  63.729 0.0000000000
43594  -27.066  -29.928  64.226 0.0000000000
42687  -26.454  -30.559  64.496 0.0000000000
127590  -24.544  -30.678  63.240 0.0000000000
42707  -23.502  -30.597  62.309 0.0000000000
124330  -25.533  -27.692  57.788 0.0000000000
45592  -25.749  -27.499  58.473 0.0000000000
45591  -24.954  -27.725  58.328 0.0000000000
45572  -25.273  -27.580  59.137 0.0000000000
45571  -24.677  -27.770  59.025 0.0000000000
44613  -24.224  -28.112  59.280 0.0000000000
44612  -23.702  -28.603  59.521 0.0000000000
43660  -23.616  -29.330  58.476 0.0000000000
43649  -23.234  -29.106  59.874 0.0000000000
129386  -22.772  -29.684  59.517 0.0000000000
42726  -22.382  -30.340  59.248 0.0000000000
142681  -21.963  -30.688  59.553 0.0000000000
41851  -21.571  -31.290  59.664 0.0000000000
39229  -21.917  -33.673  58.645 0.0000000000
40933  -33.261  -32.394  69.104 0.0000000000
44550  -30.238  -28.738  63.968 0.0000000000
49431  -35.331  -23.052  59.691 0.0000000000
52294  -39.436  -20.227  62.584 0.0000000000
53148  -39.764  -19.172  61.314 0.0000000000
54058  -41.084  -18.528  63.618 0.0000000000
54081  -40.572  -17.982  61.618 0.0000000000
54108  -39.668  -18.047  59.219 0.0000000000
54125  -37.220  -18.457  55.836 0.0000000000
54160  -33.248  -18.041  51.733 0.0000000000
55113  -36.327  -17.005  53.665 0.0000000000
55138  -33.178  -17.102  50.817 0.0000000000
60541  -37.987  -11.218  65.101 0.0000000000
61587  -44.770  -10.549  62.972 0.0000000000
64534  -48.173  -7.753  58.660 0.0000000000
67408  -50.980  -4.926  57.098 0.0000000000
68269  -49.385  -3.022  59.281 0.0000000000
68292  -51.269  -3.489  56.388 0.0000000000
125861  -37.865  -19.517  58.061 0.0000000000
127712  -31.268  -23.272  55.470 0.0000000000
131769  -36.879  -30.264  65.371 0.0000000000
138858  -37.546  -8.298  65.654 0.0000000000
139912  -37.165  -10.206  63.400 0.0000000000
144655  -39.469  -14.832  63.358 0.0000000000
145664  -40.651  -21.972  65.110 0.0000000000
146545  -36.047  -12.164  55.112 0.0000000000
