#!ascii label  , from subject sub-v1s4x0050706_ses-1 vox2ras=TkReg
568
19265  -37.256  -59.319  -0.129 0.6999999881
127272  -37.692  -57.957  -1.015 0.6000000238
20106  -37.382  -58.556  -1.538 0.6000000238
20931  -36.681  -57.808  -3.537 0.4000000060
22564  -35.517  -55.391  4.698 0.6999999881
23433  -36.435  -54.028  4.631 0.6999999881
139431  -35.946  -55.865  4.248 0.6999999881
23434  -36.920  -54.416  4.126 0.6000000238
21706  -35.874  -56.606  3.901 0.6999999881
22582  -37.041  -55.141  3.687 0.6000000238
21707  -36.535  -56.637  3.394 0.6000000238
140488  -37.203  -55.666  3.293 0.6000000238
144712  -37.363  -57.269  2.216 0.6000000238
22598  -37.625  -55.797  2.763 0.6000000238
22599  -38.038  -55.128  2.466 0.5000000000
122673  -37.840  -56.982  1.877 0.5000000000
22616  -38.458  -55.084  1.582 0.5000000000
21758  -38.352  -56.484  0.715 0.6000000238
20918  -37.916  -57.794  -0.147 0.6000000238
22633  -38.441  -55.997  -0.068 0.6000000238
21767  -38.163  -56.280  -0.993 0.6000000238
21766  -37.938  -57.230  -1.011 0.6000000238
23414  -35.926  -53.809  5.072 0.6000000238
141209  -37.051  -52.860  4.511 0.6000000238
133361  -37.509  -53.015  4.005 0.6000000238
24256  -37.474  -53.801  3.783 0.6000000238
147098  -38.207  -52.701  3.164 0.6000000238
24277  -37.830  -53.967  3.281 0.6000000238
23456  -37.928  -54.475  2.910 0.6000000238
24288  -38.436  -53.496  2.124 0.6000000238
23477  -38.525  -54.034  1.440 0.6000000238
124705  -38.383  -55.928  1.333 0.6000000238
24309  -38.502  -53.604  0.700 0.6999999881
24322  -38.437  -53.881  -0.058 0.6000000238
23502  -38.447  -54.677  -0.349 0.6000000238
21773  -37.674  -56.788  -1.775 0.5000000000
20932  -37.198  -57.192  -2.682 0.5000000000
24243  -35.575  -53.216  5.325 0.6000000238
25079  -36.732  -52.245  4.900 0.6000000238
143183  -37.733  -50.950  4.329 0.6000000238
140231  -37.773  -51.677  4.134 0.6000000238
25100  -37.957  -52.340  3.636 0.6000000238
25863  -38.252  -51.253  3.465 0.6000000238
25879  -38.453  -51.448  2.462 0.6000000238
136354  -38.472  -52.022  2.091 0.6000000238
25116  -38.481  -52.685  2.090 0.6000000238
25127  -38.416  -52.224  1.331 0.6000000238
24298  -38.506  -53.135  1.393 0.6999999881
23511  -38.213  -54.848  -1.137 0.6000000238
21774  -38.117  -55.547  -1.300 0.6000000238
21782  -37.068  -56.426  -3.229 0.4000000060
25836  -35.665  -51.604  5.446 0.6000000238
143615  -36.248  -51.941  5.246 0.6000000238
25845  -37.228  -51.544  4.645 0.6000000238
26631  -38.386  -50.324  3.282 0.6000000238
27433  -38.413  -49.736  2.583 0.5000000000
26650  -38.461  -50.682  2.625 0.6000000238
25888  -38.420  -51.497  1.700 0.6999999881
25155  -38.063  -52.574  -0.080 0.6000000238
137000  -38.370  -52.787  0.658 0.6000000238
143790  -38.332  -53.214  0.144 0.6000000238
24321  -38.137  -53.239  -0.537 0.6000000238
24332  -38.243  -54.018  -0.893 0.6000000238
24343  -37.534  -53.704  -2.384 0.6000000238
134633  -37.788  -55.965  -1.837 0.6000000238
22657  -37.405  -55.587  -2.720 0.5000000000
129383  -34.940  -51.127  5.558 0.5000000000
26606  -36.202  -50.033  5.308 0.6000000238
26615  -36.988  -50.671  4.914 0.6000000238
26616  -37.612  -50.226  4.478 0.6000000238
26630  -38.143  -50.329  3.973 0.5000000000
28258  -38.110  -48.904  3.929 0.5000000000
27418  -38.298  -49.622  3.561 0.5000000000
27443  -38.152  -49.617  1.586 0.6000000238
132394  -37.731  -49.065  1.254 0.6000000238
26674  -37.790  -50.648  0.641 0.6999999881
25905  -38.179  -51.412  0.935 0.6999999881
26688  -36.616  -50.301  -0.452 0.6000000238
25144  -38.093  -51.999  0.451 0.6999999881
25143  -37.580  -51.751  -0.323 0.6000000238
25914  -36.913  -51.160  -0.786 0.6000000238
25154  -37.692  -52.529  -0.871 0.6000000238
25167  -37.309  -52.504  -1.704 0.6000000238
24331  -37.804  -53.302  -1.480 0.6000000238
23518  -37.189  -53.989  -3.251 0.5000000000
22656  -37.106  -54.873  -3.449 0.4000000060
128033  -35.352  -50.005  5.504 0.6000000238
27393  -36.446  -49.057  5.206 0.6000000238
27402  -37.157  -49.594  4.829 0.5000000000
134922  -37.587  -48.843  4.487 0.6000000238
130927  -38.018  -48.223  3.591 0.5000000000
28259  -38.297  -48.885  3.084 0.6000000238
29087  -37.669  -47.366  2.364 0.5000000000
27444  -38.115  -48.815  2.051 0.6000000238
134596  -37.803  -48.074  1.966 0.5000000000
28286  -37.547  -48.423  1.340 0.5000000000
29112  -36.213  -47.774  0.483 0.5000000000
28297  -37.198  -48.888  0.713 0.6000000238
29111  -35.530  -47.405  0.189 0.5000000000
28296  -36.354  -48.659  0.213 0.5000000000
27459  -36.835  -49.531  0.175 0.6000000238
29132  -35.088  -47.735  -0.302 0.4000000060
26673  -37.229  -50.208  0.194 0.6999999881
28313  -34.955  -48.402  -0.712 0.4000000060
26687  -35.753  -50.077  -1.082 0.5000000000
26702  -36.238  -50.763  -1.264 0.6000000238
26700  -35.174  -49.870  -1.678 0.5000000000
26701  -35.517  -50.556  -1.951 0.6000000238
26707  -34.881  -50.015  -2.429 0.5000000000
129070  -36.721  -51.918  -1.971 0.6000000238
24351  -36.665  -53.384  -3.841 0.5000000000
131389  -36.239  -51.472  -2.130 0.6000000238
25934  -36.149  -51.828  -2.804 0.6000000238
24342  -37.006  -53.188  -2.982 0.6000000238
28235  -35.824  -48.501  5.418 0.5000000000
28244  -37.330  -48.016  4.677 0.5000000000
123311  -37.730  -47.654  4.148 0.5000000000
29076  -37.848  -47.470  3.371 0.4000000060
29877  -37.191  -46.962  1.664 0.4000000060
29096  -36.735  -47.358  1.018 0.5000000000
29113  -36.945  -48.109  0.819 0.5000000000
29889  -36.053  -47.009  0.649 0.5000000000
29905  -33.534  -46.626  -0.981 0.4000000060
29109  -34.142  -46.880  -0.594 0.4000000060
29131  -34.374  -47.679  -0.806 0.4000000060
28311  -33.895  -47.878  -1.610 0.5000000000
27476  -34.604  -48.832  -1.387 0.5000000000
28323  -33.789  -47.958  -2.227 0.5000000000
27491  -34.639  -49.374  -1.899 0.5000000000
27496  -34.475  -49.319  -2.681 0.5000000000
25940  -35.817  -51.238  -3.696 0.5000000000
25938  -36.042  -51.857  -3.611 0.5000000000
25933  -35.735  -51.161  -2.496 0.6000000238
25177  -36.451  -52.519  -3.399 0.5000000000
29876  -36.589  -46.589  1.164 0.4000000060
30643  -35.176  -45.957  0.359 0.5000000000
29888  -35.359  -46.699  0.310 0.5000000000
29887  -34.651  -46.432  -0.073 0.5000000000
29915  -33.311  -46.645  -1.574 0.4000000060
28328  -34.010  -47.842  -2.676 0.5000000000
27502  -35.928  -49.921  -3.798 0.5000000000
137065  -36.386  -50.495  -4.093 0.3000000119
29147  -33.688  -47.283  -2.312 0.5000000000
131471  -34.406  -48.919  -3.008 0.5000000000
26713  -35.224  -50.102  -3.395 0.5000000000
134426  -33.986  -45.298  -0.216 0.4000000060
30658  -33.824  -46.112  -0.506 0.4000000060
31358  -33.351  -44.758  -0.480 0.4000000060
30669  -32.334  -45.055  -1.887 0.4000000060
29904  -33.114  -46.089  -1.214 0.4000000060
29922  -33.125  -46.135  -2.108 0.4000000060
30679  -32.700  -45.418  -2.114 0.4000000060
139370  -33.278  -45.953  -2.311 0.5000000000
27500  -36.400  -49.065  -3.804 0.4000000060
28331  -34.331  -48.316  -3.007 0.5000000000
27499  -35.415  -49.313  -3.519 0.5000000000
29926  -34.412  -46.769  -2.891 0.5000000000
126655  -34.914  -47.960  -3.259 0.5000000000
127724  -34.836  -48.765  -3.265 0.5000000000
32198  -31.946  -43.811  -2.291 0.4000000060
30680  -33.299  -45.390  -2.418 0.4000000060
29152  -36.728  -47.487  -3.661 0.4000000060
29151  -35.711  -47.399  -3.385 0.5000000000
30684  -33.947  -46.008  -2.640 0.5000000000
142266  -34.901  -47.282  -3.173 0.5000000000
31396  -32.607  -44.672  -2.317 0.4000000060
29928  -36.461  -46.715  -3.478 0.4000000060
123992  -37.220  -46.024  -3.581 0.3000000119
31397  -33.610  -44.617  -2.497 0.5000000000
30685  -35.095  -45.869  -2.943 0.5000000000
29927  -35.435  -46.666  -3.215 0.5000000000
33042  -32.489  -43.023  -2.507 0.4000000060
30686  -36.181  -45.992  -3.313 0.3000000119
128633  -36.889  -45.353  -3.424 0.3000000119
32199  -32.957  -43.876  -2.481 0.4000000060
32200  -34.142  -43.751  -2.395 0.4000000060
30681  -34.327  -45.248  -2.653 0.5000000000
30682  -35.437  -44.980  -2.833 0.5000000000
135393  -33.101  -42.342  -2.554 0.4000000060
31407  -36.474  -44.766  -3.169 0.3000000119
31408  -37.401  -44.738  -3.483 0.3000000119
32201  -35.216  -43.609  -2.343 0.4000000060
33043  -33.568  -43.017  -2.405 0.4000000060
31398  -34.783  -44.406  -2.536 0.4000000060
34804  -32.617  -41.179  -2.724 0.5000000000
32202  -36.244  -43.436  -2.566 0.3000000119
32210  -37.105  -44.009  -3.242 0.4000000060
32203  -37.237  -43.165  -2.968 0.4000000060
32211  -37.904  -43.523  -3.414 0.4000000060
33904  -33.207  -41.574  -2.609 0.4000000060
33045  -35.521  -42.862  -2.104 0.5000000000
33044  -34.010  -42.118  -2.336 0.5000000000
125798  -34.581  -42.946  -2.174 0.5000000000
33905  -34.735  -41.530  -2.096 0.5000000000
33906  -35.628  -42.062  -1.886 0.4000000060
33907  -36.588  -41.882  -1.954 0.4000000060
33058  -38.126  -42.804  -3.242 0.3000000119
34805  -33.397  -40.689  -2.655 0.5000000000
126699  -33.941  -41.264  -2.420 0.5000000000
35641  -36.318  -39.600  -2.038 0.4000000060
127830  -37.201  -39.831  -1.932 0.3000000119
129561  -32.563  -38.973  -3.040 0.5000000000
35640  -35.394  -39.882  -2.218 0.4000000060
34807  -35.679  -41.047  -1.818 0.4000000060
125992  -36.778  -41.165  -1.808 0.4000000060
33908  -37.447  -41.664  -2.279 0.4000000060
34809  -37.571  -40.764  -2.057 0.3000000119
35637  -32.554  -40.500  -2.779 0.5000000000
34806  -34.455  -40.561  -2.360 0.5000000000
35638  -33.251  -39.921  -2.761 0.5000000000
139087  -35.822  -39.145  -2.404 0.4000000060
36528  -36.782  -38.970  -2.259 0.4000000060
131935  -32.050  -38.269  -3.153 0.5000000000
35653  -33.187  -39.345  -2.929 0.5000000000
35654  -33.929  -39.321  -2.874 0.5000000000
36540  -34.337  -38.543  -3.100 0.5000000000
131622  -34.471  -39.726  -2.604 0.5000000000
35639  -33.873  -40.014  -2.689 0.5000000000
36527  -35.885  -38.403  -2.731 0.4000000060
146858  -31.742  -37.813  -3.162 0.5000000000
137095  -34.103  -37.196  -3.418 0.5000000000
36541  -36.943  -38.207  -2.569 0.3000000119
37368  -32.318  -37.494  -3.270 0.5000000000
131814  -33.185  -37.014  -3.405 0.5000000000
37369  -33.898  -38.005  -3.322 0.5000000000
20119  -37.085  -58.145  -2.556 0.5000000000
21729  -37.569  -56.577  2.420 0.6000000238
125157  -38.476  -50.966  2.005 0.6999999881
23510  -37.941  -54.250  -1.737 0.6000000238
27460  -37.606  -49.712  0.770 0.6999999881
26689  -37.326  -50.891  -0.084 0.6999999881
27478  -36.063  -49.441  -0.408 0.5000000000
25927  -37.163  -51.858  -1.184 0.6000000238
28314  -35.635  -48.772  -0.373 0.4000000060
26710  -34.839  -50.105  -3.038 0.5000000000
25937  -35.630  -51.262  -3.178 0.5000000000
29914  -32.890  -45.927  -1.860 0.4000000060
29140  -33.526  -47.305  -1.876 0.5000000000
30641  -33.177  -45.497  -0.743 0.4000000060
31399  -35.892  -44.207  -2.761 0.4000000060
33046  -36.452  -42.672  -2.273 0.4000000060
134199  -33.040  -38.011  -3.272 0.5000000000
13068  -29.640  -68.238  2.935 0.5000000000
12301  -30.739  -68.506  1.412 0.5000000000
12289  -30.359  -68.240  2.410 0.5000000000
13108  -31.687  -67.216  -0.898 0.5000000000
12328  -31.203  -68.307  -0.368 0.5000000000
12314  -30.993  -68.489  0.503 0.4000000060
13053  -30.927  -67.410  2.844 0.5000000000
13070  -31.763  -67.361  1.931 0.6000000238
143745  -31.504  -67.177  2.568 0.6000000238
13095  -31.810  -67.364  -0.001 0.5000000000
133950  -31.843  -67.437  0.981 0.5000000000
13933  -32.634  -66.291  -2.546 0.4000000060
15374  -31.253  -64.284  3.701 0.6999999881
14603  -31.554  -65.164  3.608 0.6999999881
14604  -32.699  -65.781  2.855 0.6999999881
13879  -33.061  -66.297  1.430 0.5000000000
13869  -32.815  -66.255  2.203 0.6999999881
13901  -33.193  -66.292  -0.496 0.5000000000
13900  -32.469  -66.803  -0.204 0.5000000000
13890  -33.173  -66.309  0.462 0.5000000000
14700  -33.641  -65.903  -2.270 0.5000000000
13917  -33.167  -66.222  -1.511 0.5000000000
16855  -30.401  -62.612  2.861 0.5000000000
16843  -30.705  -62.974  3.445 0.6999999881
16115  -31.672  -62.833  4.152 0.6999999881
16125  -30.675  -63.776  3.448 0.6999999881
16127  -32.167  -63.460  4.068 0.6999999881
128000  -32.490  -65.140  3.400 0.6000000238
15411  -33.803  -64.875  1.613 0.6999999881
143234  -33.552  -64.795  2.385 0.6000000238
14666  -33.857  -65.697  -0.751 0.5000000000
14652  -33.749  -65.671  0.148 0.6000000238
14640  -33.571  -65.619  1.089 0.6000000238
14683  -33.966  -65.701  -1.487 0.5000000000
15472  -34.812  -64.992  -3.457 0.5000000000
17639  -30.787  -61.622  3.689 0.5000000000
16844  -31.087  -62.421  3.930 0.6999999881
144260  -32.749  -63.800  3.796 0.6999999881
16846  -33.453  -62.727  3.672 0.6999999881
16836  -33.004  -62.292  4.176 0.6999999881
15392  -33.505  -64.292  2.934 0.8000000119
16144  -33.883  -63.554  2.709 0.6999999881
15432  -34.611  -64.148  0.302 0.6000000238
15412  -34.262  -64.167  1.231 0.6999999881
126414  -34.734  -64.444  -0.459 0.6999999881
15462  -34.957  -64.942  -2.435 0.6000000238
143879  -34.916  -64.774  -1.642 0.6000000238
15473  -35.514  -64.438  -2.977 0.6000000238
139400  -30.551  -60.023  3.206 0.5000000000
125392  -31.188  -60.071  4.275 0.6000000238
123944  -30.577  -60.856  3.304 0.5000000000
130846  -32.002  -60.056  4.611 0.6000000238
18417  -32.568  -60.800  4.505 0.6000000238
17629  -32.226  -61.719  4.420 0.6999999881
18437  -34.541  -60.598  3.205 0.6999999881
18436  -33.912  -61.066  3.812 0.6000000238
147190  -33.796  -63.016  3.161 0.6999999881
17652  -34.339  -61.498  3.100 0.6999999881
16160  -34.380  -63.348  1.764 0.6999999881
16198  -35.114  -63.840  -0.385 0.6999999881
15463  -35.518  -64.246  -1.901 0.6999999881
15447  -35.555  -63.674  -1.053 0.6999999881
19201  -30.944  -59.287  4.077 0.5000000000
19203  -32.421  -59.294  4.615 0.6000000238
127932  -33.089  -59.916  4.531 0.6000000238
18418  -33.413  -60.691  4.270 0.6000000238
140283  -34.514  -62.015  2.509 0.8000000119
18453  -34.854  -60.987  2.498 0.5000000000
129777  -34.751  -59.881  3.276 0.6000000238
16895  -34.898  -62.823  1.059 0.6999999881
17672  -35.526  -61.378  1.248 0.6999999881
16916  -36.219  -62.228  -0.604 0.6999999881
17701  -35.911  -62.016  0.167 0.6999999881
16942  -36.614  -62.676  -2.624 0.5000000000
16215  -36.216  -63.404  -1.905 0.6999999881
122442  -36.699  -61.053  -3.023 0.5000000000
140101  -30.810  -58.430  3.660 0.5000000000
20017  -31.824  -57.843  4.472 0.5000000000
20851  -33.321  -57.489  4.641 0.6000000238
130254  -32.034  -58.621  4.589 0.6000000238
20852  -34.220  -57.675  4.397 0.6000000238
20019  -33.501  -58.393  4.498 0.6000000238
20853  -34.893  -56.975  4.302 0.6000000238
20020  -34.560  -58.473  4.010 0.6000000238
20021  -34.938  -57.740  3.982 0.6000000238
19246  -35.846  -60.032  1.810 0.6000000238
19238  -36.341  -59.320  1.793 0.5000000000
20031  -35.347  -58.180  3.503 0.5000000000
18473  -36.391  -60.636  0.433 0.6000000238
19247  -36.479  -59.894  1.037 0.6000000238
18511  -36.904  -60.802  -0.959 0.6000000238
18492  -36.733  -60.547  -0.231 0.6000000238
18521  -37.015  -59.684  -2.263 0.5000000000
20864  -31.210  -57.646  4.071 0.5000000000
20850  -32.467  -57.226  4.613 0.6000000238
140510  -33.974  -56.972  4.621 0.6000000238
20051  -36.257  -58.683  2.377 0.5000000000
20884  -36.851  -57.135  2.830 0.5000000000
20075  -36.897  -59.092  1.196 0.4000000060
122344  -37.291  -58.373  1.406 0.5000000000
20052  -36.925  -57.983  2.224 0.5000000000
19286  -37.084  -59.936  -0.711 0.6000000238
21705  -31.234  -56.726  3.785 0.5000000000
21689  -32.294  -56.356  4.591 0.6000000238
139661  -33.534  -55.830  4.951 0.6000000238
21691  -34.253  -56.223  4.782 0.6000000238
20907  -37.842  -57.858  0.878 0.5000000000
20899  -38.072  -57.154  1.216 0.4000000060
21728  -31.120  -56.414  2.746 0.5000000000
140845  -32.086  -55.521  4.477 0.5000000000
22562  -33.334  -55.228  5.065 0.6000000238
141339  -34.792  -55.628  4.899 0.6000000238
22561  -31.638  -55.390  4.026 0.5000000000
139350  -33.151  -54.614  5.101 0.6000000238
22549  -34.808  -54.862  5.193 0.6000000238
22597  -31.430  -55.389  2.555 0.5000000000
127286  -31.549  -54.905  3.426 0.5000000000
23431  -32.655  -54.049  4.782 0.5000000000
24241  -33.726  -53.244  5.331 0.6000000238
23412  -34.275  -54.048  5.388 0.6000000238
23454  -31.809  -53.857  3.342 0.5000000000
125888  -32.170  -53.700  4.204 0.5000000000
24287  -31.669  -53.686  2.187 0.5000000000
25066  -35.144  -52.489  5.503 0.5000000000
24276  -32.109  -52.982  3.832 0.5000000000
137298  -33.121  -52.910  5.057 0.5000000000
25115  -31.803  -52.934  2.898 0.5000000000
25099  -31.897  -52.198  3.529 0.5000000000
25078  -32.895  -52.325  4.889 0.5000000000
25065  -34.268  -52.541  5.467 0.4000000060
25878  -31.467  -52.196  2.789 0.5000000000
25843  -32.673  -51.553  4.707 0.5000000000
25844  -33.349  -51.700  5.203 0.4000000060
130832  -33.960  -51.937  5.443 0.4000000060
25862  -32.089  -51.490  4.096 0.4000000060
26614  -33.162  -50.777  5.140 0.4000000060
26603  -33.941  -50.208  5.444 0.4000000060
19264  -37.001  -59.407  0.559 0.6000000238
19294  -37.206  -59.429  -1.551 0.5000000000
18520  -36.853  -60.279  -2.630 0.4000000060
20050  -35.638  -58.719  2.949 0.6000000238
26604  -34.754  -50.443  5.539 0.4000000060
27391  -34.686  -49.560  5.526 0.4000000060
15376  -32.970  -64.404  3.467 0.6999999881
16873  -34.707  -62.421  1.816 0.6999999881
16179  -35.141  -63.248  0.266 0.6999999881
16896  -35.414  -62.453  0.538 0.6999999881
18438  -35.188  -60.128  2.563 0.6000000238
19226  -34.623  -59.297  3.663 0.6000000238
16928  -36.528  -62.511  -1.537 0.6999999881
18454  -35.390  -60.781  1.857 0.6999999881
124989  -35.613  -61.857  0.738 0.6999999881
17718  -36.724  -61.656  -1.222 0.6000000238
131975  -37.010  -61.007  -1.938 0.6000000238
13069  -31.090  -67.825  2.130 0.5000000000
13083  -31.191  -67.965  1.154 0.5000000000
13094  -31.289  -67.910  0.186 0.5000000000
13107  -31.335  -67.732  -0.672 0.5000000000
13850  -31.440  -66.690  3.114 0.5000000000
13851  -31.965  -65.954  3.316 0.6000000238
13868  -32.152  -66.606  2.604 0.6999999881
13878  -32.420  -66.825  1.699 0.5000000000
13889  -32.509  -66.859  0.750 0.5000000000
13916  -32.352  -66.686  -1.133 0.5000000000
14605  -33.161  -65.039  2.971 0.8000000119
14625  -33.315  -65.567  2.135 0.6999999881
14653  -34.295  -64.989  -0.165 0.6000000238
14667  -34.510  -65.041  -1.047 0.6000000238
14684  -34.426  -65.361  -1.944 0.6000000238
14701  -34.226  -65.528  -2.876 0.5000000000
15375  -32.192  -64.339  3.794 0.6999999881
15431  -34.089  -64.923  0.713 0.6000000238
15446  -35.072  -64.326  -1.052 0.6999999881
16126  -31.312  -63.386  3.884 0.6999999881
16128  -33.346  -63.586  3.463 0.6999999881
16143  -30.280  -63.339  2.923 0.6999999881
16145  -34.236  -62.786  2.536 0.6999999881
16159  -33.926  -64.184  2.129 0.6999999881
16178  -34.653  -63.531  0.908 0.6999999881
16227  -35.967  -63.871  -2.589 0.6000000238
16228  -36.333  -63.339  -2.879 0.5000000000
16835  -32.292  -62.624  4.251 0.6999999881
16845  -32.870  -63.107  3.997 0.6999999881
16856  -34.032  -62.345  3.176 0.6999999881
16874  -35.220  -62.082  1.221 0.6999999881
16915  -35.679  -62.699  -0.148 0.6999999881
16927  -35.960  -62.985  -0.893 0.6999999881
17628  -31.280  -61.617  4.198 0.6999999881
17630  -33.188  -61.449  4.253 0.6999999881
17640  -33.677  -61.918  3.750 0.6999999881
17653  -34.993  -61.576  1.929 0.6999999881
17688  -35.971  -61.336  0.591 0.6999999881
17702  -36.422  -61.345  -0.234 0.6000000238
17736  -36.884  -61.847  -2.284 0.6000000238
18415  -30.900  -60.843  4.052 0.5000000000
18416  -31.600  -60.855  4.414 0.6000000238
18435  -30.761  -60.070  3.826 0.6000000238
18461  -35.941  -60.680  1.175 0.6000000238
18512  -37.076  -60.202  -1.634 0.5000000000
19202  -31.565  -59.312  4.447 0.6000000238
19204  -33.134  -59.111  4.552 0.6000000238
19205  -33.866  -59.221  4.267 0.6000000238
19225  -30.651  -59.343  3.466 0.5000000000
19227  -35.205  -59.363  3.047 0.6000000238
19237  -35.739  -59.371  2.413 0.5000000000
19285  -36.844  -59.974  0.179 0.6000000238
19303  -36.651  -59.520  -3.109 0.4000000060
19304  -37.006  -58.992  -2.405 0.5000000000
20018  -32.632  -58.054  4.604 0.6000000238
20032  -36.151  -57.927  3.027 0.5000000000
20064  -36.741  -58.711  1.811 0.5000000000
20076  -37.444  -58.671  0.478 0.6000000238
20094  -37.545  -58.591  -0.532 0.6999999881
20849  -31.694  -56.977  4.359 0.5000000000
20863  -30.873  -57.410  3.313 0.5000000000
20865  -35.577  -57.434  3.679 0.6000000238
20898  -37.577  -57.617  1.651 0.4000000060
20908  -38.133  -57.243  0.493 0.5000000000
20919  -38.218  -56.850  -0.186 0.6000000238
20926  -37.507  -57.639  -1.764 0.6000000238
21688  -31.650  -56.124  4.169 0.5000000000
21690  -33.217  -56.550  4.792 0.6000000238
21692  -35.243  -56.139  4.512 0.6000000238
21693  -36.594  -55.923  3.712 0.6999999881
21708  -37.103  -56.310  3.103 0.6000000238
21730  -38.124  -55.955  2.071 0.5000000000
21748  -38.165  -56.518  1.543 0.5000000000
21783  -37.447  -56.401  -2.427 0.5000000000
22548  -33.837  -54.724  5.255 0.6000000238
22563  -34.092  -55.430  5.098 0.6000000238
22565  -36.356  -55.146  4.282 0.6000000238
22581  -31.377  -55.820  3.503 0.5000000000
22583  -37.564  -55.119  3.113 0.6000000238
22650  -37.867  -55.133  -1.881 0.6000000238
23411  -33.420  -54.038  5.231 0.6000000238
23413  -35.199  -53.994  5.313 0.6000000238
23430  -31.942  -54.608  4.226 0.5000000000
23432  -35.838  -54.572  4.864 0.6999999881
23455  -37.468  -54.498  3.488 0.6000000238
23465  -31.625  -54.465  2.373 0.5000000000
23466  -38.305  -54.333  2.232 0.6000000238
23519  -37.541  -54.578  -2.568 0.5000000000
24242  -34.687  -53.264  5.452 0.5000000000
24244  -36.420  -53.174  4.915 0.6000000238
24253  -32.610  -53.090  4.594 0.5000000000
24254  -33.054  -53.457  5.061 0.5000000000
24255  -37.002  -53.571  4.347 0.6000000238
24278  -38.178  -53.755  2.788 0.6000000238
24330  -37.370  -53.016  -2.229 0.6000000238
25064  -33.525  -52.450  5.267 0.5000000000
25067  -35.991  -52.451  5.310 0.6000000238
25077  -32.368  -52.253  4.275 0.5000000000
25080  -37.418  -52.281  4.333 0.6000000238
25101  -38.323  -53.020  2.743 0.6000000238
25166  -36.819  -52.501  -2.529 0.6000000238
25835  -34.670  -51.809  5.538 0.4000000060
25837  -36.536  -51.476  5.123 0.6000000238
25904  -37.772  -51.337  0.309 0.6999999881
25925  -36.045  -51.076  -1.865 0.6000000238
25926  -36.562  -51.375  -1.514 0.6000000238
26605  -35.520  -50.677  5.476 0.5000000000
26613  -32.407  -50.812  4.573 0.4000000060
26657  -38.105  -50.214  1.205 0.6999999881
26658  -38.399  -50.337  1.886 0.6000000238
26675  -38.273  -50.845  1.375 0.6999999881
26708  -35.241  -50.651  -2.817 0.5000000000
26711  -35.397  -50.675  -3.298 0.5000000000
26714  -35.732  -50.653  -3.715 0.5000000000
27392  -35.597  -49.333  5.447 0.6000000238
27394  -37.083  -48.728  4.893 0.5000000000
27417  -37.902  -49.587  4.264 0.6000000238
27477  -35.202  -49.287  -1.030 0.5000000000
27498  -34.741  -49.492  -3.143 0.5000000000
28234  -35.083  -48.830  5.520 0.4000000060
28273  -38.026  -48.128  2.723 0.6000000238
28295  -35.626  -48.116  -0.052 0.5000000000
28312  -34.341  -48.312  -1.307 0.5000000000
28324  -34.151  -48.647  -2.005 0.5000000000
28329  -34.161  -48.515  -2.658 0.5000000000
28332  -35.852  -48.317  -3.554 0.5000000000
29097  -37.351  -47.706  1.486 0.5000000000
29110  -34.860  -47.138  -0.171 0.5000000000
29130  -33.726  -47.195  -1.233 0.4000000060
29149  -33.972  -47.236  -2.666 0.5000000000
29150  -34.339  -47.596  -2.964 0.5000000000
29923  -33.303  -46.676  -2.045 0.4000000060
29925  -33.625  -46.602  -2.424 0.5000000000
30642  -34.502  -45.783  -0.003 0.4000000060
30644  -35.909  -46.241  0.724 0.4000000060
31395  -32.073  -44.530  -2.061 0.4000000060
33047  -37.335  -42.411  -2.596 0.3000000119
34808  -36.477  -40.355  -1.797 0.4000000060
36539  -33.518  -38.722  -3.122 0.5000000000
122509  -31.435  -55.837  1.844 0.5000000000
123170  -34.888  -42.293  -2.031 0.5000000000
123741  -30.675  -62.283  3.399 0.5000000000
123947  -32.609  -54.958  4.810 0.6000000238
126160  -34.092  -60.107  3.950 0.6000000238
126636  -31.305  -58.522  4.266 0.5000000000
127095  -32.828  -55.749  4.858 0.6000000238
128058  -31.666  -62.246  4.266 0.6999999881
128544  -37.970  -53.232  3.362 0.6000000238
128581  -35.116  -58.805  3.434 0.6000000238
129370  -38.522  -55.562  0.697 0.6000000238
129501  -32.737  -58.698  4.601 0.6000000238
129645  -32.226  -66.588  -1.931 0.4000000060
129922  -37.341  -59.180  -0.872 0.6000000238
131673  -34.097  -51.138  5.463 0.4000000060
134365  -32.557  -39.770  -2.848 0.5000000000
134737  -38.374  -52.212  2.830 0.6000000238
136383  -38.575  -54.585  0.585 0.6000000238
137910  -36.352  -37.744  -2.833 0.4000000060
138777  -36.196  -50.887  5.305 0.6000000238
139071  -36.015  -45.382  -3.136 0.3000000119
139353  -36.215  -57.162  3.383 0.6000000238
140922  -38.359  -55.446  -0.632 0.6000000238
141760  -37.774  -48.321  4.216 0.6000000238
142253  -35.490  -63.280  -0.421 0.6999999881
142477  -36.043  -51.130  -4.035 0.3000000119
144478  -37.976  -56.529  2.008 0.5000000000
144801  -36.404  -54.554  4.473 0.6999999881
145042  -30.947  -64.859  3.597 0.6999999881
145365  -38.527  -55.262  0.047 0.6000000238
146268  -34.684  -61.502  2.493 0.8000000119
146582  -31.765  -63.884  3.922 0.6999999881
147699  -33.578  -37.561  -3.382 0.5000000000
