#!ascii label  , from subject sub-v1s4x0050706_ses-1 vox2ras=TkReg
1630
35728  24.796  -47.656  4.925 0.8999999762
34805  25.555  -48.375  4.949 0.8000000119
133404  26.053  -49.038  4.712 0.8000000119
33097  26.225  -50.365  4.209 0.6999999881
33992  26.821  -50.073  3.259 0.8000000119
35729  23.823  -47.827  4.452 0.8999999762
34804  26.393  -48.332  4.715 1.0000000000
146335  27.079  -48.196  4.265 1.0000000000
147522  27.198  -48.653  3.740 0.8999999762
33974  27.016  -49.322  3.498 0.8000000119
147340  26.799  -50.232  2.492 0.8000000119
33991  27.049  -49.503  2.469 0.8999999762
33170  26.627  -50.739  2.002 0.8000000119
147952  26.496  -49.766  0.987 0.6999999881
33188  25.928  -50.537  0.238 0.6999999881
36686  23.256  -46.277  3.942 0.8000000119
36667  24.071  -46.740  4.512 0.8999999762
37658  23.874  -45.507  4.247 0.8999999762
37674  23.042  -45.306  3.635 0.8999999762
37689  20.513  -44.428  2.496 0.8999999762
36665  26.107  -46.880  5.181 0.8999999762
35743  27.399  -47.458  4.266 1.0000000000
143314  27.382  -48.717  2.934 0.8999999762
35776  27.749  -47.264  1.820 1.0000000000
35777  27.250  -47.872  1.387 0.8999999762
34847  27.245  -48.682  1.920 0.8999999762
126725  26.802  -49.281  1.428 0.8000000119
37657  24.854  -45.080  4.679 0.8999999762
136501  23.452  -44.620  3.760 0.8999999762
38753  22.689  -43.994  3.284 0.8999999762
38754  21.783  -43.763  2.764 0.8999999762
38767  19.784  -42.629  2.033 0.8999999762
132374  24.629  -46.035  4.722 0.8999999762
37655  26.433  -46.143  5.173 0.8999999762
35742  27.790  -47.207  3.671 1.0000000000
34864  26.751  -48.501  0.976 0.8000000119
34031  26.326  -49.146  0.622 0.8000000119
34032  25.635  -49.099  -0.101 0.8000000119
34876  25.058  -48.594  -0.675 0.8000000119
143677  24.620  -48.873  -1.169 0.8000000119
130200  24.045  -48.825  -1.733 0.8000000119
129147  22.105  -42.751  2.683 0.8999999762
39754  20.083  -41.711  2.112 0.8999999762
38755  18.253  -41.956  2.183 0.8999999762
38737  24.078  -44.399  4.106 0.8999999762
39742  19.189  -41.359  2.203 0.8999999762
38769  17.714  -41.880  1.568 0.8000000119
37656  25.889  -45.316  5.144 0.8999999762
37677  18.465  -43.739  3.370 0.6999999881
37678  17.896  -43.413  2.800 0.6999999881
36690  17.738  -45.098  3.148 0.6999999881
146633  27.322  -46.148  4.819 0.8999999762
36691  17.606  -46.446  3.201 0.6999999881
35748  17.535  -47.478  3.191 0.6999999881
37673  28.041  -45.958  4.301 1.0000000000
34823  17.842  -48.452  3.361 0.6000000238
36684  28.193  -46.529  3.396 1.0000000000
36701  28.223  -46.667  2.266 1.0000000000
35760  27.917  -47.298  2.845 1.0000000000
35795  27.199  -47.046  0.958 1.0000000000
36718  27.852  -46.466  1.288 1.0000000000
36738  26.586  -46.647  0.309 0.8999999762
35796  26.490  -47.568  0.499 0.8000000119
34865  26.051  -48.372  0.276 0.8000000119
34875  25.510  -48.309  -0.255 0.8000000119
147408  24.548  -47.291  -0.988 0.8000000119
34883  24.425  -48.122  -1.204 0.8000000119
35820  23.833  -47.405  -1.454 0.8000000119
36769  24.080  -46.815  -1.270 0.8000000119
35821  22.923  -47.421  -1.798 0.8000000119
38752  23.498  -43.619  3.533 0.8999999762
39741  21.214  -42.242  2.370 0.8999999762
39739  22.818  -42.509  2.935 0.8999999762
39740  21.897  -41.566  2.652 0.8999999762
39753  20.625  -41.337  2.450 0.8999999762
39743  18.956  -41.832  2.912 0.8999999762
36689  18.454  -45.401  3.624 0.6999999881
150271  26.742  -45.562  5.156 0.8999999762
131844  18.657  -46.750  3.798 0.6000000238
35747  18.230  -47.414  3.554 0.6000000238
37654  27.502  -45.367  4.893 1.0000000000
33129  18.309  -50.171  3.554 0.5000000000
36700  28.565  -45.976  2.566 1.0000000000
32204  18.974  -51.777  3.992 0.5000000000
37703  28.779  -45.488  1.731 1.0000000000
36717  28.401  -46.124  1.795 1.0000000000
37722  27.638  -45.716  0.612 1.0000000000
36737  27.212  -46.364  0.630 1.0000000000
36754  26.078  -46.118  -0.266 0.8999999762
35797  25.711  -47.670  -0.144 0.8000000119
37740  25.508  -45.538  -0.718 0.8999999762
36755  25.325  -46.317  -0.607 0.8000000119
137684  25.202  -47.081  -0.571 0.8000000119
128722  24.969  -45.072  -1.151 0.8999999762
37741  24.691  -45.737  -1.059 0.8000000119
38824  24.337  -44.759  -1.387 0.8999999762
36757  23.868  -46.109  -1.314 0.8000000119
36758  22.763  -46.037  -1.489 0.8000000119
37744  21.907  -45.574  -1.583 0.8000000119
36759  21.632  -46.260  -1.702 0.8000000119
40688  19.733  -41.244  2.418 0.8999999762
38751  24.153  -43.471  3.799 0.8999999762
39738  23.733  -42.417  3.327 0.8999999762
38739  19.366  -43.319  3.891 0.6999999881
36670  19.077  -45.288  3.984 0.8000000119
38734  26.554  -44.783  5.148 0.8999999762
39720  25.403  -43.166  4.372 0.8999999762
139635  19.329  -46.598  4.190 0.6999999881
34822  18.671  -48.414  3.755 0.6000000238
33977  18.494  -49.283  3.653 0.6000000238
35732  19.825  -47.677  4.386 0.6999999881
34821  19.198  -49.078  4.011 0.6000000238
150360  18.809  -50.584  3.819 0.5000000000
36683  28.565  -45.635  3.536 1.0000000000
33104  19.212  -51.062  4.081 0.5000000000
31316  19.458  -52.586  4.512 0.5000000000
37688  28.956  -45.288  2.680 1.0000000000
37721  28.391  -45.240  0.856 1.0000000000
134996  27.838  -44.987  0.319 1.0000000000
37738  27.151  -45.157  -0.052 1.0000000000
37739  26.337  -45.328  -0.434 0.8999999762
38807  28.470  -44.394  0.399 1.0000000000
38808  27.613  -44.423  -0.191 0.8999999762
38823  26.723  -44.518  -0.581 0.8999999762
142441  25.730  -44.646  -0.992 0.8999999762
131359  24.973  -44.459  -1.331 0.8999999762
136864  23.818  -44.261  -1.566 0.8999999762
37742  23.399  -45.527  -1.412 0.8999999762
39802  25.321  -43.753  -1.455 0.8999999762
39803  24.454  -43.998  -1.541 0.8999999762
38826  22.564  -44.603  -1.587 0.8999999762
39809  23.670  -43.557  -1.825 0.8999999762
40685  22.883  -41.494  2.985 0.8999999762
40686  21.390  -41.124  2.811 0.8999999762
143351  20.234  -41.931  3.928 0.8999999762
41604  21.287  -40.999  3.096 0.8999999762
39723  20.710  -43.112  4.580 1.0000000000
149191  19.801  -44.327  4.321 0.8000000119
40684  23.617  -41.286  3.357 0.8999999762
36669  19.853  -45.842  4.443 0.6999999881
38733  28.350  -44.986  4.410 0.8999999762
39719  26.315  -43.714  4.911 0.8999999762
135892  20.477  -47.127  4.656 0.6999999881
34808  19.751  -48.582  4.323 0.6999999881
135898  19.923  -49.600  4.394 0.5000000000
38750  28.957  -44.883  3.516 1.0000000000
32203  19.762  -51.824  4.570 0.5000000000
127645  19.638  -53.280  5.083 0.5000000000
131766  29.249  -44.707  2.747 1.0000000000
38765  29.280  -44.838  2.007 1.0000000000
39786  29.494  -43.696  0.992 1.0000000000
38806  29.144  -44.139  0.827 1.0000000000
39800  28.147  -43.641  -0.283 1.0000000000
39787  28.990  -43.459  0.325 1.0000000000
39801  27.248  -43.730  -0.710 0.8999999762
136284  26.326  -43.798  -1.148 0.8999999762
148144  25.244  -43.138  -1.688 0.8999999762
38876  20.444  -44.400  -4.341 0.6999999881
39853  19.662  -44.064  -4.540 0.8000000119
134812  18.653  -44.295  -4.060 0.8000000119
136849  18.338  -44.351  -3.477 0.8000000119
40662  25.137  -41.836  3.818 0.8999999762
41624  23.068  -40.922  3.490 1.0000000000
41603  22.126  -40.963  3.746 1.0000000000
38738  20.329  -44.092  4.523 0.6999999881
37660  20.213  -45.100  4.555 0.6999999881
124815  27.410  -44.379  5.077 0.8999999762
40661  26.100  -42.472  4.555 0.8999999762
33102  20.586  -50.946  5.078 0.6000000238
38749  29.369  -44.216  3.276 1.0000000000
38732  28.983  -44.228  4.173 0.8999999762
126392  27.157  -43.216  5.065 0.8999999762
31292  19.783  -53.074  5.811 0.4000000060
38764  29.536  -44.194  2.340 1.0000000000
40749  28.553  -42.769  -0.362 1.0000000000
40751  26.939  -43.036  -1.248 1.0000000000
40750  27.771  -42.936  -0.824 1.0000000000
39819  19.473  -43.086  -2.761 0.8999999762
39834  22.430  -44.357  -3.835 0.6000000238
38875  21.552  -44.233  -4.164 0.6000000238
39852  20.840  -43.729  -4.637 0.8000000119
145515  18.908  -43.721  -4.497 0.8000000119
129581  18.412  -44.496  -3.110 0.8999999762
39820  18.620  -43.891  -2.915 0.8999999762
40683  24.419  -41.226  3.596 0.8999999762
37659  21.127  -45.286  4.880 0.8000000119
36668  20.838  -46.162  4.789 0.6999999881
145701  20.573  -48.290  4.699 0.6999999881
33087  21.141  -50.679  5.565 0.6000000238
32171  20.013  -51.984  6.476 0.4000000060
39737  29.487  -43.538  3.854 1.0000000000
39718  28.242  -43.927  4.837 0.8999999762
39752  29.783  -43.541  2.867 1.0000000000
39775  29.836  -43.480  1.749 1.0000000000
40738  29.699  -43.023  0.821 1.0000000000
40739  29.280  -42.505  0.142 1.0000000000
41662  28.855  -42.032  -0.392 1.0000000000
41675  28.167  -42.047  -0.969 1.0000000000
40763  20.837  -43.068  -2.489 0.8999999762
127458  20.497  -42.180  -2.955 0.8999999762
40772  18.339  -43.128  -3.245 0.8999999762
39849  24.256  -43.178  -4.168 0.6000000238
39850  23.353  -43.399  -4.223 0.6000000238
139394  21.793  -43.495  -4.554 0.6000000238
39835  18.283  -43.802  -3.443 0.8999999762
41602  22.935  -40.772  3.800 0.8999999762
40646  22.240  -41.724  4.768 0.8999999762
38719  21.384  -44.339  4.970 0.6999999881
41576  22.956  -41.038  4.497 0.8999999762
39701  22.223  -43.099  5.283 0.8999999762
35730  21.529  -47.130  5.181 0.6000000238
40660  28.039  -42.869  5.081 1.0000000000
135740  26.960  -41.920  4.821 1.0000000000
127568  25.818  -41.314  4.293 1.0000000000
35715  22.250  -47.977  5.718 0.6000000238
34790  21.341  -49.012  5.235 0.6000000238
32169  21.259  -50.952  6.128 0.5000000000
39717  28.921  -43.368  4.604 1.0000000000
40659  28.750  -42.465  4.928 1.0000000000
40709  30.185  -42.790  2.431 1.0000000000
40728  30.148  -42.611  1.451 1.0000000000
132241  29.906  -42.188  0.697 1.0000000000
139364  28.695  -41.278  -0.629 1.0000000000
40757  27.417  -41.668  -1.530 1.0000000000
41682  26.673  -41.397  -2.088 1.0000000000
41695  25.773  -41.072  -2.600 1.0000000000
41683  25.067  -41.835  -2.440 1.0000000000
41696  24.226  -41.627  -2.717 1.0000000000
40769  23.462  -42.169  -2.582 0.8999999762
40760  24.378  -42.416  -2.292 0.8999999762
40771  21.597  -42.443  -2.705 0.8999999762
40787  17.988  -42.946  -3.714 0.8999999762
40800  26.370  -42.375  -4.138 0.6000000238
39848  25.171  -42.971  -4.043 0.6000000238
40803  23.533  -42.555  -4.716 0.6000000238
40806  20.014  -43.250  -4.920 0.8000000119
39865  18.756  -43.110  -4.662 0.8000000119
41575  23.669  -40.740  4.358 0.8999999762
38718  22.385  -44.393  5.464 0.6999999881
36651  21.780  -46.265  5.262 0.6000000238
126661  22.443  -47.141  5.738 0.6000000238
41600  26.429  -40.907  4.642 0.8999999762
34789  22.052  -48.812  5.753 0.6000000238
33086  21.612  -50.305  5.949 0.5000000000
144353  27.907  -42.021  5.131 1.0000000000
39716  29.485  -42.726  4.326 1.0000000000
41598  28.395  -41.573  5.178 0.8999999762
40682  29.944  -42.794  3.460 1.0000000000
40708  30.433  -42.049  2.006 1.0000000000
145259  30.291  -41.951  1.258 1.0000000000
41661  29.454  -41.524  0.067 1.0000000000
42539  28.377  -40.451  -0.859 1.0000000000
42540  28.028  -41.142  -1.261 1.0000000000
136063  24.877  -41.157  -2.847 1.0000000000
41697  23.461  -41.283  -3.125 1.0000000000
139812  21.790  -41.587  -3.156 0.8999999762
133240  18.696  -41.778  -3.210 0.8999999762
140690  25.188  -42.323  -4.533 0.6000000238
40802  24.512  -42.450  -4.584 0.6000000238
150783  22.851  -42.364  -4.975 0.6000000238
40820  22.155  -42.248  -5.205 0.6999999881
40821  20.833  -42.362  -5.287 0.6999999881
40822  19.656  -42.637  -5.088 0.6999999881
40807  17.899  -42.796  -4.231 0.8000000119
41715  17.609  -42.236  -3.937 0.8999999762
40799  26.985  -42.021  -4.114 0.6000000238
139499  19.899  -42.083  -5.311 0.6999999881
40823  18.661  -42.312  -4.895 0.8000000119
41736  17.683  -42.169  -4.329 0.8999999762
36650  22.714  -46.372  5.840 0.6999999881
35714  22.833  -47.816  6.479 0.6000000238
42457  24.776  -40.609  4.464 0.8999999762
40644  23.837  -41.360  5.413 0.8000000119
38717  23.039  -43.923  5.755 0.6999999881
41599  27.380  -41.187  4.991 0.8999999762
42455  26.222  -40.569  4.844 0.8000000119
41597  29.332  -41.878  4.794 1.0000000000
135693  29.843  -41.182  4.635 0.8999999762
40681  30.386  -42.002  3.032 1.0000000000
41648  30.443  -41.387  1.571 1.0000000000
41649  30.088  -41.419  0.826 1.0000000000
42526  29.774  -40.787  0.460 1.0000000000
136152  29.154  -40.426  -0.185 1.0000000000
133084  27.827  -40.437  -1.355 1.0000000000
41694  26.644  -40.357  -2.331 1.0000000000
42558  24.224  -40.801  -3.187 1.0000000000
41698  22.607  -40.859  -3.392 0.8999999762
141859  20.613  -41.162  -3.298 0.8999999762
42560  19.308  -41.036  -3.257 0.8999999762
41716  17.414  -41.539  -3.844 0.8999999762
41732  27.220  -41.412  -4.536 0.6000000238
41733  26.494  -41.764  -4.528 0.6000000238
41748  20.761  -41.446  -5.477 0.6999999881
41750  18.024  -41.533  -4.770 0.6999999881
38699  23.324  -44.777  6.061 0.6999999881
133111  23.009  -47.080  6.320 0.6000000238
41574  24.428  -40.797  4.923 0.8000000119
40639  23.709  -42.318  5.887 0.8000000119
38698  23.844  -44.241  6.470 0.6999999881
37626  23.087  -45.568  5.984 0.6999999881
41572  26.937  -40.566  5.092 0.6999999881
42456  25.706  -40.522  4.891 0.8000000119
42474  28.984  -41.024  5.253 0.6999999881
42489  30.781  -40.395  3.533 0.8000000119
138642  30.794  -40.672  2.606 0.8000000119
146667  30.644  -40.859  1.912 0.8000000119
42513  30.758  -40.187  1.904 0.8000000119
42514  30.312  -40.613  1.179 0.8999999762
127059  29.756  -39.967  0.557 0.8999999762
43364  28.472  -39.623  -0.470 1.0000000000
43379  27.343  -39.929  -1.700 1.0000000000
144375  25.089  -40.305  -3.063 1.0000000000
131864  24.216  -39.846  -3.338 1.0000000000
43395  26.203  -39.648  -2.451 1.0000000000
43396  25.589  -39.497  -2.725 1.0000000000
42559  23.418  -40.313  -3.432 1.0000000000
43399  22.469  -39.668  -3.468 1.0000000000
145579  21.584  -40.484  -3.453 0.8999999762
146841  20.314  -40.058  -3.323 0.8999999762
41735  24.866  -41.841  -4.907 0.6000000238
40819  23.187  -41.879  -5.193 0.6000000238
41747  22.494  -41.478  -5.428 0.6999999881
41701  17.970  -41.317  -3.409 0.8999999762
42598  20.198  -40.723  -5.448 0.6999999881
41749  19.419  -41.503  -5.297 0.6999999881
141649  17.300  -41.042  -4.431 0.8999999762
42572  17.023  -40.960  -3.927 0.8999999762
40637  24.913  -41.466  6.245 0.6999999881
39689  24.120  -43.255  6.458 0.6000000238
38688  24.277  -44.792  7.362 0.6000000238
137852  23.216  -47.338  6.825 0.6000000238
133923  26.819  -40.290  5.600 0.6999999881
40630  24.944  -42.453  7.080 0.6000000238
42454  27.518  -40.174  5.624 0.6999999881
42473  29.656  -40.392  5.166 0.6999999881
42472  30.352  -40.467  4.462 0.6999999881
42502  31.024  -39.887  2.699 0.8000000119
43338  30.341  -39.638  1.254 0.8000000119
43350  29.693  -38.958  0.748 0.8000000119
43351  29.082  -39.386  0.120 0.8000000119
43365  27.882  -39.738  -1.047 1.0000000000
128078  27.874  -39.061  -0.618 0.8000000119
44419  25.259  -38.698  -2.394 1.0000000000
43397  24.839  -39.289  -3.030 1.0000000000
43398  23.472  -39.294  -3.343 1.0000000000
44420  24.489  -38.503  -2.618 1.0000000000
127437  21.845  -38.731  -3.094 1.0000000000
129181  20.832  -38.932  -3.046 1.0000000000
137179  23.839  -41.455  -5.340 0.6000000238
127728  18.482  -40.182  -3.100 0.8999999762
41743  26.268  -41.184  -5.110 0.6000000238
41745  24.506  -41.369  -5.323 0.6000000238
42561  17.299  -40.651  -3.556 0.8999999762
131393  21.841  -41.039  -5.552 0.6999999881
141642  19.037  -40.802  -5.249 0.6999999881
43427  17.116  -40.278  -4.138 0.8999999762
37611  24.070  -45.553  7.802 0.5000000000
41560  25.827  -41.143  7.001 0.6000000238
39672  24.865  -43.665  8.033 0.5000000000
144379  26.396  -40.409  6.481 0.6999999881
43291  27.993  -39.650  5.915 0.6999999881
43300  30.258  -39.731  5.029 0.6999999881
42453  28.529  -40.089  5.560 0.6999999881
43316  31.098  -39.470  3.513 0.6999999881
43326  31.187  -39.055  2.730 0.6999999881
43337  30.863  -39.345  1.964 0.8000000119
44357  30.374  -38.738  1.431 0.8000000119
44373  29.235  -38.111  0.714 0.8000000119
131317  28.974  -38.644  0.366 0.8000000119
44374  28.547  -38.040  0.368 0.8000000119
44386  28.345  -38.707  -0.093 0.8000000119
44404  26.325  -38.580  -1.433 0.8999999762
43381  25.989  -38.955  -2.172 1.0000000000
130390  27.455  -38.265  -0.386 0.8000000119
44388  25.942  -37.975  -1.081 0.8999999762
44421  23.683  -38.460  -2.836 1.0000000000
44422  22.800  -38.580  -3.031 1.0000000000
44424  20.340  -38.278  -2.532 1.0000000000
43400  19.634  -39.149  -2.785 0.8999999762
43401  18.385  -39.139  -2.590 0.8999999762
43402  17.179  -39.675  -2.991 0.8999999762
41744  25.320  -41.290  -5.256 0.6000000238
41746  23.319  -41.157  -5.483 0.6000000238
42597  21.200  -40.531  -5.536 0.6999999881
134129  17.775  -40.437  -4.691 0.8000000119
43414  16.939  -40.101  -3.562 0.8999999762
132336  26.435  -40.571  -5.694 0.6000000238
133047  22.083  -40.196  -5.615 0.6999999881
43440  19.849  -40.052  -5.344 0.6999999881
138366  17.269  -39.415  -4.144 0.8000000119
43403  16.665  -39.289  -3.167 0.8999999762
130949  19.547  -39.355  -5.147 0.6999999881
44433  16.514  -38.752  -3.142 0.8999999762
40629  25.307  -41.996  7.476 0.5000000000
39673  24.357  -43.634  8.691 0.5000000000
42439  27.121  -39.826  6.811 0.6999999881
40620  25.243  -42.364  8.218 0.5000000000
43279  27.581  -39.610  6.295 0.6999999881
43289  29.468  -39.567  5.552 0.6999999881
43290  28.650  -39.280  5.958 0.6999999881
43288  30.127  -38.972  5.470 0.6999999881
126831  30.679  -38.981  4.864 0.6999999881
44344  31.280  -38.281  2.804 0.6999999881
44345  30.916  -38.476  2.087 0.6999999881
44358  29.852  -38.205  1.113 0.8000000119
44375  27.967  -37.980  0.068 0.8000000119
44387  26.583  -38.130  -0.774 0.8000000119
44406  24.857  -37.973  -1.901 0.8999999762
45450  24.000  -37.810  -2.142 1.0000000000
126618  22.199  -37.932  -2.520 1.0000000000
45420  26.837  -37.497  -0.384 0.8000000119
45432  25.303  -37.498  -1.158 0.8000000119
45451  23.106  -37.818  -2.366 0.8999999762
44423  21.289  -38.097  -2.573 1.0000000000
45435  22.510  -37.256  -2.028 0.8999999762
44425  19.368  -38.389  -2.435 1.0000000000
44407  18.445  -38.346  -2.383 1.0000000000
43382  17.407  -38.829  -2.593 0.8999999762
42596  22.709  -40.705  -5.587 0.6999999881
44408  17.611  -38.080  -2.415 0.8999999762
42594  24.884  -40.754  -5.678 0.6000000238
42607  23.529  -40.413  -5.723 0.6000000238
44426  16.438  -38.569  -3.056 0.8999999762
43437  22.912  -39.880  -5.754 0.6999999881
43439  21.420  -39.719  -5.550 0.6999999881
128354  20.640  -39.325  -5.416 0.6999999881
43426  18.224  -39.548  -4.682 0.6999999881
44439  17.001  -38.765  -3.762 0.8000000119
44447  19.350  -38.445  -4.908 0.6999999881
45464  16.273  -37.998  -2.981 0.8000000119
45465  16.297  -37.277  -3.010 0.8999999762
44438  18.009  -38.620  -4.398 0.6999999881
130413  26.049  -40.713  8.029 0.5000000000
43278  28.152  -39.048  6.438 0.6999999881
44306  30.528  -38.359  5.295 0.6999999881
128093  29.368  -38.738  5.916 0.6999999881
44318  31.035  -38.083  4.757 0.6999999881
44307  30.002  -38.145  5.800 0.6999999881
45366  31.445  -37.655  3.660 0.6999999881
45379  31.394  -37.603  3.029 0.6999999881
45380  31.042  -37.631  2.318 0.6999999881
46470  30.742  -36.779  1.967 0.6999999881
45393  30.395  -37.718  1.588 0.6999999881
45407  29.585  -37.450  1.024 0.8000000119
45408  28.837  -37.365  0.609 0.8000000119
46483  29.260  -36.633  0.756 0.8000000119
46485  27.721  -36.780  0.050 0.8000000119
45421  26.064  -37.442  -0.694 0.8000000119
46497  28.101  -35.996  -0.110 0.8000000119
46499  26.459  -36.713  -0.464 0.8000000119
45434  23.435  -37.182  -1.707 0.8999999762
45436  21.648  -37.378  -2.214 0.8999999762
45452  20.798  -37.547  -2.320 1.0000000000
146616  25.973  -36.172  -0.742 0.8000000119
46515  24.812  -36.798  -1.029 0.8000000119
45437  19.201  -37.807  -2.306 1.0000000000
150110  20.321  -37.092  -2.240 1.0000000000
42606  24.381  -40.135  -5.987 0.6000000238
134171  18.965  -37.265  -2.277 1.0000000000
141771  21.472  -39.017  -5.538 0.6999999881
45438  16.852  -37.663  -2.626 0.8999999762
138170  17.894  -37.282  -2.379 1.0000000000
44446  20.245  -38.701  -5.244 0.6999999881
45473  18.750  -37.612  -4.615 0.8000000119
45474  17.546  -37.840  -4.080 0.8000000119
45357  31.040  -37.236  4.924 0.6999999881
46442  30.789  -36.768  5.201 0.6999999881
45356  31.371  -37.305  4.279 0.6999999881
138921  31.468  -36.993  3.481 0.6999999881
139213  31.260  -36.866  2.696 0.6999999881
46458  31.053  -36.001  2.433 0.6999999881
46471  30.061  -36.695  1.289 0.6999999881
47595  30.528  -35.758  1.624 0.6999999881
47607  28.977  -35.833  0.275 0.8000000119
46484  28.459  -36.650  0.355 0.8000000119
46498  27.249  -36.314  -0.325 0.8000000119
47618  26.674  -35.863  -0.703 0.8000000119
148516  23.412  -36.506  -1.558 0.8999999762
46517  22.764  -36.609  -1.762 0.8999999762
47627  24.553  -36.051  -1.249 0.8000000119
140214  22.243  -35.983  -1.876 0.8999999762
46519  21.130  -36.877  -2.117 0.8999999762
43460  23.684  -39.601  -6.017 0.6000000238
140168  21.431  -36.143  -2.090 0.8999999762
149791  19.661  -37.327  -2.297 1.0000000000
43459  24.385  -39.339  -6.360 0.6000000238
133224  18.624  -36.600  -2.371 0.8999999762
44445  21.032  -38.497  -5.437 0.6999999881
46522  17.618  -36.458  -2.525 0.8999999762
45476  16.357  -37.246  -3.129 0.8999999762
46534  16.432  -36.550  -3.052 0.8000000119
46441  31.137  -36.558  4.694 0.6999999881
46450  31.439  -36.358  3.984 0.6999999881
47596  29.814  -35.822  0.871 0.6999999881
47605  30.283  -34.979  1.054 0.6999999881
47619  25.311  -36.107  -0.990 0.8000000119
47628  23.802  -35.970  -1.492 0.8000000119
129789  24.325  -35.335  -1.636 0.8000000119
129788  23.528  -35.257  -1.875 0.8000000119
46520  20.571  -36.342  -2.245 0.8999999762
43438  22.275  -39.223  -5.674 0.6000000238
47629  22.625  -35.139  -2.119 0.8000000119
47630  21.723  -35.329  -2.216 0.8999999762
47632  19.886  -35.586  -2.455 0.8999999762
133030  19.115  -35.982  -2.438 0.8999999762
43461  23.114  -39.125  -5.930 0.6000000238
130736  18.959  -35.274  -2.616 0.8999999762
137575  19.885  -37.382  -4.974 0.6999999881
47634  17.310  -35.682  -2.801 0.8000000119
46561  18.124  -36.775  -4.350 0.6999999881
47672  16.760  -35.599  -3.554 0.8000000119
147118  31.163  -35.211  3.857 0.6999999881
48690  30.746  -34.423  2.136 0.6999999881
48698  30.499  -34.238  1.416 0.6999999881
47626  26.010  -35.438  -1.174 0.8000000119
129338  25.160  -35.321  -1.447 0.8000000119
48720  24.764  -34.738  -1.824 0.8000000119
144382  22.609  -34.340  -2.407 0.8000000119
47631  20.874  -35.469  -2.351 0.8999999762
130881  20.344  -34.693  -2.614 0.8999999762
44461  22.876  -38.266  -5.908 0.6000000238
48725  19.490  -34.673  -2.712 0.8999999762
44444  21.897  -38.364  -5.602 0.6999999881
132656  20.809  -37.132  -5.286 0.6999999881
150504  18.734  -34.628  -2.813 0.8999999762
46560  19.352  -36.645  -4.757 0.6999999881
47671  17.143  -35.636  -4.083 0.8000000119
48739  17.137  -34.735  -3.274 0.8000000119
47670  17.954  -35.425  -4.436 0.6999999881
47683  16.723  -34.790  -4.098 0.8000000119
137944  16.719  -34.807  -3.614 0.8000000119
48769  17.459  -34.845  -4.402 0.8000000119
48665  31.078  -34.841  3.358 0.6999999881
48683  30.706  -34.092  2.701 0.6000000238
44460  23.779  -38.650  -6.315 0.6000000238
48723  21.967  -34.508  -2.429 0.8000000119
49777  20.673  -33.896  -2.822 0.8999999762
48736  19.835  -33.934  -2.909 0.8999999762
45481  22.256  -37.516  -5.709 0.6000000238
48737  18.967  -33.998  -3.010 0.8999999762
46580  20.340  -36.544  -5.032 0.8000000119
48738  18.048  -34.225  -3.109 0.8999999762
48749  16.376  -34.008  -3.911 0.8000000119
47669  18.796  -35.766  -4.614 0.6999999881
48783  16.575  -33.788  -4.210 0.8000000119
50853  16.459  -32.807  -3.988 0.8000000119
46579  21.692  -36.806  -5.507 0.6999999881
49776  21.477  -33.838  -2.717 0.8000000119
138162  21.060  -36.467  -5.245 0.6000000238
47682  20.833  -35.858  -5.041 0.6000000238
46559  19.949  -35.796  -4.808 0.6999999881
49790  18.226  -33.304  -3.291 0.8000000119
138537  20.533  -35.089  -4.830 0.6000000238
48767  19.553  -34.816  -4.678 0.6000000238
48781  17.872  -34.075  -4.573 0.6999999881
130088  17.298  -32.492  -4.636 0.8000000119
49791  17.160  -33.581  -3.498 0.8000000119
48780  18.827  -33.977  -4.686 0.6000000238
49787  21.000  -33.122  -3.060 0.8000000119
50839  19.520  -32.467  -3.306 0.8000000119
49789  19.221  -33.187  -3.188 0.8999999762
47681  21.569  -36.003  -5.261 0.6000000238
50868  16.815  -32.243  -4.194 0.8000000119
50841  17.366  -32.560  -3.609 0.8000000119
50840  18.452  -32.242  -3.446 0.8000000119
49834  18.095  -33.051  -4.762 0.6000000238
50837  21.407  -32.362  -3.203 0.8000000119
51939  19.261  -31.490  -3.513 0.8000000119
47668  21.397  -35.202  -4.972 0.6000000238
138349  20.274  -34.364  -4.711 0.6000000238
51941  17.501  -31.701  -3.845 0.8000000119
49819  19.683  -33.815  -4.730 0.6000000238
51964  17.652  -31.087  -4.757 0.6999999881
51940  18.224  -31.323  -3.768 0.8000000119
147485  19.993  -32.228  -5.315 0.6000000238
51983  18.434  -30.789  -5.368 0.6000000238
53056  18.188  -30.587  -5.058 0.6999999881
49818  20.460  -33.624  -4.765 0.6000000238
49832  19.705  -32.821  -5.023 0.6000000238
51936  22.646  -31.777  -3.196 0.8000000119
50838  20.401  -32.225  -3.293 0.8000000119
150539  21.923  -34.981  -4.897 0.6000000238
137357  21.032  -31.651  -3.342 0.8000000119
47666  23.000  -35.350  -4.984 0.5000000000
53002  19.477  -30.582  -3.786 0.8000000119
51938  20.284  -31.183  -3.464 0.8000000119
48764  22.447  -34.667  -4.738 0.6000000238
48766  20.957  -34.419  -4.797 0.6000000238
53031  18.717  -30.072  -5.051 0.6000000238
48763  23.251  -34.707  -4.619 0.5000000000
49817  21.284  -33.617  -4.736 0.6000000238
50883  19.215  -31.722  -5.439 0.6000000238
50866  22.556  -33.012  -4.658 0.6000000238
49831  20.709  -32.653  -5.037 0.6000000238
134721  20.270  -31.613  -5.636 0.6000000238
140821  20.229  -30.796  -6.094 0.6000000238
53016  21.888  -30.508  -3.424 0.8000000119
126209  21.108  -30.863  -3.442 0.8000000119
51951  22.624  -30.998  -3.306 0.8000000119
53000  21.169  -30.024  -3.641 0.6999999881
49815  23.086  -33.806  -4.540 0.6000000238
54099  19.411  -29.800  -5.360 0.6000000238
54082  20.076  -29.428  -5.018 0.6000000238
53017  19.700  -30.077  -4.131 0.6999999881
53054  19.803  -30.183  -6.053 0.6000000238
50865  23.298  -32.745  -4.720 0.5000000000
50882  21.395  -31.959  -5.391 0.6000000238
51981  21.032  -31.211  -6.083 0.6000000238
53014  23.470  -30.084  -3.355 0.6999999881
126570  21.881  -29.758  -3.586 0.6000000238
127436  20.938  -29.234  -4.576 0.6000000238
54074  20.425  -29.703  -4.198 0.6000000238
54081  20.728  -29.256  -5.505 0.6000000238
148946  21.485  -29.061  -4.283 0.6000000238
50880  23.420  -31.909  -5.156 0.5000000000
51980  21.962  -31.473  -5.846 0.6000000238
51999  21.622  -30.982  -6.620 0.6000000238
53053  20.759  -30.450  -6.497 0.6000000238
54098  20.061  -29.616  -5.720 0.6000000238
55003  21.543  -28.892  -4.993 0.6000000238
51979  22.803  -31.472  -5.759 0.6000000238
51997  22.931  -31.071  -6.629 0.6000000238
50864  24.133  -32.421  -4.807 0.5000000000
50879  24.127  -31.754  -5.253 0.5000000000
50878  24.974  -31.961  -4.995 0.4000000060
130672  24.450  -31.290  -5.739 0.5000000000
54073  22.312  -29.237  -3.717 0.6000000238
139994  21.516  -30.405  -6.913 0.6000000238
55016  21.342  -29.242  -6.376 0.6000000238
55002  22.446  -28.621  -4.707 0.6000000238
53068  22.208  -30.748  -7.026 0.6000000238
142101  22.968  -30.443  -7.539 0.6000000238
133032  23.594  -31.352  -5.802 0.5000000000
51978  23.803  -30.912  -6.674 0.6000000238
53052  24.797  -30.777  -6.446 0.5000000000
51963  25.871  -31.803  -5.077 0.4000000060
53051  25.638  -30.757  -6.116 0.4000000060
55028  22.026  -29.205  -7.051 0.6000000238
55015  22.139  -28.812  -5.966 0.5000000000
54988  22.789  -28.680  -3.932 0.5000000000
54114  21.875  -29.944  -7.289 0.6000000238
124761  22.566  -28.767  -6.976 0.5000000000
139491  24.146  -30.409  -7.742 0.5000000000
54987  23.650  -28.537  -3.829 0.4000000060
54113  22.676  -29.437  -7.771 0.6000000238
146444  23.027  -28.755  -7.664 0.5000000000
53080  23.453  -29.881  -8.091 0.6000000238
55038  23.436  -29.138  -8.248 0.6000000238
129036  23.313  -28.410  -6.692 0.4000000060
126960  25.356  -30.369  -7.154 0.4000000060
142632  24.841  -30.037  -8.189 0.4000000060
55974  23.994  -28.065  -6.589 0.4000000060
53079  24.194  -29.682  -8.322 0.4000000060
55027  23.704  -28.396  -7.704 0.4000000060
53067  26.196  -30.132  -7.150 0.4000000060
55037  24.215  -28.784  -8.505 0.4000000060
126886  24.694  -27.531  -4.649 0.4000000060
55963  24.378  -27.733  -5.595 0.4000000060
55026  24.398  -28.090  -8.002 0.4000000060
140843  25.898  -29.438  -8.603 0.4000000060
54124  25.070  -29.349  -8.627 0.4000000060
54129  25.816  -28.868  -8.937 0.4000000060
55036  25.061  -28.335  -8.774 0.4000000060
55962  25.214  -27.377  -5.681 0.4000000060
54123  26.563  -29.213  -8.773 0.3000000119
55972  25.086  -27.759  -7.962 0.4000000060
55973  24.694  -27.833  -6.834 0.4000000060
57025  25.817  -26.875  -5.263 0.4000000060
133850  25.426  -27.560  -6.882 0.4000000060
38866  18.523  -45.035  -3.133 0.8000000119
39813  18.986  -44.503  -2.611 0.8999999762
39812  19.865  -43.902  -2.358 0.8999999762
38839  19.400  -44.972  -2.317 0.8999999762
38838  20.442  -44.597  -2.017 0.8999999762
40758  26.712  -42.245  -1.632 1.0000000000
148242  27.438  -42.398  -1.279 1.0000000000
39804  23.114  -44.123  -1.667 0.8999999762
39808  24.574  -43.199  -1.815 0.8999999762
126353  25.906  -42.041  -2.100 1.0000000000
39810  22.264  -43.949  -1.839 0.8999999762
40761  23.077  -42.956  -2.256 0.8999999762
130460  25.174  -42.620  -1.996 1.0000000000
39811  21.224  -43.853  -2.094 0.8999999762
55014  22.920  -28.454  -5.685 0.4000000060
55001  23.386  -28.269  -4.500 0.4000000060
55939  24.211  -28.002  -4.126 0.4000000060
36666  25.070  -46.822  5.075 0.8999999762
34817  27.536  -47.946  3.481 1.0000000000
135806  26.061  -49.862  0.383 0.8000000119
37676  21.440  -44.825  2.817 0.8999999762
36664  27.049  -46.873  4.846 1.0000000000
38735  25.596  -44.334  4.794 0.8999999762
37723  26.800  -45.884  0.147 0.8999999762
36739  25.896  -46.900  -0.142 0.8000000119
36756  24.633  -46.546  -0.962 0.8000000119
36770  23.310  -46.757  -1.489 0.8000000119
38787  28.994  -44.758  1.182 1.0000000000
127918  24.064  -45.373  -1.346 0.8999999762
37743  22.719  -45.263  -1.482 0.8000000119
38837  21.641  -44.498  -1.738 0.8999999762
37752  21.179  -45.123  -1.687 0.8000000119
128842  22.853  -43.557  -1.971 0.8999999762
145032  22.365  -41.135  3.055 0.8999999762
39722  21.183  -42.112  4.501 1.0000000000
34807  20.619  -49.267  4.758 0.6000000238
31281  20.206  -52.379  6.100 0.4000000060
31314  20.864  -51.386  5.734 0.4000000060
40759  25.941  -42.951  -1.596 0.8999999762
38878  18.707  -44.938  -3.482 0.6999999881
39854  18.115  -43.663  -4.013 0.8000000119
42477  23.729  -40.639  3.885 0.8999999762
37643  22.091  -45.402  5.349 0.6999999881
32170  20.656  -51.570  6.275 0.4000000060
40762  22.086  -43.162  -2.278 0.8999999762
133399  19.012  -42.388  -3.076 0.8999999762
41700  17.957  -42.260  -3.496 0.8999999762
40804  22.524  -42.931  -4.718 0.6999999881
40805  21.390  -42.972  -4.926 0.6999999881
39690  23.175  -42.906  5.728 0.8000000119
42476  25.006  -40.626  4.228 0.8999999762
42546  27.371  -40.829  -1.792 1.0000000000
132688  23.828  -42.874  -2.155 0.8999999762
40770  22.781  -41.665  -3.018 0.8999999762
141225  22.493  -42.328  -2.658 0.8999999762
34777  22.735  -48.410  6.991 0.5000000000
41621  30.024  -41.944  4.001 1.0000000000
41699  19.690  -41.698  -3.149 0.8999999762
41571  27.888  -40.729  5.324 0.6999999881
41596  30.370  -41.158  3.912 0.8000000119
150383  30.352  -41.589  3.540 0.8999999762
42586  18.089  -40.823  -4.934 0.8000000119
36641  23.374  -46.543  6.668 0.6000000238
41573  25.367  -40.713  5.508 0.8000000119
38697  24.422  -44.056  7.045 0.6000000238
43299  30.752  -39.683  4.286 0.6999999881
43380  26.673  -39.354  -1.937 1.0000000000
132499  21.439  -39.552  -3.369 1.0000000000
38687  24.591  -44.224  7.701 0.6000000238
36627  23.667  -46.343  7.567 0.5000000000
44403  27.199  -38.980  -1.148 0.8999999762
38679  24.035  -44.451  8.528 0.5000000000
43298  31.106  -38.877  4.196 0.6999999881
42407  25.460  -40.862  8.844 0.5000000000
45433  24.387  -37.329  -1.446 0.8999999762
139089  27.117  -36.949  -0.174 0.8000000119
46500  25.590  -36.792  -0.735 0.8000000119
142025  16.997  -37.008  -2.591 0.8999999762
42424  26.531  -39.932  7.843 0.5000000000
44297  28.682  -38.447  6.399 0.6999999881
46516  24.042  -36.694  -1.325 0.8999999762
46518  21.955  -36.706  -1.952 0.8999999762
46562  17.341  -36.392  -4.017 0.8000000119
46457  31.373  -36.170  3.204 0.6999999881
137257  30.622  -34.887  1.692 0.6999999881
48711  26.966  -35.077  -1.169 0.8000000119
48726  18.044  -35.038  -2.793 0.8999999762
47586  31.233  -35.347  2.954 0.6999999881
48724  21.182  -34.625  -2.523 0.8999999762
48642  30.920  -34.893  4.045 0.6000000238
48768  18.454  -34.835  -4.573 0.6999999881
49788  20.132  -33.153  -3.123 0.8999999762
143813  17.273  -32.022  -4.726 0.6999999881
49833  19.024  -33.217  -4.875 0.6000000238
50884  18.647  -32.365  -5.120 0.6000000238
53032  18.200  -30.550  -4.691 0.8000000119
53055  19.003  -30.160  -5.477 0.6000000238
53001  20.348  -30.344  -3.707 0.6999999881
50867  21.768  -32.783  -4.809 0.6000000238
54115  21.036  -29.877  -6.688 0.6000000238
50881  22.480  -32.120  -5.107 0.6000000238
55964  23.666  -28.074  -5.552 0.4000000060
55949  25.454  -27.142  -4.541 0.4000000060
55981  25.916  -28.141  -9.060 0.4000000060
27478  23.260  -56.561  4.300 0.4000000060
28476  21.857  -55.446  3.927 0.4000000060
128202  21.227  -55.979  3.619 0.4000000060
28461  23.530  -55.505  4.244 0.4000000060
133902  22.195  -54.704  3.966 0.4000000060
29432  21.725  -53.927  3.437 0.4000000060
29430  24.772  -54.833  3.839 0.3000000119
29409  23.037  -54.730  4.335 0.4000000060
29429  25.217  -54.689  3.345 0.4000000060
29446  25.527  -54.372  2.630 0.4000000060
29465  25.700  -53.978  1.727 0.4000000060
30482  25.859  -53.554  0.786 0.4000000060
30423  22.302  -53.230  3.846 0.5000000000
30448  21.185  -53.472  2.747 0.4000000060
30401  23.970  -53.781  4.479 0.4000000060
30402  23.161  -53.471  4.379 0.4000000060
128298  25.481  -53.775  3.458 0.5000000000
30447  25.784  -53.540  2.572 0.4000000060
30463  25.927  -53.206  1.646 0.4000000060
31382  25.998  -52.767  0.766 0.5000000000
31400  25.954  -52.152  0.066 0.5000000000
32318  25.717  -51.492  -0.501 0.6000000238
31419  25.781  -52.244  -0.905 0.5000000000
31420  25.378  -52.349  -1.806 0.6000000238
32330  24.839  -51.662  -2.214 0.4000000060
31336  22.069  -52.354  3.577 0.5000000000
31337  21.467  -52.110  2.921 0.5000000000
133714  20.645  -52.125  2.160 0.5000000000
135702  19.915  -51.270  1.757 0.5000000000
31312  23.848  -52.954  4.545 0.6000000238
31313  22.918  -52.626  4.251 0.6000000238
31311  24.656  -53.303  4.406 0.5000000000
133301  24.690  -51.657  4.584 0.6000000238
126756  25.580  -52.938  3.844 0.5000000000
31335  26.008  -52.403  3.403 0.5000000000
31364  26.088  -52.722  2.470 0.4000000060
32280  26.165  -52.042  0.989 0.6000000238
32299  26.021  -51.288  0.424 0.6000000238
138041  25.718  -50.851  -0.218 0.6000000238
137563  25.394  -50.837  -0.926 0.6000000238
34051  24.496  -49.495  -1.559 0.6000000238
34052  23.828  -49.547  -2.219 0.6000000238
32319  25.396  -51.572  -1.400 0.6000000238
143063  24.410  -50.218  -2.068 0.6000000238
33210  23.601  -50.309  -2.540 0.6000000238
34053  22.944  -49.617  -2.598 0.6000000238
32229  21.852  -51.540  3.304 0.5000000000
132167  21.109  -51.142  2.541 0.5000000000
32258  20.584  -51.335  2.178 0.5000000000
33171  19.593  -50.464  1.631 0.5000000000
32201  23.693  -51.971  4.523 0.6000000238
32228  22.597  -51.746  3.970 0.6000000238
134621  25.718  -52.029  4.081 0.6000000238
33099  24.894  -50.838  4.690 0.6000000238
32227  26.308  -51.513  3.485 0.5000000000
132679  25.432  -51.373  4.434 0.6000000238
32256  26.488  -51.432  2.451 0.6000000238
32279  26.354  -51.347  1.449 0.6000000238
33199  25.514  -50.091  -0.357 0.6000000238
127100  23.239  -48.850  -2.277 0.6000000238
129676  22.222  -48.953  -2.484 0.6999999881
33150  20.955  -50.385  2.465 0.6000000238
34015  20.480  -49.646  2.195 0.5000000000
125416  19.239  -49.539  1.539 0.5000000000
129148  24.032  -51.083  4.598 0.6000000238
148641  22.785  -50.504  3.978 0.6000000238
33128  21.593  -50.757  2.992 0.6000000238
34848  19.259  -48.420  1.633 0.5000000000
34850  17.911  -47.984  0.946 0.5000000000
33126  23.079  -49.938  4.116 0.6000000238
33149  26.672  -50.797  2.964 0.6000000238
34885  22.575  -48.159  -2.201 0.6999999881
33976  21.813  -49.052  3.129 0.6000000238
33993  21.117  -49.377  2.596 0.6000000238
33994  19.919  -49.038  1.935 0.6000000238
133418  22.219  -50.022  3.459 0.6000000238
34831  20.624  -48.610  2.333 0.6000000238
35763  19.888  -47.947  1.992 0.6000000238
35779  18.597  -47.582  1.307 0.6000000238
35780  17.960  -46.583  0.823 0.6000000238
34820  22.405  -48.294  3.508 0.6000000238
35799  16.626  -45.813  -0.267 0.5000000000
135904  25.052  -50.117  4.758 0.6000000238
36740  16.858  -44.276  -0.199 0.6000000238
35822  21.859  -47.511  -2.092 0.6999999881
34830  21.274  -48.585  2.716 0.6000000238
137484  19.347  -46.324  1.768 0.6000000238
35745  22.248  -47.419  3.383 0.6000000238
35761  21.068  -47.776  2.619 0.6000000238
35762  20.453  -47.640  2.317 0.6000000238
36720  18.608  -45.941  1.254 0.6000000238
140149  17.360  -45.737  0.277 0.6000000238
33959  23.602  -49.299  4.364 0.6000000238
37707  16.965  -42.776  0.035 0.6000000238
33958  24.668  -49.357  4.753 0.6000000238
33956  26.185  -49.738  4.405 0.6000000238
36772  21.118  -46.945  -1.929 0.6999999881
36773  19.696  -46.220  -2.153 0.6999999881
34819  23.184  -48.477  4.087 0.6000000238
136511  20.600  -46.603  2.492 0.6999999881
36719  18.854  -44.537  1.447 0.6999999881
34806  24.701  -48.489  4.819 0.6000000238
37753  20.073  -45.396  -1.999 0.6999999881
137108  21.556  -46.928  2.969 0.6999999881
137109  23.321  -47.073  4.110 0.6999999881
148084  22.196  -46.673  3.342 0.6999999881
36704  19.612  -45.319  2.122 0.6999999881
136585  18.298  -43.932  0.894 0.6000000238
37706  17.638  -42.490  0.620 0.6999999881
38790  17.029  -42.157  0.668 0.6000000238
38809  16.426  -42.524  0.050 0.5000000000
36688  21.862  -45.941  3.157 0.6999999881
36702  21.119  -45.769  2.725 0.6999999881
37690  19.600  -43.791  2.110 0.6999999881
37705  18.280  -42.300  0.906 0.6999999881
36722  15.532  -44.851  1.324 0.5000000000
38788  18.152  -41.626  1.106 0.6999999881
38770  17.222  -42.013  1.249 0.6000000238
37692  16.811  -43.518  1.836 0.6000000238
48721  24.095  -34.604  -2.059 0.6999999881
47615  28.998  -35.069  -0.190 0.6999999881
47617  27.531  -35.551  -0.644 0.6999999881
150441  25.715  -34.948  -1.492 0.6999999881
47606  29.665  -35.021  0.371 0.6000000238
48719  25.413  -34.515  -1.764 0.6999999881
49773  24.803  -33.941  -2.196 0.6999999881
49775  22.995  -33.768  -2.538 0.6999999881
131188  22.234  -33.771  -2.619 0.6999999881
48699  30.125  -34.199  0.649 0.6000000238
48709  28.685  -34.478  -0.649 0.6000000238
48710  27.873  -34.754  -0.999 0.6999999881
48718  26.269  -34.478  -1.577 0.6999999881
49750  30.313  -33.468  1.132 0.6000000238
49774  23.832  -33.829  -2.405 0.6999999881
50821  23.454  -33.073  -2.667 0.6999999881
50836  22.241  -32.393  -3.089 0.6999999881
48708  29.497  -34.177  -0.146 0.6000000238
49762  28.303  -33.814  -1.198 0.6000000238
49771  26.719  -33.548  -1.870 0.6999999881
49772  25.790  -33.743  -2.050 0.6999999881
50820  24.361  -33.071  -2.534 0.6999999881
50834  23.893  -32.317  -2.814 0.6999999881
50835  23.046  -32.370  -2.951 0.6999999881
49751  29.950  -33.390  0.369 0.6000000238
49760  29.511  -33.221  -0.324 0.6000000238
49761  28.984  -33.056  -0.968 0.5000000000
49770  27.637  -33.287  -1.658 0.6000000238
50818  26.209  -32.919  -2.253 0.5000000000
50819  25.294  -33.047  -2.377 0.6999999881
129396  24.857  -31.294  -2.956 0.6999999881
51935  23.396  -31.518  -3.138 0.6999999881
54095  28.671  -29.513  -6.141 0.3000000119
54096  27.958  -29.837  -6.303 0.3000000119
54111  26.587  -29.685  -7.810 0.3000000119
149185  21.832  -56.822  4.345 0.4000000060
27489  21.288  -56.680  4.098 0.3000000119
27490  20.558  -56.546  3.348 0.4000000060
27487  23.957  -56.274  4.043 0.3000000119
28478  20.678  -55.786  2.977 0.4000000060
28474  24.898  -55.512  3.389 0.4000000060
29447  20.991  -54.338  2.705 0.4000000060
28487  25.303  -55.416  2.470 0.4000000060
28502  25.592  -55.289  1.378 0.4000000060
30501  25.845  -53.855  0.003 0.4000000060
139698  25.920  -53.035  -0.249 0.5000000000
30516  25.274  -53.288  -2.068 0.4000000060
31383  20.449  -52.770  1.943 0.4000000060
32331  23.971  -51.742  -2.719 0.5000000000
138508  19.216  -51.210  1.402 0.5000000000
149787  18.872  -50.411  1.318 0.5000000000
34849  18.541  -48.760  1.299 0.5000000000
34017  17.835  -49.036  0.920 0.5000000000
34886  21.408  -48.314  -2.349 0.6000000238
35798  17.262  -47.083  0.426 0.5000000000
35812  15.591  -45.792  -0.900 0.4000000060
35823  20.539  -47.700  -2.280 0.6999999881
37724  16.159  -43.210  -0.368 0.5000000000
37709  15.489  -43.423  0.249 0.5000000000
37761  18.706  -45.735  -2.961 0.8000000119
37780  18.741  -45.705  -3.135 0.6999999881
35782  14.840  -46.271  1.290 0.5000000000
35781  15.930  -46.475  2.102 0.6000000238
44308  29.290  -37.866  6.282 0.6000000238
45346  29.849  -37.235  6.077 0.6000000238
135437  29.796  -32.702  0.176 0.5000000000
50805  29.446  -32.283  -0.439 0.5000000000
50816  28.034  -32.471  -1.735 0.5000000000
50817  27.144  -32.709  -2.082 0.5000000000
51933  25.648  -31.670  -2.679 0.5000000000
143132  24.765  -30.540  -3.144 0.5000000000
54094  29.330  -29.134  -5.787 0.3000000119
54110  28.897  -28.925  -6.844 0.3000000119
33957  25.573  -49.630  4.695 0.6000000238
33098  25.695  -50.463  4.489 0.6000000238
33125  26.457  -50.623  3.787 0.6000000238
38768  18.859  -41.922  1.728 0.8000000119
34884  23.543  -48.101  -1.813 0.6999999881
36771  22.306  -46.795  -1.728 0.6999999881
36760  20.857  -45.830  -1.782 0.6999999881
50823  21.828  -33.109  -2.917 0.6999999881
51950  23.238  -30.670  -3.301 0.6000000238
124395  27.436  -29.641  -7.152 0.3000000119
37754  19.114  -45.648  -2.472 0.8000000119
36811  18.936  -46.295  -3.164 0.6999999881
27488  22.640  -56.015  4.302 0.4000000060
29408  23.849  -54.541  4.348 0.4000000060
28475  24.349  -55.542  3.933 0.3000000119
30400  24.604  -54.162  4.221 0.5000000000
31365  20.999  -52.663  2.464 0.5000000000
30502  25.842  -53.776  -1.077 0.3000000119
31435  24.592  -52.470  -2.473 0.4000000060
32282  19.553  -52.021  1.475 0.5000000000
38771  16.702  -42.339  0.981 0.6000000238
50822  22.623  -33.085  -2.783 0.6999999881
139637  29.031  -33.761  -0.706 0.6000000238
48717  27.303  -34.176  -1.454 0.6999999881
49769  28.381  -32.984  -1.418 0.5000000000
50833  24.857  -32.210  -2.674 0.6999999881
140795  24.211  -31.634  -2.951 0.6999999881
50806  28.835  -32.287  -1.228 0.5000000000
51920  25.715  -32.383  -2.486 0.5000000000
51934  24.025  -30.798  -3.204 0.6999999881
50792  30.038  -32.730  0.827 0.5000000000
130467  27.643  -31.863  -2.102 0.5000000000
52998  25.592  -30.773  -2.916 0.5000000000
148596  19.257  -46.665  -2.525 0.6000000238
36793  18.807  -46.359  -3.030 0.6000000238
37779  21.535  -45.558  -3.706 0.5000000000
36810  19.466  -46.723  -3.483 0.6000000238
37796  19.340  -45.684  -3.554 0.6000000238
37777  23.453  -45.634  -3.587 0.5000000000
38864  21.964  -44.910  -3.712 0.5000000000
38865  20.674  -45.105  -3.895 0.6000000238
34832  17.173  -48.947  3.036 0.5000000000
38877  19.446  -44.775  -4.065 0.6000000238
38862  23.819  -44.831  -3.526 0.5000000000
38863  22.901  -44.877  -3.585 0.5000000000
38861  24.815  -44.752  -3.504 0.5000000000
33978  17.754  -49.428  3.314 0.4000000060
32231  17.332  -51.358  3.008 0.4000000060
32230  18.145  -51.629  3.497 0.4000000060
39833  23.182  -44.152  -3.758 0.5000000000
39831  25.766  -43.849  -3.571 0.5000000000
39832  24.051  -43.968  -3.691 0.5000000000
31338  18.634  -52.534  3.868 0.4000000060
40786  26.017  -43.000  -3.809 0.5000000000
139876  24.891  -43.807  -3.667 0.5000000000
30403  19.306  -53.866  4.879 0.4000000060
33913  22.317  -49.068  7.017 0.4000000060
33055  21.411  -50.134  6.939 0.4000000060
33071  21.025  -50.795  6.638 0.4000000060
33072  20.249  -51.118  6.842 0.3000000119
142257  23.820  -43.207  9.279 0.4000000060
39674  23.541  -43.893  9.092 0.4000000060
35697  22.686  -47.562  7.700 0.4000000060
150490  22.168  -48.143  7.676 0.4000000060
39666  23.005  -43.166  9.420 0.4000000060
36629  22.460  -47.038  8.142 0.4000000060
34765  21.890  -48.897  7.466 0.4000000060
36614  21.632  -46.800  8.268 0.4000000060
127216  21.479  -48.194  7.826 0.4000000060
33915  21.211  -49.568  7.363 0.4000000060
33916  20.306  -49.577  7.441 0.4000000060
37602  23.743  -45.199  8.359 0.4000000060
127998  22.914  -45.401  8.628 0.4000000060
36628  23.097  -46.797  8.046 0.4000000060
131023  24.211  -41.913  9.468 0.4000000060
38675  22.470  -43.952  9.178 0.4000000060
38681  21.489  -44.373  8.835 0.4000000060
127401  21.908  -45.290  8.672 0.4000000060
143433  21.060  -45.053  8.548 0.4000000060
37605  20.303  -45.363  8.253 0.4000000060
34766  20.996  -48.820  7.686 0.4000000060
36631  19.560  -46.741  7.650 0.4000000060
34767  20.017  -48.699  7.585 0.4000000060
43270  26.828  -39.148  7.761 0.4000000060
41526  23.313  -41.686  9.687 0.4000000060
40612  22.661  -42.359  9.622 0.4000000060
39667  22.089  -43.058  9.442 0.4000000060
43280  27.747  -38.771  7.078 0.5000000000
43271  26.134  -39.167  8.552 0.4000000060
43254  25.665  -40.015  8.871 0.4000000060
41541  23.987  -40.998  9.639 0.4000000060
40613  21.743  -42.277  9.611 0.4000000060
39668  21.236  -42.949  9.311 0.4000000060
38682  20.540  -44.417  8.528 0.4000000060
39677  19.968  -43.642  8.515 0.4000000060
37613  19.579  -45.179  7.951 0.4000000060
44298  28.139  -38.154  7.006 0.5000000000
44290  26.409  -38.343  8.327 0.5000000000
43272  25.218  -38.995  9.121 0.4000000060
42409  24.093  -40.154  9.611 0.4000000060
42386  23.326  -40.319  9.746 0.4000000060
41527  22.344  -41.476  9.812 0.4000000060
40623  20.455  -42.880  8.995 0.4000000060
44299  27.462  -37.888  7.536 0.5000000000
43229  22.571  -39.700  9.702 0.4000000060
148320  21.755  -40.857  9.901 0.4000000060
45317  26.658  -37.658  7.904 0.4000000060
144219  24.706  -38.310  8.837 0.4000000060
44269  24.260  -38.733  9.262 0.4000000060
43256  23.554  -39.362  9.541 0.4000000060
46383  26.123  -36.877  7.688 0.4000000060
46384  25.128  -36.845  7.651 0.4000000060
46385  24.016  -36.792  7.400 0.4000000060
45319  23.391  -37.342  7.930 0.4000000060
46427  30.271  -36.542  5.653 0.5000000000
131057  28.368  -35.582  6.225 0.5000000000
46408  26.531  -36.259  7.169 0.4000000060
46410  24.572  -36.281  6.741 0.4000000060
45320  22.312  -37.305  7.640 0.3000000119
47562  31.127  -35.665  4.347 0.5000000000
45318  25.793  -37.527  8.279 0.4000000060
141430  24.640  -37.527  8.316 0.4000000060
44270  23.267  -38.447  9.083 0.4000000060
44271  22.430  -38.262  8.787 0.4000000060
45300  22.812  -37.836  8.380 0.4000000060
47541  29.068  -35.196  5.698 0.5000000000
47542  27.359  -35.362  5.995 0.5000000000
47521  26.004  -35.769  6.366 0.4000000060
47522  25.076  -35.752  6.175 0.4000000060
46386  22.927  -36.716  7.167 0.3000000119
48643  30.214  -34.438  4.338 0.5000000000
47520  26.932  -35.788  6.589 0.4000000060
47543  26.417  -35.364  5.748 0.4000000060
46411  23.525  -36.246  6.445 0.3000000119
136235  22.611  -36.347  6.470 0.3000000119
46387  21.837  -36.730  6.833 0.3000000119
47564  29.659  -34.816  5.054 0.5000000000
48666  30.624  -34.234  3.534 0.4000000060
48646  27.234  -34.392  4.688 0.3000000119
48620  26.846  -34.834  5.252 0.4000000060
47544  25.529  -35.386  5.537 0.4000000060
47523  24.206  -35.804  5.940 0.3000000119
149067  23.520  -35.781  5.738 0.3000000119
46412  21.972  -36.138  6.056 0.3000000119
48644  29.108  -34.125  4.455 0.3000000119
48667  29.868  -33.768  3.787 0.4000000060
49703  30.314  -33.517  3.025 0.4000000060
49721  30.325  -33.275  2.274 0.4000000060
49737  30.519  -33.689  1.883 0.4000000060
48647  26.388  -34.445  4.542 0.3000000119
48621  25.944  -34.914  5.009 0.3000000119
47545  24.684  -35.430  5.373 0.3000000119
145981  23.899  -35.489  5.238 0.3000000119
47546  23.116  -35.519  5.243 0.3000000119
47549  20.774  -35.601  5.237 0.3000000119
46432  20.505  -36.060  5.747 0.3000000119
48645  28.085  -34.302  4.630 0.3000000119
47567  22.708  -35.186  4.693 0.3000000119
47548  21.458  -35.486  5.130 0.3000000119
47570  20.306  -35.272  4.828 0.3000000119
49682  28.967  -33.573  3.850 0.3000000119
49704  29.420  -33.140  3.238 0.3000000119
50763  29.948  -32.529  2.000 0.3000000119
50780  30.199  -32.942  1.551 0.4000000060
50793  29.722  -32.103  0.388 0.4000000060
51918  28.481  -31.639  -1.568 0.4000000060
51919  26.575  -32.006  -2.428 0.4000000060
47571  19.479  -35.354  4.879 0.3000000119
49706  27.324  -33.477  3.675 0.3000000119
49684  27.497  -33.972  4.250 0.3000000119
49683  28.176  -33.766  4.081 0.3000000119
50751  29.497  -32.653  2.622 0.3000000119
50781  29.814  -32.163  1.152 0.3000000119
51894  29.459  -31.544  0.571 0.4000000060
52974  29.189  -30.963  0.167 0.3000000119
51908  29.408  -31.490  -0.115 0.4000000060
145570  28.140  -31.131  -1.938 0.4000000060
51931  27.297  -31.053  -2.409 0.4000000060
51932  26.317  -31.226  -2.641 0.4000000060
52975  29.088  -30.817  -0.499 0.3000000119
52987  28.141  -30.374  -1.981 0.4000000060
52997  26.529  -30.484  -2.727 0.4000000060
54058  26.666  -29.562  -2.807 0.4000000060
129172  25.919  -30.047  -2.981 0.4000000060
53013  24.203  -29.806  -3.331 0.4000000060
52960  28.832  -30.249  -0.000 0.3000000119
129272  28.829  -30.190  -0.777 0.3000000119
54046  28.489  -29.751  -1.345 0.3000000119
54047  28.029  -29.571  -2.039 0.4000000060
54057  27.451  -29.385  -2.438 0.4000000060
54059  25.715  -29.336  -3.148 0.4000000060
54071  24.824  -29.141  -3.409 0.3000000119
146809  24.038  -28.983  -3.544 0.3000000119
54072  23.269  -29.260  -3.552 0.4000000060
54986  24.501  -28.418  -3.712 0.3000000119
54965  28.416  -29.076  -1.048 0.3000000119
139134  27.805  -28.982  -2.150 0.3000000119
54976  27.212  -28.696  -2.597 0.3000000119
54977  26.331  -28.821  -3.021 0.3000000119
54985  25.531  -28.427  -3.413 0.3000000119
127647  25.974  -27.709  -3.530 0.3000000119
54947  28.233  -28.911  -0.482 0.3000000119
54975  27.856  -28.378  -1.997 0.3000000119
55926  27.443  -27.686  -2.491 0.3000000119
54984  26.540  -28.090  -3.052 0.3000000119
55938  25.134  -27.699  -3.902 0.3000000119
57024  26.191  -26.674  -4.523 0.3000000119
45336  28.542  -37.431  6.756 0.5000000000
45347  29.172  -37.058  6.472 0.5000000000
132172  19.781  -47.009  -2.307 0.6000000238
36781  19.043  -47.030  -2.904 0.5000000000
36792  19.082  -46.982  -3.122 0.5000000000
37795  20.594  -46.187  -3.732 0.5000000000
36809  20.404  -47.227  -3.858 0.5000000000
37776  24.379  -45.643  -3.602 0.5000000000
36790  22.981  -46.351  -3.814 0.5000000000
36791  21.905  -46.280  -3.792 0.5000000000
37679  17.382  -43.453  2.329 0.6000000238
36706  16.392  -45.102  2.103 0.6000000238
35764  16.891  -46.734  2.723 0.6000000238
127867  17.087  -48.044  2.948 0.5000000000
33996  16.576  -49.431  2.682 0.5000000000
33152  17.033  -50.361  2.881 0.5000000000
31366  16.916  -51.949  2.750 0.5000000000
31339  17.660  -52.421  3.271 0.4000000060
30425  18.348  -53.441  3.793 0.4000000060
29433  18.458  -54.381  4.159 0.4000000060
29410  18.973  -54.533  4.900 0.4000000060
32172  19.234  -52.173  6.626 0.3000000119
130439  19.550  -51.549  6.764 0.3000000119
33057  19.753  -50.194  7.255 0.4000000060
138531  18.715  -46.920  7.267 0.4000000060
33917  19.291  -49.206  7.331 0.4000000060
37614  19.003  -45.348  7.607 0.4000000060
41528  21.379  -41.521  9.734 0.4000000060
38683  19.796  -44.545  8.217 0.4000000060
129504  18.682  -43.044  7.818 0.4000000060
41529  20.585  -41.481  9.551 0.4000000060
40615  20.147  -42.123  9.125 0.4000000060
43230  21.593  -40.031  9.852 0.4000000060
41530  19.858  -41.393  9.291 0.4000000060
45321  21.310  -37.365  7.458 0.4000000060
43258  21.767  -39.123  9.499 0.4000000060
45301  21.799  -37.848  8.243 0.4000000060
46413  21.091  -36.399  6.217 0.3000000119
46414  20.215  -36.544  6.304 0.3000000119
137197  25.845  -44.908  -3.514 0.5000000000
144032  18.826  -53.867  6.183 0.4000000060
36632  18.876  -46.124  7.435 0.4000000060
39684  18.706  -43.835  7.680 0.4000000060
138668  21.024  -40.771  9.844 0.4000000060
42388  20.261  -40.762  9.658 0.4000000060
29389  19.321  -53.856  5.564 0.4000000060
136716  24.930  -42.187  8.943 0.4000000060
46426  30.720  -36.049  5.109 0.5000000000
41540  24.935  -41.360  9.277 0.4000000060
47563  30.505  -35.227  4.776 0.5000000000
51909  29.127  -31.483  -0.898 0.4000000060
52999  25.153  -29.953  -3.163 0.4000000060
37778  22.482  -45.581  -3.618 0.5000000000
35685  21.052  -47.426  8.034 0.4000000060
36615  20.490  -46.505  8.089 0.4000000060
36630  20.202  -47.276  7.807 0.4000000060
35699  19.482  -47.668  7.519 0.4000000060
44289  27.101  -38.505  7.652 0.5000000000
42408  24.853  -40.505  9.404 0.4000000060
40624  19.712  -42.733  8.614 0.4000000060
39683  19.359  -43.996  8.106 0.4000000060
44291  25.504  -38.316  8.658 0.4000000060
45338  27.018  -37.002  7.583 0.5000000000
43257  22.566  -38.842  9.346 0.4000000060
47540  30.016  -35.620  5.523 0.5000000000
46428  29.420  -36.186  6.220 0.5000000000
46407  27.408  -36.415  7.170 0.5000000000
46406  28.023  -36.654  6.986 0.5000000000
47565  28.760  -34.620  5.072 0.5000000000
48619  27.939  -34.828  5.417 0.4000000060
49722  30.042  -32.966  2.618 0.3000000119
52986  28.709  -30.729  -1.303 0.4000000060
50752  28.641  -32.670  2.912 0.3000000119
52996  27.408  -30.080  -2.462 0.4000000060
54035  28.576  -29.587  -0.623 0.3000000119
54966  28.150  -28.908  -1.567 0.3000000119
150114  28.029  -28.344  -1.541 0.3000000119
55948  26.011  -27.131  -3.877 0.3000000119
39678  19.236  -43.305  8.167 0.4000000060
36761  14.957  -44.503  -1.169 0.4000000060
37726  14.803  -43.717  -0.710 0.4000000060
36724  13.932  -45.560  0.131 0.4000000060
35783  13.967  -46.847  0.631 0.3000000119
36723  14.705  -44.623  0.326 0.4000000060
126579  14.668  -47.689  1.407 0.3000000119
126327  21.807  -49.748  -2.661 0.5000000000
35765  15.550  -47.649  1.973 0.5000000000
34851  15.264  -48.613  1.824 0.3000000119
34054  20.975  -49.126  -2.540 0.5000000000
34887  20.083  -48.537  -2.575 0.5000000000
33213  20.628  -49.870  -2.782 0.5000000000
34834  16.017  -48.642  2.371 0.4000000060
34055  19.934  -49.253  -2.829 0.5000000000
148314  19.660  -49.252  -3.116 0.3000000119
35824  19.461  -47.870  -2.774 0.5000000000
34895  19.517  -48.672  -3.025 0.4000000060
35833  19.378  -47.966  -3.174 0.4000000060
34081  20.012  -49.257  -3.764 0.3000000119
34912  19.763  -48.475  -3.651 0.3000000119
35851  20.445  -48.037  -4.093 0.3000000119
36808  22.429  -47.115  -4.288 0.3000000119
139474  21.445  -47.599  -4.302 0.3000000119
35839  19.571  -47.654  -3.533 0.4000000060
30427  17.099  -53.758  3.013 0.3000000119
36789  23.932  -46.342  -3.876 0.4000000060
142945  21.351  -46.908  -3.997 0.4000000060
29434  17.922  -54.846  3.805 0.3000000119
29390  18.736  -54.544  5.655 0.3000000119
33928  18.598  -49.755  7.037 0.3000000119
34768  19.064  -48.367  7.327 0.3000000119
34778  18.230  -48.622  6.927 0.3000000119
139430  17.936  -47.004  6.795 0.3000000119
36642  18.139  -46.268  6.983 0.3000000119
41542  19.428  -41.937  8.753 0.3000000119
41543  18.631  -41.650  8.331 0.3000000119
40631  18.362  -42.405  7.751 0.3000000119
41550  18.018  -41.786  7.694 0.3000000119
41561  17.180  -41.871  6.649 0.3000000119
130773  20.946  -39.311  9.580 0.3000000119
43231  20.162  -39.441  9.595 0.3000000119
42389  19.132  -40.316  9.405 0.3000000119
42390  18.362  -40.580  8.875 0.3000000119
140639  21.232  -38.201  8.549 0.3000000119
44251  20.401  -38.783  9.283 0.3000000119
43232  19.399  -39.519  9.509 0.3000000119
43233  18.567  -39.638  9.327 0.3000000119
43259  17.813  -39.771  8.999 0.3000000119
141465  19.220  -38.012  8.486 0.3000000119
44275  18.967  -38.767  9.242 0.3000000119
135825  18.004  -38.995  9.120 0.3000000119
44273  20.600  -38.280  8.641 0.3000000119
45303  20.090  -37.894  8.145 0.3000000119
45324  18.525  -37.466  8.090 0.3000000119
33211  22.573  -50.400  -2.765 0.5000000000
29411  18.367  -55.150  4.506 0.3000000119
139932  19.858  -40.137  9.658 0.3000000119
40632  17.731  -42.230  7.207 0.3000000119
44252  19.748  -38.935  9.400 0.3000000119
33997  15.673  -49.550  2.176 0.3000000119
148949  16.270  -50.199  2.507 0.3000000119
31340  16.846  -52.831  2.772 0.3000000119
30465  19.505  -53.521  1.339 0.4000000060
135799  18.849  -53.546  0.930 0.4000000060
32283  18.815  -51.966  1.104 0.4000000060
32320  17.110  -51.550  0.300 0.4000000060
32301  17.035  -50.580  0.359 0.3000000119
33172  18.492  -51.124  1.076 0.4000000060
33189  17.775  -50.911  0.716 0.4000000060
145400  17.247  -49.209  0.540 0.4000000060
34033  18.406  -49.704  1.162 0.4000000060
34877  15.736  -48.355  -0.585 0.3000000119
134451  15.176  -47.078  -1.098 0.3000000119
34867  16.573  -48.794  0.113 0.4000000060
35814  13.823  -46.001  -1.305 0.3000000119
35825  14.190  -46.978  -1.467 0.3000000119
36744  13.275  -45.986  -0.953 0.3000000119
137679  16.350  -47.409  -0.227 0.4000000060
35813  14.544  -45.763  -1.343 0.3000000119
37727  14.107  -44.461  -1.027 0.3000000119
31401  18.352  -52.789  0.724 0.4000000060
32300  18.022  -51.810  0.718 0.4000000060
132418  13.301  -47.325  -0.015 0.3000000119
29466  20.337  -54.287  1.975 0.3000000119
34869  12.957  -47.895  -0.663 0.3000000119
26494  23.766  -57.097  4.086 0.3000000119
27479  22.429  -56.926  4.410 0.4000000060
28462  22.660  -55.296  4.245 0.4000000060
28477  21.086  -55.233  3.148 0.4000000060
29407  24.242  -54.910  4.151 0.4000000060
29431  22.579  -54.044  4.160 0.4000000060
29467  19.754  -54.217  1.515 0.4000000060
29484  25.747  -54.446  0.833 0.4000000060
30370  19.330  -53.348  6.155 0.4000000060
30399  25.190  -53.546  4.100 0.5000000000
30404  18.924  -53.968  4.442 0.4000000060
30422  25.116  -54.205  3.864 0.5000000000
30424  21.573  -52.948  3.170 0.4000000060
30426  17.797  -54.034  3.524 0.4000000060
30449  20.676  -53.497  2.218 0.5000000000
30464  20.131  -53.516  1.715 0.3000000119
30483  18.241  -53.607  0.611 0.4000000060
31310  25.229  -52.754  4.275 0.5000000000
31315  20.084  -52.488  5.350 0.5000000000
31363  26.309  -52.047  2.791 0.6000000238
31381  26.301  -52.040  1.938 0.4000000060
31384  19.868  -52.785  1.562 0.4000000060
31385  19.180  -52.782  1.182 0.5000000000
32200  26.043  -51.080  4.178 0.6000000238
32202  20.391  -51.684  5.200 0.4000000060
32257  21.031  -51.800  2.458 0.5000000000
32259  16.433  -51.117  2.563 0.3000000119
32281  20.199  -52.058  1.833 0.5000000000
33056  20.765  -50.319  7.127 0.4000000060
33070  21.474  -50.430  6.444 0.4000000060
33100  24.138  -50.188  4.615 0.6000000238
33101  23.129  -51.140  4.271 0.6000000238
33103  19.242  -50.147  4.039 0.5000000000
33127  22.330  -50.933  3.623 0.6000000238
33130  17.812  -50.753  3.294 0.4000000060
33151  20.258  -50.502  2.008 0.5000000000
33187  26.357  -50.516  0.996 0.6999999881
33200  24.962  -50.151  -1.246 0.6000000238
33209  24.929  -50.896  -1.775 0.6000000238
33914  21.806  -49.544  7.123 0.4000000060
33927  21.887  -49.811  6.546 0.5000000000
33939  22.207  -49.228  6.333 0.6000000238
33940  21.851  -49.583  5.847 0.5000000000
33941  21.288  -49.893  5.369 0.6000000238
33960  20.663  -50.162  4.904 0.6000000238
33975  26.585  -49.865  3.982 0.6999999881
33995  17.219  -49.645  3.024 0.5000000000
34014  26.712  -50.011  1.714 0.8000000119
34016  19.932  -49.850  1.832 0.5000000000
34034  16.810  -49.728  0.283 0.3000000119
34043  25.047  -49.372  -0.824 0.8000000119
34764  22.489  -48.339  7.323 0.4000000060
34788  22.475  -48.600  6.429 0.6000000238
34818  26.684  -49.021  4.237 0.6000000238
34833  16.375  -47.759  2.516 0.4000000060
34846  27.589  -47.989  2.396 1.0000000000
34866  17.229  -48.329  0.493 0.5000000000
34903  19.663  -48.877  -3.298 0.3000000119
35696  23.295  -47.146  7.425 0.6000000238
35698  21.986  -47.582  8.030 0.4000000060
35700  18.475  -47.707  7.098 0.3000000119
35705  23.003  -47.843  7.198 0.5000000000
35726  26.719  -47.601  4.778 1.0000000000
35727  25.787  -47.636  5.082 0.8999999762
35731  21.385  -48.067  5.171 0.6000000238
35744  22.921  -47.658  3.865 0.6999999881
35746  19.089  -47.720  4.007 0.6999999881
35778  19.243  -47.315  1.647 0.6000000238
35800  13.427  -46.283  -0.410 0.3000000119
35811  25.074  -47.835  -0.618 0.8000000119
36685  27.719  -46.735  4.264 1.0000000000
36687  22.569  -46.059  3.500 0.8000000119
36703  20.309  -45.312  2.457 0.6999999881
36705  17.132  -45.159  2.666 0.6999999881
36721  17.750  -44.476  0.462 0.6000000238
36741  15.913  -44.352  -0.743 0.6000000238
36742  14.160  -44.613  -0.578 0.4000000060
36743  13.675  -45.312  -0.842 0.3000000119
36762  14.193  -44.845  -1.178 0.3000000119
36763  13.681  -45.413  -1.032 0.3000000119
36782  18.973  -46.329  -2.734 0.8000000119
37601  24.347  -44.836  8.058 0.6000000238
37603  22.466  -46.228  8.431 0.4000000060
37604  21.273  -45.880  8.442 0.4000000060
37612  23.410  -46.004  8.248 0.4000000060
37625  23.782  -45.481  6.840 0.6000000238
37627  18.306  -45.498  7.189 0.3000000119
37661  19.302  -44.380  4.037 0.8000000119
37675  22.240  -45.047  3.247 0.8999999762
37691  18.773  -42.862  1.311 0.6999999881
37704  28.241  -45.828  1.236 1.0000000000
37708  16.174  -43.495  1.190 0.6000000238
37725  15.286  -43.549  -0.738 0.5000000000
37745  14.671  -43.928  -0.849 0.4000000060
38678  24.504  -44.221  8.192 0.6000000238
38680  23.225  -44.637  8.823 0.4000000060
38689  19.160  -44.609  7.822 0.4000000060
38736  24.760  -43.894  4.301 0.8999999762
38740  18.653  -42.500  3.073 0.8999999762
38766  20.793  -43.345  2.398 0.8999999762
38786  29.424  -44.206  1.499 1.0000000000
38789  17.764  -41.711  0.969 0.6000000238
38791  16.333  -42.573  0.367 0.6000000238
38810  15.673  -43.147  -0.372 0.5000000000
38825  23.450  -44.847  -1.464 0.8999999762
38827  22.036  -44.997  -1.560 0.8000000119
38828  15.066  -43.419  -0.795 0.4000000060
38848  18.676  -45.097  -2.797 0.8000000119
39671  25.088  -42.888  7.781 0.5000000000
39675  21.583  -43.596  9.170 0.4000000060
39676  20.842  -43.627  8.882 0.4000000060
39682  24.712  -43.356  7.269 0.6000000238
39702  21.580  -43.456  4.986 0.6999999881
39721  24.611  -42.777  3.806 0.8999999762
39724  19.550  -41.391  3.015 0.8999999762
39755  19.277  -41.427  2.120 0.8999999762
39756  18.889  -41.566  2.211 0.8999999762
39851  22.491  -43.731  -4.201 0.6000000238
40611  23.551  -42.495  9.499 0.4000000060
40614  20.903  -42.222  9.441 0.4000000060
40621  24.864  -42.957  8.455 0.5000000000
40622  24.373  -42.756  9.186 0.4000000060
40625  19.008  -42.530  8.244 0.3000000119
40638  24.400  -42.377  6.409 0.6999999881
40645  23.123  -41.757  5.311 0.8000000119
40663  24.350  -41.866  3.479 0.8999999762
40664  21.424  -41.160  3.750 1.0000000000
40665  20.467  -41.186  3.169 0.8999999762
40687  20.400  -41.187  2.580 0.8999999762
40710  19.656  -41.311  2.267 0.8999999762
40801  25.685  -42.501  -4.277 0.6000000238
40818  24.069  -41.913  -5.032 0.6000000238
41531  19.162  -41.134  9.047 0.3000000119
41549  25.467  -41.544  8.339 0.5000000000
41601  24.425  -40.585  3.984 0.8999999762
41620  30.596  -41.220  3.188 0.8999999762
41622  24.936  -40.829  3.879 1.0000000000
41623  24.026  -40.795  3.708 0.8999999762
41625  22.164  -40.982  3.278 0.8999999762
41639  30.597  -41.380  2.394 1.0000000000
41734  25.724  -41.878  -4.692 0.6000000238
41737  17.305  -41.648  -4.129 0.8999999762
42387  20.628  -40.063  9.801 0.4000000060
42458  24.172  -40.597  4.220 0.8999999762
42475  25.609  -40.736  4.420 0.8999999762
42557  25.893  -40.199  -2.714 1.0000000000
42595  24.087  -40.902  -5.605 0.6000000238
43255  24.653  -39.605  9.446 0.4000000060
43315  31.301  -38.696  3.475 0.6999999881
43383  16.673  -38.998  -2.928 0.8999999762
43415  16.891  -39.512  -3.539 0.8999999762
43441  18.744  -40.168  -5.085 0.8000000119
44250  21.124  -38.646  9.123 0.3000000119
44272  21.807  -38.444  8.949 0.4000000060
44274  19.835  -38.413  8.913 0.3000000119
44317  31.357  -38.159  4.022 0.6999999881
44329  31.393  -38.106  3.407 0.6999999881
44405  25.606  -38.265  -1.676 0.8999999762
44409  16.710  -38.391  -2.755 0.8999999762
45299  23.855  -38.009  8.669 0.4000000060
45302  20.891  -37.812  8.040 0.3000000119
45304  18.292  -38.221  8.769 0.3000000119
45337  27.833  -37.235  7.322 0.5000000000
45345  30.558  -37.492  5.437 0.6999999881
45409  28.140  -37.372  0.271 0.8000000119
45419  27.508  -37.472  -0.043 0.8000000119
45453  19.978  -37.728  -2.333 1.0000000000
45454  16.297  -37.878  -2.983 0.8999999762
45455  16.405  -37.156  -2.875 0.8999999762
45475  16.614  -38.006  -3.395 0.8000000119
45482  21.367  -37.701  -5.476 0.6999999881
45483  20.470  -37.962  -5.244 0.6999999881
46389  19.890  -37.051  6.897 0.3000000119
46409  25.563  -36.234  7.004 0.4000000060
46429  28.573  -36.477  6.633 0.5000000000
46430  27.775  -35.993  6.632 0.5000000000
46431  21.323  -35.886  5.612 0.3000000119
46521  19.630  -36.634  -2.309 1.0000000000
46523  16.735  -36.439  -2.821 0.8999999762
46546  16.462  -36.514  -3.133 0.8000000119
46563  16.769  -36.404  -3.469 0.8000000119
47524  22.825  -35.918  5.880 0.3000000119
47547  22.186  -35.594  5.334 0.3000000119
47550  19.999  -35.694  5.333 0.3000000119
47566  23.515  -35.169  4.664 0.3000000119
47579  31.294  -35.570  3.632 0.6999999881
47587  30.906  -35.161  2.265 0.6999999881
47616  28.318  -35.247  -0.492 0.6999999881
47633  18.284  -35.820  -2.545 0.8999999762
47643  16.755  -35.705  -3.173 0.8000000119
47655  16.732  -35.714  -3.368 0.8000000119
47667  22.196  -35.501  -5.123 0.6000000238
48622  25.103  -35.011  4.827 0.3000000119
48722  23.279  -34.498  -2.263 0.6999999881
48765  21.682  -34.456  -4.766 0.6000000238
48770  16.343  -33.963  -4.016 0.8000000119
48782  17.067  -34.202  -4.397 0.8000000119
49792  16.448  -33.416  -3.856 0.8000000119
49803  16.306  -33.387  -4.027 0.8000000119
49816  22.130  -33.722  -4.639 0.6000000238
49820  16.363  -33.383  -4.074 0.8000000119
49835  17.208  -33.424  -4.502 0.6999999881
49836  16.698  -33.018  -4.307 0.8000000119
50764  29.101  -32.200  2.275 0.3000000119
50842  16.697  -32.843  -3.802 0.8000000119
50852  16.840  -32.183  -3.953 0.8000000119
50869  16.497  -32.836  -4.116 0.8000000119
50885  17.867  -31.996  -5.043 0.6999999881
50886  16.925  -32.291  -4.389 0.8000000119
51937  21.863  -31.522  -3.302 0.8000000119
51952  17.972  -30.943  -4.215 0.8000000119
51965  17.283  -31.674  -4.140 0.8000000119
51977  25.365  -31.265  -5.605 0.5000000000
51982  19.392  -30.763  -5.799 0.6000000238
51984  17.611  -31.172  -5.021 0.6000000238
51985  17.290  -31.708  -4.593 0.8000000119
51998  22.313  -31.189  -6.420 0.6000000238
53003  18.548  -30.725  -4.005 0.8000000119
53015  22.655  -30.018  -3.426 0.6999999881
53018  18.940  -30.213  -4.403 0.6000000238
53069  20.280  -29.876  -6.181 0.6000000238
53070  19.655  -29.892  -5.779 0.6000000238
54083  19.456  -29.796  -4.731 0.6000000238
54097  20.656  -29.580  -6.157 0.6000000238
54112  25.644  -29.915  -8.059 0.4000000060
54989  21.975  -28.883  -4.101 0.6000000238
55950  24.052  -27.856  -4.758 0.4000000060
126837  25.554  -54.706  1.826 0.4000000060
126900  21.541  -54.733  3.423 0.4000000060
127008  20.514  -48.024  7.787 0.4000000060
127615  23.295  -51.067  -2.775 0.5000000000
128580  17.047  -37.126  -3.698 0.8000000119
130294  24.163  -39.044  -3.176 1.0000000000
130626  19.625  -45.902  7.851 0.4000000060
130891  17.350  -42.722  6.680 0.3000000119
131739  21.712  -48.021  3.044 0.6000000238
132164  19.939  -51.042  4.537 0.6000000238
133126  17.652  -49.957  0.723 0.4000000060
133225  21.650  -41.741  -5.437 0.6999999881
133312  25.441  -46.035  5.103 0.8999999762
133361  25.197  -52.081  4.409 0.6000000238
134065  17.532  -53.288  3.266 0.3000000119
134103  22.679  -49.165  3.743 0.6000000238
134795  24.251  -50.978  -2.454 0.4000000060
134976  21.517  -49.914  2.906 0.6000000238
135865  24.615  -52.478  4.529 0.6000000238
136512  22.742  -46.873  3.678 0.8000000119
136778  16.636  -34.734  -3.799 0.8000000119
136944  18.533  -50.988  3.681 0.5000000000
137071  22.483  -40.570  9.861 0.4000000060
137099  25.373  -48.993  4.843 0.8000000119
137735  23.050  -35.921  -1.724 0.8000000119
138231  30.996  -34.729  2.719 0.6999999881
138544  23.121  -41.023  9.822 0.4000000060
138901  21.458  -29.349  -3.930 0.6000000238
138911  18.144  -46.304  3.506 0.6999999881
139504  19.745  -42.557  3.901 0.8999999762
140053  25.737  -52.932  -1.268 0.3000000119
140378  19.123  -53.322  4.417 0.4000000060
140572  22.380  -44.742  8.856 0.4000000060
141068  17.885  -36.002  -4.318 0.6999999881
141419  19.614  -52.703  6.297 0.4000000060
141749  20.697  -40.054  -5.481 0.6999999881
142009  21.886  -56.288  4.220 0.4000000060
142519  26.121  -52.571  1.524 0.6000000238
142697  24.187  -28.103  -7.319 0.4000000060
142864  18.251  -50.423  1.014 0.4000000060
143203  19.922  -46.922  2.134 0.6000000238
143399  20.095  -50.393  4.544 0.6000000238
144214  24.528  -45.240  -1.256 0.8999999762
144231  20.596  -46.453  -1.913 0.6999999881
144767  24.513  -56.113  3.583 0.3000000119
145213  18.210  -31.491  -5.253 0.6000000238
145618  17.610  -50.066  3.210 0.4000000060
146065  23.440  -50.578  4.358 0.6000000238
146976  16.669  -33.965  -3.666 0.8000000119
147787  23.356  -54.127  4.405 0.4000000060
148223  17.343  -54.452  3.314 0.3000000119
148318  20.638  -49.193  7.561 0.4000000060
148498  22.939  -41.153  3.216 0.8999999762
148737  16.656  -48.598  2.724 0.5000000000
149498  19.669  -44.493  -2.292 0.8999999762
149512  18.480  -37.773  -2.322 1.0000000000
149554  20.539  -51.985  5.805 0.4000000060
149624  19.618  -47.204  1.885 0.6000000238
149767  19.170  -48.454  4.019 0.6999999881
149889  25.826  -53.090  3.228 0.5000000000
150023  23.977  -48.690  4.552 0.6000000238
150037  19.644  -40.760  9.445 0.3000000119
150050  24.792  -39.719  -6.302 0.6000000238
150107  28.606  -35.548  -0.145 0.6999999881
150451  27.381  -39.196  7.177 0.5000000000
150589  25.339  -44.338  -3.534 0.5000000000
150805  21.390  -51.455  2.802 0.5000000000
