#!ascii label  , from subject sub-v1s4x0050699_ses-1 vox2ras=TkReg
1181
67609  -19.007  -17.778  -8.541 0.5555555820
67626  -20.411  -17.837  -9.525 0.6666666865
68563  -21.116  -16.865  -10.203 0.7777777910
67640  -21.639  -17.549  -10.375 0.7777777910
69469  -21.826  -15.892  -10.821 0.8888888955
69487  -24.262  -16.210  -12.059 0.8888888955
67595  -18.351  -17.607  -8.068 0.5555555820
67608  -18.747  -17.005  -8.424 0.5555555820
68533  -19.219  -16.399  -8.825 0.6666666865
69443  -19.430  -15.502  -9.130 0.8888888955
68565  -22.379  -16.672  -11.001 0.8888888955
69485  -22.648  -15.993  -11.356 0.8888888955
70374  -24.168  -14.779  -12.380 1.0000000000
68591  -25.179  -16.386  -12.275 0.8888888955
119424  -25.610  -14.519  -12.737 1.0000000000
69442  -18.563  -15.480  -8.590 0.7777777910
70340  -20.164  -14.357  -9.712 1.0000000000
71221  -20.777  -13.239  -10.141 1.0000000000
131643  -21.251  -13.951  -10.591 1.0000000000
71230  -22.486  -13.575  -11.604 1.0000000000
71229  -21.800  -13.424  -11.047 1.0000000000
119293  -23.738  -14.004  -12.328 1.0000000000
119975  -22.647  -12.691  -11.732 1.0000000000
119526  -23.220  -13.221  -12.177 1.0000000000
119834  -24.869  -13.252  -12.923 1.0000000000
119623  -26.608  -13.985  -13.139 1.0000000000
119295  -24.304  -12.585  -12.831 1.0000000000
127551  -25.731  -13.221  -13.284 1.0000000000
123907  -27.748  -13.471  -13.884 1.0000000000
72857  -27.410  -11.922  -14.842 1.0000000000
119525  -28.637  -12.768  -15.098 0.7777777910
72838  -20.390  -11.705  -9.701 0.8888888955
137236  -21.337  -13.141  -10.565 1.0000000000
133369  -23.664  -12.658  -12.493 1.0000000000
119296  -22.249  -12.203  -11.194 1.0000000000
119467  -23.729  -11.903  -12.612 1.0000000000
141008  -25.259  -11.904  -13.492 1.0000000000
72850  -26.724  -12.128  -14.331 1.0000000000
72865  -28.897  -11.894  -15.283 1.0000000000
72866  -29.386  -11.571  -15.410 0.8888888955
73654  -28.788  -10.841  -15.296 1.0000000000
73655  -30.141  -10.563  -15.666 0.7777777910
73646  -30.698  -10.719  -15.258 0.7777777910
119283  -21.704  -10.902  -10.154 0.5555555820
130120  -23.467  -9.701  -12.225 0.7777777910
73626  -23.237  -10.431  -12.060 0.8888888955
136002  -24.094  -11.149  -12.921 1.0000000000
119530  -24.542  -11.877  -13.098 1.0000000000
73631  -24.387  -10.566  -13.219 0.8888888955
73638  -24.930  -10.449  -13.910 1.0000000000
137231  -26.535  -10.939  -15.089 1.0000000000
73653  -28.054  -10.236  -15.112 1.0000000000
74453  -29.116  -10.216  -15.651 0.8888888955
74465  -28.948  -9.480  -15.895 1.0000000000
74466  -29.596  -9.648  -16.120 0.8888888955
75325  -30.686  -8.538  -16.740 0.7777777910
76175  -31.176  -7.636  -14.828 0.6666666865
76184  -31.067  -7.689  -16.139 0.6666666865
119811  -22.954  -9.034  -10.727 0.4444444478
121615  -23.873  -8.592  -12.946 0.6666666865
75300  -24.321  -9.014  -15.023 0.7777777910
74441  -24.591  -9.567  -14.251 0.8888888955
74451  -26.564  -9.778  -15.465 0.8888888955
73652  -27.241  -10.571  -15.108 1.0000000000
74464  -26.998  -9.029  -15.382 1.0000000000
75321  -27.663  -8.890  -15.355 1.0000000000
75323  -28.746  -8.704  -16.151 1.0000000000
76199  -29.403  -8.106  -16.993 0.8888888955
125189  -30.077  -8.290  -17.230 0.7777777910
76200  -30.639  -7.656  -17.306 0.7777777910
77065  -30.953  -6.986  -15.349 0.5555555820
77971  -30.733  -6.379  -17.341 0.7777777910
77958  -30.604  -5.824  -16.150 0.6666666865
76174  -23.191  -7.821  -14.142 0.6666666865
130359  -23.725  -8.283  -13.685 0.6666666865
75306  -24.082  -8.404  -15.328 0.7777777910
75307  -24.923  -8.756  -15.735 0.8888888955
139407  -27.273  -8.435  -15.400 0.8888888955
75320  -26.617  -8.305  -15.583 1.0000000000
132237  -27.778  -8.152  -15.657 1.0000000000
76198  -28.511  -7.903  -16.405 1.0000000000
75322  -28.187  -8.589  -15.711 0.8888888955
77095  -29.834  -6.941  -18.208 0.8888888955
138248  -30.409  -6.789  -18.144 0.8888888955
77082  -30.700  -6.976  -17.488 0.7777777910
77094  -29.133  -6.846  -17.853 0.8888888955
77984  -30.197  -6.238  -18.746 0.7777777910
77985  -30.575  -6.037  -18.168 0.7777777910
77957  -30.353  -5.006  -16.144 0.7777777910
78883  -30.121  -4.241  -16.122 0.6666666865
124914  -23.386  -7.718  -13.550 0.5555555820
76182  -23.476  -7.780  -15.261 0.7777777910
76194  -24.983  -7.402  -16.214 0.8888888955
76195  -26.092  -7.518  -15.730 0.8888888955
135059  -27.039  -6.919  -15.787 1.0000000000
76196  -27.039  -7.651  -15.551 1.0000000000
78904  -30.370  -5.424  -19.038 0.7777777910
79802  -30.299  -3.784  -18.854 0.7777777910
129639  -30.127  -3.458  -17.369 0.6666666865
80641  -29.774  -2.600  -16.570 0.5555555820
130400  -29.826  -3.401  -16.033 0.5555555820
77071  -23.068  -7.006  -15.734 0.7777777910
77078  -23.647  -6.586  -16.470 0.6666666865
76193  -24.001  -7.260  -16.288 0.8888888955
121137  -26.474  -6.275  -15.848 1.0000000000
77969  -27.492  -5.727  -16.908 1.0000000000
78903  -29.022  -5.428  -19.091 0.8888888955
77983  -29.420  -6.227  -18.570 0.8888888955
79809  -29.966  -4.454  -20.190 0.8888888955
80650  -30.224  -3.017  -19.479 0.7777777910
81458  -30.161  -1.902  -19.186 0.7777777910
80646  -30.076  -2.934  -17.953 0.7777777910
81464  -30.181  -2.586  -20.702 0.7777777910
82268  -30.047  -0.851  -18.743 0.5555555820
81446  -29.628  -1.117  -16.743 0.5555555820
77956  -22.103  -5.678  -15.929 0.4444444478
77077  -22.914  -6.205  -16.336 0.5555555820
141526  -25.015  -5.114  -16.068 0.7777777910
77967  -25.744  -5.501  -15.932 1.0000000000
78894  -27.438  -5.106  -17.295 1.0000000000
78902  -27.925  -4.753  -18.278 0.8888888955
79801  -28.082  -4.040  -19.033 0.8888888955
78917  -28.701  -4.731  -19.344 0.8888888955
79820  -29.688  -3.779  -20.376 0.8888888955
80657  -30.071  -3.200  -20.557 0.8888888955
82273  -30.289  -1.578  -20.397 0.6666666865
127284  -29.897  0.156  -18.117 0.5555555820
80640  -26.029  -2.757  -16.597 0.6666666865
120787  -24.622  -4.184  -16.006 0.6666666865
80644  -26.805  -3.029  -17.531 0.7777777910
79800  -27.289  -3.836  -17.844 0.8888888955
80645  -27.461  -3.223  -18.580 0.7777777910
130355  -27.986  -2.445  -19.847 0.7777777910
128303  -28.395  -3.376  -19.788 0.8888888955
81469  -28.415  -2.003  -20.529 0.7777777910
80656  -29.346  -2.922  -20.696 0.8888888955
81470  -29.690  -2.190  -21.310 0.7777777910
127468  -30.024  -2.615  -21.069 0.7777777910
81471  -29.991  -1.962  -21.473 0.6666666865
83045  -30.032  -0.887  -22.441 0.6666666865
83046  -30.106  -0.736  -22.289 0.6666666865
134674  -30.286  -1.198  -21.474 0.6666666865
84662  -30.338  1.730  -23.285 0.6666666865
83824  -30.250  0.744  -23.030 0.5555555820
83818  -30.402  0.754  -20.762 0.5555555820
83033  -30.275  0.501  -19.895 0.4444444478
84658  -30.345  1.755  -21.833 0.5555555820
82253  -25.171  -0.407  -15.968 0.3333333433
81450  -25.451  -1.251  -16.262 0.3333333433
81456  -26.493  -1.366  -17.631 0.5555555820
128983  -26.573  -2.233  -17.483 0.6666666865
82260  -26.620  -0.648  -18.096 0.5555555820
81457  -26.967  -1.988  -18.298 0.7777777910
81463  -27.491  -1.579  -19.488 0.7777777910
83037  -28.093  -0.347  -20.615 0.6666666865
82271  -28.803  -1.478  -21.172 0.6666666865
82267  -27.750  -1.017  -19.999 0.6666666865
83038  -29.260  -1.106  -21.870 0.6666666865
83823  -29.778  0.058  -22.807 0.6666666865
84660  -29.769  1.563  -23.792 0.6666666865
84661  -30.063  1.535  -23.717 0.6666666865
85516  -30.036  3.447  -22.429 0.5555555820
131077  -30.304  2.582  -23.215 0.6666666865
83026  -25.925  0.217  -17.091 0.4444444478
83022  -25.426  0.285  -16.314 0.4444444478
82254  -25.694  -0.463  -16.633 0.4444444478
133347  -26.325  0.841  -17.766 0.5555555820
83027  -26.350  -0.007  -17.743 0.5555555820
83031  -26.737  0.071  -18.425 0.6666666865
83032  -27.292  -0.046  -19.343 0.6666666865
83812  -27.387  0.571  -19.731 0.6666666865
83044  -28.945  -0.277  -21.942 0.6666666865
83822  -28.485  0.781  -21.914 0.6666666865
132034  -28.589  2.032  -23.092 0.6666666865
85522  -29.731  3.169  -24.364 0.6666666865
86327  -29.967  3.877  -24.501 0.5555555820
85517  -30.180  3.168  -23.781 0.6666666865
83806  -26.130  1.709  -17.442 0.4444444478
133453  -26.771  1.834  -18.925 0.6666666865
83816  -27.161  1.406  -19.648 0.6666666865
84652  -27.459  1.666  -20.662 0.6666666865
83817  -27.811  0.670  -20.687 0.6666666865
85521  -29.254  2.497  -23.963 0.6666666865
69468  -21.049  -15.540  -10.328 0.8888888955
70339  -19.559  -14.687  -9.316 1.0000000000
70353  -20.805  -14.675  -10.212 1.0000000000
70365  -21.950  -14.255  -11.204 1.0000000000
119528  -24.938  -14.870  -12.529 1.0000000000
138636  -23.506  -8.755  -12.032 0.5555555820
76212  -29.274  -7.402  -17.417 0.8888888955
76181  -22.744  -7.276  -14.641 0.5555555820
78889  -22.476  -4.018  -16.755 0.5555555820
77079  -24.530  -6.536  -16.474 0.7777777910
79810  -30.147  -4.077  -19.972 0.8888888955
77965  -21.968  -4.686  -16.352 0.2222222239
128241  -30.261  -0.337  -19.775 0.6666666865
138369  -27.453  -2.589  -18.987 0.7777777910
83811  -26.894  0.946  -18.800 0.6666666865
75294  -23.644  -7.916  -13.101 0.4444444478
76168  -22.858  -7.272  -13.703 0.4444444478
86323  -29.998  4.241  -23.315 0.5555555820
86322  -29.497  4.344  -21.587 0.5555555820
83801  -25.086  0.933  -15.867 0.2222222239
83802  -25.679  1.162  -16.758 0.3333333433
87088  -30.028  4.686  -24.663 0.5555555820
65797  -19.312  -19.591  -8.626 0.5555555820
65804  -19.952  -19.254  -9.111 0.5555555820
67625  -19.651  -17.844  -9.002 0.6666666865
66708  -21.192  -18.165  -9.957 0.5555555820
120414  -21.944  -18.481  -10.368 0.5555555820
67657  -23.654  -17.642  -11.377 0.7777777910
139303  -24.625  -16.851  -11.985 0.8888888955
65796  -18.603  -19.091  -8.124 0.5555555820
137777  -22.188  -17.240  -10.735 0.6666666865
67656  -22.796  -17.389  -11.043 0.8888888955
123471  -26.132  -16.296  -12.397 0.7777777910
137796  -26.333  -14.906  -12.748 0.8888888955
66675  -17.385  -18.378  -7.210 0.4444444478
68531  -17.774  -15.840  -7.948 0.5555555820
136681  -17.700  -14.197  -8.393 0.2222222239
70338  -18.853  -14.002  -9.082 0.6666666865
119278  -28.940  -14.025  -15.228 0.8888888955
119562  -30.069  -13.606  -15.942 0.6666666865
73645  -29.996  -11.600  -15.388 0.7777777910
72860  -30.242  -11.687  -15.127 0.6666666865
134333  -19.297  -12.525  -9.393 0.5555555820
134038  -31.262  -9.671  -15.180 0.6666666865
119279  -19.992  -10.746  -9.565 0.4444444478
75301  -31.419  -8.638  -14.606 0.5555555820
77942  -30.445  -6.083  -13.852 0.5555555820
119299  -22.185  -9.403  -9.955 0.2222222239
77948  -30.603  -6.110  -15.014 0.5555555820
123137  -23.410  -8.505  -11.515 0.4444444478
79784  -29.750  -3.871  -15.222 0.5555555820
77050  -23.238  -6.814  -12.741 0.3333333433
80634  -29.558  -2.622  -15.460 0.5555555820
128033  -29.414  -1.097  -15.625 0.4444444478
77955  -21.618  -4.937  -15.376 0.3333333433
82261  -29.718  -0.433  -17.362 0.5555555820
127283  -30.013  0.777  -18.730 0.4444444478
134441  -24.671  -1.040  -15.668 0.3333333433
81449  -24.779  -1.908  -15.788 0.3333333433
131508  -25.471  -2.094  -16.284 0.4444444478
84653  -30.101  1.842  -20.253 0.4444444478
85510  -29.607  3.576  -21.016 0.4444444478
134136  -29.497  4.984  -22.208 0.2222222239
83807  -26.516  1.731  -18.181 0.6666666865
84648  -26.755  2.424  -19.614 0.6666666865
84657  -27.945  1.813  -21.889 0.6666666865
85509  -27.460  2.840  -21.857 0.6666666865
86320  -27.584  4.435  -23.026 0.6666666865
86321  -28.806  3.567  -24.093 0.6666666865
86330  -29.413  4.810  -25.195 0.6666666865
87093  -29.883  5.561  -25.089 0.4444444478
87087  -29.804  5.211  -23.643 0.3333333433
84645  -26.479  2.492  -18.604 0.5555555820
126909  -19.316  -17.218  -8.787 0.6666666865
66689  -18.666  -18.293  -8.255 0.5555555820
128491  -19.312  -18.634  -8.695 0.6666666865
66699  -20.681  -18.836  -9.598 0.6666666865
68551  -19.849  -17.084  -9.223 0.6666666865
125541  -20.511  -16.952  -9.712 0.7777777910
67639  -20.976  -17.474  -9.959 0.7777777910
134607  -19.990  -16.245  -9.434 0.7777777910
68552  -20.696  -16.198  -9.971 0.8888888955
127803  -21.278  -16.246  -10.391 0.8888888955
69484  -22.235  -15.149  -11.286 1.0000000000
70354  -21.503  -14.911  -10.762 1.0000000000
69486  -23.792  -15.457  -12.111 1.0000000000
127137  -23.457  -16.106  -11.731 0.8888888955
68574  -23.944  -16.848  -11.709 0.8888888955
66676  -18.095  -18.300  -7.770 0.4444444478
67594  -17.514  -17.462  -7.450 0.4444444478
68518  -18.052  -16.773  -7.932 0.5555555820
68532  -18.476  -16.294  -8.362 0.6666666865
69457  -20.262  -15.317  -9.703 0.8888888955
68573  -23.131  -16.779  -11.394 0.8888888955
121758  -23.008  -15.324  -11.728 1.0000000000
69503  -24.641  -15.541  -12.356 1.0000000000
70367  -23.385  -14.689  -12.073 1.0000000000
69504  -25.627  -15.460  -12.544 1.0000000000
119287  -25.487  -13.806  -12.933 1.0000000000
69441  -17.777  -14.920  -8.231 0.5555555820
70326  -18.307  -14.525  -8.667 0.6666666865
70327  -18.963  -14.846  -8.928 0.8888888955
123052  -19.580  -14.003  -9.423 0.8888888955
71210  -20.037  -13.440  -9.634 0.8888888955
139590  -20.611  -13.945  -10.080 1.0000000000
72039  -20.228  -12.464  -9.698 0.8888888955
72040  -21.090  -12.369  -10.161 1.0000000000
119300  -22.169  -12.915  -11.305 1.0000000000
122851  -23.081  -13.999  -11.982 1.0000000000
140658  -24.689  -14.063  -12.617 1.0000000000
119301  -23.153  -12.333  -12.197 1.0000000000
119282  -26.567  -13.187  -13.588 1.0000000000
119288  -25.090  -12.551  -13.233 1.0000000000
119289  -26.002  -12.459  -13.683 1.0000000000
72054  -27.776  -12.774  -14.499 1.0000000000
72858  -29.512  -13.032  -15.516 0.7777777910
119290  -21.751  -11.812  -10.521 1.0000000000
119542  -21.028  -11.363  -9.841 0.5555555820
72043  -21.751  -12.651  -10.805 1.0000000000
119297  -22.727  -11.873  -11.730 1.0000000000
119291  -22.408  -11.268  -11.038 0.8888888955
119488  -23.445  -11.087  -12.400 1.0000000000
72848  -24.887  -11.203  -13.503 1.0000000000
72856  -26.552  -11.414  -14.723 1.0000000000
72863  -27.081  -11.247  -15.021 1.0000000000
137959  -28.169  -10.978  -15.050 1.0000000000
143587  -29.672  -10.247  -15.828 0.8888888955
74454  -30.238  -9.844  -16.047 0.7777777910
142933  -31.312  -9.060  -15.452 0.6666666865
119485  -20.744  -10.372  -9.626 0.5555555820
119298  -22.331  -10.344  -10.504 0.6666666865
119559  -22.830  -10.488  -11.391 0.6666666865
119459  -23.167  -9.936  -11.696 0.7777777910
74427  -23.871  -9.369  -12.801 0.6666666865
74433  -24.008  -9.049  -13.510 0.8888888955
73630  -23.768  -10.286  -12.698 0.8888888955
73637  -24.270  -9.820  -13.330 0.8888888955
119618  -22.922  -11.128  -11.840 0.8888888955
73643  -25.320  -10.231  -14.755 0.8888888955
73651  -26.098  -10.444  -15.290 1.0000000000
124519  -28.204  -9.371  -15.434 1.0000000000
75324  -29.609  -8.875  -16.607 0.8888888955
141700  -30.179  -8.751  -16.914 0.8888888955
75309  -30.259  -9.186  -16.539 0.7777777910
125155  -31.217  -8.512  -15.719 0.7777777910
134832  -30.909  -6.792  -16.445 0.6666666865
141713  -30.989  -7.237  -14.031 0.5555555820
136012  -23.609  -8.982  -12.356 0.5555555820
119285  -22.353  -8.688  -9.902 0.3333333433
119481  -23.312  -9.250  -11.672 0.4444444478
136007  -22.899  -9.779  -11.001 0.6666666865
75299  -23.738  -8.358  -14.584 0.6666666865
74440  -23.993  -8.880  -14.191 0.7777777910
74450  -25.367  -9.627  -15.376 0.8888888955
73660  -27.449  -9.658  -15.216 1.0000000000
136337  -29.935  -7.556  -17.712 0.7777777910
77970  -30.676  -5.666  -17.109 0.7777777910
77947  -30.178  -5.092  -15.005 0.5555555820
75319  -25.564  -8.198  -15.997 0.8888888955
77081  -28.460  -7.062  -16.933 1.0000000000
120555  -30.405  -4.379  -18.207 0.7777777910
125384  -30.522  -4.955  -17.419 0.7777777910
137280  -23.314  -7.456  -13.288 0.4444444478
137906  -25.487  -6.883  -15.997 0.8888888955
120769  -27.488  -6.503  -16.413 1.0000000000
77093  -28.414  -6.354  -17.489 0.8888888955
119701  -30.337  -4.627  -19.363 0.7777777910
141668  -29.580  -1.802  -16.199 0.5555555820
141878  -29.548  -2.205  -15.795 0.5555555820
77070  -22.358  -6.540  -15.226 0.5555555820
120818  -23.740  -5.875  -16.887 0.6666666865
77080  -25.533  -6.219  -15.933 0.8888888955
77982  -28.277  -5.624  -17.985 1.0000000000
78919  -30.153  -4.878  -19.736 0.8888888955
81452  -29.910  -2.053  -17.665 0.6666666865
131708  -29.892  -1.230  -17.877 0.5555555820
77966  -22.879  -5.173  -16.931 0.5555555820
120807  -23.718  -5.179  -17.001 0.5555555820
78893  -26.533  -5.089  -16.429 1.0000000000
125827  -26.136  -4.324  -16.360 0.7777777910
78891  -24.171  -4.826  -16.635 0.7777777910
78901  -26.955  -4.458  -17.092 0.7777777910
80639  -25.006  -2.782  -15.943 0.5555555820
79791  -24.284  -3.507  -15.830 0.5555555820
79792  -25.439  -3.714  -16.090 0.6666666865
79793  -26.443  -3.683  -16.806 0.7777777910
78890  -23.275  -4.492  -17.022 0.7777777910
121851  -23.644  -4.060  -16.497 0.6666666865
143813  -27.078  -2.566  -18.142 0.7777777910
82278  -29.906  -1.408  -22.128 0.6666666865
83830  -30.061  0.775  -23.245 0.6666666865
83050  -30.004  -0.045  -22.746 0.6666666865
135609  -30.445  0.976  -21.701 0.5555555820
83039  -30.433  -0.246  -21.224 0.5555555820
85505  -29.865  2.762  -20.614 0.4444444478
83813  -30.071  1.330  -19.341 0.4444444478
85511  -30.157  2.654  -22.007 0.5555555820
82259  -26.189  -0.551  -17.347 0.5555555820
82266  -27.104  -0.742  -18.944 0.7777777910
84665  -29.998  2.222  -24.211 0.6666666865
85523  -29.909  3.031  -24.293 0.6666666865
85515  -28.033  3.146  -23.004 0.6666666865
77064  -22.246  -6.713  -14.091 0.4444444478
76152  -23.500  -7.872  -11.998 0.4444444478
77057  -23.044  -6.991  -13.254 0.4444444478
124128  -25.245  -18.051  -11.745 0.6666666865
122540  -17.946  -18.963  -7.553 0.4444444478
65786  -18.131  -19.822  -7.612 0.5555555820
119281  -28.071  -14.136  -13.317 0.7777777910
68517  -17.262  -16.503  -7.417 0.4444444478
72859  -30.025  -12.777  -15.395 0.6666666865
71209  -19.238  -13.385  -9.327 0.7777777910
136013  -21.489  -9.984  -9.769 0.3333333433
140462  -20.351  -9.410  -9.553 0.1111111119
76161  -23.442  -7.478  -12.731 0.4444444478
77056  -22.566  -6.677  -13.515 0.3333333433
79783  -23.860  -2.675  -15.504 0.3333333433
87092  -28.528  5.425  -24.750 0.6666666865
87097  -29.512  5.551  -25.284 0.4444444478
63058  -23.711  -21.967  -10.150 0.4444444478
63040  -25.410  -22.858  -8.334 0.2222222239
64899  -19.920  -20.888  -8.872 0.4444444478
64045  -21.411  -21.154  -9.547 0.4444444478
65805  -20.588  -19.768  -9.434 0.4444444478
121816  -21.239  -20.252  -9.679 0.4444444478
64058  -23.578  -21.038  -10.446 0.4444444478
64924  -24.467  -20.619  -10.738 0.4444444478
64061  -26.082  -21.121  -10.089 0.2222222239
65814  -21.879  -19.292  -10.191 0.4444444478
65816  -23.112  -19.684  -10.681 0.4444444478
120338  -23.726  -20.189  -10.756 0.4444444478
64912  -27.579  -20.405  -9.464 0.1111111119
64900  -27.859  -20.745  -8.921 0.1111111119
65817  -24.361  -19.828  -11.046 0.4444444478
130211  -26.037  -19.833  -10.938 0.3333333433
66709  -22.638  -18.508  -10.699 0.4444444478
66710  -23.254  -18.929  -10.899 0.4444444478
65818  -25.223  -20.084  -11.015 0.3333333433
65829  -26.305  -19.073  -11.221 0.3333333433
124165  -27.225  -19.988  -10.028 0.2222222239
65827  -24.844  -19.279  -11.327 0.4444444478
65828  -25.602  -19.291  -11.312 0.3333333433
66726  -23.695  -18.436  -11.194 0.4444444478
66730  -27.258  -17.992  -11.211 0.2222222239
138652  -28.189  -18.036  -10.392 0.1111111119
67644  -29.218  -17.240  -9.887 0.1111111119
66729  -26.558  -18.287  -11.479 0.3333333433
67661  -27.576  -17.301  -11.492 0.3333333433
67670  -26.543  -16.970  -12.148 0.4444444478
68592  -26.982  -16.291  -12.367 0.5555555820
69506  -27.592  -15.555  -12.499 0.6666666865
141186  -28.841  -15.283  -11.964 0.4444444478
124539  -27.996  -14.763  -12.773 0.6666666865
122397  -29.750  -13.487  -11.443 0.3333333433
119447  -28.639  -14.400  -12.951 0.6666666865
119548  -29.533  -13.752  -13.393 0.5555555820
119269  -28.757  -14.105  -14.454 0.6666666865
119515  -30.071  -13.877  -14.671 0.5555555820
119514  -30.008  -12.974  -13.090 0.5555555820
119243  -29.869  -13.254  -12.188 0.4444444478
119745  -30.632  -11.501  -13.527 0.3333333433
119446  -29.780  -14.247  -15.635 0.5555555820
74434  -31.420  -9.457  -13.278 0.4444444478
131115  -31.477  -9.322  -14.132 0.5555555820
76169  -31.222  -7.756  -13.639 0.4444444478
84656  -27.076  2.662  -20.737 0.5555555820
85508  -26.684  3.566  -20.954 0.5555555820
85514  -27.110  3.704  -21.926 0.5555555820
86317  -26.518  4.464  -21.278 0.5555555820
87091  -27.138  5.675  -23.024 0.5555555820
130402  -22.140  -21.897  -9.656 0.4444444478
63039  -25.207  -22.458  -9.314 0.2222222239
142457  -19.989  -18.498  -9.204 0.4444444478
66712  -27.667  -18.354  -10.627 0.2222222239
66713  -28.133  -18.558  -10.183 0.1111111119
68577  -27.927  -16.634  -11.755 0.4444444478
68578  -28.534  -16.341  -11.351 0.3333333433
68576  -27.272  -16.871  -12.031 0.4444444478
119268  -28.381  -15.094  -12.424 0.6666666865
119502  -28.882  -14.800  -12.399 0.4444444478
125924  -31.136  -10.415  -13.176 0.3333333433
75295  -31.440  -8.639  -13.428 0.4444444478
141446  -30.197  -5.459  -14.194 0.4444444478
130802  -26.225  4.171  -20.291 0.5555555820
86314  -25.919  4.598  -19.689 0.5555555820
66700  -21.394  -18.845  -10.000 0.4444444478
69489  -29.164  -15.336  -11.247 0.2222222239
63038  -21.195  -22.856  -8.815 0.4444444478
62042  -22.052  -22.754  -9.338 0.4444444478
62043  -22.767  -23.396  -9.373 0.4444444478
62035  -24.650  -23.194  -8.797 0.2222222239
62020  -25.485  -23.189  -7.487 0.1111111119
129664  -19.392  -21.098  -8.469 0.4444444478
63037  -20.520  -22.178  -8.731 0.4444444478
64048  -26.672  -21.394  -9.207 0.1111111119
64036  -27.430  -21.270  -8.684 0.1111111119
63027  -26.161  -22.660  -7.758 0.1111111119
64901  -28.498  -20.463  -8.631 0.1111111119
65807  -28.402  -19.033  -9.719 0.1111111119
66693  -29.656  -18.467  -8.759 0.1111111119
68555  -29.670  -16.666  -9.426 0.1111111119
68567  -29.388  -16.343  -10.149 0.1111111119
70355  -29.457  -14.790  -10.789 0.2222222239
136941  -30.114  -12.479  -12.015 0.1111111119
119517  -29.564  -14.100  -11.185 0.2222222239
119266  -30.680  -10.937  -12.500 0.2222222239
73632  -30.769  -10.053  -11.879 0.2222222239
74428  -31.215  -9.521  -12.441 0.3333333433
77052  -30.780  -6.833  -13.377 0.4444444478
127882  -30.041  -5.383  -13.374 0.3333333433
77941  -29.809  -4.720  -13.868 0.3333333433
78877  -29.752  -4.282  -14.612 0.4444444478
79777  -29.546  -3.912  -13.868 0.3333333433
79790  -23.051  -3.336  -16.190 0.4444444478
85500  -29.593  2.889  -19.330 0.3333333433
84644  -26.217  2.434  -17.772 0.4444444478
85498  -26.267  3.343  -19.062 0.5555555820
86309  -26.117  3.966  -19.633 0.5555555820
87083  -26.286  5.311  -20.967 0.5555555820
123379  -26.396  5.912  -21.762 0.5555555820
86308  -25.902  4.186  -19.044 0.5555555820
64898  -19.327  -20.427  -8.541 0.4444444478
64909  -19.930  -20.103  -8.996 0.4444444478
64910  -20.579  -20.615  -9.298 0.4444444478
66725  -23.070  -18.129  -10.991 0.5555555820
66727  -24.464  -18.400  -11.463 0.5555555820
68575  -25.240  -17.258  -12.018 0.6666666865
69505  -26.638  -15.582  -12.580 0.6666666865
119271  -30.230  -13.552  -15.510 0.5555555820
72851  -30.281  -12.171  -14.714 0.5555555820
74442  -31.316  -10.170  -14.307 0.4444444478
141723  -29.583  -3.690  -14.515 0.4444444478
65806  -21.257  -19.474  -9.824 0.4444444478
67659  -26.040  -17.694  -11.913 0.3333333433
128240  -25.227  -18.746  -11.533 0.3333333433
64047  -22.885  -21.614  -10.077 0.4444444478
63051  -24.500  -22.264  -9.955 0.4444444478
62045  -24.301  -22.907  -9.452 0.3333333433
64059  -24.504  -21.482  -10.386 0.4444444478
135271  -23.813  -22.606  -9.828 0.4444444478
63041  -26.179  -22.163  -8.663 0.1111111119
64044  -20.577  -21.421  -9.076 0.4444444478
63049  -21.298  -22.051  -9.220 0.4444444478
64921  -21.743  -19.896  -10.006 0.4444444478
64046  -22.216  -21.213  -9.874 0.4444444478
64057  -22.671  -20.815  -10.231 0.4444444478
64922  -22.407  -19.961  -10.333 0.4444444478
64923  -23.084  -20.358  -10.515 0.4444444478
64060  -25.300  -21.758  -10.062 0.4444444478
64925  -25.265  -20.961  -10.541 0.4444444478
126068  -25.906  -21.808  -9.525 0.2222222239
137881  -25.829  -20.488  -10.636 0.4444444478
64926  -26.470  -20.296  -10.366 0.2222222239
140801  -28.156  -20.246  -9.177 0.1111111119
64037  -28.155  -21.089  -8.314 0.1111111119
66711  -27.014  -18.736  -10.913 0.3333333433
66728  -25.856  -18.559  -11.589 0.3333333433
128739  -26.767  -19.525  -10.629 0.2222222239
65819  -27.617  -19.163  -10.273 0.2222222239
67662  -28.236  -17.040  -11.130 0.2222222239
67643  -28.535  -17.478  -10.474 0.1111111119
67627  -28.720  -18.145  -9.862 0.1111111119
68566  -28.855  -16.744  -10.665 0.1111111119
67628  -29.428  -17.959  -9.280 0.1111111119
67660  -26.882  -17.545  -11.764 0.3333333433
68593  -27.620  -16.267  -12.184 0.4444444478
70368  -29.242  -14.716  -11.829 0.3333333433
68594  -28.277  -15.883  -12.033 0.4444444478
69488  -28.795  -15.755  -11.515 0.3333333433
119523  -29.917  -12.656  -11.107 0.1111111119
119456  -29.456  -14.044  -12.314 0.4444444478
119264  -29.502  -14.290  -14.616 0.5555555820
135999  -29.098  -14.181  -13.406 0.5555555820
72049  -30.197  -12.610  -13.968 0.5555555820
119458  -30.341  -11.849  -12.539 0.3333333433
76163  -30.989  -7.399  -12.642 0.4444444478
85503  -26.453  3.387  -20.024 0.5555555820
131156  -26.602  5.153  -21.946 0.5555555820
63050  -22.982  -22.524  -9.782 0.4444444478
65808  -29.120  -18.770  -9.209 0.1111111119
87071  -25.571  4.915  -19.097 0.5555555820
69470  -29.446  -15.538  -10.398 0.2222222239
62033  -21.930  -23.697  -8.929 0.4444444478
62034  -23.955  -23.572  -9.108 0.4444444478
61010  -24.170  -23.844  -8.442 0.2222222239
64034  -19.899  -21.592  -8.618 0.4444444478
64889  -18.674  -20.863  -7.977 0.4444444478
64035  -26.945  -21.717  -8.469 0.1111111119
63028  -26.862  -22.144  -7.897 0.1111111119
65798  -28.722  -19.681  -9.041 0.1111111119
55293  -21.089  -30.465  -3.670 0.1111111119
58981  -19.026  -26.876  -5.853 0.3333333433
57225  -20.532  -28.872  -6.031 0.2222222239
56261  -20.647  -29.672  -5.029 0.2222222239
129066  -21.103  -29.396  -4.453 0.1111111119
56253  -21.428  -29.532  -3.507 0.1111111119
60976  -17.684  -24.031  -6.009 0.3333333433
59924  -17.754  -25.391  -5.391 0.3333333433
58980  -18.275  -26.232  -5.417 0.3333333433
58992  -20.205  -27.067  -6.905 0.3333333433
58076  -20.796  -27.629  -6.918 0.3333333433
57240  -20.418  -28.312  -6.425 0.2222222239
58077  -21.271  -27.515  -6.872 0.2222222239
57226  -21.180  -28.457  -5.878 0.2222222239
57209  -21.474  -28.363  -4.895 0.1111111119
58063  -21.470  -27.752  -6.136 0.2222222239
63010  -16.771  -21.900  -5.759 0.2222222239
62997  -17.114  -22.672  -5.905 0.2222222239
61992  -17.394  -23.358  -6.002 0.2222222239
132648  -18.529  -24.959  -6.286 0.3333333433
59932  -18.955  -25.521  -6.371 0.3333333433
64011  -17.641  -21.316  -6.887 0.2222222239
63011  -17.449  -22.115  -6.472 0.3333333433
63024  -18.058  -22.009  -7.157 0.3333333433
63012  -17.986  -22.761  -6.848 0.3333333433
64023  -18.644  -21.831  -7.691 0.3333333433
63025  -18.585  -22.630  -7.377 0.3333333433
62004  -18.489  -23.414  -7.010 0.3333333433
127379  -19.618  -24.026  -7.478 0.3333333433
129967  -20.706  -24.920  -7.832 0.3333333433
60994  -20.177  -24.472  -7.642 0.3333333433
59950  -21.141  -25.615  -7.890 0.3333333433
59967  -21.853  -25.313  -8.316 0.3333333433
59011  -22.119  -26.242  -7.644 0.3333333433
58994  -22.333  -26.426  -6.701 0.1111111119
59934  -22.794  -25.766  -7.222 0.2222222239
64876  -17.260  -20.518  -6.609 0.2222222239
64888  -17.889  -20.646  -7.291 0.3333333433
64033  -19.243  -21.691  -8.194 0.3333333433
62018  -20.124  -23.634  -7.916 0.3333333433
62032  -20.973  -23.633  -8.435 0.3333333433
61007  -21.509  -24.427  -8.463 0.3333333433
59027  -22.198  -25.749  -8.117 0.3333333433
59951  -22.665  -25.595  -7.974 0.1111111119
65770  -16.778  -19.577  -6.364 0.3333333433
134572  -17.491  -19.964  -7.018 0.3333333433
136576  -18.797  -19.970  -8.207 0.3333333433
63036  -19.813  -22.286  -8.313 0.3333333433
61008  -22.298  -24.590  -8.710 0.3333333433
138740  -22.701  -24.094  -9.087 0.3333333433
61020  -23.280  -23.874  -9.183 0.3333333433
131852  -31.298  -8.059  -12.780 0.2222222239
77935  -30.353  -6.010  -12.873 0.2222222239
125560  -30.593  -6.686  -12.331 0.2222222239
127285  -29.416  -1.875  -15.154 0.3333333433
80627  -29.438  -2.537  -14.518 0.2222222239
129499  -19.649  -27.183  -6.431 0.3333333433
56271  -20.960  -29.064  -5.262 0.2222222239
58054  -21.725  -27.772  -5.166 0.1111111119
62003  -17.896  -23.453  -6.489 0.3333333433
60993  -19.596  -24.698  -7.216 0.3333333433
59949  -20.298  -25.354  -7.458 0.3333333433
59009  -20.865  -26.868  -7.438 0.3333333433
59010  -21.479  -26.654  -7.541 0.3333333433
61009  -23.057  -24.601  -8.800 0.3333333433
55292  -20.578  -30.832  -4.710 0.1111111119
54268  -20.847  -31.400  -4.070 0.1111111119
58979  -17.500  -26.042  -4.863 0.3333333433
129498  -18.485  -27.022  -5.267 0.3333333433
58061  -18.933  -27.666  -5.484 0.3333333433
57223  -19.496  -28.401  -5.841 0.3333333433
120007  -20.102  -29.414  -5.765 0.3333333433
56270  -20.312  -29.583  -5.537 0.3333333433
54254  -21.334  -31.070  -2.878 0.1111111119
60966  -17.286  -24.526  -5.376 0.3333333433
57197  -21.565  -28.698  -4.063 0.1111111119
57210  -21.966  -27.881  -4.258 0.1111111119
63997  -16.383  -21.092  -5.485 0.2222222239
123360  -22.303  -26.655  -5.862 0.1111111119
58995  -22.989  -25.739  -6.200 0.1111111119
59935  -23.449  -25.246  -6.712 0.1111111119
59952  -23.272  -25.210  -7.667 0.1111111119
134855  -23.625  -24.118  -8.791 0.1111111119
66663  -16.682  -18.594  -6.550 0.1111111119
127706  -29.722  -4.798  -13.022 0.2222222239
82249  -29.370  -0.480  -15.139 0.2222222239
81440  -29.332  -1.107  -14.637 0.2222222239
68502  -16.757  -16.958  -6.956 0.2222222239
71208  -18.361  -12.780  -9.110 0.5555555820
65785  -17.417  -19.218  -7.057 0.3333333433
55307  -20.842  -30.017  -4.437 0.1111111119
58990  -18.805  -26.087  -6.004 0.3333333433
59925  -18.389  -25.484  -5.885 0.3333333433
58062  -19.513  -27.729  -6.131 0.3333333433
125790  -19.928  -28.312  -6.361 0.3333333433
60967  -18.003  -24.767  -5.914 0.3333333433
134129  -17.217  -23.806  -5.607 0.2222222239
59933  -19.576  -25.487  -6.897 0.3333333433
59008  -20.190  -26.231  -7.169 0.3333333433
57241  -20.935  -28.185  -6.493 0.2222222239
58091  -21.215  -27.194  -7.286 0.2222222239
60977  -18.365  -24.216  -6.513 0.3333333433
58064  -22.036  -27.135  -5.494 0.1111111119
58078  -21.818  -27.102  -6.443 0.1111111119
64010  -17.020  -21.224  -6.201 0.2222222239
64022  -18.182  -21.336  -7.420 0.3333333433
63026  -19.203  -22.438  -7.863 0.3333333433
60992  -19.031  -24.076  -7.093 0.3333333433
60978  -19.006  -24.813  -6.714 0.3333333433
59966  -21.201  -24.926  -8.137 0.3333333433
122042  -21.226  -26.325  -7.691 0.3333333433
121333  -22.685  -26.179  -5.761 0.1111111119
131973  -19.745  -22.903  -7.998 0.3333333433
59968  -22.538  -25.190  -8.398 0.3333333433
125474  -23.655  -24.566  -8.173 0.1111111119
54267  -20.462  -31.682  -5.090 0.1111111119
55306  -20.265  -30.347  -5.209 0.2222222239
58973  -17.920  -26.815  -4.787 0.3333333433
57207  -18.810  -28.458  -5.065 0.3333333433
57208  -19.605  -29.192  -5.589 0.3333333433
143938  -19.899  -29.693  -5.622 0.3333333433
60965  -16.758  -23.839  -5.110 0.2222222239
60960  -16.484  -24.501  -4.650 0.2222222239
77045  -30.445  -6.711  -11.396 0.1111111119
77922  -29.608  -5.221  -11.456 0.1111111119
77923  -30.127  -6.002  -11.890 0.1111111119
143130  -29.432  -3.872  -12.638 0.1111111119
79766  -29.322  -3.514  -12.066 0.1111111119
130135  -29.480  -3.207  -14.064 0.1111111119
80617  -29.306  -2.625  -12.586 0.1111111119
80623  -29.364  -2.553  -13.561 0.1111111119
128231  -29.300  -1.843  -13.133 0.1111111119
141374  -29.734  1.053  -17.524 0.2222222239
127286  -29.333  -1.825  -14.090 0.1111111119
81434  -29.343  -1.108  -13.694 0.1111111119
85494  -29.431  3.101  -18.231 0.1111111119
84649  -29.757  2.226  -18.731 0.2222222239
85504  -29.301  3.646  -19.797 0.1111111119
127556  -29.582  2.536  -17.469 0.1111111119
86318  -29.007  4.423  -20.316 0.1111111119
85485  -25.558  3.808  -16.984 0.4444444478
85497  -25.980  3.716  -18.312 0.4444444478
128311  -28.887  5.138  -21.031 0.1111111119
87077  -26.084  4.884  -20.319 0.4444444478
87880  -28.823  6.484  -25.240 0.3333333433
87881  -29.295  6.360  -25.172 0.2222222239
125219  -29.640  5.962  -23.849 0.1111111119
87084  -29.235  5.811  -22.158 0.1111111119
87865  -28.813  6.572  -21.542 0.1111111119
141887  -26.072  5.472  -20.242 0.4444444478
133246  -25.359  5.689  -19.183 0.4444444478
87852  -25.082  6.457  -19.077 0.4444444478
87082  -26.209  6.002  -20.705 0.4444444478
87859  -26.185  6.723  -20.357 0.4444444478
87864  -26.368  6.729  -21.487 0.4444444478
88609  -26.507  7.573  -22.493 0.4444444478
88613  -27.078  7.520  -23.737 0.2222222239
88614  -27.359  8.334  -24.262 0.2222222239
87879  -28.025  7.434  -24.702 0.2222222239
88621  -28.425  7.946  -24.575 0.2222222239
88616  -29.009  7.347  -24.643 0.2222222239
90898  -27.503  10.792  -18.460 0.1111111119
143651  -26.950  10.697  -21.588 0.1111111119
90202  -28.342  9.505  -24.183 0.1111111119
87055  -25.236  5.100  -17.294 0.4444444478
87062  -24.842  5.902  -17.731 0.4444444478
87063  -25.288  5.262  -18.295 0.4444444478
87842  -24.834  6.153  -18.753 0.3333333433
88598  -25.750  6.522  -19.581 0.4444444478
88599  -26.125  7.139  -19.636 0.4444444478
88605  -26.461  7.509  -21.278 0.4444444478
89358  -25.396  7.984  -18.245 0.3333333433
89392  -26.624  8.262  -20.842 0.3333333433
90181  -26.735  9.192  -21.615 0.1111111119
89403  -26.586  9.119  -23.433 0.1111111119
90189  -26.487  9.510  -22.914 0.1111111119
89409  -27.540  8.868  -24.378 0.2222222239
90196  -26.678  9.693  -23.706 0.1111111119
90932  -26.525  10.284  -23.269 0.1111111119
87851  -24.110  6.786  -19.014 0.3333333433
88587  -23.517  7.536  -19.052 0.3333333433
89374  -24.720  7.387  -19.086 0.3333333433
132667  -26.407  7.511  -20.249 0.4444444478
89386  -26.544  8.059  -19.528 0.2222222239
90170  -26.940  9.018  -20.275 0.2222222239
89345  -25.789  8.539  -17.276 0.1111111119
89375  -26.424  8.309  -18.364 0.1111111119
131360  -26.935  9.188  -18.242 0.1111111119
90182  -27.024  9.917  -20.997 0.1111111119
122604  -26.200  8.755  -16.990 0.1111111119
90158  -27.286  9.887  -18.772 0.1111111119
90171  -27.279  9.846  -19.831 0.1111111119
144524  -24.450  6.412  -18.503 0.3333333433
87840  -23.579  7.243  -18.833 0.3333333433
88571  -22.896  8.188  -18.179 0.3333333433
89357  -22.509  8.631  -19.037 0.3333333433
89373  -23.728  7.759  -19.188 0.3333333433
131989  -24.341  7.959  -19.018 0.3333333433
89344  -24.654  8.547  -18.165 0.2222222239
90129  -25.322  9.078  -16.930 0.1111111119
90130  -26.053  9.091  -16.537 0.1111111119
90145  -27.236  9.850  -17.692 0.1111111119
90869  -27.155  10.662  -15.310 0.1111111119
90102  -23.003  9.569  -15.268 0.1111111119
90113  -22.242  10.192  -16.115 0.1111111119
133492  -21.843  9.761  -18.655 0.2222222239
90873  -21.663  10.563  -18.408 0.2222222239
89371  -22.427  8.992  -19.234 0.3333333433
90885  -21.946  10.887  -18.977 0.2222222239
90156  -23.541  8.422  -19.172 0.3333333433
140562  -22.215  9.665  -19.189 0.3333333433
91673  -22.197  11.950  -18.856 0.2222222239
90874  -22.867  11.155  -18.595 0.1111111119
91667  -23.020  11.990  -18.076 0.1111111119
90875  -23.706  10.875  -17.268 0.1111111119
90116  -25.789  9.568  -16.028 0.1111111119
90867  -25.456  10.272  -15.553 0.1111111119
90131  -26.710  9.466  -16.720 0.1111111119
90887  -27.554  10.891  -17.553 0.1111111119
91689  -27.553  11.622  -19.220 0.1111111119
90848  -22.396  11.189  -14.603 0.1111111119
90865  -21.643  10.726  -17.021 0.1111111119
91648  -21.723  11.755  -15.371 0.1111111119
92457  -21.456  13.464  -15.733 0.1111111119
91647  -21.309  12.718  -16.617 0.1111111119
91672  -21.855  12.214  -18.727 0.2222222239
93210  -21.893  14.471  -18.263 0.1111111119
93209  -21.819  13.751  -18.536 0.1111111119
93962  -21.876  15.847  -17.264 0.1111111119
91658  -23.081  12.818  -17.597 0.1111111119
92459  -22.798  14.522  -16.894 0.1111111119
91659  -23.794  11.688  -16.282 0.1111111119
91637  -22.276  12.173  -14.161 0.1111111119
144470  -22.781  12.534  -13.330 0.1111111119
92458  -21.759  13.050  -14.462 0.1111111119
93185  -21.718  13.843  -14.093 0.1111111119
93195  -21.496  13.844  -14.993 0.1111111119
93949  -21.663  14.784  -14.119 0.1111111119
94701  -21.880  16.239  -16.873 0.1111111119
93163  -23.451  13.652  -12.173 0.1111111119
93164  -24.146  13.485  -11.530 0.1111111119
128826  -23.202  14.256  -12.292 0.1111111119
77044  -29.974  -6.089  -10.928 0.1111111119
78862  -29.503  -4.444  -12.299 0.1111111119
78851  -29.361  -4.263  -11.339 0.1111111119
83017  -29.428  0.288  -15.206 0.1111111119
82243  -29.395  -0.252  -14.283 0.1111111119
83023  -29.490  0.617  -15.986 0.1111111119
86315  -28.853  4.465  -19.182 0.1111111119
86302  -25.682  4.443  -18.327 0.4444444478
87874  -27.698  6.559  -24.242 0.4444444478
125500  -28.650  7.152  -24.847 0.2222222239
87875  -29.497  6.513  -24.630 0.1111111119
129004  -29.110  7.409  -23.650 0.1111111119
128430  -28.661  6.027  -20.676 0.1111111119
87858  -25.811  5.949  -19.813 0.4444444478
90190  -26.679  10.122  -22.217 0.1111111119
90943  -26.681  10.933  -23.524 0.1111111119
88588  -24.217  7.079  -19.140 0.3333333433
90908  -27.424  10.700  -19.457 0.1111111119
90872  -21.610  11.441  -18.549 0.2222222239
93955  -21.598  15.550  -16.237 0.1111111119
93963  -22.337  15.776  -17.161 0.1111111119
93934  -22.670  14.562  -12.727 0.1111111119
93927  -23.807  14.376  -11.611 0.1111111119
78839  -29.322  -4.164  -10.500 0.1111111119
121882  -29.414  -4.839  -10.759 0.1111111119
82255  -29.466  -0.231  -16.108 0.2222222239
83808  -29.797  1.642  -18.093 0.2222222239
85491  -25.875  3.204  -17.485 0.4444444478
91638  -22.961  11.394  -13.748 0.1111111119
91625  -24.013  11.419  -12.646 0.1111111119
92428  -23.780  12.853  -12.120 0.1111111119
139107  -22.338  13.192  -13.522 0.1111111119
93171  -22.202  14.146  -13.372 0.1111111119
77913  -29.422  -5.042  -9.983 0.1111111119
131031  -31.088  -7.850  -11.999 0.1111111119
76148  -30.685  -7.464  -11.078 0.1111111119
123639  -29.623  -5.493  -10.594 0.1111111119
78830  -29.303  -4.034  -9.662 0.1111111119
80590  -29.444  -2.653  -10.684 0.1111111119
81415  -29.369  -1.837  -12.167 0.1111111119
82215  -29.647  -0.958  -11.858 0.1111111119
82237  -29.496  -0.433  -13.304 0.1111111119
83795  -29.550  1.210  -15.385 0.1111111119
83013  -29.560  0.740  -14.466 0.1111111119
84642  -29.622  1.927  -16.005 0.1111111119
85486  -29.470  3.145  -16.567 0.1111111119
85493  -29.185  3.806  -17.969 0.1111111119
85492  -26.202  3.055  -18.233 0.4444444478
86310  -28.899  4.452  -18.206 0.1111111119
87078  -28.619  5.373  -19.697 0.1111111119
88610  -28.737  7.428  -21.839 0.1111111119
88606  -28.573  6.938  -20.494 0.1111111119
86292  -25.294  4.462  -16.631 0.4444444478
86293  -25.503  4.511  -17.517 0.4444444478
90191  -28.630  9.674  -22.646 0.1111111119
90952  -28.322  10.214  -23.946 0.1111111119
87833  -24.657  6.201  -16.685 0.2222222239
87841  -24.143  6.677  -18.070 0.3333333433
88572  -24.166  6.965  -16.772 0.2222222239
88578  -23.528  7.415  -18.083 0.2222222239
91716  -26.685  11.832  -23.234 0.1111111119
88564  -23.668  8.137  -15.902 0.1111111119
89343  -22.251  9.095  -18.168 0.2222222239
131586  -27.423  11.422  -20.151 0.1111111119
92493  -27.440  12.548  -20.292 0.1111111119
89330  -23.313  8.795  -15.616 0.1111111119
125242  -23.627  9.567  -14.131 0.1111111119
90838  -23.822  10.813  -13.178 0.1111111119
138031  -27.774  11.631  -17.353 0.1111111119
138836  -24.496  10.736  -12.584 0.1111111119
91604  -24.951  11.615  -11.477 0.1111111119
93196  -23.223  14.804  -15.719 0.1111111119
92461  -24.805  12.949  -14.360 0.1111111119
91650  -25.725  11.475  -14.410 0.1111111119
91651  -26.657  11.300  -14.223 0.1111111119
91617  -24.234  11.978  -12.085 0.1111111119
92429  -24.538  12.574  -11.491 0.1111111119
94681  -22.089  16.081  -13.663 0.1111111119
95410  -22.120  17.420  -16.120 0.1111111119
93926  -23.216  14.950  -12.151 0.1111111119
83028  -29.605  0.434  -16.896 0.1111111119
87869  -26.685  6.645  -22.771 0.4444444478
78869  -29.552  -4.179  -13.123 0.1111111119
79771  -29.419  -3.396  -13.111 0.1111111119
80608  -29.341  -2.642  -11.601 0.1111111119
81428  -29.422  -1.128  -12.775 0.1111111119
84646  -29.688  1.824  -16.986 0.1111111119
135272  -29.328  3.475  -17.362 0.1111111119
87870  -29.261  6.645  -22.948 0.1111111119
89397  -26.536  8.526  -22.399 0.2222222239
131676  -26.667  8.416  -23.514 0.2222222239
89410  -28.328  8.698  -24.406 0.2222222239
129809  -28.877  8.183  -23.936 0.1111111119
133326  -27.310  10.233  -16.899 0.1111111119
90933  -26.605  11.128  -22.670 0.1111111119
90921  -27.284  10.687  -20.542 0.1111111119
91699  -27.079  11.633  -21.415 0.1111111119
90197  -28.583  9.671  -23.816 0.1111111119
89398  -28.747  8.956  -23.352 0.1111111119
88590  -26.105  7.533  -18.965 0.3333333433
90200  -27.222  9.729  -24.102 0.2222222239
90157  -26.959  9.037  -19.119 0.1111111119
88577  -23.065  7.861  -18.939 0.3333333433
135531  -23.603  7.764  -16.875 0.1111111119
89372  -22.961  8.340  -19.189 0.3333333433
90143  -23.526  9.202  -18.902 0.2222222239
90128  -24.340  9.339  -17.800 0.1111111119
90115  -24.661  9.902  -16.708 0.1111111119
90876  -26.399  9.638  -16.034 0.1111111119
90877  -27.143  10.222  -16.032 0.1111111119
90868  -26.448  10.226  -15.431 0.1111111119
91674  -27.607  11.006  -16.729 0.1111111119
90861  -26.871  10.861  -14.760 0.1111111119
89319  -23.742  8.815  -14.582 0.1111111119
90114  -22.590  9.386  -16.549 0.1111111119
125731  -21.918  9.956  -17.519 0.1111111119
90141  -21.882  9.932  -19.060 0.3333333433
90142  -22.783  9.027  -19.324 0.3333333433
126437  -22.421  10.578  -19.042 0.2222222239
90886  -23.413  10.123  -18.430 0.1111111119
92476  -22.381  13.113  -18.481 0.1111111119
90866  -24.478  10.686  -16.025 0.1111111119
90860  -26.098  10.715  -14.777 0.1111111119
91660  -25.020  11.096  -15.207 0.1111111119
90859  -21.962  10.945  -15.719 0.1111111119
90101  -22.672  10.355  -14.909 0.1111111119
90849  -23.220  10.550  -13.970 0.1111111119
91657  -21.449  11.538  -16.696 0.1111111119
135368  -21.593  12.509  -15.117 0.1111111119
93194  -21.461  14.799  -16.393 0.1111111119
91665  -21.416  12.256  -18.038 0.1111111119
92475  -21.461  13.562  -18.161 0.1111111119
93204  -21.857  15.287  -17.690 0.1111111119
93205  -22.087  15.079  -17.983 0.1111111119
124147  -22.579  13.976  -17.981 0.1111111119
94708  -22.096  16.371  -16.832 0.1111111119
92470  -23.365  12.999  -16.312 0.1111111119
92460  -23.813  13.507  -15.339 0.1111111119
91649  -24.526  12.179  -14.997 0.1111111119
137298  -23.425  11.595  -13.180 0.1111111119
91616  -23.442  12.225  -12.797 0.1111111119
92434  -23.086  13.063  -12.796 0.1111111119
93172  -22.803  13.794  -12.790 0.1111111119
93933  -22.074  15.081  -13.381 0.1111111119
93948  -21.670  15.645  -15.428 0.1111111119
94702  -22.260  16.624  -16.199 0.1111111119
77037  -30.264  -6.786  -10.482 0.1111111119
79755  -29.328  -3.433  -11.060 0.1111111119
83803  -29.585  1.219  -16.446 0.1111111119
130191  -28.798  8.210  -22.720 0.1111111119
142017  -27.854  10.258  -24.160 0.1111111119
91715  -26.999  11.477  -23.637 0.1111111119
93956  -22.657  16.089  -16.219 0.1111111119
94669  -23.117  15.966  -12.209 0.1111111119
137012  -29.370  -3.395  -10.244 0.1111111119
133881  -29.597  2.431  -16.523 0.1111111119
126291  -28.125  11.132  -23.793 0.1111111119
91707  -26.702  12.102  -22.576 0.1111111119
128839  -23.075  8.598  -16.867 0.1111111119
88556  -23.984  8.114  -14.948 0.1111111119
93197  -24.301  13.987  -14.624 0.1111111119
95403  -22.045  16.872  -15.142 0.1111111119
96050  -22.353  17.773  -14.527 0.1111111119
94703  -22.308  17.095  -16.190 0.1111111119
129164  -18.976  -29.269  -4.942 0.2222222239
72033  -18.388  -11.520  -9.278 0.2222222239
119509  -18.828  -9.977  -9.558 0.2222222239
69427  -17.208  -15.111  -7.651 0.3333333433
72034  -19.356  -11.349  -9.480 0.4444444478
84641  -25.711  2.312  -16.868 0.2222222239
86287  -24.935  4.427  -15.728 0.1111111119
87054  -25.021  5.315  -16.390 0.1111111119
79789  -22.314  -3.237  -16.433 0.1111111119
80638  -22.430  -2.810  -15.942 0.1111111119
82248  -24.499  -0.237  -15.501 0.1111111119
134389  -24.374  0.588  -15.331 0.1111111119
132100  -24.804  3.027  -15.566 0.1111111119
86282  -24.491  4.398  -14.919 0.1111111119
87049  -24.699  5.172  -15.326 0.1111111119
126774  -24.753  5.815  -15.717 0.1111111119
123336  -17.042  -15.795  -7.385 0.2222222239
70325  -17.291  -13.540  -8.316 0.2222222239
125828  -17.980  -13.636  -8.733 0.3333333433
119292  -22.975  -8.370  -10.380 0.2222222239
132438  -25.192  1.818  -16.021 0.1111111119
119284  -22.039  -8.095  -9.687 0.1111111119
119286  -23.521  -7.871  -11.037 0.3333333433
134447  -25.516  3.122  -16.682 0.3333333433
72032  -17.548  -11.576  -8.983 0.2222222239
84640  -25.191  2.698  -16.093 0.1111111119
85478  -24.653  3.656  -15.278 0.1111111119
85484  -25.165  3.596  -16.107 0.1111111119
84633  -24.686  2.309  -15.434 0.1111111119
84628  -24.319  2.907  -14.967 0.1111111119
83794  -24.554  1.460  -15.373 0.1111111119
122994  -29.646  -14.959  -9.855 0.1111111119
57196  -18.293  -28.971  -4.261 0.1111111119
56260  -19.510  -29.903  -5.178 0.1111111119
55305  -19.786  -30.690  -5.300 0.1111111119
57194  -16.798  -28.195  -3.307 0.1111111119
58052  -17.670  -27.490  -4.291 0.1111111119
58972  -17.093  -26.643  -4.226 0.1111111119
125218  -16.874  -25.868  -4.461 0.1111111119
59916  -17.061  -25.279  -4.848 0.1111111119
68516  -16.488  -16.198  -6.900 0.1111111119
120380  -18.297  -10.434  -9.420 0.1111111119
77932  -22.807  -6.386  -13.230 0.2222222239
122913  -21.766  -5.857  -14.759 0.2222222239
77940  -22.048  -5.922  -13.702 0.2222222239
78876  -21.584  -4.896  -14.494 0.2222222239
58043  -16.927  -27.511  -3.709 0.1111111119
119272  -19.545  -9.621  -9.584 0.1111111119
55304  -19.082  -30.549  -4.764 0.1111111119
54290  -20.033  -30.782  -5.383 0.1111111119
58026  -16.153  -27.628  -3.012 0.1111111119
58961  -16.282  -26.784  -3.544 0.1111111119
58971  -16.310  -26.021  -3.973 0.1111111119
59915  -16.368  -25.308  -4.325 0.1111111119
129112  -16.226  -23.741  -4.594 0.1111111119
61991  -16.907  -23.232  -5.473 0.1111111119
125997  -16.119  -16.408  -6.419 0.1111111119
70309  -16.815  -14.533  -7.449 0.1111111119
71196  -17.451  -12.661  -8.695 0.1111111119
72832  -17.731  -9.275  -9.458 0.1111111119
137801  -23.125  -6.257  -12.837 0.2222222239
78868  -22.041  -4.888  -13.872 0.2222222239
79776  -21.592  -3.630  -15.440 0.1111111119
56269  -20.037  -30.093  -5.455 0.1111111119
56252  -18.025  -29.785  -3.836 0.1111111119
78875  -21.477  -4.209  -15.083 0.2222222239
79781  -21.654  -3.312  -16.042 0.1111111119
70310  -17.235  -14.320  -7.958 0.1111111119
62996  -16.535  -22.509  -5.261 0.1111111119
64875  -16.563  -20.388  -5.905 0.1111111119
61983  -16.351  -23.145  -4.852 0.1111111119
58053  -18.333  -27.580  -4.860 0.1111111119
57206  -18.145  -28.144  -4.424 0.1111111119
69426  -16.651  -15.334  -7.167 0.1111111119
72020  -16.950  -11.642  -8.628 0.1111111119
57195  -17.507  -28.336  -3.821 0.1111111119
129163  -17.631  -29.162  -3.668 0.1111111119
69411  -16.434  -15.695  -6.860 0.1111111119
78860  -22.742  -5.708  -13.276 0.1111111119
143319  -15.854  -24.735  -4.094 0.1111111119
68501  -16.037  -16.989  -6.275 0.1111111119
133937  -21.745  -3.858  -14.774 0.1111111119
79782  -21.773  -3.095  -15.701 0.1111111119
81445  -24.038  -1.689  -15.356 0.1111111119
77032  -23.482  -7.195  -10.699 0.1111111119
80633  -23.450  -2.392  -15.076 0.1111111119
53293  -20.922  -32.325  -4.898 0.1111111119
55279  -21.583  -30.130  -2.714 0.1111111119
55291  -18.341  -30.543  -4.128 0.1111111119
56259  -18.716  -29.818  -4.476 0.1111111119
57224  -20.072  -28.841  -6.139 0.3333333433
58075  -20.113  -27.805  -6.622 0.3333333433
58991  -19.467  -26.349  -6.518 0.3333333433
58993  -21.680  -26.923  -7.172 0.1111111119
59026  -21.734  -26.068  -7.915 0.3333333433
59969  -23.063  -25.094  -8.278 0.1111111119
61006  -20.766  -24.322  -8.075 0.3333333433
62017  -19.240  -23.300  -7.543 0.3333333433
62031  -20.379  -22.909  -8.373 0.3333333433
62044  -23.531  -23.176  -9.508 0.4444444478
64049  -26.878  -20.690  -9.732 0.1111111119
64911  -21.947  -20.552  -9.930 0.4444444478
64913  -27.985  -19.788  -9.655 0.1111111119
65815  -22.529  -19.140  -10.547 0.4444444478
65826  -24.056  -19.074  -11.162 0.4444444478
67641  -22.390  -17.875  -10.683 0.5555555820
67642  -27.890  -17.683  -10.869 0.2222222239
67658  -24.529  -17.512  -11.725 0.6666666865
68564  -21.732  -16.742  -10.595 0.8888888955
68579  -29.063  -16.004  -10.894 0.3333333433
70366  -22.669  -14.501  -11.660 1.0000000000
72849  -25.814  -11.529  -13.960 1.0000000000
72864  -27.909  -11.500  -14.958 1.0000000000
73644  -25.784  -10.874  -14.553 1.0000000000
74452  -28.578  -10.051  -15.423 1.0000000000
74455  -30.725  -10.055  -15.761 0.7777777910
75289  -23.594  -8.272  -12.410 0.4444444478
75308  -26.015  -9.040  -15.893 0.8888888955
75310  -30.955  -9.323  -16.069 0.7777777910
76157  -30.787  -7.228  -11.856 0.1111111119
76183  -24.431  -8.004  -15.989 0.7777777910
76197  -27.745  -7.381  -16.091 1.0000000000
76213  -30.076  -7.168  -18.099 0.7777777910
77058  -30.809  -6.796  -14.380 0.5555555820
77934  -29.843  -5.306  -12.484 0.1111111119
77968  -26.746  -5.801  -16.205 1.0000000000
77996  -29.987  -5.577  -19.349 0.8888888955
78882  -21.588  -4.121  -15.800 0.1111111119
78888  -21.815  -3.915  -16.337 0.1111111119
78892  -25.424  -4.668  -16.029 0.7777777910
78918  -29.609  -4.956  -19.788 0.8888888955
79788  -21.940  -3.303  -16.425 0.1111111119
79794  -30.203  -4.024  -16.969 0.7777777910
79808  -29.063  -4.290  -19.953 0.8888888955
81451  -26.022  -1.794  -16.844 0.4444444478
81455  -25.989  -1.082  -16.935 0.5555555820
81462  -26.966  -1.366  -18.566 0.7777777910
82272  -29.977  -1.672  -22.056 0.7777777910
83021  -24.942  0.242  -15.774 0.1111111119
83829  -29.253  1.008  -23.073 0.6666666865
84666  -30.167  2.232  -23.994 0.6666666865
85499  -29.184  3.722  -18.744 0.1111111119
86326  -28.818  4.447  -24.595 0.6666666865
86331  -29.529  4.096  -24.677 0.6666666865
86332  -29.888  3.778  -24.603 0.6666666865
87076  -25.758  5.254  -19.720 0.4444444478
87094  -29.831  4.662  -24.978 0.6666666865
88579  -25.799  7.715  -18.554 0.3333333433
88589  -25.330  6.948  -19.298 0.3333333433
88615  -27.992  8.067  -24.658 0.2222222239
89342  -22.083  9.329  -19.103 0.3333333433
89359  -26.057  8.278  -17.622 0.1111111119
89404  -28.642  8.899  -24.071 0.1111111119
89408  -26.923  9.095  -24.001 0.1111111119
89413  -27.988  8.567  -24.567 0.2222222239
90144  -26.584  8.910  -17.498 0.1111111119
90201  -27.871  9.266  -24.414 0.2222222239
90951  -27.137  10.617  -23.884 0.1111111119
91624  -22.931  11.994  -13.438 0.1111111119
91666  -21.452  11.260  -17.776 0.1111111119
91723  -27.555  11.216  -23.834 0.1111111119
92468  -21.399  14.274  -17.450 0.1111111119
92469  -22.020  14.069  -18.489 0.1111111119
92481  -21.705  13.087  -18.580 0.1111111119
92482  -21.915  13.143  -18.704 0.1111111119
93184  -21.524  14.663  -15.066 0.1111111119
93961  -21.739  15.862  -17.160 0.1111111119
94694  -21.819  15.856  -14.560 0.1111111119
95411  -22.247  17.785  -16.292 0.1111111119
96062  -22.067  17.787  -15.889 0.1111111119
119275  -29.581  -13.866  -15.689 0.8888888955
119276  -21.140  -9.195  -9.547 0.1111111119
119294  -24.058  -13.289  -12.569 1.0000000000
119411  -29.092  -14.430  -12.606 0.4444444478
119455  -26.931  -12.784  -13.979 1.0000000000
119512  -28.920  -14.235  -14.119 0.6666666865
119536  -29.253  -14.355  -15.078 0.5555555820
119891  -27.212  -14.824  -12.815 0.8888888955
121191  -24.525  -5.628  -16.576 0.6666666865
122557  -29.566  -1.773  -11.155 0.1111111119
126939  -29.988  -4.476  -15.372 0.5555555820
127201  -26.315  -6.871  -15.671 0.8888888955
127222  -22.770  9.693  -19.198 0.3333333433
127901  -29.742  -12.505  -15.408 0.7777777910
127974  -22.897  -3.793  -16.785 0.3333333433
128105  -27.280  -20.911  -9.205 0.1111111119
130121  -28.640  8.157  -24.326 0.2222222239
130134  -29.570  -3.213  -14.938 0.4444444478
131303  -20.758  -26.116  -7.571 0.3333333433
131945  -30.854  -11.114  -14.448 0.5555555820
131965  -17.561  -22.882  -6.370 0.2222222239
132389  -25.753  3.944  -17.703 0.4444444478
133087  -30.327  0.080  -22.277 0.6666666865
133734  -26.814  10.246  -23.773 0.2222222239
134619  -29.504  -10.877  -15.545 0.7777777910
139060  -25.829  -16.940  -12.184 0.7777777910
139314  -23.158  -11.661  -12.184 1.0000000000
140649  -23.706  -19.541  -10.925 0.4444444478
141893  -25.351  -11.002  -13.943 1.0000000000
142830  -27.303  -1.977  -19.040 0.7777777910
143664  -30.324  -7.242  -17.835 0.7777777910
144147  -29.390  -3.357  -9.729 0.1111111119
