#!ascii label  , from subject sub-v1s4x0050699_ses-1 vox2ras=TkReg
339
121121  31.817  -5.710  -9.275 0.0000000000
68064  26.022  -16.738  -5.042 0.0000000000
83585  32.771  1.479  -14.841 0.0000000000
92839  24.148  11.524  -23.883 0.0000000000
66303  23.695  -18.764  -3.975 0.0000000000
87035  31.387  5.105  -14.553 0.0000000000
90352  28.507  8.928  -15.526 0.0000000000
121265  27.395  -8.555  -7.598 0.0000000000
71850  28.268  -12.623  -7.879 0.0000000000
137819  31.040  -8.983  -7.954 0.0000000000
80167  34.058  -2.086  -10.610 0.0000000000
137908  33.852  -5.745  -8.422 0.0000000000
80178  32.796  -3.174  -12.388 0.0000000000
83565  34.180  1.501  -12.941 0.0000000000
91161  27.118  10.219  -20.155 0.0000000000
91937  27.241  11.652  -17.159 0.0000000000
68982  28.529  -15.604  -6.247 0.0000000000
87921  29.690  6.666  -16.006 0.0000000000
90359  28.453  8.811  -16.867 0.0000000000
121205  29.513  -6.505  -7.835 0.0000000000
74304  29.117  -8.739  -7.561 0.0000000000
137761  30.779  -7.494  -8.337 0.0000000000
125274  24.954  -17.951  -4.551 0.0000000000
81890  32.668  -0.981  -13.688 0.0000000000
81071  33.696  -1.061  -13.345 0.0000000000
82731  33.494  1.073  -14.708 0.0000000000
87904  29.928  7.196  -13.883 0.0000000000
87021  30.715  5.892  -12.964 0.0000000000
92826  23.998  12.245  -21.067 0.0000000000
90385  26.393  9.702  -20.160 0.0000000000
91977  25.394  10.606  -22.441 0.0000000000
94487  26.385  15.690  -19.461 0.0000000000
134535  26.516  14.101  -17.779 0.0000000000
92816  26.893  12.229  -19.174 0.0000000000
93644  26.665  13.366  -17.300 0.0000000000
140586  26.917  12.188  -16.204 0.0000000000
142212  30.444  -13.430  -8.255 0.0000000000
70852  28.623  -13.617  -7.526 0.0000000000
65423  23.403  -19.585  -3.654 0.0000000000
85299  32.468  3.033  -15.188 0.0000000000
87043  31.019  4.782  -15.532 0.0000000000
87912  29.834  6.918  -14.958 0.0000000000
90347  28.379  9.236  -14.364 0.0000000000
73506  26.935  -11.101  -8.315 0.0000000000
73519  27.917  -10.149  -7.654 0.0000000000
73517  29.932  -10.740  -8.173 0.0000000000
72698  31.144  -11.757  -7.838 0.0000000000
137909  33.039  -5.112  -10.989 0.0000000000
121541  33.182  -6.327  -9.077 0.0000000000
121305  33.667  -4.449  -9.318 0.0000000000
121071  30.601  -4.992  -8.736 0.0000000000
80169  31.767  -3.445  -11.288 0.0000000000
137832  32.730  -4.965  -11.079 0.0000000000
81045  33.682  -2.512  -11.730 0.0000000000
81878  34.436  -0.314  -11.864 0.0000000000
83541  33.798  1.440  -11.147 0.0000000000
85281  32.807  3.217  -13.603 0.0000000000
85273  32.491  3.132  -12.540 0.0000000000
90374  27.442  8.577  -19.429 0.0000000000
139494  25.551  13.151  -22.355 0.0000000000
92825  26.556  12.084  -20.597 0.0000000000
144336  27.320  11.206  -18.798 0.0000000000
91144  27.739  10.116  -17.393 0.0000000000
131643  27.742  10.169  -16.441 0.0000000000
91129  27.465  10.601  -14.655 0.0000000000
145485  25.402  -15.131  -5.237 0.0000000000
71832  27.360  -12.560  -6.684 0.0000000000
137888  32.327  -8.054  -8.158 0.0000000000
121102  32.426  -9.443  -7.325 0.0000000000
88783  28.765  7.443  -17.325 0.0000000000
89563  28.468  7.938  -17.739 0.0000000000
121185  30.884  -5.779  -8.684 0.0000000000
137919  30.472  -6.899  -8.308 0.0000000000
139976  31.396  -6.229  -8.746 0.0000000000
64509  22.832  -20.752  -3.096 0.0000000000
122962  22.835  -20.080  -3.301 0.0000000000
67165  25.885  -17.676  -4.782 0.0000000000
81902  33.021  -0.375  -14.146 0.0000000000
81905  33.357  0.425  -14.483 0.0000000000
82732  33.189  1.076  -14.822 0.0000000000
130492  29.229  8.293  -13.015 0.0000000000
88767  29.628  7.714  -13.101 0.0000000000
92833  23.483  12.028  -23.015 0.0000000000
91979  24.450  11.041  -21.833 0.0000000000
91978  25.233  10.539  -22.136 0.0000000000
91982  24.551  11.119  -22.920 0.0000000000
93631  26.520  13.608  -16.328 0.0000000000
71841  30.861  -13.337  -7.496 0.0000000000
70850  29.764  -14.105  -7.457 0.0000000000
68052  24.121  -16.379  -4.647 0.0000000000
85306  31.681  3.076  -15.494 0.0000000000
86209  30.389  4.487  -16.638 0.0000000000
88780  29.113  7.703  -16.273 0.0000000000
88779  29.437  7.392  -15.618 0.0000000000
89557  29.008  8.108  -15.344 0.0000000000
137341  29.056  8.176  -14.414 0.0000000000
89558  28.717  8.609  -14.653 0.0000000000
123834  22.384  13.477  -22.275 0.0000000000
74321  27.401  -9.769  -8.988 0.0000000000
74314  27.570  -9.368  -7.477 0.0000000000
74312  29.757  -9.257  -7.828 0.0000000000
126516  29.128  -10.005  -7.842 0.0000000000
74311  30.452  -9.963  -7.917 0.0000000000
72699  30.398  -11.632  -8.205 0.0000000000
73516  30.902  -10.852  -7.890 0.0000000000
65422  24.292  -20.161  -3.894 0.0000000000
80159  33.702  -3.369  -10.518 0.0000000000
137911  33.416  -4.569  -10.500 0.0000000000
80152  33.859  -3.291  -9.373 0.0000000000
137788  29.240  -5.694  -7.815 0.0000000000
139235  32.354  -2.720  -12.592 0.0000000000
127411  32.240  -3.266  -12.004 0.0000000000
121257  31.730  -4.056  -10.776 0.0000000000
140218  32.808  -3.848  -11.884 0.0000000000
79324  33.024  -3.851  -11.889 0.0000000000
80177  33.193  -3.112  -12.270 0.0000000000
83564  34.351  0.760  -13.246 0.0000000000
83553  34.486  1.081  -12.127 0.0000000000
82695  34.383  1.157  -11.198 0.0000000000
83554  34.013  1.534  -11.891 0.0000000000
86193  32.304  3.572  -14.882 0.0000000000
85290  32.784  3.029  -14.650 0.0000000000
86194  31.941  4.472  -14.237 0.0000000000
85282  32.158  3.806  -12.881 0.0000000000
123748  32.134  2.907  -11.821 0.0000000000
91169  26.490  10.287  -20.630 0.0000000000
90384  26.747  8.862  -19.935 0.0000000000
90383  27.189  8.839  -19.866 0.0000000000
91160  27.345  9.324  -19.744 0.0000000000
94493  26.420  15.140  -20.857 0.0000000000
140416  26.184  13.313  -21.222 0.0000000000
92804  27.022  12.400  -17.889 0.0000000000
91936  27.608  10.611  -17.945 0.0000000000
124475  27.513  10.842  -16.734 0.0000000000
92779  26.843  12.245  -15.342 0.0000000000
91929  27.182  11.539  -16.014 0.0000000000
91923  27.062  11.460  -14.993 0.0000000000
69849  25.127  -14.390  -5.408 0.0000000000
72690  27.719  -11.793  -7.716 0.0000000000
71843  27.662  -11.992  -7.101 0.0000000000
144142  28.143  -12.565  -7.589 0.0000000000
69868  28.362  -14.876  -6.676 0.0000000000
69859  27.738  -14.121  -6.611 0.0000000000
126243  27.521  -15.001  -6.278 0.0000000000
68974  27.101  -15.658  -5.814 0.0000000000
121084  33.584  -6.425  -8.392 0.0000000000
121251  32.698  -6.757  -8.702 0.0000000000
137759  33.408  -7.255  -8.328 0.0000000000
87049  30.017  5.210  -16.829 0.0000000000
87924  29.252  6.284  -17.013 0.0000000000
88782  29.236  7.064  -16.701 0.0000000000
89560  28.784  8.216  -16.510 0.0000000000
121051  28.806  -7.090  -7.560 0.0000000000
137907  28.270  -8.697  -7.338 0.0000000000
121266  29.808  -7.244  -7.926 0.0000000000
137945  30.140  -7.802  -8.073 0.0000000000
137821  30.980  -8.090  -8.210 0.0000000000
66302  24.731  -18.887  -4.336 0.0000000000
65434  24.896  -19.778  -4.252 0.0000000000
123512  25.427  -19.406  -4.337 0.0000000000
65432  26.064  -19.524  -4.161 0.0000000000
130219  34.461  -0.747  -10.208 0.0000000000
80158  34.226  -2.147  -9.452 0.0000000000
81066  32.125  -2.057  -12.917 0.0000000000
135540  32.929  -2.135  -13.188 0.0000000000
81064  33.330  -1.888  -13.094 0.0000000000
81072  33.093  -1.311  -13.580 0.0000000000
82719  34.211  -0.043  -13.427 0.0000000000
83573  33.983  1.199  -14.098 0.0000000000
87028  30.843  5.798  -13.952 0.0000000000
87027  31.328  5.193  -13.536 0.0000000000
136815  30.415  6.509  -13.469 0.0000000000
87897  30.318  6.573  -12.730 0.0000000000
91177  25.889  10.453  -21.541 0.0000000000
91967  26.363  10.776  -21.219 0.0000000000
133462  26.419  14.453  -18.851 0.0000000000
93665  26.532  13.394  -19.665 0.0000000000
92794  26.813  12.666  -16.760 0.0000000000
92780  26.636  12.959  -15.764 0.0000000000
71849  28.721  -13.288  -8.117 0.0000000000
71842  28.511  -13.252  -7.778 0.0000000000
70851  29.188  -13.913  -7.902 0.0000000000
128782  29.157  -14.087  -7.595 0.0000000000
65424  22.436  -19.451  -3.300 0.0000000000
66285  22.759  -18.742  -3.627 0.0000000000
122562  24.015  -18.036  -4.239 0.0000000000
67155  24.166  -17.268  -4.452 0.0000000000
67154  25.044  -16.971  -4.672 0.0000000000
83594  32.142  1.935  -15.090 0.0000000000
83592  33.218  1.901  -14.950 0.0000000000
84464  32.144  2.589  -15.181 0.0000000000
85300  31.936  3.342  -15.367 0.0000000000
86201  31.713  4.187  -15.138 0.0000000000
87044  30.433  5.398  -15.947 0.0000000000
87911  30.226  6.208  -15.430 0.0000000000
131095  30.382  6.407  -14.420 0.0000000000
89550  29.343  7.925  -13.785 0.0000000000
89551  28.802  8.646  -13.744 0.0000000000
121351  23.618  12.914  -20.143 0.0000000000
137754  22.633  13.080  -24.492 0.0000000000
72709  27.715  -11.270  -8.738 0.0000000000
72708  28.044  -11.621  -8.180 0.0000000000
74313  28.496  -9.379  -7.493 0.0000000000
73518  28.663  -10.676  -8.243 0.0000000000
72707  28.577  -11.587  -8.571 0.0000000000
72700  29.744  -12.453  -8.588 0.0000000000
71847  30.776  -12.576  -8.175 0.0000000000
71840  31.219  -12.415  -7.464 0.0000000000
121296  32.917  -5.582  -10.382 0.0000000000
137774  32.630  -6.122  -9.423 0.0000000000
137745  33.176  -5.401  -10.196 0.0000000000
137839  33.571  -5.427  -9.232 0.0000000000
137840  34.014  -5.322  -8.281 0.0000000000
80151  34.472  -2.116  -8.444 0.0000000000
121107  34.042  -4.272  -8.239 0.0000000000
121236  34.455  -5.151  -7.299 0.0000000000
137920  30.001  -5.378  -8.219 0.0000000000
139639  31.257  -4.044  -9.940 0.0000000000
121249  32.128  -5.031  -10.334 0.0000000000
79320  33.205  -4.339  -11.334 0.0000000000
80168  33.462  -3.366  -11.532 0.0000000000
81055  33.529  -2.242  -12.440 0.0000000000
81044  34.199  -1.319  -11.430 0.0000000000
81861  34.576  0.052  -10.718 0.0000000000
143861  34.492  0.777  -10.708 0.0000000000
84454  33.334  1.688  -14.712 0.0000000000
84446  33.239  2.480  -14.272 0.0000000000
84445  33.747  1.972  -13.717 0.0000000000
86185  31.760  4.507  -13.193 0.0000000000
84434  33.591  2.072  -12.537 0.0000000000
84426  32.792  2.492  -12.112 0.0000000000
89566  28.021  7.674  -18.752 0.0000000000
94503  23.671  13.881  -24.987 0.0000000000
93673  24.634  13.889  -23.183 0.0000000000
92832  25.100  12.246  -23.315 0.0000000000
92831  25.872  11.656  -22.253 0.0000000000
130764  27.043  11.184  -20.130 0.0000000000
91947  27.351  10.091  -19.093 0.0000000000
91153  27.640  9.421  -18.621 0.0000000000
90366  28.205  8.420  -17.953 0.0000000000
90360  28.018  9.318  -17.453 0.0000000000
90348  28.088  9.556  -16.121 0.0000000000
91136  27.418  10.794  -15.704 0.0000000000
136000  27.930  9.715  -15.006 0.0000000000
91128  27.952  10.012  -13.969 0.0000000000
68065  25.046  -15.853  -4.856 0.0000000000
68975  26.138  -15.807  -5.331 0.0000000000
71833  26.061  -12.513  -6.289 0.0000000000
70841  28.004  -13.374  -6.899 0.0000000000
70842  27.076  -13.284  -6.340 0.0000000000
70843  26.143  -13.327  -5.957 0.0000000000
69848  26.167  -14.831  -5.586 0.0000000000
137739  31.942  -6.447  -8.795 0.0000000000
121197  31.592  -7.380  -8.487 0.0000000000
121200  32.256  -8.399  -7.962 0.0000000000
137925  33.517  -8.118  -7.949 0.0000000000
137818  32.818  -8.867  -7.567 0.0000000000
121229  32.063  -9.100  -7.598 0.0000000000
73505  31.445  -10.889  -7.478 0.0000000000
67156  23.463  -17.457  -4.303 0.0000000000
69869  28.519  -14.071  -7.124 0.0000000000
70849  30.226  -13.749  -7.115 0.0000000000
70857  30.088  -14.060  -7.596 0.0000000000
71846  31.200  -12.582  -7.760 0.0000000000
71848  29.372  -13.423  -8.396 0.0000000000
72701  28.760  -12.379  -8.576 0.0000000000
72702  27.897  -11.919  -7.984 0.0000000000
73520  27.239  -10.902  -9.171 0.0000000000
73526  27.938  -10.917  -7.892 0.0000000000
73527  27.593  -10.504  -9.144 0.0000000000
75117  30.027  -8.447  -7.976 0.0000000000
79321  32.954  -4.492  -11.468 0.0000000000
80183  33.034  -2.644  -12.856 0.0000000000
80184  32.682  -2.484  -12.914 0.0000000000
81054  33.977  -1.280  -12.547 0.0000000000
81065  32.614  -1.764  -13.294 0.0000000000
81889  34.218  -0.518  -12.873 0.0000000000
81901  33.607  -0.416  -13.916 0.0000000000
82683  34.028  1.043  -10.497 0.0000000000
82694  34.572  0.642  -11.410 0.0000000000
82706  34.478  0.309  -12.461 0.0000000000
82720  33.915  0.459  -14.134 0.0000000000
82721  32.868  0.544  -14.601 0.0000000000
83555  33.181  1.865  -11.615 0.0000000000
83584  33.107  1.562  -14.851 0.0000000000
83593  32.793  1.947  -14.892 0.0000000000
84435  33.193  2.641  -13.111 0.0000000000
84455  33.127  2.323  -14.862 0.0000000000
84463  32.638  2.205  -14.929 0.0000000000
85274  31.785  3.548  -11.993 0.0000000000
85291  32.439  3.865  -13.957 0.0000000000
86208  31.111  3.767  -15.879 0.0000000000
87036  30.777  5.666  -14.949 0.0000000000
87050  29.380  5.495  -17.206 0.0000000000
87920  29.887  5.899  -16.438 0.0000000000
88766  30.050  7.139  -12.929 0.0000000000
88773  29.441  7.623  -14.642 0.0000000000
88786  28.540  6.622  -17.680 0.0000000000
89567  27.439  7.849  -19.160 0.0000000000
90367  27.877  8.421  -18.730 0.0000000000
90375  26.390  8.514  -19.418 0.0000000000
90376  26.049  9.194  -19.639 0.0000000000
91168  27.014  9.472  -20.118 0.0000000000
91170  25.892  10.352  -20.904 0.0000000000
91983  24.392  11.280  -23.717 0.0000000000
121043  33.279  -6.700  -8.496 0.0000000000
121052  31.784  -5.840  -9.057 0.0000000000
121117  33.022  -6.114  -9.715 0.0000000000
121191  33.416  -6.014  -9.154 0.0000000000
121202  32.434  -5.713  -9.806 0.0000000000
121253  31.877  -10.092  -7.311 0.0000000000
121277  31.257  -4.734  -9.442 0.0000000000
121283  24.214  12.826  -23.950 0.0000000000
121291  29.157  -7.954  -7.597 0.0000000000
121298  32.454  -4.138  -11.522 0.0000000000
121302  32.439  -6.276  -9.087 0.0000000000
121370  31.516  -9.935  -7.596 0.0000000000
121378  32.460  -6.496  -8.816 0.0000000000
127386  29.507  -11.393  -8.458 0.0000000000
127971  28.012  -13.004  -7.027 0.0000000000
133127  34.000  -0.565  -13.462 0.0000000000
137738  30.169  -6.194  -8.196 0.0000000000
137741  31.638  -6.641  -8.687 0.0000000000
137827  33.120  -5.785  -9.905 0.0000000000
137844  34.156  -3.152  -8.324 0.0000000000
137849  23.459  12.772  -24.645 0.0000000000
137885  23.650  12.049  -24.277 0.0000000000
137917  32.125  -7.153  -8.596 0.0000000000
137918  30.840  -6.179  -8.577 0.0000000000
137924  32.877  -7.627  -8.314 0.0000000000
137926  31.593  -7.816  -8.312 0.0000000000
137938  30.913  -6.979  -8.489 0.0000000000
138674  28.938  -14.471  -7.209 0.0000000000
139019  33.029  -6.528  -8.811 0.0000000000
139282  27.677  10.157  -15.550 0.0000000000
141344  32.418  2.238  -14.976 0.0000000000
142076  26.919  -14.918  -5.902 0.0000000000
142800  27.456  -11.425  -8.194 0.0000000000
145297  31.057  -13.186  -8.016 0.0000000000
