#!ascii label  , from subject sub-v1s4x0050692_ses-1 vox2ras=TkReg
584
20094  -31.926  -61.654  -5.153 0.6999999881
20939  -32.343  -60.786  -3.929 0.6000000238
20062  -32.974  -61.224  -3.570 0.6000000238
20915  -34.488  -60.823  -2.236 0.4000000060
19213  -24.689  -62.108  -5.135 0.6999999881
20089  -24.315  -61.344  -5.138 0.6999999881
19214  -25.557  -62.435  -5.413 0.6999999881
157513  -25.100  -60.904  -5.457 0.6000000238
159239  -26.268  -62.779  -5.768 0.6999999881
20091  -25.870  -61.561  -5.718 0.6000000238
18319  -26.950  -63.088  -6.314 0.6000000238
20103  -26.485  -61.983  -6.063 0.6000000238
19228  -28.027  -62.930  -7.320 0.6000000238
20104  -27.722  -62.174  -6.796 0.6000000238
21824  -28.831  -60.050  -6.978 0.5000000000
20114  -28.951  -62.081  -7.664 0.5000000000
21825  -29.326  -60.188  -7.172 0.5000000000
144558  -30.244  -60.223  -6.550 0.6000000238
20093  -31.180  -61.243  -5.407 0.6000000238
20949  -30.608  -60.737  -5.867 0.6000000238
143953  -31.160  -60.449  -5.050 0.6000000238
161972  -32.438  -60.222  -3.715 0.6000000238
20937  -23.155  -60.089  -4.454 0.6000000238
21807  -24.095  -59.095  -5.012 0.6000000238
142589  -24.800  -59.949  -5.335 0.6000000238
20946  -25.659  -60.145  -5.526 0.6000000238
155229  -27.051  -58.824  -5.631 0.6000000238
20947  -26.549  -60.352  -5.672 0.6000000238
21818  -28.083  -60.021  -6.248 0.6000000238
21819  -28.644  -59.422  -6.623 0.6000000238
143483  -29.334  -59.464  -7.078 0.6000000238
21826  -29.795  -60.213  -7.081 0.6000000238
138625  -29.786  -59.376  -7.125 0.6999999881
21820  -30.254  -59.380  -6.925 0.6000000238
22654  -31.447  -58.639  -5.705 0.6000000238
21788  -32.863  -59.889  -3.305 0.5000000000
20928  -33.328  -60.230  -2.901 0.5000000000
152111  -22.703  -60.050  -4.059 0.6000000238
21806  -23.473  -59.428  -4.551 0.6000000238
22649  -23.881  -57.989  -4.710 0.6000000238
139998  -24.560  -58.410  -5.212 0.6000000238
21809  -26.269  -59.453  -5.557 0.6000000238
22651  -25.661  -58.346  -5.437 0.6000000238
22652  -26.718  -57.818  -5.519 0.6000000238
22653  -27.985  -58.281  -5.813 0.6000000238
21810  -27.992  -59.196  -5.956 0.6000000238
22659  -29.110  -58.254  -6.560 0.6000000238
22665  -29.688  -58.757  -7.092 0.6999999881
163542  -31.710  -58.925  -4.986 0.6000000238
22639  -32.525  -58.759  -4.090 0.6000000238
21776  -34.814  -59.880  -1.985 0.4000000060
21767  -23.139  -59.661  -3.613 0.6000000238
21787  -23.099  -59.119  -3.966 0.6000000238
22636  -23.242  -58.470  -4.016 0.6000000238
22650  -24.436  -57.484  -5.128 0.6000000238
23435  -25.372  -57.162  -5.397 0.5000000000
23443  -29.389  -57.330  -6.426 0.6999999881
22667  -31.001  -57.791  -7.195 0.6000000238
22666  -30.345  -58.424  -7.096 0.6000000238
22661  -30.833  -58.547  -6.734 0.6000000238
23438  -31.996  -57.757  -5.788 0.6000000238
22638  -32.142  -58.381  -4.921 0.6000000238
22640  -33.137  -58.318  -3.666 0.6000000238
22627  -32.967  -59.135  -3.423 0.6000000238
145798  -34.796  -58.979  -2.106 0.4000000060
22628  -33.612  -58.749  -2.945 0.5000000000
20908  -23.967  -60.329  -2.942 0.5000000000
21768  -24.061  -59.452  -3.286 0.6000000238
22625  -23.364  -58.739  -3.842 0.6000000238
161102  -23.654  -57.300  -3.963 0.6000000238
23433  -23.866  -57.050  -4.598 0.5000000000
23424  -23.986  -56.303  -4.587 0.5000000000
23434  -24.292  -56.409  -5.066 0.5000000000
144442  -26.364  -56.728  -5.505 0.6000000238
140507  -27.707  -55.828  -5.515 0.6000000238
24259  -27.599  -56.689  -5.569 0.6999999881
23444  -30.088  -57.026  -6.882 0.6999999881
25148  -31.291  -55.937  -7.089 0.6000000238
140046  -30.676  -57.665  -7.212 0.6999999881
24268  -31.601  -56.170  -7.075 0.6000000238
24269  -32.056  -56.582  -6.640 0.6000000238
160951  -31.897  -57.249  -6.462 0.6000000238
23425  -32.566  -57.536  -5.015 0.6000000238
23412  -33.806  -57.879  -3.157 0.5000000000
22614  -34.361  -58.421  -2.507 0.4000000060
21769  -25.247  -59.393  -3.183 0.6000000238
22607  -25.217  -58.397  -3.326 0.6000000238
23398  -24.114  -57.651  -3.687 0.5000000000
23411  -23.988  -56.793  -3.972 0.6000000238
161080  -24.287  -56.013  -4.201 0.5000000000
24248  -24.261  -55.770  -4.971 0.6000000238
25109  -24.820  -54.891  -4.648 0.5000000000
24258  -25.428  -55.763  -5.352 0.6000000238
25133  -25.473  -54.908  -5.245 0.5000000000
160235  -26.527  -55.791  -5.457 0.5000000000
146012  -29.002  -54.455  -5.553 0.5000000000
24260  -28.766  -55.941  -5.660 0.6000000238
26039  -29.817  -53.982  -5.645 0.5000000000
25136  -30.247  -54.867  -5.874 0.5000000000
162680  -30.472  -55.549  -6.357 0.6000000238
26048  -30.921  -54.240  -6.194 0.4000000060
24267  -30.567  -56.260  -6.829 0.6999999881
26049  -31.761  -54.301  -6.791 0.4000000060
26051  -32.409  -54.943  -6.709 0.5000000000
25137  -32.225  -55.746  -6.718 0.6000000238
159723  -32.922  -54.786  -6.117 0.5000000000
25138  -32.799  -55.431  -6.039 0.6000000238
25123  -33.396  -55.084  -5.311 0.5000000000
24249  -32.914  -56.724  -5.044 0.6000000238
23413  -34.617  -57.530  -2.688 0.5000000000
24262  -33.173  -55.892  -5.194 0.6000000238
24250  -33.660  -56.362  -4.280 0.6000000238
24236  -34.074  -57.006  -3.432 0.6000000238
154185  -26.293  -59.156  -3.206 0.5000000000
145567  -25.019  -57.484  -3.488 0.5000000000
24223  -25.528  -56.628  -3.620 0.5000000000
24235  -24.812  -55.462  -4.076 0.4000000060
26035  -25.582  -54.090  -5.101 0.4000000060
26036  -26.472  -53.835  -5.271 0.5000000000
25135  -27.908  -54.854  -5.491 0.5000000000
26037  -27.542  -53.660  -5.446 0.5000000000
27917  -31.730  -52.469  -6.701 0.4000000060
146055  -31.114  -52.889  -6.439 0.4000000060
26993  -31.827  -53.344  -6.743 0.4000000060
140889  -32.102  -52.956  -6.758 0.5000000000
26994  -32.112  -53.780  -6.817 0.5000000000
27919  -32.489  -52.675  -6.397 0.5000000000
26984  -33.014  -53.426  -5.860 0.5000000000
26040  -33.248  -54.322  -5.633 0.5000000000
25112  -35.453  -55.281  -3.165 0.5000000000
24238  -35.566  -56.143  -2.791 0.5000000000
140794  -33.692  -55.595  -4.639 0.6000000238
163219  -34.333  -56.295  -3.609 0.5000000000
136874  -26.552  -52.949  -5.137 0.4000000060
26981  -27.531  -52.707  -5.383 0.5000000000
26982  -29.116  -53.035  -5.698 0.5000000000
28838  -30.535  -51.278  -6.424 0.5000000000
27918  -32.130  -51.908  -6.716 0.4000000060
26020  -35.306  -54.583  -3.293 0.5000000000
25100  -36.236  -55.502  -2.651 0.3000000119
28817  -33.186  -51.637  -5.160 0.5000000000
26028  -33.645  -53.863  -4.898 0.5000000000
25111  -34.721  -54.972  -3.773 0.5000000000
27915  -29.590  -51.692  -6.033 0.4000000060
27916  -30.815  -52.079  -6.433 0.4000000060
29757  -30.275  -50.511  -6.348 0.4000000060
30692  -32.361  -49.360  -6.482 0.4000000060
146767  -31.993  -50.906  -6.857 0.4000000060
152574  -32.836  -50.907  -5.754 0.4000000060
29743  -32.579  -50.143  -6.245 0.4000000060
29734  -33.401  -50.709  -4.651 0.5000000000
26956  -36.272  -53.224  -2.423 0.4000000060
26007  -35.933  -54.675  -2.825 0.4000000060
27896  -33.919  -52.509  -3.983 0.5000000000
142233  -35.554  -53.854  -2.930 0.5000000000
28818  -33.689  -51.649  -4.141 0.5000000000
26965  -34.635  -52.715  -3.342 0.5000000000
143245  -34.923  -53.422  -3.323 0.5000000000
31627  -32.583  -48.557  -6.157 0.4000000060
29744  -33.042  -50.193  -5.478 0.4000000060
142145  -35.404  -52.921  -2.793 0.5000000000
27885  -34.362  -51.861  -3.391 0.5000000000
30672  -32.966  -49.347  -5.717 0.4000000060
27876  -36.111  -52.216  -2.272 0.4000000060
146656  -37.111  -51.908  -2.007 0.3000000119
29735  -33.807  -49.905  -4.110 0.5000000000
147615  -34.148  -50.855  -3.523 0.5000000000
27886  -35.094  -52.076  -2.765 0.5000000000
32607  -33.328  -47.672  -5.216 0.4000000060
28795  -35.542  -51.351  -2.486 0.3000000119
28796  -36.460  -51.274  -2.138 0.3000000119
30656  -33.628  -49.023  -4.798 0.4000000060
28807  -34.797  -51.352  -2.915 0.5000000000
30657  -34.340  -49.129  -3.997 0.4000000060
29724  -34.573  -49.915  -3.399 0.5000000000
29725  -35.019  -50.626  -2.832 0.5000000000
33504  -34.167  -47.041  -4.326 0.4000000060
29714  -36.814  -50.492  -2.199 0.3000000119
29715  -37.594  -50.438  -2.317 0.3000000119
32594  -33.908  -47.642  -4.669 0.4000000060
30640  -35.465  -49.742  -2.871 0.4000000060
31614  -34.196  -48.341  -4.418 0.4000000060
30639  -34.958  -49.218  -3.433 0.4000000060
33487  -33.792  -46.040  -3.642 0.5000000000
31575  -36.757  -49.131  -2.600 0.3000000119
31576  -37.575  -49.049  -2.639 0.4000000060
31596  -38.747  -48.216  -3.272 0.4000000060
31577  -38.400  -48.994  -2.932 0.4000000060
32579  -34.919  -47.062  -3.790 0.4000000060
139063  -35.546  -48.873  -3.195 0.5000000000
30641  -36.250  -48.572  -2.946 0.4000000060
154537  -35.161  -47.701  -3.753 0.5000000000
31592  -34.923  -48.425  -3.779 0.5000000000
32580  -35.717  -47.377  -3.434 0.5000000000
152258  -36.444  -47.811  -3.139 0.4000000060
32581  -37.343  -47.632  -2.957 0.4000000060
32582  -38.279  -47.544  -3.093 0.4000000060
31597  -39.286  -48.064  -3.716 0.3000000119
33488  -34.327  -46.499  -3.801 0.5000000000
34457  -35.350  -46.080  -2.846 0.5000000000
34444  -38.649  -45.876  -2.917 0.4000000060
152845  -39.252  -45.851  -3.399 0.3000000119
160326  -34.702  -44.482  -1.751 0.5000000000
34443  -37.801  -45.756  -2.521 0.4000000060
33479  -38.040  -46.361  -2.802 0.4000000060
33492  -38.635  -46.749  -3.165 0.4000000060
161719  -39.030  -46.292  -3.254 0.4000000060
152214  -39.676  -46.070  -4.060 0.3000000119
34456  -34.426  -45.876  -3.067 0.5000000000
33477  -36.275  -46.271  -2.747 0.5000000000
33478  -37.223  -46.368  -2.727 0.5000000000
35414  -38.348  -44.457  -2.331 0.4000000060
160398  -39.017  -44.952  -2.972 0.4000000060
36362  -34.965  -43.600  -1.243 0.5000000000
34458  -39.534  -45.215  -3.787 0.3000000119
35411  -35.720  -44.870  -1.684 0.5000000000
35412  -36.669  -44.988  -1.736 0.5000000000
34442  -36.928  -45.684  -2.308 0.5000000000
34441  -35.992  -45.576  -2.234 0.5000000000
36379  -38.850  -43.763  -2.914 0.4000000060
37391  -35.369  -42.875  -0.853 0.5000000000
37393  -37.276  -42.699  -1.231 0.5000000000
36395  -39.198  -43.417  -3.908 0.3000000119
35426  -39.367  -44.325  -3.675 0.3000000119
37392  -36.321  -42.778  -0.775 0.5000000000
36364  -36.809  -43.543  -1.125 0.5000000000
20075  -31.712  -60.978  -4.594 0.6000000238
20914  -33.607  -60.907  -2.800 0.5000000000
20105  -28.423  -61.989  -7.294 0.6000000238
23436  -27.498  -57.431  -5.608 0.6999999881
146935  -32.718  -58.055  -4.361 0.6000000238
24265  -28.654  -56.675  -5.779 0.6999999881
23426  -33.256  -57.397  -4.125 0.6000000238
23448  -30.616  -57.115  -7.188 0.6999999881
24261  -32.593  -56.225  -5.929 0.6000000238
26038  -28.591  -53.571  -5.560 0.5000000000
27905  -29.958  -52.531  -5.964 0.5000000000
156424  -31.156  -55.259  -6.703 0.4000000060
26029  -34.204  -54.339  -4.271 0.5000000000
24251  -34.209  -55.667  -4.014 0.5000000000
28829  -32.316  -50.962  -6.557 0.4000000060
27906  -32.631  -51.774  -6.152 0.5000000000
148046  -31.309  -50.756  -6.709 0.4000000060
29713  -35.924  -50.549  -2.413 0.4000000060
31594  -37.052  -48.392  -2.774 0.4000000060
32583  -39.073  -47.463  -3.478 0.3000000119
36363  -35.912  -43.577  -0.953 0.5000000000
36365  -37.556  -43.574  -1.548 0.5000000000
13914  -30.374  -68.127  -6.635 0.5000000000
14823  -31.718  -67.729  -9.367 0.5000000000
14816  -31.560  -67.496  -7.528 0.5000000000
15699  -35.568  -66.652  -10.236 0.5000000000
14837  -34.251  -67.557  -10.739 0.5000000000
15696  -33.495  -67.176  -10.302 0.4000000060
14792  -30.980  -67.762  -5.739 0.5000000000
14817  -32.961  -66.709  -8.504 0.6000000238
14809  -32.063  -67.060  -6.743 0.6000000238
15697  -34.451  -66.963  -10.634 0.5000000000
15688  -33.427  -66.625  -9.515 0.5000000000
155322  -36.460  -65.858  -7.640 0.4000000060
15619  -30.926  -66.700  -2.379 0.6999999881
143691  -31.375  -66.552  -3.169 0.6999999881
14793  -31.957  -66.891  -5.788 0.6999999881
141279  -33.072  -66.164  -7.772 0.5000000000
140737  -32.619  -66.211  -6.726 0.6999999881
16588  -35.533  -65.965  -10.352 0.5000000000
16586  -34.238  -66.255  -10.126 0.5000000000
15681  -33.581  -65.778  -8.993 0.5000000000
17438  -36.450  -64.656  -7.797 0.5000000000
15689  -36.090  -66.012  -9.713 0.5000000000
15617  -28.194  -66.353  -1.746 0.5000000000
151914  -29.179  -66.249  -1.720 0.6999999881
16515  -29.321  -65.564  -2.235 0.6999999881
15599  -30.510  -66.977  -1.839 0.6999999881
16526  -30.170  -65.398  -2.811 0.6999999881
15646  -32.008  -66.260  -4.794 0.6000000238
16571  -33.081  -65.413  -7.958 0.6999999881
16563  -32.402  -65.543  -6.644 0.6000000238
16580  -35.277  -65.344  -10.085 0.5000000000
16579  -34.593  -65.163  -9.754 0.6000000238
16572  -33.772  -64.818  -9.170 0.6000000238
17437  -35.985  -64.563  -8.719 0.5000000000
157896  -36.553  -64.717  -5.839 0.5000000000
16513  -27.781  -65.644  -2.001 0.5000000000
16514  -28.582  -65.771  -1.936 0.6999999881
16517  -31.384  -65.869  -3.424 0.6999999881
16541  -30.908  -64.993  -4.341 0.6999999881
17377  -30.012  -64.789  -3.813 0.6999999881
15647  -32.101  -65.793  -5.159 0.8000000119
17409  -31.453  -64.928  -5.878 0.6999999881
17435  -33.288  -64.296  -8.948 0.6000000238
17423  -32.673  -64.860  -7.903 0.6999999881
18335  -34.714  -63.682  -8.338 0.6999999881
17444  -33.921  -64.115  -9.159 0.6000000238
17424  -36.188  -64.347  -6.839 0.6000000238
18336  -35.633  -64.064  -7.912 0.6000000238
17410  -35.819  -64.175  -5.694 0.6000000238
16512  -25.167  -65.553  -2.208 0.5000000000
17361  -25.902  -64.993  -2.216 0.6000000238
141356  -26.842  -65.439  -2.064 0.5000000000
158009  -26.787  -64.748  -2.458 0.6000000238
17362  -27.562  -64.934  -2.455 0.6000000238
17364  -29.234  -64.929  -3.011 0.6999999881
17392  -29.247  -64.521  -4.799 0.6999999881
148531  -29.036  -64.593  -3.856 0.6000000238
17394  -30.975  -64.800  -5.170 0.6999999881
17393  -30.163  -64.667  -4.994 0.6999999881
17422  -32.051  -64.980  -6.804 0.6999999881
18334  -33.851  -63.191  -8.451 0.6999999881
18324  -35.266  -63.808  -6.733 0.6999999881
162440  -35.028  -63.698  -7.591 0.6999999881
17360  -25.049  -64.891  -2.350 0.5000000000
17374  -26.336  -64.195  -2.958 0.6000000238
17375  -27.241  -64.325  -3.159 0.6000000238
17376  -28.234  -64.561  -3.331 0.6000000238
17421  -30.832  -64.526  -7.379 0.8000000119
17420  -29.537  -64.486  -7.191 0.5000000000
17406  -28.533  -64.352  -5.719 0.6000000238
17434  -32.423  -63.974  -8.794 0.6999999881
18332  -31.128  -63.530  -8.874 0.6999999881
18322  -33.568  -62.697  -7.479 0.6999999881
19232  -32.891  -62.447  -7.845 0.6999999881
18296  -35.070  -63.317  -3.811 0.5000000000
163408  -34.775  -63.442  -4.671 0.6999999881
19186  -34.686  -62.675  -3.314 0.5000000000
17359  -23.357  -64.664  -2.676 0.5000000000
18272  -24.415  -63.807  -2.866 0.5000000000
154815  -24.900  -63.348  -3.592 0.6000000238
17373  -25.261  -64.144  -2.751 0.6000000238
18284  -25.848  -63.595  -3.747 0.6000000238
18285  -26.752  -63.802  -3.949 0.6000000238
18306  -25.835  -62.910  -5.305 0.6000000238
18295  -27.042  -63.677  -5.052 0.6000000238
18307  -26.582  -63.237  -5.662 0.6000000238
18331  -30.116  -63.771  -8.720 0.6000000238
18321  -29.261  -63.861  -8.390 0.5000000000
18308  -27.310  -63.647  -6.083 0.5000000000
19244  -31.413  -62.829  -8.511 0.6000000238
138140  -30.483  -63.109  -8.612 0.6000000238
19202  -33.057  -62.298  -5.494 0.6000000238
19231  -32.024  -62.293  -7.281 0.6000000238
20063  -33.696  -61.664  -3.218 0.5000000000
18271  -23.609  -63.944  -2.762 0.5000000000
18283  -23.939  -63.194  -3.369 0.6000000238
19201  -25.193  -62.588  -5.047 0.6000000238
162272  -28.252  -64.133  -7.379 0.5000000000
19227  -27.466  -62.941  -6.780 0.5000000000
19229  -30.028  -62.615  -8.092 0.4000000060
20115  -29.501  -62.402  -7.833 0.5000000000
19242  -29.048  -63.096  -8.117 0.5000000000
163041  -32.593  -61.940  -4.996 0.6000000238
18281  -21.681  -62.935  -3.322 0.5000000000
19183  -22.345  -62.417  -3.586 0.6000000238
19184  -23.279  -62.386  -3.919 0.6000000238
18292  -24.429  -62.581  -4.415 0.6000000238
20107  -30.049  -61.810  -7.402 0.5000000000
20106  -29.390  -61.221  -7.310 0.4000000060
18280  -20.402  -62.891  -3.275 0.5000000000
159756  -20.820  -62.126  -3.275 0.5000000000
19182  -21.575  -61.790  -3.542 0.6000000238
20074  -23.550  -61.639  -4.692 0.6000000238
19168  -19.957  -62.512  -2.772 0.5000000000
19169  -20.398  -61.907  -2.700 0.5000000000
19181  -21.064  -61.512  -3.258 0.6000000238
20073  -22.642  -60.758  -4.296 0.6000000238
18248  -20.719  -63.169  -1.599 0.5000000000
19152  -20.928  -61.860  -2.131 0.5000000000
20026  -21.524  -61.396  -2.422 0.5000000000
20895  -22.037  -60.881  -2.707 0.6000000238
20925  -22.234  -60.554  -3.750 0.6000000238
19135  -22.534  -62.988  -1.233 0.5000000000
19153  -22.204  -62.196  -1.666 0.5000000000
18251  -23.346  -63.484  -0.871 0.5000000000
145341  -22.561  -60.261  -3.611 0.5000000000
149469  -23.139  -62.803  -1.277 0.5000000000
20044  -23.013  -61.121  -2.442 0.5000000000
18231  -23.862  -64.162  -0.418 0.5000000000
19137  -24.907  -63.019  -1.051 0.5000000000
20028  -23.731  -61.735  -2.003 0.5000000000
20907  -22.794  -60.423  -2.988 0.4000000060
18253  -25.381  -63.703  -0.504 0.5000000000
19155  -24.387  -62.382  -1.526 0.5000000000
20029  -24.720  -61.766  -2.014 0.4000000060
20045  -23.898  -61.090  -2.495 0.4000000060
19138  -25.843  -62.997  -0.973 0.4000000060
19156  -25.326  -62.396  -1.500 0.4000000060
20047  -26.023  -61.069  -2.584 0.4000000060
19216  -31.522  -61.837  -6.194 0.6000000238
20077  -33.159  -61.937  -4.243 0.5000000000
20064  -34.427  -62.043  -2.876 0.4000000060
18309  -27.977  -64.101  -6.525 0.6000000238
20046  -24.984  -61.115  -2.565 0.4000000060
20910  -26.354  -60.185  -2.938 0.4000000060
16542  -31.862  -65.718  -4.705 0.6999999881
148175  -31.793  -64.336  -8.164 0.6999999881
18342  -33.328  -63.389  -8.866 0.6999999881
17443  -32.888  -63.540  -8.893 0.6999999881
17407  -29.378  -64.538  -5.967 0.6000000238
17405  -27.787  -64.051  -5.396 0.6000000238
18310  -34.074  -63.039  -6.534 0.6999999881
17433  -30.723  -64.050  -8.599 0.6999999881
19245  -32.397  -62.736  -8.488 0.6999999881
19203  -33.663  -62.591  -4.838 0.6000000238
19204  -34.347  -62.969  -4.225 0.6000000238
13951  -34.425  -67.726  -10.729 0.5000000000
14753  -31.165  -67.238  -2.701 0.6999999881
14777  -31.562  -66.885  -4.020 0.6000000238
14810  -32.456  -66.851  -7.511 0.6000000238
14824  -32.655  -67.252  -9.407 0.5000000000
14831  -33.594  -67.693  -10.662 0.5000000000
14838  -34.688  -67.218  -10.673 0.5000000000
15596  -28.218  -66.999  -1.638 0.5000000000
15597  -28.909  -66.930  -1.519 0.6999999881
15598  -29.804  -66.919  -1.566 0.6999999881
15618  -30.212  -66.188  -2.049 0.6999999881
15631  -31.747  -66.058  -3.951 0.6999999881
15663  -32.327  -65.902  -5.664 0.6000000238
15682  -36.290  -66.104  -8.752 0.4000000060
15698  -35.088  -66.634  -10.609 0.5000000000
16511  -23.906  -65.286  -2.530 0.5000000000
16516  -30.973  -65.938  -2.765 0.6999999881
16527  -30.914  -65.391  -3.466 0.6999999881
16553  -32.032  -65.467  -5.580 0.8000000119
16573  -36.455  -65.325  -8.778 0.5000000000
16581  -35.852  -65.488  -9.865 0.5000000000
16587  -35.007  -65.997  -10.465 0.5000000000
17363  -28.453  -65.188  -2.422 0.6999999881
17390  -27.602  -64.087  -4.232 0.6000000238
17391  -28.405  -64.344  -4.547 0.6000000238
17408  -30.403  -64.655  -6.090 0.6999999881
17419  -28.636  -64.383  -6.912 0.5000000000
17425  -36.676  -64.795  -6.866 0.5000000000
17432  -29.740  -64.180  -8.243 0.5000000000
17436  -35.171  -64.199  -9.054 0.6000000238
17442  -32.047  -63.445  -8.838 0.6999999881
17445  -34.794  -64.598  -9.585 0.6999999881
17446  -35.637  -64.858  -9.544 0.5000000000
18252  -24.380  -63.590  -0.688 0.5000000000
18263  -19.998  -62.999  -2.254 0.5000000000
18270  -22.643  -63.956  -2.881 0.5000000000
18282  -22.930  -63.231  -3.216 0.6000000238
18293  -25.389  -63.044  -4.566 0.6000000238
18294  -26.216  -63.370  -4.790 0.6000000238
18297  -35.456  -63.849  -4.589 0.6000000238
18311  -34.238  -63.159  -5.426 0.6999999881
18312  -34.978  -63.705  -5.537 0.6999999881
18320  -27.754  -63.611  -6.968 0.6000000238
18323  -34.452  -63.324  -7.367 0.6999999881
18333  -31.952  -63.162  -8.817 0.6999999881
18341  -32.607  -63.104  -8.864 0.6999999881
18343  -34.214  -63.836  -9.094 0.6000000238
19136  -23.969  -62.957  -1.162 0.5000000000
19151  -20.360  -62.391  -2.104 0.5000000000
19154  -23.395  -62.293  -1.585 0.5000000000
19170  -35.013  -62.311  -2.760 0.5000000000
19180  -19.839  -62.732  -2.910 0.5000000000
19185  -33.961  -62.334  -3.707 0.6000000238
19199  -21.788  -61.091  -3.726 0.6000000238
19200  -22.436  -61.561  -4.085 0.6000000238
19215  -25.985  -62.256  -5.748 0.6999999881
19217  -32.983  -62.341  -6.750 0.6000000238
19218  -33.564  -62.669  -6.124 0.6000000238
19230  -30.818  -62.279  -7.535 0.4000000060
19241  -28.575  -62.770  -7.737 0.6000000238
19243  -29.743  -63.263  -8.442 0.5000000000
19246  -33.109  -62.794  -8.516 0.6999999881
20027  -22.650  -61.585  -2.108 0.5000000000
20030  -25.689  -61.756  -2.054 0.4000000060
20043  -21.254  -60.989  -2.975 0.6000000238
20050  -34.239  -61.436  -2.604 0.4000000060
20051  -34.977  -61.628  -2.384 0.4000000060
20060  -20.822  -61.439  -3.026 0.6000000238
20061  -21.431  -61.003  -3.342 0.6000000238
20076  -32.416  -61.387  -4.343 0.6000000238
20088  -23.490  -60.840  -4.785 0.6000000238
20090  -25.228  -61.856  -5.468 0.6999999881
20092  -30.669  -61.536  -6.428 0.6000000238
20906  -21.917  -60.636  -3.247 0.6000000238
20909  -25.167  -60.339  -2.936 0.6000000238
20926  -22.808  -59.798  -3.915 0.6000000238
20927  -32.902  -60.565  -3.346 0.5000000000
20938  -31.855  -60.167  -4.297 0.6000000238
20948  -27.277  -59.757  -5.742 0.6000000238
20959  -26.573  -61.193  -5.865 0.6000000238
20960  -27.350  -60.671  -5.989 0.6000000238
20961  -28.136  -61.077  -6.661 0.5000000000
20962  -30.070  -60.994  -6.700 0.6000000238
21775  -33.946  -60.138  -2.405 0.5000000000
21789  -33.452  -59.568  -2.852 0.5000000000
21797  -23.047  -59.288  -4.061 0.6000000238
21798  -31.970  -59.218  -4.485 0.6000000238
21799  -32.400  -59.577  -3.851 0.6000000238
21808  -25.174  -59.243  -5.403 0.6000000238
21811  -28.614  -58.839  -6.406 0.6000000238
21812  -30.733  -59.681  -5.879 0.6000000238
21813  -31.396  -59.539  -4.973 0.6000000238
22606  -24.099  -58.498  -3.498 0.5000000000
22613  -34.150  -59.284  -2.374 0.4000000060
22615  -35.248  -58.186  -2.207 0.4000000060
22626  -23.509  -57.802  -3.979 0.6000000238
22637  -23.541  -57.764  -4.179 0.6000000238
22648  -23.425  -58.600  -4.341 0.6000000238
22660  -30.047  -57.800  -7.113 0.6999999881
22664  -29.112  -59.049  -6.909 0.6000000238
23410  -23.686  -57.161  -4.131 0.6000000238
23437  -31.445  -57.825  -6.633 0.6000000238
23442  -28.444  -57.475  -5.859 0.6999999881
23445  -31.433  -57.065  -7.071 0.6000000238
23449  -30.985  -57.261  -7.305 0.6999999881
24237  -34.817  -56.645  -2.973 0.5000000000
24257  -24.647  -55.822  -5.184 0.6000000238
24266  -29.580  -56.514  -6.176 0.6999999881
24274  -31.065  -56.629  -7.253 0.6000000238
25110  -25.282  -54.800  -4.105 0.4000000060
25121  -24.731  -55.230  -5.038 0.6000000238
25122  -25.076  -54.464  -4.956 0.5000000000
25124  -34.004  -55.032  -4.478 0.5000000000
25134  -26.511  -54.822  -5.397 0.5000000000
25144  -29.601  -55.553  -5.832 0.6000000238
25145  -31.824  -55.251  -7.011 0.6000000238
26019  -34.830  -54.110  -3.609 0.5000000000
26050  -32.129  -54.481  -6.898 0.5000000000
26972  -33.548  -53.017  -4.826 0.5000000000
26973  -34.205  -53.449  -3.992 0.5000000000
26983  -30.448  -53.392  -5.957 0.5000000000
26992  -31.350  -53.617  -6.472 0.4000000060
26995  -32.590  -54.166  -6.505 0.5000000000
27895  -33.480  -52.268  -4.700 0.5000000000
27904  -28.393  -52.031  -5.601 0.5000000000
27907  -33.058  -52.478  -5.569 0.5000000000
28839  -31.576  -51.564  -6.706 0.4000000060
29759  -32.164  -50.147  -6.745 0.4000000060
30623  -36.373  -49.819  -2.482 0.3000000119
30624  -37.208  -49.774  -2.387 0.4000000060
30625  -37.994  -49.737  -2.564 0.4000000060
31593  -35.679  -48.110  -3.424 0.5000000000
31595  -37.929  -48.291  -2.874 0.4000000060
31613  -33.658  -48.208  -4.933 0.4000000060
31628  -33.181  -48.403  -5.510 0.4000000060
32595  -34.574  -47.666  -4.188 0.4000000060
33489  -35.608  -46.737  -3.259 0.5000000000
33490  -36.616  -47.003  -3.092 0.5000000000
33491  -37.701  -46.948  -2.967 0.4000000060
33493  -39.326  -46.672  -3.641 0.4000000060
34440  -35.013  -45.382  -2.263 0.5000000000
35397  -35.543  -44.195  -1.340 0.5000000000
35398  -36.349  -44.260  -1.333 0.5000000000
35399  -37.172  -44.273  -1.522 0.5000000000
37422  -38.701  -42.798  -3.413 0.4000000060
37428  -38.797  -42.693  -4.360 0.3000000119
139426  -34.870  -55.827  -3.402 0.5000000000
139666  -24.590  -65.213  -2.374 0.5000000000
140245  -36.452  -54.049  -2.531 0.4000000060
140417  -31.245  -67.595  -6.611 0.5000000000
141205  -34.916  -46.462  -3.396 0.5000000000
141429  -27.211  -61.614  -6.285 0.6000000238
142178  -34.586  -63.418  -6.290 0.6999999881
142595  -20.243  -62.200  -2.992 0.5000000000
144248  -33.614  -46.503  -4.254 0.5000000000
144677  -21.442  -62.769  -1.478 0.5000000000
144738  -25.177  -56.346  -5.353 0.6000000238
145539  -32.381  -57.020  -5.854 0.6000000238
146291  -24.376  -55.583  -4.696 0.5000000000
146505  -31.474  -65.562  -4.082 0.6999999881
147373  -33.358  -49.839  -4.914 0.4000000060
148821  -32.063  -67.381  -8.446 0.6000000238
149460  -26.036  -66.021  -1.954 0.5000000000
150365  -24.025  -60.257  -4.998 0.6999999881
151751  -28.877  -61.055  -7.260 0.5000000000
153631  -31.543  -63.793  -8.737 0.6999999881
153689  -38.325  -45.208  -2.496 0.4000000060
153783  -24.324  -64.563  -2.541 0.5000000000
154037  -32.402  -53.414  -6.573 0.5000000000
155061  -31.523  -65.243  -4.901 0.6999999881
157836  -20.864  -61.448  -2.729 0.5000000000
158000  -36.064  -49.219  -2.762 0.4000000060
158124  -28.841  -64.242  -7.843 0.5000000000
158430  -25.954  -60.850  -5.666 0.6000000238
158950  -32.396  -62.087  -5.923 0.6000000238
159145  -27.026  -62.430  -6.402 0.6000000238
159780  -33.688  -54.540  -4.892 0.5000000000
160091  -28.453  -63.719  -7.846 0.5000000000
160236  -29.019  -59.476  -6.983 0.6000000238
162042  -26.533  -62.558  -6.056 0.6999999881
