#!ascii label  , from subject sub-v1s4x0050692_ses-1 vox2ras=TkReg
1117
81903  17.520  -9.858  -6.076 0.2500000000
82922  19.162  -9.562  -6.911 0.2500000000
81901  19.244  -10.422  -6.788 0.7500000000
86670  14.068  -6.612  -6.482 0.2500000000
85744  15.792  -7.182  -6.260 0.1250000000
162285  15.438  -6.614  -6.322 0.3750000000
84810  16.466  -7.800  -6.676 0.2500000000
82924  17.315  -9.233  -6.133 0.2500000000
139092  19.111  -8.659  -7.060 0.7500000000
154672  18.012  -8.522  -6.449 0.3750000000
81900  20.047  -10.767  -7.438 0.8750000000
82921  19.923  -9.890  -7.471 0.8750000000
80961  20.798  -11.080  -8.053 0.8750000000
149004  17.668  -7.745  -6.501 0.3750000000
83895  18.706  -7.837  -6.933 0.8750000000
82956  21.594  -9.386  -9.116 1.0000000000
83893  19.977  -8.531  -7.762 1.0000000000
81917  21.303  -10.557  -8.615 1.0000000000
161064  19.758  -9.166  -7.486 0.8750000000
80975  21.898  -10.851  -9.106 1.0000000000
86669  15.564  -6.114  -6.416 0.2500000000
85743  16.726  -6.590  -6.523 0.7500000000
85742  18.666  -6.507  -7.126 0.8750000000
84808  19.156  -7.209  -7.347 0.8750000000
84809  17.629  -6.930  -6.620 0.7500000000
83924  21.709  -8.734  -9.298 1.0000000000
83909  20.629  -8.372  -8.364 1.0000000000
83910  20.152  -7.916  -8.014 1.0000000000
82954  23.359  -9.823  -9.720 1.0000000000
82955  22.185  -9.371  -9.557 1.0000000000
81926  23.033  -10.446  -9.645 1.0000000000
81928  21.737  -10.061  -9.168 1.0000000000
86660  13.803  -6.080  -6.318 0.1250000000
147325  15.985  -6.211  -6.393 0.6250000000
85763  19.590  -6.585  -7.684 1.0000000000
149154  17.816  -6.076  -6.762 0.8750000000
84831  19.927  -7.297  -7.874 1.0000000000
82966  23.446  -9.067  -9.959 1.0000000000
82967  22.777  -8.837  -9.972 1.0000000000
84829  21.318  -8.062  -8.906 1.0000000000
84830  20.678  -7.497  -8.460 1.0000000000
157968  24.437  -9.696  -9.194 1.0000000000
81938  22.845  -9.664  -9.804 1.0000000000
137581  26.106  -10.180  -7.833 1.0000000000
81916  24.552  -10.483  -8.756 1.0000000000
90686  14.959  -1.055  -5.716 0.2500000000
87572  14.106  -5.600  -6.531 0.2500000000
87571  15.996  -5.253  -6.548 0.3750000000
86668  16.107  -5.539  -6.525 0.5000000000
86666  18.096  -5.312  -6.914 1.0000000000
87570  16.611  -4.976  -6.656 0.6250000000
159321  18.574  -5.789  -7.147 1.0000000000
85761  21.052  -6.768  -8.758 1.0000000000
159595  19.277  -5.872  -7.512 1.0000000000
146366  24.237  -8.980  -9.669 1.0000000000
83935  23.237  -8.238  -10.290 1.0000000000
146143  21.963  -6.840  -9.680 1.0000000000
83921  25.406  -7.972  -9.066 1.0000000000
141955  25.848  -9.306  -8.266 1.0000000000
83892  27.032  -8.256  -7.764 1.0000000000
82920  27.280  -9.051  -7.596 1.0000000000
89593  16.522  -2.058  -6.472 0.5000000000
159698  15.521  -1.731  -6.191 0.3750000000
88515  15.472  -2.823  -6.482 0.3750000000
88527  16.446  -4.815  -6.624 0.5000000000
88514  16.801  -3.070  -6.635 0.5000000000
87568  18.562  -4.656  -7.177 0.8750000000
86665  18.963  -5.213  -7.337 1.0000000000
87567  19.445  -4.560  -7.612 1.0000000000
85781  21.509  -6.164  -9.285 1.0000000000
86683  19.748  -5.224  -7.833 1.0000000000
84858  24.895  -7.045  -10.036 1.0000000000
85795  23.210  -6.785  -10.529 1.0000000000
84827  26.791  -7.439  -7.984 1.0000000000
83907  26.210  -8.051  -8.379 1.0000000000
83891  27.775  -8.549  -7.548 0.8750000000
90684  17.190  -1.324  -6.470 0.5000000000
89592  17.617  -2.324  -6.755 0.6250000000
146663  18.363  -2.951  -7.127 0.6250000000
88524  19.192  -4.067  -7.457 1.0000000000
88525  18.119  -4.433  -6.946 0.7500000000
87583  20.207  -4.540  -8.154 1.0000000000
86680  26.341  -5.775  -8.733 1.0000000000
86709  25.125  -5.724  -10.150 1.0000000000
150319  23.472  -6.001  -10.546 1.0000000000
85780  22.285  -6.002  -10.007 1.0000000000
85759  26.501  -6.612  -8.329 1.0000000000
85760  25.820  -6.488  -9.065 1.0000000000
85794  23.972  -6.562  -10.545 1.0000000000
85758  27.375  -6.745  -7.655 0.8750000000
163977  28.785  -8.023  -7.438 0.8750000000
89602  18.568  -2.079  -7.098 0.5000000000
145836  19.167  -2.668  -7.404 0.8750000000
87609  23.078  -4.021  -10.440 1.0000000000
144039  21.284  -3.835  -8.957 1.0000000000
157571  25.995  -5.384  -9.247 1.0000000000
150847  24.237  -4.905  -10.506 1.0000000000
86698  21.809  -5.291  -9.573 1.0000000000
87580  26.864  -4.312  -8.068 1.0000000000
85756  29.656  -6.563  -7.498 1.0000000000
146944  26.946  -6.055  -7.909 1.0000000000
151410  26.369  -4.969  -8.898 1.0000000000
86678  28.992  -5.812  -7.313 1.0000000000
90683  18.070  -1.221  -6.703 0.5000000000
138978  19.289  -1.939  -7.343 0.8750000000
89601  20.423  -2.692  -8.054 1.0000000000
89640  23.352  -2.705  -10.322 1.0000000000
88549  22.305  -3.414  -9.809 1.0000000000
156186  21.712  -3.027  -9.307 1.0000000000
89613  27.258  -2.893  -8.027 1.0000000000
88537  26.781  -3.551  -8.308 1.0000000000
152149  28.778  -3.862  -7.392 1.0000000000
88536  27.607  -3.651  -7.612 1.0000000000
87593  26.147  -4.068  -9.183 1.0000000000
87578  29.218  -4.839  -7.400 1.0000000000
86677  29.966  -5.687  -7.675 0.8750000000
93593  23.852  2.052  -10.619 1.0000000000
93595  22.648  1.548  -9.014 0.3750000000
140272  24.054  1.133  -9.941 0.8750000000
90753  24.074  -1.162  -10.260 1.0000000000
89612  27.831  -2.372  -7.936 1.0000000000
89628  25.409  -2.475  -9.575 1.0000000000
146277  24.265  2.767  -11.319 0.8750000000
148451  25.170  2.311  -10.486 1.0000000000
154251  24.919  1.656  -10.052 1.0000000000
92711  25.262  0.820  -9.643 1.0000000000
93591  25.914  1.426  -9.552 1.0000000000
91795  25.183  -0.702  -9.584 1.0000000000
90718  27.956  -1.804  -8.091 1.0000000000
90735  27.394  -1.449  -8.423 1.0000000000
94416  24.977  3.295  -11.162 0.7500000000
93580  26.693  1.880  -9.214 1.0000000000
150282  27.134  0.897  -8.802 1.0000000000
91792  28.040  -0.366  -8.319 1.0000000000
92709  27.149  -0.062  -8.755 1.0000000000
91793  27.275  -0.836  -8.582 1.0000000000
164800  25.980  2.078  -9.763 1.0000000000
145638  27.749  1.691  -8.483 1.0000000000
93579  28.306  0.881  -8.322 1.0000000000
100770  26.705  9.368  -9.374 0.1250000000
100772  27.186  10.060  -9.133 0.1250000000
155803  27.485  9.012  -10.699 0.2500000000
100779  27.287  9.670  -10.623 0.1250000000
100793  28.411  9.922  -11.474 0.3750000000
100794  27.689  10.185  -11.274 0.2500000000
100792  29.492  9.830  -11.364 0.5000000000
101614  29.123  10.544  -11.618 0.2500000000
101624  29.769  11.016  -11.817 0.3750000000
102425  27.597  11.086  -11.177 0.2500000000
101615  28.201  10.764  -11.535 0.2500000000
102424  28.272  11.656  -11.539 0.2500000000
103249  28.581  12.316  -11.772 0.2500000000
102423  28.987  11.288  -11.802 0.2500000000
103264  29.935  12.275  -12.846 0.2500000000
102439  29.868  11.588  -12.227 0.3750000000
102440  29.081  12.110  -12.204 0.2500000000
102451  30.819  12.217  -13.434 0.3750000000
82907  17.237  -9.664  -5.994 0.1250000000
83896  16.918  -8.465  -6.245 0.2500000000
84796  15.647  -7.551  -6.211 0.1250000000
81915  25.417  -10.745  -8.055 1.0000000000
89616  20.441  -3.171  -8.158 0.8750000000
88558  24.692  -3.549  -10.173 1.0000000000
81887  18.172  -11.011  -5.872 0.1250000000
80946  19.345  -11.325  -6.692 0.6250000000
79916  21.019  -11.910  -8.069 0.7500000000
85735  13.828  -7.651  -6.496 0.1250000000
145984  21.289  -12.681  -8.187 1.0000000000
83877  16.940  -8.985  -6.174 0.1250000000
164630  21.992  -11.513  -8.996 1.0000000000
80972  23.987  -10.994  -9.024 1.0000000000
81914  26.423  -11.131  -7.616 1.0000000000
87562  14.046  -4.399  -6.428 0.3750000000
89594  14.513  -2.008  -6.086 0.2500000000
88516  13.949  -3.152  -6.257 0.2500000000
82919  28.181  -9.239  -7.522 0.8750000000
163780  29.819  -7.843  -7.626 0.8750000000
83890  28.526  -8.530  -7.479 0.8750000000
85778  30.304  -6.475  -8.165 0.8750000000
93582  22.527  1.903  -8.360 0.1250000000
92697  22.318  1.229  -8.273 0.1250000000
90703  18.980  -1.170  -7.016 0.3750000000
90720  20.774  -2.256  -8.285 0.6250000000
143118  29.839  -4.021  -7.759 1.0000000000
93592  24.230  2.188  -10.803 0.8750000000
164964  22.400  0.760  -9.033 0.3750000000
91798  22.194  -0.116  -9.090 0.8750000000
89625  30.241  -2.307  -8.434 1.0000000000
90733  30.190  -1.535  -8.445 1.0000000000
94410  26.157  2.719  -9.991 1.0000000000
91782  29.075  -0.554  -8.169 1.0000000000
95282  26.039  3.651  -10.588 0.8750000000
95271  28.491  3.533  -8.648 1.0000000000
94408  28.219  2.425  -8.409 1.0000000000
93578  29.251  0.722  -8.265 1.0000000000
99932  27.029  8.865  -8.351 0.1250000000
99033  26.095  8.339  -9.088 0.1250000000
99040  27.466  7.325  -10.053 0.6250000000
100778  28.717  9.211  -11.205 0.6250000000
100791  30.691  9.760  -11.320 0.5000000000
153010  27.207  10.139  -9.923 0.2500000000
101623  30.621  11.034  -12.059 0.5000000000
102415  27.564  11.406  -10.163 0.2500000000
103246  27.724  11.920  -10.884 0.2500000000
102438  30.816  11.622  -12.695 0.5000000000
155387  28.187  12.298  -11.257 0.1250000000
103265  29.250  12.879  -12.914 0.2500000000
103284  29.768  12.974  -13.606 0.2500000000
144644  30.693  12.688  -14.185 0.3750000000
104255  29.757  13.474  -14.367 0.2500000000
103266  28.819  12.854  -12.275 0.1250000000
81888  17.546  -10.401  -5.885 0.1250000000
81902  18.330  -10.110  -6.322 0.3750000000
83878  16.196  -8.287  -6.668 0.1250000000
80945  20.214  -11.667  -7.429 0.7500000000
81918  20.643  -10.219  -8.061 0.8750000000
80960  21.469  -11.336  -8.598 1.0000000000
83894  19.519  -7.897  -7.528 1.0000000000
82942  21.168  -9.745  -8.643 1.0000000000
80973  23.345  -11.110  -9.335 1.0000000000
81925  23.783  -10.328  -9.408 1.0000000000
86667  16.953  -5.572  -6.701 0.8750000000
85762  20.363  -6.687  -8.249 1.0000000000
157443  25.039  -8.933  -8.980 1.0000000000
151854  21.829  -8.085  -9.476 1.0000000000
84848  21.674  -7.483  -9.374 1.0000000000
82941  25.199  -9.866  -8.504 1.0000000000
88528  14.860  -3.814  -6.593 0.3750000000
87569  17.564  -4.827  -6.800 0.8750000000
151788  20.807  -6.019  -8.602 1.0000000000
161810  25.744  -8.592  -8.555 1.0000000000
83934  23.969  -8.298  -10.177 1.0000000000
84847  22.297  -7.631  -9.862 1.0000000000
84860  23.735  -7.448  -10.453 1.0000000000
84846  24.984  -7.608  -9.729 1.0000000000
88526  17.129  -4.636  -6.720 0.6250000000
89603  17.655  -3.228  -6.823 0.6250000000
88540  19.983  -3.883  -7.884 1.0000000000
164281  22.851  -6.244  -10.419 1.0000000000
86681  21.207  -5.312  -8.939 1.0000000000
84828  25.946  -7.261  -8.660 1.0000000000
84826  29.228  -7.504  -7.441 0.8750000000
82938  29.056  -9.292  -7.659 0.8750000000
88539  20.637  -3.832  -8.421 1.0000000000
87581  21.500  -4.585  -9.252 1.0000000000
150074  27.095  -5.245  -7.832 1.0000000000
85779  25.297  -6.434  -9.842 1.0000000000
86712  22.910  -5.531  -10.428 1.0000000000
153893  24.884  -4.989  -10.306 1.0000000000
157002  30.151  -7.349  -7.824 0.8750000000
88560  23.539  -3.509  -10.444 1.0000000000
87607  24.495  -4.293  -10.359 1.0000000000
87594  22.482  -4.167  -10.090 1.0000000000
86695  25.639  -5.023  -9.671 1.0000000000
146797  22.996  -4.714  -10.457 1.0000000000
87606  25.235  -4.224  -9.946 1.0000000000
87579  27.925  -4.510  -7.459 1.0000000000
148267  28.191  -5.258  -7.406 1.0000000000
89615  20.839  -2.525  -8.379 0.7500000000
89614  21.335  -2.494  -8.831 1.0000000000
89630  22.557  -2.566  -9.887 1.0000000000
90754  23.214  -1.974  -10.179 1.0000000000
88559  24.128  -2.880  -10.396 1.0000000000
89639  23.816  -1.956  -10.339 1.0000000000
89629  24.501  -2.016  -10.038 1.0000000000
88548  24.800  -2.856  -9.976 1.0000000000
88535  28.413  -2.950  -7.549 1.0000000000
89627  26.357  -2.933  -9.006 1.0000000000
88547  25.441  -3.363  -9.654 1.0000000000
146686  23.806  0.601  -9.843 0.7500000000
157317  24.026  0.314  -10.020 1.0000000000
165087  23.391  -0.097  -9.745 0.7500000000
139332  22.713  -1.614  -9.801 1.0000000000
90737  25.255  -1.615  -9.567 1.0000000000
158987  23.571  -1.154  -10.096 1.0000000000
91796  24.270  -0.463  -10.045 1.0000000000
140109  26.127  -1.979  -9.173 1.0000000000
142275  24.701  0.223  -9.791 1.0000000000
92710  26.261  0.383  -9.258 1.0000000000
91794  26.307  -0.573  -9.159 1.0000000000
138160  25.915  -1.267  -9.284 1.0000000000
139127  25.537  0.017  -9.474 1.0000000000
91781  29.336  -1.264  -8.118 1.0000000000
94409  27.245  2.534  -8.879 1.0000000000
150213  29.047  1.600  -8.259 1.0000000000
149128  27.772  3.108  -8.679 1.0000000000
95273  26.973  3.270  -9.497 1.0000000000
99933  26.472  8.950  -8.914 0.1250000000
100773  26.859  9.023  -10.176 0.1250000000
101598  27.502  10.696  -9.569 0.2500000000
99948  26.572  8.350  -10.163 0.3750000000
99947  27.216  8.481  -10.365 0.5000000000
101613  30.192  10.468  -11.588 0.5000000000
81886  18.421  -10.918  -6.129 0.2500000000
80927  18.302  -11.720  -5.575 0.1250000000
79888  19.516  -12.262  -6.702 0.6250000000
144432  21.682  -12.046  -8.633 1.0000000000
92698  21.886  0.471  -8.343 0.5000000000
137325  20.174  -0.666  -7.486 0.6250000000
152678  21.849  -2.033  -9.348 0.8750000000
91784  21.079  -0.857  -8.379 0.7500000000
156955  21.710  -1.708  -9.145 0.8750000000
91783  21.630  -0.444  -8.634 0.8750000000
90739  22.260  -1.440  -9.449 1.0000000000
91797  23.028  -0.834  -9.782 1.0000000000
95272  27.540  3.791  -9.174 1.0000000000
99041  26.109  7.945  -10.008 0.3750000000
99936  28.619  8.394  -9.978 0.7500000000
99945  29.194  8.727  -10.642 0.7500000000
99937  27.682  8.206  -10.076 0.5000000000
100777  29.975  9.169  -10.985 0.7500000000
103293  30.631  13.098  -14.880 0.2500000000
103292  31.343  12.342  -14.750 0.3750000000
74590  21.418  -17.579  -6.392 0.7500000000
73570  23.066  -18.498  -7.306 0.7500000000
74591  20.565  -17.227  -6.141 0.7500000000
155336  20.389  -16.484  -6.386 0.7500000000
152587  23.209  -16.694  -7.314 0.7500000000
74589  22.100  -17.317  -6.733 0.7500000000
75705  21.720  -16.118  -7.096 0.7500000000
76774  21.093  -16.207  -6.767 0.7500000000
163080  23.727  -16.313  -7.434 0.7500000000
163085  22.762  -16.166  -7.356 0.7500000000
76789  22.254  -15.717  -7.484 0.7500000000
78823  20.410  -13.546  -7.376 0.7500000000
157259  20.456  -12.642  -7.504 0.6250000000
143759  21.871  -14.825  -7.909 0.7500000000
164252  21.537  -14.172  -7.985 0.8750000000
78821  21.008  -13.906  -7.787 0.8750000000
76787  24.349  -16.034  -7.520 0.7500000000
76788  23.288  -15.657  -7.496 0.7500000000
77794  23.158  -14.629  -7.774 0.7500000000
78839  22.348  -13.347  -8.467 0.8750000000
79915  21.974  -12.711  -8.619 0.8750000000
140570  25.235  -14.498  -7.523 0.7500000000
78819  24.578  -13.591  -7.613 0.7500000000
78837  23.791  -13.150  -8.059 0.8750000000
80959  22.316  -12.004  -8.966 0.8750000000
79899  26.111  -12.941  -7.572 0.7500000000
79912  24.360  -12.669  -7.954 0.8750000000
141132  24.223  -12.035  -8.346 0.8750000000
141625  27.345  -12.424  -8.107 0.8750000000
151230  26.568  -12.165  -7.611 0.8750000000
138987  27.339  -11.489  -7.751 0.8750000000
151335  27.120  -10.547  -7.567 0.8750000000
81004  29.282  -11.601  -12.260 0.3750000000
81937  28.984  -11.346  -10.638 0.6250000000
161956  28.888  -11.039  -8.834 0.7500000000
81913  28.077  -10.801  -7.796 0.7500000000
81950  29.153  -11.024  -11.617 0.5000000000
82965  29.586  -10.268  -10.405 0.7500000000
82937  29.425  -9.802  -8.312 0.7500000000
81963  30.996  -11.036  -13.215 0.1250000000
82985  29.665  -10.051  -12.466 0.3750000000
82976  29.548  -10.124  -11.635 0.6250000000
82951  30.000  -9.488  -9.737 0.6250000000
83905  29.778  -8.924  -8.012 0.6250000000
81990  33.079  -10.359  -14.348 0.1250000000
81978  31.511  -10.639  -13.549 0.1250000000
140262  30.048  -9.333  -12.614 0.1250000000
83008  31.006  -8.948  -13.911 0.1250000000
83933  30.388  -8.350  -10.494 0.6250000000
163940  30.490  -7.615  -10.472 0.6250000000
84844  30.441  -7.246  -8.783 0.7500000000
83007  31.663  -9.515  -14.376 0.1250000000
83982  31.845  -8.387  -15.443 0.1250000000
152524  30.266  -7.783  -13.088 0.1250000000
84871  30.485  -7.301  -11.824 0.5000000000
138077  30.529  -7.070  -9.877 0.6250000000
85777  30.514  -6.429  -9.221 0.7500000000
82004  33.020  -10.112  -15.051 0.1250000000
84876  30.354  -7.175  -12.560 0.5000000000
145388  30.488  -6.506  -11.879 0.5000000000
85792  30.575  -5.986  -10.921 0.6250000000
86694  30.422  -5.685  -8.642 0.7500000000
161588  25.219  4.067  -11.056 0.6250000000
96186  25.598  5.275  -10.467 0.5000000000
95281  26.001  4.499  -10.714 0.7500000000
86721  30.570  -5.280  -11.531 0.6250000000
87591  30.663  -4.308  -9.980 0.6250000000
87592  30.471  -4.133  -8.759 0.8750000000
87620  30.540  -4.566  -12.014 0.5000000000
148069  30.697  -4.467  -11.055 0.6250000000
88557  30.799  -3.695  -10.697 0.6250000000
88545  30.694  -3.489  -9.591 0.7500000000
96185  26.484  5.226  -10.486 0.7500000000
88546  30.272  -3.208  -8.334 0.8750000000
153193  30.049  -0.779  -8.330 0.8750000000
91791  30.571  -0.332  -8.704 0.8750000000
89624  30.722  -2.661  -9.343 0.7500000000
90732  30.752  -1.867  -9.188 0.8750000000
91790  30.812  -1.029  -9.122 0.8750000000
140910  31.077  -0.242  -9.477 0.8750000000
92707  30.736  0.368  -8.798 0.8750000000
87639  29.989  -4.320  -14.030 0.3750000000
164380  30.472  -3.997  -12.476 0.5000000000
88585  30.617  -3.319  -12.361 0.5000000000
89638  30.925  -2.915  -10.428 0.6250000000
87640  29.776  -4.140  -14.773 0.2500000000
88597  30.281  -3.615  -13.348 0.3750000000
89660  30.832  -2.554  -12.189 0.5000000000
97137  26.893  5.848  -10.382 0.6250000000
97136  27.975  5.854  -9.588 0.7500000000
96177  27.147  4.495  -10.047 0.8750000000
96184  27.577  5.150  -9.773 0.7500000000
96176  28.063  4.378  -9.153 0.8750000000
163306  30.921  1.970  -8.900 0.7500000000
93589  30.973  1.297  -8.995 0.8750000000
90752  31.020  -2.127  -10.207 0.6250000000
147945  31.066  -1.480  -9.953 0.7500000000
89676  30.486  -2.746  -13.078 0.3750000000
143396  30.658  -1.996  -12.900 0.5000000000
92718  31.321  -0.041  -10.555 0.7500000000
89677  30.237  -2.840  -13.976 0.2500000000
136789  27.229  6.524  -10.200 0.6250000000
97130  28.571  5.036  -9.242 0.8750000000
96175  29.102  4.256  -8.866 0.8750000000
95270  29.680  3.465  -8.649 0.8750000000
97133  30.941  5.598  -9.584 0.7500000000
94415  30.879  2.618  -8.947 0.8750000000
93603  31.441  2.007  -10.294 0.7500000000
91824  31.342  -0.644  -11.324 0.5000000000
90780  30.486  -1.421  -13.737 0.2500000000
91840  30.720  -0.540  -13.307 0.5000000000
90769  31.098  -1.814  -12.023 0.5000000000
89688  29.979  -2.830  -14.863 0.2500000000
98103  26.588  7.096  -10.408 0.5000000000
99039  28.603  7.662  -9.709 0.6250000000
98101  29.582  7.058  -9.549 0.7500000000
98100  30.511  6.447  -9.590 0.7500000000
98108  31.019  6.912  -9.928 0.7500000000
98099  31.230  6.269  -9.965 0.7500000000
97145  31.614  5.537  -10.900 0.7500000000
97141  31.394  5.535  -10.119 0.7500000000
98107  31.467  6.861  -10.588 0.7500000000
96191  31.518  4.837  -10.463 0.7500000000
95286  31.535  3.502  -10.560 0.7500000000
146495  31.575  4.197  -10.896 0.7500000000
93618  31.227  1.599  -12.164 0.5000000000
94437  31.077  2.268  -12.644 0.3750000000
94430  31.354  2.254  -11.716 0.6250000000
92753  30.414  0.241  -13.807 0.2500000000
152167  31.069  0.941  -12.522 0.3750000000
93632  30.821  1.609  -13.040 0.3750000000
99038  29.700  8.003  -9.857 0.6250000000
99045  31.574  7.627  -10.966 0.7500000000
152808  31.810  7.069  -11.322 0.7500000000
98120  31.901  6.171  -12.290 0.7500000000
97156  31.564  5.361  -12.882 0.6250000000
95299  30.949  3.041  -13.128 0.3750000000
96207  31.290  4.443  -13.088 0.3750000000
92760  29.930  0.289  -14.749 0.1250000000
94457  30.213  2.381  -14.301 0.1250000000
94444  30.631  2.289  -13.481 0.2500000000
99944  30.440  8.478  -10.532 0.6250000000
99963  31.793  8.824  -11.631 0.7500000000
99056  31.973  7.621  -11.682 0.6250000000
145766  32.070  6.928  -11.962 0.7500000000
98127  31.653  6.130  -13.179 0.3750000000
97148  31.792  5.481  -11.793 0.7500000000
140922  30.544  4.657  -14.375 0.2500000000
96208  30.798  4.210  -13.839 0.3750000000
96200  31.606  4.684  -12.189 0.6250000000
94471  29.015  2.741  -16.429 0.1250000000
95313  29.518  3.612  -15.500 0.1250000000
152077  29.619  1.046  -15.303 0.1250000000
100790  31.592  9.525  -11.705 0.6250000000
152697  32.407  9.058  -13.325 0.3750000000
99965  32.170  9.006  -12.316 0.3750000000
99065  32.015  7.453  -13.527 0.3750000000
99073  30.156  7.431  -15.944 0.2500000000
149757  31.976  6.805  -12.879 0.3750000000
97186  29.611  5.388  -15.573 0.1250000000
97171  30.477  5.402  -14.692 0.3750000000
97157  31.029  4.935  -13.834 0.3750000000
94483  28.675  2.916  -17.625 0.1250000000
96219  30.230  4.047  -14.601 0.1250000000
151226  32.100  11.272  -14.017 0.3750000000
101612  31.219  10.349  -11.854 0.3750000000
100799  32.094  9.993  -12.598 0.3750000000
100807  32.228  9.883  -14.748 0.3750000000
100801  32.446  9.911  -13.742 0.3750000000
99980  30.472  8.344  -16.183 0.3750000000
99975  31.482  8.941  -15.432 0.3750000000
147609  32.171  8.992  -14.463 0.3750000000
99977  29.925  7.768  -16.323 0.3750000000
98134  30.630  6.946  -15.161 0.3750000000
99968  31.472  8.211  -14.949 0.3750000000
99096  27.147  6.796  -18.052 0.1250000000
97185  30.066  6.266  -15.431 0.1250000000
98145  29.773  6.994  -16.043 0.2500000000
97200  28.160  5.463  -17.535 0.1250000000
102464  31.685  11.722  -15.468 0.2500000000
101646  31.687  10.537  -16.046 0.2500000000
101641  32.096  10.843  -14.927 0.3750000000
100822  30.024  9.080  -17.296 0.1250000000
100817  31.206  9.288  -16.138 0.3750000000
153879  31.860  9.925  -15.491 0.3750000000
156677  29.803  8.106  -16.573 0.1250000000
99994  28.052  8.498  -18.091 0.1250000000
102459  31.802  11.648  -14.625 0.3750000000
102469  31.656  11.543  -16.472 0.2500000000
101652  30.722  9.993  -17.506 0.1250000000
102473  31.254  10.885  -17.775 0.1250000000
101655  30.313  10.300  -18.206 0.1250000000
102477  30.992  11.116  -18.555 0.1250000000
156517  27.475  8.402  -18.507 0.1250000000
101660  28.694  10.460  -19.245 0.1250000000
103320  31.547  12.874  -19.245 0.1250000000
102482  29.492  11.119  -19.760 0.1250000000
103321  31.234  12.287  -20.077 0.1250000000
101664  27.699  10.753  -20.390 0.1250000000
100832  27.449  9.501  -19.272 0.1250000000
79913  23.513  -12.459  -8.558 0.8750000000
80954  28.259  -12.007  -8.951 0.6250000000
164617  30.515  -5.888  -11.649 0.6250000000
90762  31.247  -1.496  -11.006 0.5000000000
161923  30.414  -2.220  -13.637 0.3750000000
97135  29.048  5.757  -9.300 0.8750000000
96183  29.622  4.945  -9.092 0.8750000000
149901  29.572  6.326  -9.407 0.7500000000
96174  30.185  4.159  -8.899 0.8750000000
96182  31.235  4.711  -9.700 0.7500000000
95279  31.429  3.428  -9.785 0.7500000000
94414  31.270  2.843  -9.464 0.7500000000
92724  31.330  0.237  -11.759 0.5000000000
138428  31.370  0.768  -10.816 0.7500000000
92737  30.918  0.230  -12.883 0.5000000000
99982  28.595  7.637  -17.294 0.1250000000
101647  31.007  9.623  -16.794 0.2500000000
102478  29.879  10.671  -18.963 0.1250000000
102483  28.403  10.988  -20.096 0.1250000000
144444  30.297  -8.728  -11.283 0.5000000000
83920  30.280  -8.699  -9.496 0.6250000000
84825  30.131  -8.119  -7.963 0.7500000000
154263  30.150  -5.993  -13.570 0.3750000000
86734  30.178  -5.551  -12.999 0.3750000000
87646  29.752  -4.821  -14.713 0.2500000000
100819  29.448  8.400  -17.045 0.1250000000
87647  29.624  -4.452  -15.382 0.1250000000
72390  21.547  -19.616  -6.035 0.7500000000
73540  20.840  -18.826  -5.669 0.7500000000
74576  20.096  -17.609  -5.614 0.7500000000
74592  19.889  -16.850  -5.872 0.7500000000
72408  22.728  -19.228  -7.006 0.7500000000
73554  22.244  -18.272  -6.725 0.7500000000
73569  23.835  -18.546  -7.574 0.7500000000
77798  19.865  -13.971  -6.811 0.6250000000
76791  20.658  -14.951  -7.218 0.7500000000
75703  24.950  -17.154  -8.105 0.6250000000
77793  24.972  -15.331  -7.552 0.7500000000
77791  26.203  -14.624  -8.042 0.6250000000
79911  26.793  -13.137  -7.913 0.6250000000
79910  27.802  -12.634  -8.895 0.5000000000
79932  28.502  -12.837  -11.740 0.3750000000
79924  28.068  -12.744  -10.101 0.5000000000
80994  29.555  -12.316  -12.228 0.1250000000
81001  31.816  -11.308  -13.172 0.1250000000
81977  32.418  -10.692  -13.667 0.1250000000
83004  34.741  -9.727  -14.535 0.1250000000
83018  34.455  -9.250  -16.478 0.1250000000
83019  33.524  -9.502  -15.851 0.1250000000
83981  32.581  -8.887  -15.977 0.1250000000
138068  24.975  4.623  -10.885 0.3750000000
84899  32.351  -8.094  -16.336 0.1250000000
84889  31.097  -7.648  -14.909 0.1250000000
139627  30.151  -6.166  -14.343 0.1250000000
150418  30.033  -5.279  -13.910 0.2500000000
97138  25.867  6.192  -10.304 0.5000000000
89698  29.738  -2.787  -15.630 0.1250000000
88606  29.735  -3.590  -15.346 0.2500000000
90799  29.585  -1.245  -15.816 0.1250000000
92761  29.507  0.371  -15.842 0.1250000000
149041  29.244  1.029  -16.361 0.1250000000
140198  28.803  2.125  -17.568 0.1250000000
95355  28.610  3.746  -18.166 0.1250000000
94484  28.812  3.160  -18.153 0.1250000000
98172  26.771  6.311  -18.177 0.1250000000
99119  27.272  7.074  -19.966 0.1250000000
104279  31.162  13.357  -17.039 0.2500000000
144687  30.701  14.475  -18.216 0.1250000000
102485  30.387  11.696  -20.185 0.1250000000
104288  31.393  13.344  -20.032 0.1250000000
102486  29.213  11.703  -20.488 0.1250000000
100833  27.211  8.893  -20.392 0.1250000000
102487  28.120  11.646  -20.840 0.1250000000
82939  27.694  -9.899  -7.531 0.7500000000
87577  30.239  -4.871  -8.118 0.7500000000
154589  30.549  -4.971  -9.276 0.7500000000
94417  23.825  3.379  -11.567 0.3750000000
92695  29.850  0.072  -8.310 0.8750000000
80956  25.641  -11.612  -7.705 0.8750000000
78822  20.953  -13.254  -7.844 0.7500000000
78840  21.599  -13.462  -8.209 0.8750000000
80958  23.736  -11.630  -8.832 0.8750000000
145652  28.894  -10.528  -8.192 0.7500000000
84843  30.365  -8.030  -8.705 0.6250000000
88534  29.476  -2.622  -7.807 0.8750000000
165529  28.405  2.936  -8.464 0.8750000000
94406  30.201  2.805  -8.632 0.8750000000
93590  30.098  0.983  -8.372 0.8750000000
101622  31.517  10.905  -12.587 0.3750000000
103283  31.542  12.009  -14.021 0.3750000000
103301  30.649  13.323  -15.470 0.1250000000
103300  31.220  12.682  -15.446 0.2500000000
75695  21.008  -16.855  -6.485 0.7500000000
73556  20.834  -17.996  -5.852 0.7500000000
73555  21.491  -18.588  -6.217 0.7500000000
74604  22.744  -17.511  -7.079 0.7500000000
72422  23.431  -19.162  -7.309 0.7500000000
74603  23.522  -17.726  -7.471 0.7500000000
75696  19.721  -16.112  -6.117 0.7500000000
76775  20.384  -15.595  -6.693 0.7500000000
75704  22.360  -16.586  -7.062 0.7500000000
76790  21.286  -15.450  -7.367 0.7500000000
77795  22.614  -15.075  -7.744 0.7500000000
77797  20.500  -14.298  -7.323 0.7500000000
78803  19.720  -13.150  -6.772 0.6250000000
77796  21.129  -14.614  -7.666 0.7500000000
163022  22.464  -14.500  -8.015 0.8750000000
142299  24.179  -14.748  -7.503 0.7500000000
78820  23.586  -13.875  -7.873 0.8750000000
78838  23.086  -13.251  -8.429 0.8750000000
78817  26.351  -13.642  -7.773 0.7500000000
80943  25.738  -12.325  -7.575 0.8750000000
78835  27.321  -13.599  -8.939 0.6250000000
137750  28.501  -11.285  -8.516 0.7500000000
80995  28.829  -12.064  -11.858 0.2500000000
80984  28.402  -12.323  -11.083 0.5000000000
80971  28.678  -11.648  -9.583 0.6250000000
81912  29.264  -10.675  -9.257 0.7500000000
81965  29.449  -10.860  -12.358 0.5000000000
81964  30.142  -10.825  -12.905 0.2500000000
81002  31.009  -11.734  -12.804 0.1250000000
153833  30.003  -9.949  -12.978 0.2500000000
82975  29.974  -9.371  -11.826 0.3750000000
82964  30.100  -9.301  -10.694 0.6250000000
81991  32.623  -10.299  -14.345 0.1250000000
83005  33.790  -9.846  -15.189 0.1250000000
82994  31.181  -9.819  -13.757 0.1250000000
83945  30.255  -8.646  -12.042 0.5000000000
83960  30.496  -8.371  -13.506 0.1250000000
83970  31.427  -8.642  -14.625 0.1250000000
84857  30.444  -7.930  -11.348 0.5000000000
83021  32.090  -9.246  -15.134 0.1250000000
83971  30.860  -8.210  -14.150 0.1250000000
84882  30.489  -7.512  -13.874 0.1250000000
159494  30.563  -6.432  -10.159 0.6250000000
85816  30.266  -6.667  -13.759 0.1250000000
86708  30.620  -5.120  -10.431 0.6250000000
152181  30.879  -3.124  -11.431 0.6250000000
91810  31.211  -0.837  -10.242 0.7500000000
92706  31.229  0.565  -9.722 0.7500000000
89647  31.084  -2.341  -11.233 0.5000000000
98102  28.495  6.671  -9.570 0.6250000000
93588  31.266  2.098  -9.464 0.7500000000
152986  31.295  3.951  -9.558 0.7500000000
93613  31.395  1.594  -11.103 0.6250000000
94421  31.473  2.724  -10.181 0.7500000000
91834  31.195  -0.526  -12.347 0.5000000000
91852  30.257  -0.530  -14.269 0.1250000000
90792  30.029  -1.312  -14.791 0.1250000000
151165  30.174  -2.119  -14.401 0.2500000000
148226  29.820  -2.081  -15.296 0.1250000000
99046  30.948  7.663  -10.231 0.7500000000
98114  31.789  6.313  -11.329 0.7500000000
95292  31.500  3.593  -11.482 0.6250000000
94436  31.330  2.954  -12.137 0.3750000000
93646  30.356  1.656  -13.885 0.3750000000
99063  32.163  7.566  -12.467 0.3750000000
95306  30.623  3.505  -13.878 0.3750000000
152078  30.102  0.995  -14.295 0.1250000000
95312  30.158  3.162  -14.554 0.1250000000
94458  29.648  2.583  -15.224 0.1250000000
145731  30.743  6.178  -14.674 0.3750000000
98133  31.467  6.624  -14.062 0.3750000000
96232  29.142  4.583  -16.108 0.1250000000
96246  28.459  4.544  -17.064 0.1250000000
93657  29.267  1.797  -16.136 0.1250000000
97199  28.767  5.509  -16.525 0.1250000000
151255  28.475  6.324  -16.969 0.1250000000
142341  29.253  6.371  -16.235 0.1250000000
157706  32.320  10.568  -14.124 0.3750000000
99067  30.852  7.611  -15.313 0.3750000000
152297  27.883  6.283  -17.714 0.1250000000
99084  28.069  7.045  -17.667 0.1250000000
99987  28.030  7.635  -17.839 0.1250000000
99988  27.376  7.632  -18.266 0.1250000000
98157  29.003  6.963  -16.647 0.1250000000
99981  29.255  7.833  -16.797 0.1250000000
141882  28.135  5.039  -18.229 0.1250000000
97214  27.275  5.927  -18.100 0.1250000000
103308  31.517  12.428  -16.780 0.2500000000
143479  31.458  12.307  -16.064 0.2500000000
102472  31.604  11.611  -17.301 0.2500000000
101653  29.782  9.610  -17.829 0.1250000000
101657  28.073  9.774  -18.862 0.1250000000
99986  28.718  8.203  -17.430 0.1250000000
103313  31.581  12.466  -17.643 0.1250000000
102476  31.512  11.655  -17.987 0.1250000000
103318  31.534  12.168  -18.636 0.1250000000
100827  27.286  8.673  -19.098 0.1250000000
101656  29.044  9.871  -18.411 0.1250000000
150763  31.239  13.974  -19.102 0.1250000000
104286  31.323  13.430  -18.147 0.1250000000
72391  20.727  -19.627  -5.319 0.7500000000
140802  22.073  -19.165  -6.558 0.7500000000
72409  22.403  -19.809  -6.508 0.7500000000
153291  20.301  -18.276  -5.473 0.7500000000
72392  20.112  -18.862  -5.146 0.7500000000
77781  19.416  -14.434  -6.220 0.5000000000
77780  20.063  -14.737  -6.736 0.6250000000
78836  26.785  -14.159  -8.484 0.6250000000
79925  27.690  -13.499  -9.870 0.5000000000
162801  31.696  -7.682  -15.790 0.1250000000
84908  32.024  -7.333  -16.652 0.1250000000
85822  30.490  -6.918  -14.582 0.1250000000
150075  29.762  -0.452  -15.269 0.1250000000
98184  26.731  6.195  -18.625 0.1250000000
99108  26.914  7.104  -19.318 0.1250000000
153501  19.498  -18.658  -4.535 0.7500000000
74577  19.389  -17.191  -5.249 0.5000000000
70281  21.708  -21.116  -5.285 0.6250000000
71268  22.013  -20.433  -5.958 0.6250000000
72389  23.597  -19.938  -6.212 0.3750000000
72407  23.091  -19.729  -6.870 0.6250000000
73567  25.031  -18.399  -7.667 0.2500000000
73568  24.540  -18.426  -7.701 0.3750000000
79933  28.175  -13.249  -11.371 0.3750000000
159771  26.141  5.834  -10.543 0.3750000000
98104  26.052  7.099  -10.193 0.2500000000
99047  26.708  7.812  -10.379 0.2500000000
71269  21.305  -20.387  -5.471 0.6250000000
75715  25.731  -17.091  -8.699 0.5000000000
77809  26.284  -15.862  -9.112 0.5000000000
77808  26.764  -15.387  -9.324 0.3750000000
71279  22.748  -20.270  -6.190 0.6250000000
70266  21.195  -21.538  -4.787 0.6250000000
74565  19.041  -16.984  -4.603 0.3750000000
70282  21.119  -20.950  -5.052 0.6250000000
72376  19.951  -19.637  -4.569 0.6250000000
71250  23.347  -21.051  -4.488 0.3750000000
71251  22.745  -21.148  -4.942 0.5000000000
157287  21.685  -21.713  -4.778 0.6250000000
75684  19.042  -16.448  -5.123 0.2500000000
71249  24.071  -20.240  -5.258 0.3750000000
74601  25.387  -17.869  -8.109 0.2500000000
73539  24.784  -19.070  -6.186 0.2500000000
74600  25.896  -17.227  -8.689 0.2500000000
76810  26.823  -16.112  -9.751 0.3750000000
77820  27.239  -15.771  -9.961 0.2500000000
78848  27.724  -14.518  -10.506 0.2500000000
78856  28.258  -14.083  -11.448 0.2500000000
89595  13.470  -2.166  -5.683 0.1250000000
91752  17.464  -0.001  -6.163 0.2500000000
154586  29.130  -12.963  -11.990 0.2500000000
91769  21.117  0.164  -7.842 0.3750000000
91770  19.516  -0.050  -6.989 0.2500000000
140889  23.661  2.675  -11.341 0.2500000000
98109  26.318  7.468  -10.294 0.2500000000
159344  14.030  -1.314  -5.564 0.1250000000
150369  13.032  -3.026  -5.616 0.2500000000
79889  18.816  -12.813  -6.036 0.2500000000
160053  20.645  -0.525  -7.829 0.3750000000
76786  25.323  -16.288  -8.012 0.5000000000
73541  19.678  -18.078  -5.133 0.5000000000
72421  24.017  -19.002  -7.483 0.5000000000
74602  24.298  -17.964  -7.818 0.5000000000
78863  28.693  -13.602  -11.763 0.2500000000
76762  19.172  -15.811  -5.519 0.3750000000
76776  19.560  -15.286  -6.210 0.3750000000
78804  19.225  -13.635  -6.199 0.2500000000
71252  20.655  -20.371  -4.899 0.6250000000
77769  19.070  -14.922  -5.603 0.3750000000
77807  27.251  -14.934  -9.750 0.2500000000
70280  22.396  -20.862  -5.511 0.6250000000
73553  24.475  -18.955  -7.158 0.2500000000
72388  24.428  -19.637  -5.715 0.2500000000
74588  25.600  -18.145  -7.305 0.2500000000
73582  25.028  -18.101  -8.081 0.3750000000
76802  25.966  -16.464  -8.995 0.3750000000
141019  23.224  -20.622  -5.382 0.5000000000
165350  23.822  -20.635  -4.714 0.3750000000
74564  19.223  -17.793  -4.564 0.3750000000
70267  20.648  -21.099  -4.579 0.6250000000
70248  22.729  -21.640  -4.192 0.3750000000
70265  22.179  -21.485  -4.922 0.5000000000
75714  26.414  -16.679  -9.174 0.2500000000
77819  27.746  -15.462  -10.318 0.2500000000
88457  12.530  -3.050  -3.420 0.1250000000
70250  19.554  -21.506  -3.443 0.5000000000
69238  21.962  -22.085  -4.396 0.2500000000
68199  21.119  -23.110  -3.305 0.3750000000
69239  21.303  -22.143  -4.390 0.5000000000
70268  20.022  -21.179  -3.910 0.5000000000
69227  19.248  -22.018  -3.116 0.3750000000
71238  19.076  -20.475  -3.181 0.5000000000
161906  19.443  -20.905  -3.470 0.5000000000
71237  19.520  -20.234  -3.818 0.3750000000
71253  20.165  -20.496  -4.347 0.5000000000
69189  18.257  -22.263  -2.084 0.1250000000
70233  18.721  -21.695  -2.562 0.3750000000
72363  19.270  -19.276  -3.894 0.2500000000
67175  17.643  -24.509  -1.800 0.1250000000
158289  18.231  -23.281  -2.329 0.2500000000
68189  18.964  -23.461  -2.831 0.3750000000
69207  21.900  -22.863  -3.054 0.2500000000
68200  20.450  -23.167  -3.316 0.3750000000
142886  20.055  -22.901  -3.438 0.5000000000
152712  17.442  -22.676  -0.993 0.1250000000
69208  18.787  -22.615  -2.722 0.3750000000
69226  19.461  -22.824  -3.156 0.3750000000
146034  18.377  -21.266  -1.761 0.1250000000
150473  18.821  -19.983  -2.796 0.1250000000
86741  29.889  -5.608  -14.880 0.1250000000
69240  20.647  -21.850  -4.247 0.5000000000
73528  19.096  -18.383  -3.923 0.2500000000
69223  22.319  -22.316  -3.604 0.2500000000
70249  19.971  -22.169  -3.608 0.5000000000
70251  19.116  -21.219  -3.048 0.5000000000
69224  21.551  -22.566  -3.802 0.3750000000
69225  20.712  -22.615  -3.798 0.3750000000
71227  18.739  -20.810  -2.555 0.1250000000
159652  19.065  -19.787  -3.371 0.1250000000
157822  17.816  -22.746  -1.710 0.1250000000
69190  17.901  -21.993  -1.209 0.1250000000
68161  17.089  -23.383  -0.835 0.1250000000
68178  17.543  -23.571  -1.670 0.1250000000
144111  20.662  -23.595  -2.835 0.2500000000
67188  18.552  -24.002  -2.547 0.2500000000
67187  19.223  -24.132  -2.633 0.2500000000
68177  18.023  -24.083  -2.246 0.1250000000
68188  19.807  -23.509  -3.035 0.2500000000
77770  18.753  -14.600  -5.207 0.1250000000
95283  24.354  4.067  -11.246 0.1250000000
95274  24.377  4.484  -10.469 0.1250000000
96179  24.182  4.549  -9.650 0.1250000000
96178  24.745  4.949  -9.215 0.1250000000
97139  25.411  5.823  -9.986 0.1250000000
96187  24.977  5.059  -10.219 0.1250000000
96169  25.110  5.458  -8.236 0.1250000000
149093  25.146  5.448  -9.195 0.1250000000
98097  25.713  7.131  -8.640 0.1250000000
95275  23.799  3.980  -11.004 0.1250000000
97131  25.459  6.147  -8.627 0.1250000000
98088  25.670  6.941  -6.779 0.1250000000
94418  23.589  2.440  -11.004 0.1250000000
94411  23.650  3.066  -11.379 0.1250000000
91771  18.533  -0.046  -6.585 0.1250000000
73529  19.014  -17.565  -4.048 0.1250000000
76750  18.808  -15.737  -4.673 0.1250000000
92686  20.719  1.012  -7.136 0.1250000000
94412  22.787  2.930  -8.984 0.1250000000
95276  23.097  3.625  -8.924 0.1250000000
96159  23.473  5.051  -6.630 0.1250000000
97118  24.524  5.942  -5.553 0.1250000000
98084  25.098  6.567  -5.442 0.1250000000
98093  26.148  7.564  -7.733 0.1250000000
93581  22.740  2.249  -8.988 0.1250000000
80937  18.552  -11.831  -5.979 0.1250000000
79883  18.401  -12.311  -5.542 0.1250000000
98105  25.674  6.752  -9.742 0.1250000000
162091  18.880  -15.983  -5.076 0.1250000000
75668  18.946  -16.364  -4.375 0.1250000000
159978  20.357  0.304  -7.287 0.1250000000
78794  18.723  -13.393  -5.680 0.1250000000
77782  18.927  -14.075  -5.648 0.1250000000
76763  18.787  -15.470  -5.049 0.1250000000
77761  18.529  -14.104  -4.347 0.1250000000
158696  18.709  -15.192  -4.894 0.1250000000
96171  23.080  4.482  -7.274 0.1250000000
97128  24.997  5.684  -7.569 0.1250000000
98094  25.747  6.871  -7.560 0.1250000000
97127  25.359  6.161  -7.485 0.1250000000
96152  23.592  4.733  -5.704 0.1250000000
98083  26.056  7.868  -5.979 0.1250000000
70247  23.551  -21.367  -3.662 0.1250000000
72375  24.762  -19.797  -4.852 0.1250000000
72387  25.133  -19.225  -5.295 0.1250000000
73538  25.436  -18.619  -5.767 0.1250000000
74587  26.134  -17.603  -7.824 0.1250000000
75702  26.572  -17.054  -8.542 0.1250000000
75713  27.010  -16.593  -9.020 0.1250000000
75723  26.888  -16.298  -9.589 0.1250000000
77789  29.188  -14.602  -8.541 0.1250000000
77806  28.484  -15.355  -9.402 0.1250000000
76799  27.839  -15.812  -9.902 0.1250000000
78833  30.181  -13.473  -9.741 0.1250000000
77827  28.374  -14.621  -11.202 0.1250000000
78845  29.888  -13.794  -10.920 0.1250000000
79931  30.323  -13.186  -11.329 0.1250000000
68187  21.482  -23.436  -2.582 0.1250000000
67186  20.110  -24.112  -2.441 0.1250000000
68186  22.299  -23.153  -2.270 0.1250000000
69222  23.101  -21.965  -3.236 0.1250000000
71236  24.657  -20.501  -3.632 0.1250000000
70246  24.264  -21.079  -3.253 0.1250000000
165201  26.668  -17.494  -5.635 0.1250000000
75692  27.412  -16.537  -6.430 0.1250000000
76785  27.650  -16.186  -8.339 0.1250000000
77779  28.628  -15.131  -7.347 0.1250000000
146058  30.490  -13.122  -8.658 0.1250000000
79930  31.086  -12.519  -10.835 0.1250000000
79922  31.381  -12.281  -9.756 0.1250000000
79941  30.056  -13.044  -12.023 0.1250000000
139657  24.405  -20.331  -4.410 0.1250000000
78855  29.048  -14.347  -11.334 0.1250000000
74574  26.163  -17.775  -6.487 0.1250000000
77818  28.128  -15.411  -10.347 0.1250000000
69206  22.693  -22.560  -2.742 0.1250000000
67185  21.021  -24.004  -2.118 0.1250000000
73527  25.797  -18.741  -4.869 0.1250000000
75693  26.830  -17.038  -7.469 0.1250000000
74586  26.747  -17.215  -6.500 0.1250000000
76800  27.441  -16.154  -9.470 0.1250000000
77805  28.937  -14.885  -9.882 0.1250000000
76784  28.153  -15.719  -8.709 0.1250000000
78834  29.758  -13.859  -8.889 0.1250000000
78846  29.434  -14.345  -10.403 0.1250000000
79923  30.595  -12.969  -10.315 0.1250000000
79909  30.907  -12.670  -9.142 0.1250000000
72374  25.444  -19.385  -4.460 0.1250000000
80969  32.571  -11.483  -9.781 0.1250000000
72406  23.752  -19.406  -7.042 0.5000000000
73537  26.167  -18.075  -5.420 0.1250000000
73552  25.167  -18.616  -6.795 0.2500000000
73583  24.864  -18.026  -8.060 0.5000000000
74575  25.692  -18.214  -6.323 0.1250000000
74614  25.297  -17.679  -8.216 0.3750000000
75674  18.886  -16.224  -4.679 0.1250000000
75694  21.638  -16.764  -6.723 0.7500000000
75701  27.249  -16.660  -7.884 0.1250000000
76801  26.468  -16.434  -9.367 0.3750000000
76809  27.405  -15.907  -9.977 0.2500000000
77790  28.747  -15.041  -8.228 0.1250000000
77792  25.693  -15.452  -8.009 0.7500000000
77810  22.761  -13.949  -8.203 0.8750000000
77817  28.621  -14.848  -10.779 0.1250000000
77828  28.078  -15.023  -10.905 0.1250000000
78818  25.624  -13.636  -7.529 0.7500000000
78847  27.876  -13.813  -10.965 0.2500000000
78854  29.604  -13.663  -11.660 0.1250000000
79900  25.237  -12.845  -7.580 0.8750000000
79914  22.689  -12.614  -8.761 0.8750000000
79926  23.008  -11.882  -9.128 0.8750000000
79940  30.839  -12.625  -11.710 0.1250000000
79946  30.505  -12.375  -12.337 0.1250000000
80944  24.951  -12.107  -7.854 0.8750000000
80955  27.940  -11.743  -8.227 0.6250000000
80957  24.620  -11.351  -8.356 1.0000000000
80970  31.836  -11.840  -10.240 0.1250000000
80974  22.565  -11.192  -9.329 1.0000000000
81003  29.952  -11.662  -12.557 0.5000000000
81927  22.373  -10.290  -9.492 1.0000000000
81979  30.636  -10.254  -13.301 0.2500000000
81992  31.968  -10.276  -14.106 0.1250000000
82923  18.255  -9.322  -6.458 0.2500000000
82936  29.981  -9.258  -8.830 0.6250000000
82940  26.722  -9.614  -7.693 1.0000000000
82943  20.488  -9.266  -8.090 1.0000000000
82952  29.710  -9.902  -9.276 0.7500000000
82953  23.850  -9.589  -9.640 1.0000000000
82995  30.435  -9.302  -13.270 0.1250000000
83006  32.394  -9.915  -14.738 0.1250000000
83020  32.837  -9.579  -15.526 0.1250000000
83033  33.359  -9.040  -16.428 0.1250000000
83906  29.423  -8.347  -7.584 0.7500000000
83908  21.173  -8.930  -8.723 1.0000000000
83922  24.682  -8.243  -9.686 1.0000000000
83923  22.269  -8.474  -9.724 1.0000000000
83936  22.711  -8.150  -10.117 1.0000000000
83952  30.219  -8.569  -12.844 0.5000000000
84807  27.987  -7.714  -7.501 0.8750000000
84811  15.479  -8.279  -6.832 0.1250000000
84824  30.174  -8.604  -8.523 0.7500000000
84845  25.399  -7.133  -9.441 1.0000000000
84859  24.464  -7.624  -10.151 1.0000000000
84861  22.916  -7.536  -10.396 1.0000000000
85745  15.336  -6.946  -6.254 0.1250000000
85757  28.520  -6.705  -7.396 0.8750000000
85793  24.690  -6.414  -10.310 1.0000000000
85796  22.569  -6.847  -10.223 1.0000000000
86679  27.809  -5.958  -7.475 1.0000000000
86682  20.496  -5.259  -8.399 1.0000000000
86693  30.567  -5.760  -9.781 0.7500000000
86696  25.699  -5.798  -9.506 1.0000000000
86697  22.415  -5.058  -10.068 1.0000000000
86710  24.322  -5.686  -10.505 1.0000000000
86711  23.603  -5.196  -10.546 1.0000000000
86729  30.423  -5.801  -12.234 0.6250000000
87582  20.911  -4.555  -8.678 1.0000000000
87595  22.008  -4.608  -9.709 1.0000000000
87608  23.719  -4.338  -10.512 1.0000000000
87631  30.235  -4.637  -13.013 0.5000000000
88517  13.308  -3.892  -5.904 0.3750000000
88538  21.055  -3.120  -8.626 1.0000000000
88550  21.851  -3.934  -9.550 1.0000000000
88561  22.858  -3.392  -10.259 1.0000000000
88571  30.681  -3.860  -11.665 0.5000000000
88598  30.007  -3.545  -14.405 0.2500000000
88612  29.611  -3.229  -16.294 0.1250000000
89576  12.549  -2.411  -4.754 0.1250000000
89610  29.477  -1.929  -8.027 1.0000000000
89611  28.651  -2.187  -7.763 1.0000000000
89626  27.032  -2.102  -8.471 1.0000000000
90702  19.750  -1.305  -7.422 0.6250000000
90717  28.736  -1.652  -7.959 1.0000000000
90719  21.283  -2.071  -8.711 0.8750000000
90734  28.242  -1.131  -8.170 1.0000000000
90736  26.658  -1.376  -8.862 1.0000000000
90738  24.551  -1.191  -9.906 1.0000000000
91811  23.993  -0.373  -10.160 1.0000000000
92696  28.751  0.166  -8.267 1.0000000000
92708  27.874  0.295  -8.419 1.0000000000
92712  24.090  0.360  -10.022 1.0000000000
93577  30.262  1.965  -8.544 0.7500000000
93594  23.908  1.656  -10.122 0.5000000000
93604  31.375  1.364  -10.021 0.7500000000
93612  31.451  2.299  -10.881 0.6250000000
93647  29.828  1.751  -14.801 0.1250000000
94407  29.217  2.668  -8.405 0.8750000000
94429  31.476  2.892  -11.158 0.7500000000
95269  30.579  3.403  -8.886 0.7500000000
95280  31.101  3.386  -9.262 0.7500000000
95298  31.354  3.794  -12.452 0.3750000000
95305  31.037  3.775  -13.295 0.3750000000
95340  28.743  3.648  -16.721 0.1250000000
95341  28.488  3.694  -17.692 0.1250000000
96193  31.633  4.838  -11.299 0.7500000000
96220  29.718  4.482  -15.281 0.1250000000
96247  28.283  4.392  -17.884 0.1250000000
97121  25.221  6.262  -7.047 0.1250000000
97134  30.101  5.669  -9.307 0.8750000000
97170  31.220  5.728  -13.935 0.3750000000
97172  30.124  4.780  -14.902 0.2500000000
98158  28.264  6.741  -17.378 0.1250000000
98171  27.304  6.507  -17.915 0.1250000000
98195  26.902  6.420  -19.257 0.1250000000
99034  25.830  7.595  -9.512 0.3750000000
99037  30.412  7.230  -9.760 0.7500000000
99066  31.472  7.485  -14.556 0.3750000000
99074  29.489  7.420  -16.416 0.2500000000
99083  28.804  7.328  -16.987 0.1250000000
99097  26.812  6.713  -18.518 0.1250000000
99938  26.352  8.688  -9.618 0.1250000000
99943  31.220  8.224  -10.758 0.7500000000
99946  28.032  8.754  -10.824 0.6250000000
99958  31.159  8.942  -11.071 0.6250000000
99967  32.123  8.187  -14.053 0.3750000000
99976  30.622  8.014  -15.768 0.3750000000
99995  27.116  7.727  -18.866 0.1250000000
100769  27.016  9.470  -8.721 0.1250000000
100818  30.281  8.679  -16.660 0.2500000000
100823  28.935  9.001  -17.714 0.1250000000
100825  28.267  9.253  -18.321 0.1250000000
100826  27.699  9.086  -18.623 0.1250000000
101601  27.341  10.532  -10.599 0.2500000000
101629  32.156  10.730  -13.361 0.3750000000
101651  31.481  10.695  -17.007 0.2500000000
101661  27.830  10.278  -19.608 0.1250000000
101662  27.350  9.807  -20.118 0.1250000000
102450  31.616  11.483  -13.328 0.3750000000
102481  30.818  11.512  -19.419 0.1250000000
104271  31.084  13.160  -16.122 0.2500000000
136657  28.540  -9.958  -7.704 0.7500000000
138848  23.994  -20.800  -3.997 0.1250000000
140017  23.688  -0.233  -9.923 1.0000000000
140210  24.320  1.293  -9.983 1.0000000000
141048  31.280  -1.158  -11.911 0.5000000000
141610  30.451  -7.823  -9.633 0.6250000000
142521  28.520  12.906  -11.494 0.1250000000
143436  30.935  -1.245  -12.723 0.5000000000
143520  21.269  -7.344  -8.913 1.0000000000
144747  30.215  -6.401  -12.895 0.1250000000
144981  27.881  9.344  -11.241 0.2500000000
145749  30.367  -7.908  -12.297 0.5000000000
146011  24.093  -17.046  -7.613 0.6250000000
146474  24.192  -19.466  -6.530 0.2500000000
147299  30.239  -7.106  -13.248 0.1250000000
147301  30.551  -6.972  -10.942 0.5000000000
147350  29.591  -4.101  -16.028 0.1250000000
148114  26.380  6.426  -10.469 0.5000000000
148223  30.417  -5.169  -12.366 0.3750000000
148366  31.559  4.221  -11.659 0.6250000000
149078  30.558  4.856  -9.261 0.8750000000
149143  31.516  6.118  -10.547 0.7500000000
149406  24.125  -3.713  -10.445 1.0000000000
149700  30.247  13.801  -15.757 0.1250000000
149980  26.978  9.684  -9.817 0.1250000000
150021  30.589  0.949  -13.405 0.1250000000
150219  24.366  -7.020  -10.353 1.0000000000
150527  26.552  8.527  -8.474 0.1250000000
150735  32.122  8.260  -12.036 0.6250000000
150927  31.679  8.267  -11.329 0.7500000000
151441  31.547  4.117  -10.076 0.7500000000
151474  30.517  2.864  -13.868 0.3750000000
151786  30.925  4.071  -9.205 0.7500000000
152197  32.310  8.240  -12.952 0.3750000000
152892  20.059  -5.939  -8.024 1.0000000000
154817  26.439  -8.794  -8.039 1.0000000000
156613  19.972  -3.357  -7.800 0.8750000000
157462  24.761  -17.684  -8.013 0.5000000000
157919  27.166  9.016  -19.708 0.1250000000
158029  31.319  1.015  -11.698 0.7500000000
160054  21.485  -6.918  -9.216 1.0000000000
160386  26.163  -16.804  -9.130 0.3750000000
160513  19.417  -16.481  -5.574 0.7500000000
160906  22.077  -14.063  -8.228 0.8750000000
161105  28.019  -14.470  -11.157 0.2500000000
161954  29.012  -9.910  -7.860 0.7500000000
162918  26.797  3.935  -10.120 0.8750000000
163526  30.752  -6.997  -15.162 0.1250000000
163592  27.745  -15.691  -10.172 0.1250000000
163644  29.419  -3.317  -7.627 0.8750000000
163759  18.415  -7.206  -6.886 0.7500000000
163770  30.320  -7.674  -8.275 0.8750000000
164087  31.405  12.182  -19.369 0.1250000000
