#!ascii label  , from subject sub-v1s4x0050692_ses-1 vox2ras=TkReg
403
148384  39.966  -67.209  14.478 0.0000000000
14000  36.242  -73.689  2.538 0.0000000000
15871  31.693  -71.224  12.663 0.0000000000
16971  34.960  -70.878  9.642 0.0000000000
11459  32.885  -76.136  6.101 0.0000000000
13009  30.588  -73.959  9.904 0.0000000000
9928  32.847  -78.155  9.342 0.0000000000
140576  35.284  -72.906  7.180 0.0000000000
14881  38.580  -73.037  9.385 0.0000000000
22257  34.712  -65.784  12.768 0.0000000000
17984  32.220  -69.438  10.616 0.0000000000
14908  31.674  -72.084  7.229 0.0000000000
13083  33.617  -74.145  3.501 0.0000000000
10750  34.435  -77.534  3.076 0.0000000000
15821  42.748  -72.064  16.426 0.0000000000
18943  37.618  -67.941  16.025 0.0000000000
17942  34.268  -69.033  13.868 0.0000000000
17977  39.700  -69.154  10.456 0.0000000000
10671  32.976  -77.392  10.930 0.0000000000
14951  35.460  -72.821  4.798 0.0000000000
158408  36.956  -74.123  7.336 0.0000000000
18986  32.191  -68.490  12.624 0.0000000000
16950  30.691  -70.891  11.508 0.0000000000
144466  31.579  -75.568  8.321 0.0000000000
13919  30.598  -73.123  8.243 0.0000000000
13047  31.741  -74.130  6.377 0.0000000000
14940  32.709  -72.996  5.357 0.0000000000
12243  32.797  -74.964  4.924 0.0000000000
11497  34.451  -76.600  1.270 0.0000000000
18919  36.093  -68.621  16.785 0.0000000000
21102  34.860  -66.834  14.965 0.0000000000
18945  34.679  -68.509  15.621 0.0000000000
17981  35.452  -69.058  10.086 0.0000000000
17978  38.239  -69.400  9.988 0.0000000000
13008  40.817  -74.709  10.241 0.0000000000
14872  41.080  -72.395  10.303 0.0000000000
13868  32.724  -73.740  12.449 0.0000000000
13883  31.011  -73.381  11.450 0.0000000000
12168  32.010  -75.237  11.240 0.0000000000
157010  32.278  -76.815  9.713 0.0000000000
143956  32.507  -76.798  7.952 0.0000000000
14890  34.603  -72.846  8.747 0.0000000000
15903  37.236  -71.608  9.430 0.0000000000
13917  36.099  -73.512  9.104 0.0000000000
140468  38.514  -74.756  9.133 0.0000000000
14029  37.399  -74.297  0.718 0.0000000000
22211  37.495  -65.585  13.668 0.0000000000
20063  34.644  -67.747  10.783 0.0000000000
18000  33.610  -70.075  9.927 0.0000000000
156842  30.342  -72.281  10.302 0.0000000000
15909  31.114  -71.093  9.360 0.0000000000
15917  33.100  -71.667  8.536 0.0000000000
14929  33.072  -72.042  6.716 0.0000000000
14938  34.141  -72.489  5.357 0.0000000000
13984  34.906  -73.437  3.393 0.0000000000
11468  33.684  -76.619  4.626 0.0000000000
12251  33.623  -75.789  3.173 0.0000000000
11498  34.189  -75.440  1.727 0.0000000000
13139  35.690  -74.615  0.495 0.0000000000
140712  43.277  -70.616  15.757 0.0000000000
161727  41.522  -69.706  15.678 0.0000000000
17893  40.479  -70.019  16.143 0.0000000000
19967  39.264  -67.853  15.148 0.0000000000
21123  36.014  -65.954  14.642 0.0000000000
21148  33.705  -66.771  13.687 0.0000000000
16923  32.512  -70.260  13.076 0.0000000000
150504  36.305  -71.220  12.568 0.0000000000
14843  34.837  -72.138  12.542 0.0000000000
162662  39.844  -70.607  10.053 0.0000000000
19987  40.419  -67.459  14.597 0.0000000000
21118  41.047  -66.746  14.026 0.0000000000
21119  40.203  -66.819  14.170 0.0000000000
13983  35.818  -73.392  3.379 0.0000000000
142684  37.111  -73.434  4.754 0.0000000000
16936  31.515  -70.445  12.630 0.0000000000
152965  31.430  -69.862  12.437 0.0000000000
15872  30.954  -71.068  12.268 0.0000000000
12208  32.183  -75.660  6.988 0.0000000000
12209  31.685  -75.239  7.416 0.0000000000
12220  31.928  -74.973  6.645 0.0000000000
148298  32.317  -74.732  5.781 0.0000000000
12233  32.784  -75.587  5.553 0.0000000000
10036  36.028  -78.910  0.022 0.0000000000
18944  34.969  -68.207  16.015 0.0000000000
155443  35.276  -69.954  9.791 0.0000000000
17980  36.422  -69.081  9.966 0.0000000000
17997  36.718  -69.876  9.658 0.0000000000
13893  41.761  -74.575  10.796 0.0000000000
12982  32.547  -74.516  12.190 0.0000000000
158466  32.860  -76.051  11.702 0.0000000000
10682  32.707  -77.655  10.065 0.0000000000
155952  32.545  -76.986  10.447 0.0000000000
10690  32.530  -77.475  9.289 0.0000000000
11430  32.311  -76.924  8.806 0.0000000000
9937  32.794  -77.679  8.475 0.0000000000
14905  34.966  -73.231  8.123 0.0000000000
13918  35.208  -73.310  8.957 0.0000000000
13927  35.753  -73.668  8.471 0.0000000000
13035  37.294  -74.506  8.104 0.0000000000
154496  38.206  -75.079  8.307 0.0000000000
13020  39.256  -75.679  9.084 0.0000000000
22231  35.858  -65.376  13.298 0.0000000000
22255  36.266  -65.438  12.552 0.0000000000
21168  34.931  -65.947  12.157 0.0000000000
17982  34.004  -69.374  10.199 0.0000000000
18001  32.734  -70.023  10.043 0.0000000000
13895  30.889  -73.998  10.699 0.0000000000
14873  30.453  -72.712  10.793 0.0000000000
148792  30.303  -72.988  9.914 0.0000000000
14909  31.082  -72.472  7.654 0.0000000000
14892  30.665  -72.130  8.615 0.0000000000
15930  31.474  -71.756  7.960 0.0000000000
155227  32.521  -71.180  8.996 0.0000000000
15929  32.429  -71.783  7.528 0.0000000000
14907  33.537  -72.086  7.661 0.0000000000
14930  32.250  -72.177  6.662 0.0000000000
13967  32.918  -73.594  4.784 0.0000000000
14939  33.392  -72.600  5.339 0.0000000000
13966  33.565  -73.487  4.172 0.0000000000
13965  34.385  -73.174  4.056 0.0000000000
13985  34.165  -73.615  3.458 0.0000000000
136982  36.054  -81.644  4.312 0.0000000000
9986  35.302  -78.925  3.196 0.0000000000
9203  35.327  -79.129  3.857 0.0000000000
9987  34.855  -78.325  3.553 0.0000000000
10738  34.041  -77.019  3.795 0.0000000000
11475  33.700  -76.357  3.686 0.0000000000
11485  33.937  -76.561  2.913 0.0000000000
11519  34.765  -76.542  0.370 0.0000000000
12284  34.660  -75.740  0.665 0.0000000000
13140  34.841  -74.920  0.982 0.0000000000
12283  35.234  -75.305  0.102 0.0000000000
15834  43.817  -71.690  16.190 0.0000000000
16901  42.699  -70.988  15.953 0.0000000000
17917  42.188  -70.025  15.664 0.0000000000
16902  42.010  -70.660  15.910 0.0000000000
17895  38.799  -69.577  16.554 0.0000000000
152826  39.866  -70.332  16.537 0.0000000000
18916  39.259  -69.032  16.038 0.0000000000
18941  39.647  -68.537  15.509 0.0000000000
19968  38.293  -67.425  15.268 0.0000000000
21099  37.577  -66.675  14.937 0.0000000000
21100  36.552  -66.540  15.176 0.0000000000
19990  34.110  -67.545  14.483 0.0000000000
164149  33.913  -67.006  14.275 0.0000000000
17943  33.426  -68.489  13.735 0.0000000000
146381  32.867  -69.238  13.400 0.0000000000
16922  33.815  -69.642  13.441 0.0000000000
13865  37.838  -72.467  12.903 0.0000000000
13867  36.310  -72.033  12.418 0.0000000000
15902  38.061  -71.691  9.415 0.0000000000
16967  38.717  -71.029  9.584 0.0000000000
15901  38.910  -71.991  9.478 0.0000000000
15893  41.861  -71.497  10.762 0.0000000000
14937  35.784  -72.733  5.658 0.0000000000
14904  35.717  -73.481  7.617 0.0000000000
20015  33.205  -67.148  12.466 0.0000000000
21194  33.713  -66.781  12.092 0.0000000000
19000  31.760  -68.822  11.999 0.0000000000
16949  30.975  -70.279  11.259 0.0000000000
13028  31.025  -74.815  8.746 0.0000000000
160991  30.654  -74.227  9.140 0.0000000000
13029  30.707  -74.038  8.459 0.0000000000
13037  30.961  -73.826  7.664 0.0000000000
13928  31.332  -73.586  6.917 0.0000000000
13946  32.158  -72.777  6.085 0.0000000000
13958  32.194  -73.662  5.703 0.0000000000
13069  32.600  -74.145  5.079 0.0000000000
13068  33.080  -74.356  4.270 0.0000000000
11484  34.342  -77.078  2.193 0.0000000000
10772  34.845  -77.688  1.512 0.0000000000
10791  34.991  -77.434  0.593 0.0000000000
19951  36.562  -67.825  16.263 0.0000000000
19970  36.078  -67.158  15.793 0.0000000000
19952  35.663  -67.926  16.253 0.0000000000
144136  34.670  -67.656  15.185 0.0000000000
17932  34.124  -68.436  14.199 0.0000000000
146760  37.967  -68.495  10.325 0.0000000000
146338  38.855  -68.897  10.344 0.0000000000
13906  40.085  -73.665  9.789 0.0000000000
14879  40.316  -72.607  9.846 0.0000000000
13894  41.008  -73.455  10.252 0.0000000000
14871  41.941  -73.271  10.866 0.0000000000
158166  32.520  -72.901  12.564 0.0000000000
14857  31.233  -72.616  12.077 0.0000000000
13869  31.797  -73.187  12.276 0.0000000000
12998  31.514  -74.546  11.167 0.0000000000
152433  31.147  -74.697  10.315 0.0000000000
11405  32.213  -76.315  10.455 0.0000000000
12193  31.369  -75.312  9.917 0.0000000000
11431  31.870  -76.209  9.041 0.0000000000
156988  32.058  -76.327  8.346 0.0000000000
15906  34.585  -71.783  9.415 0.0000000000
16970  35.962  -70.630  9.607 0.0000000000
14884  35.711  -72.645  9.378 0.0000000000
14883  36.619  -72.515  9.403 0.0000000000
13909  37.657  -73.342  9.249 0.0000000000
150255  36.594  -73.986  8.591 0.0000000000
151835  36.906  -73.898  9.015 0.0000000000
13908  38.253  -73.907  9.210 0.0000000000
152169  39.191  -75.059  9.429 0.0000000000
143195  39.759  -75.721  9.565 0.0000000000
14017  36.790  -73.985  1.739 0.0000000000
21146  38.913  -66.416  14.113 0.0000000000
151961  39.139  -65.701  13.255 0.0000000000
160133  37.567  -65.313  12.989 0.0000000000
155460  34.756  -69.426  10.063 0.0000000000
17999  34.458  -70.112  9.844 0.0000000000
16961  31.127  -70.435  10.486 0.0000000000
142320  30.356  -72.793  9.088 0.0000000000
15910  30.701  -71.534  9.401 0.0000000000
16973  31.444  -70.676  9.748 0.0000000000
16972  32.379  -70.632  9.545 0.0000000000
15907  33.211  -71.181  9.284 0.0000000000
149884  34.011  -70.955  9.580 0.0000000000
157756  34.372  -72.376  9.097 0.0000000000
14906  34.288  -72.590  8.001 0.0000000000
143704  34.601  -72.536  7.156 0.0000000000
141589  32.842  -72.323  5.968 0.0000000000
148565  33.603  -72.241  6.006 0.0000000000
14928  34.417  -72.326  6.181 0.0000000000
14952  34.650  -72.789  4.708 0.0000000000
14972  35.173  -73.116  4.068 0.0000000000
14001  35.371  -73.686  2.692 0.0000000000
10707  33.638  -77.875  7.068 0.0000000000
155832  35.878  -80.614  3.822 0.0000000000
10727  33.669  -77.048  5.595 0.0000000000
11458  33.236  -76.310  5.476 0.0000000000
12232  33.159  -75.747  4.793 0.0000000000
140097  33.405  -75.787  3.987 0.0000000000
145898  33.404  -74.992  3.481 0.0000000000
144436  34.056  -76.304  2.097 0.0000000000
157943  33.766  -75.212  2.634 0.0000000000
13100  33.839  -74.548  2.868 0.0000000000
13099  34.354  -74.250  2.472 0.0000000000
14019  34.989  -74.033  2.168 0.0000000000
14018  35.796  -73.962  1.947 0.0000000000
13118  36.264  -74.266  1.073 0.0000000000
16899  45.418  -71.287  16.048 0.0000000000
16900  44.290  -71.182  15.951 0.0000000000
17916  44.163  -70.149  15.595 0.0000000000
141947  42.993  -69.762  15.487 0.0000000000
18960  41.690  -68.362  15.052 0.0000000000
18961  40.815  -68.146  15.047 0.0000000000
15807  40.212  -71.929  17.347 0.0000000000
16882  41.054  -70.745  16.291 0.0000000000
17918  40.947  -69.409  15.671 0.0000000000
18940  40.438  -68.696  15.408 0.0000000000
19989  39.052  -67.192  14.700 0.0000000000
140451  37.974  -66.172  14.275 0.0000000000
22212  36.434  -65.533  13.923 0.0000000000
22213  35.479  -65.602  14.001 0.0000000000
21101  35.618  -66.609  15.183 0.0000000000
22214  34.784  -65.831  13.954 0.0000000000
21147  34.280  -66.090  13.367 0.0000000000
159463  32.626  -67.965  13.063 0.0000000000
17944  32.161  -69.060  13.075 0.0000000000
15870  32.787  -71.235  12.873 0.0000000000
15869  34.312  -71.041  12.773 0.0000000000
14844  33.194  -72.149  12.691 0.0000000000
16969  36.967  -70.741  9.497 0.0000000000
17995  38.480  -70.216  9.756 0.0000000000
16958  39.991  -70.029  10.279 0.0000000000
15895  40.406  -71.714  9.994 0.0000000000
141254  40.949  -70.192  10.556 0.0000000000
9971  34.123  -77.827  5.798 0.0000000000
9996  35.019  -78.364  2.777 0.0000000000
10708  33.062  -77.384  7.514 0.0000000000
10716  33.271  -77.186  6.811 0.0000000000
10737  34.431  -77.747  3.975 0.0000000000
10790  35.676  -78.095  -0.022 0.0000000000
11419  31.789  -75.960  9.827 0.0000000000
11441  32.109  -76.025  7.649 0.0000000000
12154  32.772  -75.192  12.054 0.0000000000
12179  31.742  -75.445  10.587 0.0000000000
12200  31.416  -75.465  9.232 0.0000000000
12219  32.465  -75.597  6.330 0.0000000000
12242  33.131  -75.170  4.266 0.0000000000
12983  31.861  -74.097  11.996 0.0000000000
12997  32.170  -74.842  11.719 0.0000000000
13021  37.690  -74.323  8.922 0.0000000000
13022  30.986  -74.777  9.545 0.0000000000
13026  38.379  -75.002  8.754 0.0000000000
13027  37.736  -74.573  8.560 0.0000000000
13036  31.408  -74.418  7.127 0.0000000000
13119  35.332  -74.344  1.413 0.0000000000
13120  34.585  -74.560  1.800 0.0000000000
13121  34.087  -74.766  2.264 0.0000000000
13866  37.173  -72.333  12.550 0.0000000000
13896  30.569  -73.397  10.560 0.0000000000
13907  39.107  -73.984  9.430 0.0000000000
13910  36.870  -73.230  9.270 0.0000000000
13911  30.424  -73.526  9.119 0.0000000000
13916  37.234  -74.239  8.655 0.0000000000
13926  36.379  -73.989  7.938 0.0000000000
13945  36.433  -73.598  6.983 0.0000000000
14002  34.625  -73.801  2.845 0.0000000000
14003  34.068  -74.007  2.986 0.0000000000
14845  31.935  -72.216  12.572 0.0000000000
14846  31.090  -71.863  12.242 0.0000000000
14880  39.450  -72.827  9.562 0.0000000000
14882  37.445  -72.441  9.372 0.0000000000
14885  34.898  -72.608  9.277 0.0000000000
14886  30.382  -72.207  9.593 0.0000000000
14891  33.992  -72.261  8.577 0.0000000000
14926  35.873  -72.971  6.596 0.0000000000
14927  35.194  -72.582  6.379 0.0000000000
14931  31.543  -72.735  6.838 0.0000000000
14950  35.870  -73.116  4.175 0.0000000000
14953  33.881  -72.848  4.696 0.0000000000
14954  33.260  -73.067  4.833 0.0000000000
15835  43.037  -71.703  16.218 0.0000000000
15857  33.956  -70.286  13.121 0.0000000000
15868  35.728  -70.689  12.745 0.0000000000
15894  41.119  -71.539  10.395 0.0000000000
15896  39.632  -71.198  9.804 0.0000000000
15897  30.485  -71.572  10.260 0.0000000000
15900  39.764  -72.012  9.658 0.0000000000
15904  36.343  -71.618  9.493 0.0000000000
15905  35.409  -71.721  9.526 0.0000000000
15908  31.758  -71.025  9.112 0.0000000000
15916  33.881  -71.787  9.144 0.0000000000
15918  32.085  -71.381  8.423 0.0000000000
15919  31.251  -71.401  8.755 0.0000000000
16881  42.279  -71.277  16.149 0.0000000000
16883  39.740  -71.014  17.012 0.0000000000
16903  41.403  -70.181  15.916 0.0000000000
16924  31.968  -69.726  12.968 0.0000000000
16957  40.452  -70.850  10.235 0.0000000000
16959  39.102  -69.678  10.105 0.0000000000
16960  31.838  -70.108  10.209 0.0000000000
16962  30.685  -70.896  10.740 0.0000000000
16968  37.848  -70.862  9.500 0.0000000000
16974  30.824  -70.994  9.964 0.0000000000
17894  39.625  -69.734  16.295 0.0000000000
17919  40.080  -69.233  15.814 0.0000000000
17931  34.590  -68.822  14.983 0.0000000000
17957  31.730  -69.235  12.513 0.0000000000
17976  40.575  -69.362  10.634 0.0000000000
17979  37.336  -69.193  9.938 0.0000000000
17983  33.107  -69.351  10.348 0.0000000000
17985  31.485  -69.750  10.940 0.0000000000
17996  37.616  -70.017  9.664 0.0000000000
17998  35.975  -69.708  9.776 0.0000000000
18917  38.503  -68.926  16.332 0.0000000000
18918  37.078  -68.555  16.651 0.0000000000
18938  42.365  -69.098  15.308 0.0000000000
18939  41.612  -69.237  15.458 0.0000000000
18942  38.679  -68.323  15.769 0.0000000000
18962  34.438  -68.237  14.836 0.0000000000
18963  33.737  -67.971  14.074 0.0000000000
18972  33.107  -67.948  13.534 0.0000000000
18973  32.629  -68.519  13.277 0.0000000000
19015  40.246  -68.532  10.761 0.0000000000
19019  35.985  -68.356  10.320 0.0000000000
19966  40.048  -68.050  15.063 0.0000000000
19969  37.109  -67.216  15.626 0.0000000000
19986  41.296  -67.535  14.579 0.0000000000
19988  39.720  -67.479  14.724 0.0000000000
19991  33.565  -67.422  13.915 0.0000000000
20002  33.114  -67.331  13.189 0.0000000000
20039  32.677  -67.726  12.498 0.0000000000
21120  39.595  -66.925  14.357 0.0000000000
21121  38.403  -66.800  14.661 0.0000000000
21122  37.017  -65.994  14.498 0.0000000000
21124  35.135  -66.132  14.561 0.0000000000
21125  34.367  -66.473  14.262 0.0000000000
21144  40.518  -66.241  13.556 0.0000000000
21145  39.739  -66.309  13.765 0.0000000000
21169  34.236  -66.237  12.483 0.0000000000
21170  33.598  -66.634  12.899 0.0000000000
22210  38.362  -65.795  13.672 0.0000000000
22229  38.247  -65.441  13.093 0.0000000000
22230  36.803  -65.312  13.170 0.0000000000
22232  35.018  -65.584  13.364 0.0000000000
22256  35.379  -65.560  12.664 0.0000000000
139544  39.867  -74.866  9.769 0.0000000000
140346  34.756  -77.813  2.310 0.0000000000
142949  36.655  -73.569  3.069 0.0000000000
143881  35.751  -79.988  4.206 0.0000000000
144900  36.275  -73.014  4.841 0.0000000000
146590  34.958  -72.539  5.476 0.0000000000
147756  41.268  -70.894  10.535 0.0000000000
150202  38.143  -72.450  9.376 0.0000000000
150210  31.035  -73.117  7.411 0.0000000000
151879  31.170  -74.668  7.930 0.0000000000
152617  31.000  -70.327  12.054 0.0000000000
152622  37.942  -68.566  16.353 0.0000000000
152967  41.092  -68.787  15.339 0.0000000000
153870  33.221  -70.577  9.650 0.0000000000
155126  35.290  -67.365  15.602 0.0000000000
156286  39.299  -70.439  9.899 0.0000000000
156381  32.414  -75.439  11.574 0.0000000000
156747  44.703  -72.492  16.717 0.0000000000
157645  41.677  -72.172  10.660 0.0000000000
158496  31.742  -73.354  6.351 0.0000000000
158654  34.052  -77.364  5.142 0.0000000000
159508  34.355  -67.085  14.656 0.0000000000
160827  33.878  -72.191  6.815 0.0000000000
161080  41.681  -70.853  16.111 0.0000000000
161635  33.829  -75.851  2.479 0.0000000000
161845  34.073  -72.334  7.395 0.0000000000
164718  32.587  -73.597  5.222 0.0000000000
