#!ascii label  , from subject sub-v1s4x0050701_ses-1 vox2ras=TkReg
769
115579  -23.224  -49.194  60.766 0.0000000000
45734  -49.483  -29.172  56.163 0.0000000000
53843  -47.051  -19.951  55.265 0.0000000000
53961  -56.153  -20.140  48.107 0.0000000000
41898  -45.263  -31.761  58.046 0.0000000000
112012  -51.340  -18.814  52.179 0.0000000000
123160  -54.129  -17.161  44.384 0.0000000000
61051  -55.530  -12.667  45.347 0.0000000000
45735  -52.552  -28.462  55.642 0.0000000000
49553  -49.022  -23.525  57.997 0.0000000000
49530  -45.815  -24.204  58.470 0.0000000000
26927  -23.689  -47.799  67.242 0.0000000000
29820  -26.971  -45.179  69.419 0.0000000000
32692  -31.232  -42.777  67.667 0.0000000000
126207  -35.352  -38.883  66.907 0.0000000000
38205  -40.254  -36.685  63.323 0.0000000000
39072  -45.187  -34.972  61.096 0.0000000000
40940  -49.580  -33.300  57.570 0.0000000000
52711  -51.424  -20.937  55.332 0.0000000000
63885  -55.516  -10.114  45.590 0.0000000000
45719  -50.756  -28.841  57.549 0.0000000000
47574  -49.796  -26.607  58.817 0.0000000000
47602  -47.595  -26.628  57.020 0.0000000000
29829  -23.375  -45.566  66.889 0.0000000000
29830  -24.910  -45.573  68.475 0.0000000000
128149  -40.468  -35.477  61.393 0.0000000000
38227  -43.240  -35.535  62.617 0.0000000000
39973  -43.753  -33.837  61.977 0.0000000000
111865  -47.667  -31.142  56.695 0.0000000000
41893  -47.845  -32.155  59.329 0.0000000000
42869  -49.739  -31.267  57.582 0.0000000000
41907  -51.414  -31.904  56.096 0.0000000000
52663  -47.905  -20.717  58.744 0.0000000000
52697  -48.805  -21.325  56.603 0.0000000000
54910  -49.678  -19.825  56.426 0.0000000000
55006  -53.957  -18.975  49.649 0.0000000000
54971  -55.148  -19.483  52.503 0.0000000000
52783  -57.330  -21.043  49.432 0.0000000000
50683  -58.626  -22.689  46.510 0.0000000000
56982  -57.221  -16.469  44.201 0.0000000000
55044  -57.427  -18.855  43.463 0.0000000000
40926  -43.790  -33.346  59.236 0.0000000000
53958  -52.211  -20.114  47.728 0.0000000000
58984  -55.267  -15.814  45.566 0.0000000000
58986  -58.331  -14.872  45.147 0.0000000000
62967  -56.741  -10.501  44.749 0.0000000000
45772  -51.446  -28.806  53.023 0.0000000000
48606  -51.740  -25.665  57.082 0.0000000000
50505  -48.499  -23.484  60.365 0.0000000000
132173  -24.042  -49.174  64.085 0.0000000000
29845  -29.443  -46.438  66.361 0.0000000000
30829  -29.350  -45.183  68.744 0.0000000000
28815  -31.691  -46.481  66.507 0.0000000000
30849  -33.328  -45.524  66.088 0.0000000000
32711  -34.190  -42.561  65.581 0.0000000000
34431  -37.064  -40.365  65.224 0.0000000000
37319  -37.406  -37.560  64.973 0.0000000000
36395  -41.686  -38.808  61.866 0.0000000000
41872  -46.497  -32.447  61.345 0.0000000000
39990  -47.157  -33.974  59.094 0.0000000000
39128  -48.722  -36.108  56.494 0.0000000000
39143  -50.426  -35.436  55.389 0.0000000000
41939  -51.428  -31.629  54.158 0.0000000000
119581  -52.333  -19.245  54.802 0.0000000000
52893  -55.868  -21.248  43.911 0.0000000000
51728  -59.049  -20.910  45.793 0.0000000000
25997  -22.744  -50.216  62.576 0.0000000000
45718  -49.986  -28.624  56.929 0.0000000000
46642  -49.733  -27.874  57.279 0.0000000000
46641  -48.986  -27.538  56.793 0.0000000000
39069  -40.963  -35.463  60.401 0.0000000000
39055  -42.172  -34.918  62.433 0.0000000000
39071  -42.413  -34.667  60.532 0.0000000000
128454  -48.799  -30.311  55.733 0.0000000000
117501  -49.046  -31.066  57.328 0.0000000000
44813  -49.513  -29.904  56.333 0.0000000000
44794  -50.899  -29.597  57.454 0.0000000000
53818  -48.220  -20.217  57.203 0.0000000000
53829  -47.978  -19.874  56.321 0.0000000000
53937  -55.306  -19.840  48.687 0.0000000000
55008  -55.991  -19.121  50.021 0.0000000000
53939  -57.153  -19.826  48.507 0.0000000000
51686  -58.020  -21.952  48.372 0.0000000000
122962  -58.181  -20.388  47.347 0.0000000000
57018  -59.084  -16.863  43.123 0.0000000000
130161  -59.380  -17.370  42.982 0.0000000000
128142  -58.662  -18.370  42.162 0.0000000000
60070  -54.144  -14.113  44.122 0.0000000000
60061  -55.910  -13.858  45.941 0.0000000000
58968  -57.391  -14.817  46.423 0.0000000000
61044  -57.683  -13.142  46.455 0.0000000000
61062  -58.061  -13.681  45.122 0.0000000000
61981  -57.498  -11.651  46.126 0.0000000000
63893  -57.256  -10.007  45.956 0.0000000000
120600  -52.075  -28.800  54.387 0.0000000000
46669  -52.111  -27.534  54.840 0.0000000000
46643  -52.499  -26.896  56.460 0.0000000000
48574  -47.553  -25.240  59.601 0.0000000000
133255  -49.323  -25.009  60.041 0.0000000000
123035  -46.450  -23.916  59.448 0.0000000000
51554  -46.779  -21.887  59.631 0.0000000000
51564  -44.604  -22.399  57.596 0.0000000000
132800  -24.690  -47.981  64.837 0.0000000000
116329  -24.287  -48.145  66.623 0.0000000000
29819  -25.254  -44.847  68.825 0.0000000000
32691  -30.832  -42.525  67.701 0.0000000000
116892  -30.452  -44.015  68.209 0.0000000000
29823  -30.333  -45.538  68.081 0.0000000000
30840  -31.845  -45.274  67.222 0.0000000000
29835  -32.674  -46.067  66.413 0.0000000000
31807  -32.677  -44.065  66.620 0.0000000000
33545  -35.115  -40.887  66.359 0.0000000000
111748  -36.099  -41.357  65.134 0.0000000000
34424  -36.490  -39.645  66.046 0.0000000000
39026  -39.174  -36.095  63.299 0.0000000000
38202  -37.790  -36.272  63.931 0.0000000000
37331  -39.054  -37.385  63.916 0.0000000000
132379  -39.006  -38.607  64.079 0.0000000000
37343  -39.844  -37.542  63.515 0.0000000000
36384  -40.835  -38.961  62.459 0.0000000000
37355  -41.375  -37.858  62.669 0.0000000000
111902  -43.893  -35.196  62.375 0.0000000000
37366  -43.262  -37.004  61.749 0.0000000000
38234  -44.483  -36.837  60.498 0.0000000000
38235  -45.154  -36.215  60.095 0.0000000000
40915  -44.571  -32.834  60.507 0.0000000000
41891  -45.685  -31.659  59.442 0.0000000000
40929  -48.307  -32.707  58.636 0.0000000000
40928  -47.737  -33.024  59.189 0.0000000000
40938  -48.257  -33.995  58.041 0.0000000000
39113  -47.930  -35.507  57.104 0.0000000000
39114  -48.792  -34.793  57.172 0.0000000000
39131  -50.355  -35.009  56.002 0.0000000000
43874  -52.066  -29.934  56.178 0.0000000000
41915  -51.571  -32.290  55.174 0.0000000000
43892  -52.072  -30.175  54.733 0.0000000000
43910  -51.610  -30.074  53.675 0.0000000000
28820  -22.775  -47.147  66.554 0.0000000000
26934  -23.047  -48.734  66.639 0.0000000000
25969  -23.411  -49.575  65.641 0.0000000000
128516  -49.973  -24.933  56.262 0.0000000000
113607  -48.469  -23.910  55.646 0.0000000000
52698  -49.577  -20.703  56.257 0.0000000000
54966  -49.877  -19.001  52.773 0.0000000000
112979  -50.295  -18.942  53.866 0.0000000000
54968  -51.993  -18.897  53.308 0.0000000000
52766  -55.871  -21.783  51.763 0.0000000000
52748  -55.055  -21.352  53.170 0.0000000000
112971  -58.758  -19.558  43.192 0.0000000000
54005  -56.198  -20.701  43.629 0.0000000000
112181  -57.462  -21.149  43.791 0.0000000000
51746  -56.611  -21.763  44.758 0.0000000000
51764  -59.551  -21.247  44.492 0.0000000000
115041  -59.429  -21.474  45.389 0.0000000000
61994  -53.933  -11.959  43.849 0.0000000000
62952  -56.234  -10.621  45.943 0.0000000000
123690  -54.002  -10.312  44.384 0.0000000000
64801  -53.975  -9.119  44.531 0.0000000000
45707  -52.072  -28.349  57.300 0.0000000000
46634  -52.150  -26.694  57.400 0.0000000000
46632  -50.216  -27.386  58.241 0.0000000000
47588  -48.739  -26.599  58.339 0.0000000000
48589  -46.874  -25.545  58.455 0.0000000000
28800  -23.497  -46.691  67.783 0.0000000000
28801  -23.890  -46.531  68.158 0.0000000000
31790  -25.742  -44.261  68.885 0.0000000000
39040  -40.509  -35.826  63.055 0.0000000000
117391  -41.678  -35.926  63.117 0.0000000000
128423  -42.096  -35.369  62.988 0.0000000000
38219  -43.540  -34.825  62.799 0.0000000000
39963  -44.852  -34.054  62.441 0.0000000000
42867  -46.865  -31.270  56.942 0.0000000000
42854  -46.962  -31.210  59.065 0.0000000000
42860  -48.362  -31.687  58.282 0.0000000000
41899  -49.190  -31.954  58.081 0.0000000000
41900  -49.740  -32.502  57.730 0.0000000000
41901  -50.420  -32.476  57.170 0.0000000000
42862  -50.863  -31.723  57.043 0.0000000000
43860  -51.511  -30.176  56.928 0.0000000000
28821  -22.919  -46.169  66.147 0.0000000000
51566  -48.320  -22.075  58.285 0.0000000000
50534  -48.395  -22.920  57.331 0.0000000000
52664  -48.318  -20.969  58.241 0.0000000000
52681  -49.262  -20.315  56.553 0.0000000000
53831  -51.147  -19.819  56.533 0.0000000000
112008  -52.574  -18.708  50.838 0.0000000000
54982  -52.916  -18.741  51.859 0.0000000000
111968  -54.826  -18.842  51.537 0.0000000000
53900  -56.313  -20.222  50.959 0.0000000000
56981  -55.877  -16.757  44.725 0.0000000000
56050  -55.061  -18.475  43.737 0.0000000000
56052  -58.612  -17.588  43.357 0.0000000000
56053  -59.088  -18.298  43.091 0.0000000000
45745  -48.297  -29.255  55.114 0.0000000000
43891  -48.203  -30.243  54.997 0.0000000000
54932  -47.259  -19.630  54.339 0.0000000000
54993  -50.587  -19.186  50.373 0.0000000000
55015  -51.858  -19.325  49.125 0.0000000000
55016  -53.475  -19.448  48.875 0.0000000000
53959  -53.719  -20.597  47.699 0.0000000000
57985  -54.466  -16.345  44.869 0.0000000000
57987  -56.822  -16.050  45.406 0.0000000000
57988  -57.801  -15.772  44.697 0.0000000000
58020  -58.230  -16.203  43.493 0.0000000000
62959  -57.195  -10.630  45.958 0.0000000000
114390  -56.780  -11.052  44.677 0.0000000000
46676  -51.304  -27.434  53.326 0.0000000000
47617  -51.673  -26.227  55.587 0.0000000000
48605  -50.905  -25.022  57.400 0.0000000000
47576  -51.284  -25.512  58.380 0.0000000000
49533  -50.481  -24.575  59.096 0.0000000000
49542  -48.975  -23.152  59.332 0.0000000000
51556  -48.070  -21.829  59.775 0.0000000000
52679  -46.493  -20.659  58.306 0.0000000000
47616  -47.274  -26.858  56.140 0.0000000000
48614  -46.091  -25.889  56.508 0.0000000000
50525  -44.370  -22.882  57.189 0.0000000000
126923  -23.319  -49.661  62.224 0.0000000000
26963  -24.300  -48.381  62.682 0.0000000000
28834  -30.177  -46.520  64.899 0.0000000000
31803  -25.989  -43.636  67.755 0.0000000000
31791  -27.280  -44.250  69.320 0.0000000000
30827  -27.971  -45.072  69.677 0.0000000000
28823  -30.205  -46.617  66.776 0.0000000000
30860  -33.723  -45.617  64.994 0.0000000000
32720  -34.047  -43.389  64.930 0.0000000000
37317  -35.723  -37.727  65.722 0.0000000000
37328  -36.935  -36.726  64.757 0.0000000000
36359  -36.334  -38.305  66.034 0.0000000000
35353  -37.495  -39.059  65.257 0.0000000000
121818  -38.362  -40.186  64.351 0.0000000000
37365  -42.661  -37.403  62.056 0.0000000000
118998  -43.611  -33.680  60.502 0.0000000000
40892  -45.262  -33.406  62.202 0.0000000000
39974  -46.011  -33.467  61.863 0.0000000000
40917  -47.334  -32.317  60.031 0.0000000000
113332  -46.802  -33.519  60.226 0.0000000000
39085  -46.399  -34.587  59.636 0.0000000000
120157  -46.652  -35.201  58.441 0.0000000000
38263  -46.773  -37.151  56.919 0.0000000000
40056  -50.355  -34.936  54.698 0.0000000000
40959  -50.925  -33.825  55.368 0.0000000000
121877  -50.921  -33.963  54.876 0.0000000000
40983  -49.791  -33.467  53.704 0.0000000000
42901  -50.248  -31.844  53.208 0.0000000000
25121  -23.138  -50.277  64.108 0.0000000000
54934  -49.586  -19.292  55.575 0.0000000000
54936  -51.117  -19.423  56.268 0.0000000000
129070  -52.617  -20.029  56.480 0.0000000000
113246  -53.795  -19.206  53.569 0.0000000000
53848  -53.933  -20.570  54.972 0.0000000000
52729  -52.950  -21.343  54.792 0.0000000000
52803  -53.380  -20.969  47.001 0.0000000000
52828  -55.208  -21.646  46.666 0.0000000000
55042  -54.934  -19.412  43.541 0.0000000000
54004  -54.997  -20.544  43.597 0.0000000000
127186  -55.141  -21.888  44.794 0.0000000000
51709  -56.237  -21.648  46.091 0.0000000000
52829  -56.886  -20.837  46.750 0.0000000000
51711  -58.935  -20.782  46.304 0.0000000000
26018  -22.668  -49.575  60.805 0.0000000000
45717  -49.308  -28.335  56.356 0.0000000000
39081  -40.636  -35.498  59.319 0.0000000000
39070  -41.820  -35.019  60.785 0.0000000000
39083  -42.136  -34.972  59.655 0.0000000000
44812  -48.794  -29.755  55.429 0.0000000000
44793  -50.221  -29.408  56.987 0.0000000000
53828  -46.826  -20.251  56.276 0.0000000000
53938  -56.461  -19.676  48.702 0.0000000000
53962  -57.132  -19.855  48.114 0.0000000000
52807  -57.737  -20.114  47.848 0.0000000000
52806  -57.338  -20.230  47.516 0.0000000000
56072  -58.783  -17.551  42.546 0.0000000000
119020  -57.080  -13.312  46.510 0.0000000000
61052  -56.550  -12.622  46.184 0.0000000000
61043  -57.330  -12.081  46.377 0.0000000000
61988  -56.793  -11.455  46.302 0.0000000000
45747  -52.355  -28.763  54.961 0.0000000000
46670  -52.434  -27.938  55.286 0.0000000000
46658  -52.643  -27.670  56.059 0.0000000000
49531  -46.590  -24.821  59.119 0.0000000000
49518  -47.423  -24.333  60.193 0.0000000000
50513  -45.796  -23.176  58.759 0.0000000000
50526  -45.045  -23.297  57.882 0.0000000000
26946  -23.791  -48.887  66.264 0.0000000000
118893  -26.078  -44.842  69.113 0.0000000000
29831  -25.813  -45.187  68.241 0.0000000000
31794  -30.532  -43.144  67.995 0.0000000000
31795  -31.110  -43.993  67.790 0.0000000000
30839  -30.874  -44.959  67.980 0.0000000000
31796  -31.924  -44.059  67.262 0.0000000000
134968  -34.415  -39.710  67.445 0.0000000000
33544  -34.269  -40.706  67.124 0.0000000000
34422  -34.779  -40.110  67.175 0.0000000000
34423  -35.706  -40.110  66.496 0.0000000000
35342  -35.823  -39.196  66.717 0.0000000000
39027  -39.962  -36.103  63.262 0.0000000000
38204  -39.341  -36.601  63.572 0.0000000000
37344  -40.635  -37.753  63.101 0.0000000000
37345  -41.042  -36.748  63.105 0.0000000000
39058  -44.604  -34.827  61.990 0.0000000000
38228  -44.175  -35.985  61.451 0.0000000000
127229  -44.689  -35.762  60.979 0.0000000000
40939  -48.835  -33.522  57.968 0.0000000000
132011  -48.162  -33.372  58.458 0.0000000000
40003  -49.466  -34.100  57.221 0.0000000000
40019  -49.814  -34.935  56.487 0.0000000000
40948  -50.096  -34.035  56.631 0.0000000000
43875  -52.308  -29.608  55.494 0.0000000000
43883  -52.098  -30.357  55.325 0.0000000000
43893  -52.302  -29.565  55.026 0.0000000000
44830  -52.115  -29.418  54.568 0.0000000000
27889  -23.376  -47.417  67.406 0.0000000000
27893  -22.921  -47.902  67.001 0.0000000000
26935  -23.461  -48.501  66.700 0.0000000000
49554  -49.663  -24.287  57.105 0.0000000000
49566  -49.074  -24.367  56.168 0.0000000000
49565  -48.710  -23.685  56.642 0.0000000000
53844  -50.752  -20.405  56.159 0.0000000000
52710  -49.652  -21.145  55.386 0.0000000000
128867  -50.406  -21.050  54.970 0.0000000000
112013  -50.352  -18.976  52.003 0.0000000000
54967  -50.824  -18.873  52.999 0.0000000000
117165  -54.255  -17.781  44.027 0.0000000000
112208  -58.570  -20.707  43.589 0.0000000000
44771  -51.453  -28.982  57.467 0.0000000000
45706  -51.370  -28.199  57.724 0.0000000000
45705  -50.546  -28.102  57.775 0.0000000000
47603  -48.463  -26.908  57.376 0.0000000000
46631  -49.329  -27.184  57.871 0.0000000000
130743  -47.939  -26.475  57.812 0.0000000000
47572  -47.972  -25.981  58.707 0.0000000000
48590  -47.208  -26.130  57.679 0.0000000000
31802  -25.263  -43.937  68.091 0.0000000000
118124  -40.046  -35.576  62.262 0.0000000000
39054  -41.176  -35.450  62.627 0.0000000000
39041  -41.338  -35.795  63.145 0.0000000000
39056  -43.143  -34.437  62.407 0.0000000000
39042  -42.952  -34.898  62.990 0.0000000000
39953  -43.548  -34.590  62.783 0.0000000000
39962  -44.056  -34.371  62.599 0.0000000000
114999  -44.462  -33.856  62.447 0.0000000000
42859  -47.455  -31.271  57.972 0.0000000000
42868  -48.352  -31.251  57.479 0.0000000000
112526  -48.979  -31.540  57.820 0.0000000000
42861  -50.102  -31.804  57.637 0.0000000000
43858  -50.521  -31.054  57.365 0.0000000000
43859  -50.973  -30.314  57.376 0.0000000000
119144  -51.344  -29.673  57.310 0.0000000000
44772  -52.047  -29.276  56.953 0.0000000000
29840  -23.268  -45.392  65.565 0.0000000000
28810  -23.204  -46.428  67.371 0.0000000000
52649  -48.129  -21.260  59.162 0.0000000000
54909  -48.851  -19.961  56.618 0.0000000000
53819  -48.887  -20.208  56.749 0.0000000000
53820  -49.819  -19.904  56.430 0.0000000000
53830  -50.265  -20.247  56.632 0.0000000000
53821  -50.466  -19.709  56.448 0.0000000000
114422  -53.273  -18.776  50.213 0.0000000000
112007  -53.696  -18.682  51.227 0.0000000000
115720  -54.417  -18.765  50.515 0.0000000000
53916  -57.080  -19.951  49.256 0.0000000000
54996  -56.440  -19.617  50.024 0.0000000000
122488  -56.760  -20.524  50.146 0.0000000000
52774  -56.382  -21.476  51.028 0.0000000000
51679  -57.457  -22.224  49.199 0.0000000000
56995  -56.498  -17.229  43.919 0.0000000000
56996  -57.957  -17.020  43.617 0.0000000000
55045  -59.573  -19.342  42.657 0.0000000000
44829  -48.167  -29.788  54.873 0.0000000000
55004  -51.227  -19.212  49.714 0.0000000000
53934  -51.556  -19.719  48.323 0.0000000000
126501  -53.098  -20.056  48.133 0.0000000000
127643  -52.948  -20.501  47.498 0.0000000000
60060  -54.828  -14.837  45.187 0.0000000000
58997  -54.201  -15.686  44.714 0.0000000000
57986  -55.413  -16.345  45.312 0.0000000000
58969  -58.082  -14.646  45.998 0.0000000000
124316  -57.785  -15.303  45.659 0.0000000000
57989  -58.071  -15.508  44.381 0.0000000000
58999  -58.184  -15.505  44.107 0.0000000000
59011  -58.061  -15.924  43.389 0.0000000000
133277  -58.293  -14.402  45.148 0.0000000000
61997  -57.577  -12.530  45.088 0.0000000000
62953  -57.035  -10.935  46.323 0.0000000000
63886  -56.914  -9.877  46.258 0.0000000000
46684  -51.447  -28.036  53.114 0.0000000000
47618  -52.294  -26.537  56.060 0.0000000000
48616  -51.968  -26.016  56.384 0.0000000000
48615  -51.125  -25.570  56.177 0.0000000000
46622  -50.699  -26.784  58.631 0.0000000000
47589  -51.458  -26.302  58.255 0.0000000000
47575  -50.749  -26.011  58.987 0.0000000000
49520  -48.925  -24.155  60.320 0.0000000000
49532  -49.680  -24.553  59.761 0.0000000000
50516  -49.142  -23.711  59.976 0.0000000000
49543  -49.846  -23.944  59.284 0.0000000000
50515  -48.490  -22.818  59.998 0.0000000000
51545  -48.092  -22.540  60.273 0.0000000000
52661  -45.724  -21.302  58.298 0.0000000000
52646  -46.186  -21.488  59.007 0.0000000000
26959  -23.957  -49.173  63.321 0.0000000000
26962  -23.780  -49.103  62.412 0.0000000000
28811  -24.370  -46.447  68.050 0.0000000000
29844  -28.366  -45.730  65.775 0.0000000000
29856  -29.405  -46.207  65.233 0.0000000000
111844  -26.955  -43.528  67.117 0.0000000000
111556  -26.534  -43.924  68.711 0.0000000000
30828  -28.593  -44.807  69.251 0.0000000000
28795  -28.433  -45.925  68.826 0.0000000000
29811  -28.595  -45.542  69.062 0.0000000000
28805  -31.095  -46.077  67.320 0.0000000000
28814  -30.749  -46.421  67.077 0.0000000000
28824  -31.152  -46.729  66.255 0.0000000000
28825  -32.139  -46.881  65.826 0.0000000000
28836  -32.415  -46.967  65.050 0.0000000000
29846  -33.085  -46.410  65.747 0.0000000000
29847  -33.374  -46.129  65.643 0.0000000000
130333  -33.525  -46.033  65.397 0.0000000000
30855  -33.594  -45.571  65.557 0.0000000000
33553  -34.494  -41.638  66.297 0.0000000000
32702  -33.454  -42.057  66.740 0.0000000000
32712  -34.994  -42.161  65.168 0.0000000000
33555  -36.600  -40.964  65.189 0.0000000000
33569  -36.569  -41.398  64.511 0.0000000000
33579  -37.378  -41.292  63.969 0.0000000000
33556  -37.275  -40.932  64.619 0.0000000000
38194  -37.957  -36.604  64.175 0.0000000000
38193  -37.368  -36.441  64.287 0.0000000000
118500  -36.958  -37.094  65.111 0.0000000000
36367  -36.549  -37.594  65.542 0.0000000000
36368  -37.058  -38.247  65.477 0.0000000000
36369  -37.842  -38.474  64.918 0.0000000000
35366  -39.128  -39.191  63.958 0.0000000000
35365  -38.698  -39.591  64.282 0.0000000000
35376  -39.035  -40.011  63.825 0.0000000000
34454  -38.622  -40.642  63.596 0.0000000000
38218  -42.594  -35.434  62.899 0.0000000000
37356  -42.246  -36.566  62.675 0.0000000000
38226  -42.802  -36.316  62.491 0.0000000000
39981  -42.768  -34.430  59.886 0.0000000000
41879  -45.489  -32.312  60.975 0.0000000000
40902  -45.489  -32.780  61.746 0.0000000000
40903  -46.020  -32.923  61.941 0.0000000000
39964  -45.522  -33.536  62.077 0.0000000000
40904  -46.523  -32.950  61.518 0.0000000000
42855  -47.751  -31.621  58.981 0.0000000000
41892  -47.269  -31.694  59.773 0.0000000000
115063  -47.272  -33.066  59.931 0.0000000000
39112  -47.050  -35.833  57.408 0.0000000000
38264  -47.695  -36.494  56.692 0.0000000000
41906  -50.942  -32.486  56.477 0.0000000000
40949  -50.681  -33.363  56.332 0.0000000000
41914  -51.221  -32.896  55.669 0.0000000000
41925  -51.402  -32.432  54.581 0.0000000000
40960  -51.315  -33.185  54.980 0.0000000000
41924  -51.021  -33.234  54.510 0.0000000000
40970  -50.528  -33.970  54.403 0.0000000000
40984  -50.554  -33.193  53.993 0.0000000000
41937  -49.991  -32.690  53.455 0.0000000000
41938  -50.910  -32.411  53.915 0.0000000000
44844  -51.809  -29.272  53.842 0.0000000000
43909  -51.071  -30.156  52.828 0.0000000000
44858  -51.387  -29.499  53.094 0.0000000000
25980  -23.760  -49.499  64.845 0.0000000000
25979  -23.145  -50.165  64.946 0.0000000000
25989  -23.593  -49.756  64.083 0.0000000000
25998  -23.373  -49.896  63.178 0.0000000000
51576  -48.458  -22.072  57.199 0.0000000000
50543  -48.361  -23.103  56.178 0.0000000000
51587  -48.516  -22.453  55.832 0.0000000000
114141  -48.341  -19.233  53.482 0.0000000000
111686  -48.109  -19.370  54.322 0.0000000000
112978  -51.294  -18.997  54.269 0.0000000000
118123  -50.774  -19.120  55.201 0.0000000000
54937  -51.678  -19.338  55.781 0.0000000000
53832  -51.756  -19.823  56.483 0.0000000000
54921  -52.592  -19.746  56.103 0.0000000000
54969  -54.106  -18.917  52.540 0.0000000000
54970  -54.434  -19.754  53.695 0.0000000000
53862  -54.404  -20.559  54.304 0.0000000000
52730  -53.768  -21.400  54.398 0.0000000000
52713  -53.313  -20.877  55.382 0.0000000000
52804  -54.393  -21.186  47.211 0.0000000000
52827  -54.014  -21.584  46.482 0.0000000000
119380  -55.869  -18.903  43.621 0.0000000000
52892  -54.602  -21.243  43.856 0.0000000000
52870  -54.116  -21.616  44.310 0.0000000000
52871  -55.484  -21.560  44.320 0.0000000000
51727  -57.828  -21.142  45.616 0.0000000000
51710  -58.153  -20.721  46.240 0.0000000000
134173  -41.304  -35.234  61.622 0.0000000000
131044  -42.489  -34.612  61.530 0.0000000000
39972  -42.991  -34.239  61.133 0.0000000000
43871  -48.576  -30.805  56.575 0.0000000000
43872  -49.404  -30.526  56.875 0.0000000000
43873  -50.329  -30.339  57.239 0.0000000000
53805  -47.537  -20.375  58.086 0.0000000000
53806  -48.171  -20.542  57.727 0.0000000000
121509  -47.499  -20.194  57.119 0.0000000000
54918  -49.064  -19.586  56.039 0.0000000000
55017  -54.627  -19.337  49.192 0.0000000000
55007  -55.143  -18.959  49.933 0.0000000000
55018  -55.785  -19.310  49.368 0.0000000000
53915  -56.519  -19.536  49.278 0.0000000000
52791  -57.864  -21.175  48.598 0.0000000000
52790  -57.640  -20.365  48.431 0.0000000000
52808  -58.287  -20.750  47.784 0.0000000000
52831  -58.629  -20.789  46.929 0.0000000000
58006  -58.314  -16.361  43.473 0.0000000000
56997  -59.229  -17.034  43.107 0.0000000000
56998  -59.363  -17.379  42.920 0.0000000000
122337  -54.878  -13.757  44.862 0.0000000000
58985  -56.153  -15.059  46.172 0.0000000000
60051  -56.844  -14.309  46.471 0.0000000000
60052  -57.431  -13.959  46.518 0.0000000000
60053  -57.910  -13.995  46.335 0.0000000000
61045  -58.013  -13.228  46.239 0.0000000000
61053  -58.027  -12.642  45.872 0.0000000000
61989  -57.605  -11.723  45.838 0.0000000000
64802  -56.334  -9.679  46.134 0.0000000000
64803  -57.105  -9.629  46.175 0.0000000000
63900  -56.426  -10.074  44.277 0.0000000000
46677  -51.760  -27.785  53.979 0.0000000000
45746  -52.111  -28.192  54.578 0.0000000000
46657  -52.456  -27.210  55.670 0.0000000000
47604  -52.191  -26.195  56.816 0.0000000000
47573  -48.992  -26.175  59.204 0.0000000000
48576  -49.791  -25.591  59.533 0.0000000000
48575  -48.683  -25.395  59.862 0.0000000000
48562  -48.227  -24.793  60.392 0.0000000000
50504  -47.875  -23.418  60.553 0.0000000000
51544  -47.374  -22.601  60.129 0.0000000000
50514  -46.522  -22.917  59.543 0.0000000000
51553  -46.048  -22.310  59.057 0.0000000000
52660  -44.745  -21.831  57.609 0.0000000000
26955  -24.314  -48.742  64.657 0.0000000000
113910  -24.357  -48.554  65.659 0.0000000000
27914  -24.792  -47.607  65.622 0.0000000000
29833  -28.580  -46.157  67.189 0.0000000000
29824  -31.241  -45.654  67.469 0.0000000000
29834  -31.923  -46.087  66.805 0.0000000000
28816  -32.508  -46.554  66.098 0.0000000000
30848  -32.729  -45.385  66.603 0.0000000000
33554  -35.430  -41.518  65.534 0.0000000000
34429  -35.955  -40.935  65.716 0.0000000000
34430  -36.404  -40.508  65.755 0.0000000000
39038  -38.473  -35.812  62.940 0.0000000000
38216  -37.787  -35.962  63.400 0.0000000000
38203  -38.459  -36.271  63.662 0.0000000000
128326  -38.594  -36.786  63.943 0.0000000000
37330  -38.191  -37.264  64.359 0.0000000000
125534  -38.179  -37.985  64.587 0.0000000000
36383  -40.153  -38.665  63.157 0.0000000000
129404  -43.665  -36.159  61.839 0.0000000000
37376  -43.895  -37.248  60.960 0.0000000000
116323  -45.278  -37.069  59.124 0.0000000000
121589  -44.017  -32.992  58.366 0.0000000000
40927  -44.363  -32.747  59.273 0.0000000000
41890  -45.131  -32.187  59.968 0.0000000000
41880  -46.217  -31.843  60.794 0.0000000000
119207  -47.785  -33.805  58.543 0.0000000000
40002  -47.607  -34.643  57.916 0.0000000000
39129  -49.647  -35.923  56.200 0.0000000000
39130  -50.163  -35.807  55.795 0.0000000000
42870  -51.651  -30.889  56.255 0.0000000000
42881  -51.806  -31.349  55.322 0.0000000000
42890  -51.724  -31.589  54.723 0.0000000000
43902  -51.785  -30.756  54.334 0.0000000000
124147  -51.918  -29.954  54.267 0.0000000000
134599  -22.612  -47.896  66.492 0.0000000000
26945  -22.789  -49.538  65.978 0.0000000000
52709  -48.922  -21.743  55.573 0.0000000000
131677  -49.285  -19.096  52.667 0.0000000000
112445  -49.315  -19.082  53.490 0.0000000000
53879  -55.500  -20.433  52.621 0.0000000000
53878  -54.964  -20.423  53.462 0.0000000000
55043  -56.007  -19.787  43.556 0.0000000000
54006  -57.321  -20.211  43.466 0.0000000000
52872  -57.215  -21.512  44.181 0.0000000000
51747  -59.086  -21.076  45.189 0.0000000000
61995  -54.681  -12.264  44.524 0.0000000000
61987  -55.910  -11.396  45.752 0.0000000000
115418  -54.989  -11.394  44.934 0.0000000000
62958  -54.612  -10.934  44.675 0.0000000000
63892  -54.700  -9.680  45.063 0.0000000000
117369  -55.330  -9.108  45.509 0.0000000000
45720  -52.507  -28.396  56.527 0.0000000000
45708  -52.502  -27.545  56.918 0.0000000000
126081  -51.958  -27.599  57.563 0.0000000000
46633  -51.283  -27.331  58.128 0.0000000000
49541  -45.997  -25.101  58.070 0.0000000000
27890  -23.761  -47.143  67.680 0.0000000000
27894  -24.050  -47.413  67.503 0.0000000000
29818  -24.574  -45.069  68.713 0.0000000000
30835  -25.103  -44.650  68.840 0.0000000000
30836  -25.726  -44.683  69.013 0.0000000000
35341  -34.747  -38.862  67.106 0.0000000000
39039  -39.456  -35.767  62.784 0.0000000000
38217  -40.809  -36.062  63.241 0.0000000000
134974  -42.942  -35.182  62.993 0.0000000000
39057  -44.157  -34.567  62.531 0.0000000000
42858  -46.279  -31.284  57.805 0.0000000000
42853  -46.161  -31.296  58.907 0.0000000000
41894  -48.410  -32.095  58.676 0.0000000000
40930  -49.025  -32.618  58.199 0.0000000000
40941  -50.134  -33.132  57.167 0.0000000000
42863  -51.159  -30.945  57.083 0.0000000000
133312  -51.280  -31.381  56.674 0.0000000000
28809  -23.125  -47.088  67.384 0.0000000000
131138  -48.529  -22.751  58.363 0.0000000000
52680  -48.532  -20.720  57.237 0.0000000000
54981  -51.897  -18.751  51.465 0.0000000000
112011  -52.222  -18.784  52.310 0.0000000000
112093  -55.466  -19.176  51.475 0.0000000000
54994  -55.415  -18.941  50.722 0.0000000000
54995  -55.934  -19.351  50.870 0.0000000000
54983  -55.673  -19.696  51.767 0.0000000000
134006  -56.150  -21.017  51.423 0.0000000000
56994  -54.791  -17.011  44.612 0.0000000000
116818  -55.355  -17.586  44.053 0.0000000000
56051  -56.588  -17.969  43.674 0.0000000000
54007  -59.764  -20.296  43.306 0.0000000000
45733  -48.840  -28.853  55.587 0.0000000000
45732  -48.031  -28.480  55.262 0.0000000000
120590  -45.475  -31.725  57.045 0.0000000000
42880  -47.848  -30.771  55.508 0.0000000000
53842  -46.402  -20.047  54.401 0.0000000000
54953  -47.452  -19.409  53.528 0.0000000000
112014  -49.336  -19.137  51.952 0.0000000000
54979  -49.959  -19.172  51.105 0.0000000000
54980  -50.927  -18.910  51.253 0.0000000000
112009  -51.553  -18.900  50.571 0.0000000000
55005  -52.209  -18.950  49.942 0.0000000000
124698  -52.852  -19.114  49.377 0.0000000000
53936  -54.098  -20.022  48.444 0.0000000000
53960  -54.802  -20.586  47.970 0.0000000000
112663  -53.711  -16.186  44.313 0.0000000000
58005  -54.507  -16.745  44.708 0.0000000000
111727  -56.501  -15.651  46.046 0.0000000000
58019  -58.206  -16.275  42.957 0.0000000000
60071  -57.990  -14.639  44.342 0.0000000000
61980  -57.250  -11.159  46.316 0.0000000000
62954  -57.360  -11.127  46.177 0.0000000000
61996  -57.284  -11.485  45.275 0.0000000000
47646  -51.647  -27.191  54.215 0.0000000000
47631  -51.264  -26.545  54.604 0.0000000000
48633  -50.765  -25.870  55.057 0.0000000000
47590  -51.800  -25.845  57.585 0.0000000000
48592  -51.477  -25.379  57.821 0.0000000000
48577  -50.694  -25.103  59.132 0.0000000000
48591  -51.002  -24.962  58.446 0.0000000000
49544  -50.358  -24.380  58.388 0.0000000000
112583  -48.321  -22.250  59.278 0.0000000000
52648  -47.705  -21.081  59.448 0.0000000000
51555  -47.613  -21.696  59.865 0.0000000000
52647  -47.042  -21.001  59.552 0.0000000000
52662  -47.260  -20.643  59.027 0.0000000000
53827  -45.915  -20.514  55.397 0.0000000000
46656  -48.548  -27.953  55.910 0.0000000000
47601  -46.787  -26.299  56.779 0.0000000000
48604  -46.385  -25.729  57.425 0.0000000000
49552  -45.350  -24.410  57.507 0.0000000000
128758  -44.795  -23.757  57.123 0.0000000000
26965  -23.531  -49.109  61.540 0.0000000000
26966  -24.100  -48.292  61.632 0.0000000000
27902  -24.742  -47.114  66.804 0.0000000000
30837  -26.456  -44.633  69.344 0.0000000000
28812  -28.910  -46.241  68.115 0.0000000000
28804  -30.142  -46.040  67.880 0.0000000000
130613  -29.438  -46.442  67.233 0.0000000000
130416  -30.316  -46.678  65.817 0.0000000000
28826  -32.801  -46.757  65.445 0.0000000000
128741  -32.930  -43.059  66.459 0.0000000000
31808  -33.415  -44.464  65.917 0.0000000000
31818  -33.748  -44.478  65.249 0.0000000000
33568  -35.765  -41.783  64.768 0.0000000000
36365  -34.964  -38.073  65.754 0.0000000000
36357  -35.346  -38.474  66.598 0.0000000000
38201  -36.694  -36.357  63.946 0.0000000000
123407  -36.031  -37.211  65.229 0.0000000000
36366  -35.931  -37.944  66.153 0.0000000000
36358  -35.833  -38.602  66.491 0.0000000000
35343  -36.245  -38.874  66.325 0.0000000000
126039  -37.117  -39.563  65.426 0.0000000000
34432  -37.757  -39.907  65.022 0.0000000000
35354  -38.189  -39.376  64.730 0.0000000000
115392  -37.736  -40.488  64.603 0.0000000000
34441  -37.991  -40.853  64.149 0.0000000000
133951  -41.672  -36.921  62.779 0.0000000000
36396  -42.061  -37.716  62.339 0.0000000000
36408  -42.462  -38.410  61.631 0.0000000000
40901  -44.560  -33.306  61.729 0.0000000000
39059  -45.442  -34.109  62.037 0.0000000000
39982  -45.744  -34.236  61.284 0.0000000000
42844  -46.624  -31.494  59.876 0.0000000000
41881  -46.965  -31.941  60.691 0.0000000000
40916  -47.002  -32.641  60.932 0.0000000000
132351  -46.818  -33.110  61.108 0.0000000000
39975  -46.273  -33.824  60.840 0.0000000000
39084  -45.767  -34.980  60.317 0.0000000000
39097  -45.821  -35.939  59.070 0.0000000000
38251  -46.238  -36.428  57.858 0.0000000000
40020  -50.601  -34.476  55.739 0.0000000000
40038  -50.689  -34.776  55.110 0.0000000000
41954  -49.245  -32.224  52.765 0.0000000000
42902  -50.964  -31.547  53.600 0.0000000000
42917  -50.626  -31.000  53.008 0.0000000000
25988  -22.741  -50.492  63.685 0.0000000000
54933  -48.018  -19.562  55.221 0.0000000000
133355  -48.756  -19.370  55.139 0.0000000000
117239  -49.882  -19.089  54.802 0.0000000000
54935  -50.494  -18.972  55.844 0.0000000000
54919  -50.141  -19.542  56.281 0.0000000000
54920  -50.903  -19.622  56.416 0.0000000000
53845  -52.087  -20.160  56.435 0.0000000000
112010  -53.054  -18.886  52.929 0.0000000000
54955  -53.069  -19.227  54.061 0.0000000000
54957  -54.084  -20.132  54.636 0.0000000000
54938  -53.270  -19.721  55.331 0.0000000000
53847  -53.397  -20.411  55.519 0.0000000000
52712  -52.555  -20.881  55.593 0.0000000000
123242  -52.530  -20.637  46.989 0.0000000000
52805  -55.689  -20.965  47.399 0.0000000000
116168  -54.023  -18.842  43.558 0.0000000000
117795  -54.067  -19.898  43.360 0.0000000000
51725  -54.381  -21.955  45.179 0.0000000000
51726  -55.668  -21.971  45.385 0.0000000000
51708  -54.782  -22.006  45.963 0.0000000000
52830  -58.225  -20.529  46.814 0.0000000000
51712  -58.895  -21.586  46.659 0.0000000000
51729  -59.253  -21.636  45.872 0.0000000000
26926  -23.290  -48.073  67.040 0.0000000000
29810  -27.812  -45.449  69.414 0.0000000000
29822  -29.484  -45.704  68.459 0.0000000000
29836  -33.173  -46.037  66.091 0.0000000000
34413  -35.009  -39.414  67.223 0.0000000000
35344  -36.782  -38.879  65.828 0.0000000000
36375  -38.579  -38.762  64.404 0.0000000000
37318  -36.542  -37.134  65.219 0.0000000000
37329  -37.425  -36.885  64.647 0.0000000000
39037  -37.651  -35.763  62.739 0.0000000000
41871  -46.077  -32.380  61.562 0.0000000000
43901  -51.305  -30.850  53.625 0.0000000000
44795  -52.460  -29.148  56.034 0.0000000000
44814  -52.446  -29.085  55.346 0.0000000000
45759  -51.798  -28.450  53.831 0.0000000000
47632  -52.015  -26.883  55.162 0.0000000000
48563  -48.895  -24.649  60.328 0.0000000000
49519  -48.378  -24.172  60.571 0.0000000000
50503  -47.103  -23.474  60.132 0.0000000000
51565  -45.306  -22.176  58.341 0.0000000000
52714  -53.809  -20.915  55.090 0.0000000000
52715  -54.192  -20.999  54.685 0.0000000000
53833  -53.147  -20.044  56.101 0.0000000000
53846  -52.923  -20.252  56.148 0.0000000000
53888  -55.899  -20.606  51.782 0.0000000000
54939  -53.610  -20.084  55.305 0.0000000000
54956  -53.822  -19.694  54.500 0.0000000000
60062  -58.225  -13.973  45.764 0.0000000000
119531  -51.984  -30.879  54.855 0.0000000000
121604  -46.538  -20.881  58.948 0.0000000000
123187  -35.408  -38.139  66.218 0.0000000000
128502  -43.956  -34.002  62.554 0.0000000000
130336  -34.805  -38.511  66.524 0.0000000000
132394  -36.197  -37.470  65.649 0.0000000000
132586  -23.891  -48.229  66.933 0.0000000000
132626  -56.005  -19.851  51.352 0.0000000000
133539  -57.692  -12.503  46.231 0.0000000000
