#!ascii label  , from subject sub-v1s4x0050701_ses-1 vox2ras=TkReg
997
7920  -33.542  -70.879  -16.903 0.5000000000
7919  -32.901  -70.807  -17.020 0.6000000238
130720  -39.675  -69.900  -19.495 0.3000000119
7929  -32.484  -71.406  -17.575 0.5000000000
9473  -37.207  -69.131  -17.040 0.4000000060
10325  -37.962  -68.781  -17.481 0.4000000060
123301  -38.968  -68.405  -18.067 0.4000000060
9487  -38.895  -69.259  -18.482 0.3000000119
10316  -37.985  -67.983  -17.172 0.4000000060
9469  -32.068  -68.954  -16.835 0.5000000000
9450  -32.802  -69.124  -16.200 0.5000000000
8638  -33.374  -70.048  -16.418 0.5000000000
9468  -31.226  -68.811  -17.032 0.6000000238
9484  -31.695  -69.576  -17.561 0.5000000000
8652  -32.233  -70.414  -17.613 0.6000000238
9494  -40.463  -69.972  -19.475 0.3000000119
10314  -36.710  -68.832  -16.480 0.5000000000
9472  -36.486  -69.376  -16.723 0.5000000000
9488  -40.412  -68.989  -19.304 0.3000000119
119664  -31.598  -70.121  -18.196 0.6000000238
7928  -31.795  -70.823  -18.310 0.5000000000
10299  -37.077  -67.893  -16.397 0.5000000000
10315  -37.239  -68.471  -16.687 0.4000000060
132568  -38.955  -67.730  -17.894 0.4000000060
10326  -40.141  -67.831  -18.824 0.3000000119
11116  -36.729  -67.290  -16.435 0.4000000060
11118  -38.523  -67.263  -17.597 0.4000000060
11117  -37.540  -67.326  -16.944 0.4000000060
11926  -30.821  -66.907  -16.501 0.6999999881
11114  -31.145  -67.592  -16.399 0.6999999881
126142  -31.850  -67.735  -16.213 0.6999999881
11112  -29.534  -67.271  -16.859 0.6999999881
11113  -30.231  -67.594  -16.572 0.6999999881
10312  -31.588  -68.278  -16.490 0.5000000000
9470  -34.683  -69.713  -16.114 0.5000000000
10310  -29.723  -68.371  -16.625 0.6999999881
9453  -35.211  -69.017  -15.710 0.4000000060
9454  -36.064  -68.930  -16.099 0.5000000000
8670  -42.072  -69.648  -18.891 0.3000000119
9467  -30.204  -68.850  -16.901 0.6000000238
10297  -35.704  -68.325  -15.631 0.5000000000
10298  -36.518  -68.328  -16.121 0.5000000000
9495  -41.666  -68.948  -19.505 0.3000000119
9483  -30.781  -69.370  -17.533 0.5000000000
11102  -36.219  -67.738  -15.872 0.5000000000
11930  -35.348  -66.688  -16.358 0.4000000060
129407  -36.218  -67.237  -16.149 0.4000000060
11944  -36.557  -66.449  -17.396 0.3000000119
11932  -37.055  -66.736  -17.039 0.4000000060
11131  -28.253  -68.409  -21.637 0.5000000000
11126  -27.949  -67.717  -19.370 0.6000000238
11951  -29.334  -66.835  -19.346 0.6000000238
122139  -29.750  -66.514  -17.740 0.6000000238
132319  -30.161  -66.824  -16.830 0.6000000238
10340  -27.302  -68.622  -22.515 0.5000000000
10336  -27.532  -68.859  -21.953 0.5000000000
11132  -28.561  -67.252  -18.875 0.6000000238
11940  -28.957  -67.096  -17.749 0.6999999881
10294  -33.043  -68.330  -15.633 0.6000000238
7922  -41.407  -71.506  -16.867 0.3000000119
134524  -24.776  -69.536  -22.058 0.6999999881
10339  -26.644  -69.214  -22.086 0.6000000238
10335  -26.726  -69.335  -20.621 0.6000000238
10330  -27.391  -68.505  -20.091 0.6000000238
11111  -28.827  -67.742  -16.833 0.6999999881
11098  -33.292  -67.687  -15.487 0.6000000238
8625  -34.020  -69.712  -15.973 0.5000000000
10337  -23.972  -69.209  -21.739 0.6999999881
9503  -25.164  -70.041  -21.621 0.6000000238
127084  -26.052  -70.026  -20.269 0.6000000238
10324  -27.379  -68.219  -18.066 0.6999999881
132952  -28.844  -68.509  -16.507 0.6999999881
9452  -34.337  -69.013  -15.571 0.5000000000
10334  -23.199  -69.078  -20.883 0.6999999881
9501  -23.656  -69.595  -21.304 0.6000000238
9498  -24.542  -70.508  -20.833 0.6999999881
134957  -26.820  -68.758  -18.904 0.6000000238
10323  -26.641  -69.041  -17.757 0.6000000238
11099  -33.773  -67.450  -15.403 0.5000000000
11100  -34.431  -67.552  -15.320 0.5000000000
9499  -25.375  -70.363  -20.639 0.6000000238
9493  -26.310  -69.632  -19.062 0.6000000238
119357  -28.077  -68.892  -16.411 0.6000000238
9466  -29.085  -69.204  -16.517 0.6000000238
9482  -29.863  -69.547  -17.205 0.6000000238
11914  -34.066  -66.944  -15.583 0.5000000000
10331  -41.770  -67.927  -19.742 0.3000000119
8672  -24.147  -70.842  -19.950 0.6999999881
8673  -24.841  -70.992  -20.103 0.6000000238
9492  -25.510  -70.716  -19.521 0.6000000238
10309  -27.284  -68.830  -16.902 0.5000000000
9464  -27.434  -69.482  -16.443 0.5000000000
134086  -29.203  -69.892  -16.704 0.5000000000
11915  -34.888  -67.027  -15.647 0.5000000000
12778  -36.302  -66.315  -19.068 0.3000000119
12763  -36.882  -66.209  -18.223 0.3000000119
11945  -37.366  -66.385  -17.780 0.3000000119
11933  -37.969  -66.684  -17.592 0.4000000060
130306  -35.350  -66.330  -17.856 0.3000000119
11943  -35.759  -66.434  -17.154 0.3000000119
11141  -28.194  -67.954  -22.705 0.5000000000
11137  -28.090  -68.420  -22.381 0.5000000000
11138  -28.927  -68.067  -22.393 0.5000000000
11957  -26.107  -66.697  -21.461 0.5000000000
11963  -26.518  -67.783  -22.270 0.5000000000
121662  -28.865  -67.719  -20.803 0.5000000000
11952  -30.400  -66.073  -18.502 0.6000000238
11941  -30.665  -66.201  -17.212 0.6000000238
11962  -24.930  -67.891  -21.779 0.5000000000
129577  -31.679  -67.040  -16.252 0.8000000119
7910  -41.421  -71.572  -15.811 0.3000000119
11956  -24.267  -66.871  -20.443 0.6000000238
120092  -23.679  -67.595  -20.726 0.6000000238
11139  -24.850  -68.867  -22.149 0.6000000238
11942  -31.511  -65.843  -17.157 0.4000000060
11135  -23.024  -67.998  -20.289 0.6999999881
115888  -32.408  -66.901  -16.114 0.5000000000
11115  -32.537  -67.541  -15.865 0.6000000238
8657  -41.847  -70.634  -17.840 0.3000000119
8658  -42.421  -69.793  -17.715 0.3000000119
11130  -22.790  -67.633  -19.098 0.6999999881
11927  -32.787  -66.386  -16.444 0.4000000060
10329  -22.910  -68.678  -19.696 0.6000000238
119127  -23.135  -69.601  -20.065 0.6999999881
11928  -33.661  -66.475  -16.310 0.4000000060
10322  -22.981  -68.569  -18.383 0.6000000238
9491  -23.137  -69.590  -19.091 0.6999999881
9481  -26.002  -70.128  -18.050 0.5000000000
9463  -26.589  -69.666  -16.997 0.5000000000
12748  -34.172  -66.210  -17.157 0.4000000060
11929  -34.523  -66.556  -16.257 0.4000000060
12789  -35.082  -66.716  -20.399 0.3000000119
12777  -35.340  -66.407  -18.984 0.3000000119
12790  -36.664  -66.405  -20.223 0.3000000119
12779  -37.380  -66.046  -19.196 0.3000000119
12764  -37.697  -66.138  -18.540 0.4000000060
8664  -24.685  -71.307  -19.190 0.6000000238
8648  -25.829  -71.223  -17.592 0.5000000000
112604  -28.508  -70.005  -16.322 0.5000000000
8649  -29.673  -70.276  -17.619 0.5000000000
12761  -34.686  -66.247  -18.084 0.3000000119
128240  -25.322  -71.226  -18.636 0.5000000000
8634  -26.840  -70.376  -16.533 0.5000000000
8635  -28.126  -70.937  -16.144 0.5000000000
7918  -28.755  -71.495  -16.284 0.5000000000
12783  -26.260  -65.869  -20.574 0.5000000000
11964  -29.392  -67.390  -22.670 0.5000000000
132410  -29.581  -66.754  -22.565 0.5000000000
11959  -29.752  -67.432  -21.886 0.5000000000
12782  -25.154  -66.197  -20.041 0.5000000000
11958  -27.151  -66.810  -22.001 0.5000000000
11960  -30.417  -66.571  -20.454 0.4000000060
7170  -41.113  -72.771  -15.402 0.3000000119
7900  -41.421  -71.785  -14.786 0.3000000119
11950  -23.689  -66.103  -19.365 0.6000000238
12757  -31.175  -65.710  -18.154 0.4000000060
11955  -23.099  -66.959  -19.545 0.6000000238
131349  -41.926  -70.553  -16.636 0.3000000119
12746  -32.362  -65.782  -17.169 0.4000000060
11125  -22.865  -67.416  -18.035 0.6000000238
12759  -32.896  -65.634  -18.183 0.4000000060
12747  -33.283  -65.968  -17.194 0.4000000060
9496  -42.366  -68.813  -19.250 0.3000000119
12760  -33.842  -65.963  -18.152 0.3000000119
12776  -34.432  -66.377  -19.304 0.3000000119
12784  -27.205  -65.708  -21.083 0.5000000000
12794  -28.378  -66.653  -22.339 0.5000000000
13670  -28.703  -65.897  -21.988 0.5000000000
12796  -29.953  -66.801  -22.600 0.4000000060
11965  -30.303  -66.702  -22.143 0.4000000060
12770  -25.664  -65.328  -19.277 0.6000000238
12772  -31.112  -65.955  -19.751 0.4000000060
12773  -31.784  -65.664  -19.370 0.4000000060
8626  -41.548  -70.815  -15.582 0.3000000119
112736  -22.783  -66.686  -18.490 0.6000000238
12758  -31.978  -65.548  -18.007 0.4000000060
12774  -32.404  -65.637  -18.900 0.4000000060
12775  -33.583  -66.076  -19.318 0.4000000060
10307  -23.278  -68.105  -17.352 0.6000000238
128031  -27.922  -65.547  -21.342 0.5000000000
13671  -29.574  -65.845  -22.057 0.4000000060
12771  -26.593  -65.119  -19.614 0.5000000000
121595  -30.573  -66.200  -22.024 0.4000000060
12769  -24.381  -65.380  -19.080 0.6000000238
13658  -25.051  -64.677  -18.698 0.6000000238
13659  -26.200  -64.653  -18.686 0.6000000238
11961  -31.004  -66.128  -21.235 0.4000000060
117769  -31.552  -65.842  -20.526 0.4000000060
11949  -22.886  -65.990  -18.634 0.6000000238
12786  -32.561  -65.770  -20.032 0.4000000060
131578  -32.938  -65.794  -19.305 0.4000000060
12799  -32.984  -65.796  -20.402 0.4000000060
8642  -42.252  -69.793  -16.813 0.3000000119
124440  -22.748  -65.973  -18.106 0.6000000238
12787  -33.345  -66.022  -20.217 0.4000000060
10333  -42.700  -68.370  -19.093 0.3000000119
9489  -42.619  -69.017  -18.548 0.3000000119
11939  -22.905  -66.581  -17.760 0.6000000238
11108  -23.283  -67.266  -17.248 0.6000000238
11924  -23.924  -66.350  -16.718 0.6999999881
113514  -23.116  -64.677  -17.496 0.6999999881
11923  -23.349  -66.626  -17.183 0.6000000238
12744  -24.031  -65.380  -16.654 0.6999999881
13649  -23.863  -64.363  -16.669 0.6999999881
11925  -24.857  -66.173  -16.177 0.6000000238
14560  -23.951  -63.440  -16.456 0.6000000238
12745  -25.113  -65.525  -16.061 0.6999999881
14561  -24.675  -64.106  -16.191 0.6999999881
121803  -27.406  -64.904  -20.230 0.5000000000
13665  -28.922  -64.492  -20.756 0.5000000000
13660  -27.067  -64.533  -18.890 0.5000000000
13661  -27.898  -64.215  -19.611 0.5000000000
14591  -29.324  -63.661  -20.282 0.5000000000
13666  -29.890  -64.948  -21.254 0.4000000060
14581  -25.655  -63.981  -18.303 0.6000000238
13653  -26.717  -64.053  -18.154 0.6000000238
13654  -27.570  -63.932  -18.312 0.6000000238
12797  -31.122  -65.865  -21.259 0.4000000060
13657  -23.739  -64.510  -18.592 0.6000000238
14568  -26.238  -63.291  -17.885 0.6000000238
14569  -27.239  -63.441  -17.699 0.6000000238
124320  -31.418  -65.868  -20.882 0.4000000060
13656  -23.047  -64.497  -18.212 0.6000000238
123935  -23.439  -63.776  -18.292 0.6000000238
14580  -24.938  -62.864  -18.362 0.6000000238
15474  -25.746  -62.295  -17.900 0.6000000238
12785  -31.908  -65.589  -20.359 0.4000000060
13674  -33.068  -65.163  -20.768 0.4000000060
14579  -23.867  -62.966  -18.414 0.6000000238
15483  -24.928  -61.877  -18.297 0.6000000238
16375  -25.381  -61.210  -18.035 0.6000000238
16376  -26.208  -60.895  -17.522 0.6000000238
12800  -33.620  -66.015  -20.779 0.4000000060
12756  -22.844  -65.182  -18.104 0.6000000238
14578  -23.317  -63.131  -18.056 0.5000000000
15481  -23.578  -62.479  -18.213 0.6000000238
16383  -24.575  -61.295  -18.301 0.6000000238
17295  -25.389  -60.277  -17.876 0.6000000238
17296  -26.089  -60.025  -17.426 0.6999999881
12743  -23.093  -65.795  -17.484 0.6999999881
15473  -23.299  -62.439  -17.835 0.6000000238
16382  -23.902  -61.092  -18.171 0.6000000238
132808  -25.335  -59.676  -17.658 0.6000000238
18179  -26.703  -59.778  -16.793 0.6000000238
18168  -27.436  -59.491  -15.939 0.6000000238
17294  -23.961  -60.095  -17.987 0.6000000238
123382  -24.619  -59.789  -17.922 0.6000000238
18178  -25.767  -59.403  -17.201 0.6000000238
18167  -26.293  -59.137  -16.337 0.6000000238
14559  -23.281  -63.036  -16.963 0.6000000238
16374  -23.408  -61.592  -17.735 0.6000000238
18184  -23.974  -59.493  -17.697 0.5000000000
18177  -24.642  -59.179  -17.449 0.6000000238
19025  -25.291  -58.932  -16.828 0.6000000238
16368  -23.297  -61.222  -17.177 0.5000000000
13650  -24.870  -64.816  -16.177 0.6999999881
14553  -25.034  -63.530  -15.861 0.6999999881
15457  -23.963  -61.733  -16.059 0.5000000000
16363  -23.418  -61.030  -16.460 0.6000000238
18165  -23.081  -59.615  -16.725 0.5000000000
18176  -23.457  -59.111  -17.055 0.5000000000
17278  -23.146  -60.332  -16.424 0.6000000238
14462  -27.593  -63.701  -8.321 0.6000000238
14463  -28.271  -63.247  -8.706 0.6000000238
14476  -27.966  -63.851  -9.135 0.6000000238
14590  -28.553  -63.719  -19.843 0.5000000000
14582  -28.244  -63.639  -18.651 0.5000000000
14599  -30.188  -64.116  -20.680 0.5000000000
120588  -30.652  -65.253  -21.258 0.4000000060
15475  -26.756  -62.621  -17.483 0.5000000000
14570  -28.079  -63.389  -17.781 0.5000000000
15468  -29.111  -62.276  -17.061 0.5000000000
13672  -31.067  -64.716  -20.790 0.4000000060
117584  -31.527  -64.246  -20.604 0.4000000060
15476  -27.717  -62.780  -17.298 0.5000000000
16371  -28.881  -61.591  -16.531 0.5000000000
12798  -31.730  -65.379  -20.598 0.4000000060
13673  -32.302  -64.424  -20.682 0.4000000060
16369  -26.938  -60.617  -16.992 0.5000000000
16370  -27.889  -61.233  -16.613 0.5000000000
15467  -28.269  -62.160  -16.882 0.5000000000
13667  -32.407  -65.558  -20.539 0.4000000060
116222  -27.615  -60.287  -16.433 0.6000000238
17288  -28.492  -60.765  -16.194 0.6000000238
17281  -28.194  -60.086  -15.951 0.5000000000
18157  -27.861  -59.029  -14.889 0.4000000060
18158  -28.815  -59.135  -14.647 0.4000000060
19016  -25.289  -58.572  -15.613 0.6000000238
19017  -26.681  -58.698  -14.995 0.6000000238
19004  -27.413  -58.393  -14.458 0.5000000000
19005  -28.244  -58.392  -14.289 0.4000000060
19006  -29.178  -58.384  -14.228 0.4000000060
19876  -29.545  -57.586  -14.103 0.4000000060
11910  -25.885  -66.080  -15.612 0.6999999881
19024  -24.186  -58.715  -16.690 0.6000000238
118145  -26.601  -58.021  -14.380 0.5000000000
19875  -28.618  -57.530  -14.034 0.4000000060
120799  -24.781  -62.098  -15.555 0.6000000238
18166  -22.764  -59.160  -16.282 0.5000000000
19023  -23.132  -58.797  -16.424 0.5000000000
19003  -25.276  -58.125  -14.718 0.5000000000
19873  -26.584  -57.269  -14.244 0.5000000000
19874  -27.548  -57.591  -14.088 0.4000000060
20682  -28.136  -56.714  -14.248 0.4000000060
19015  -23.802  -58.432  -15.825 0.5000000000
14452  -27.250  -63.591  -7.506 0.6999999881
117924  -27.810  -63.080  -7.972 0.6000000238
129183  -27.491  -62.985  -7.354 0.6999999881
15376  -28.262  -62.479  -8.472 0.6000000238
16278  -27.207  -61.777  -7.205 0.6000000238
15385  -28.788  -62.714  -9.238 0.6000000238
17199  -28.227  -61.228  -8.989 0.6000000238
131868  -27.157  -60.876  -8.147 0.6000000238
129520  -26.555  -60.499  -8.286 0.6000000238
18084  -25.712  -59.988  -8.594 0.6000000238
14478  -29.188  -63.026  -9.924 0.5000000000
16301  -29.072  -61.722  -9.932 0.6000000238
17216  -27.920  -60.723  -9.564 0.6000000238
122975  -26.805  -60.311  -9.135 0.6000000238
14592  -29.883  -63.009  -20.215 0.5000000000
14497  -29.410  -63.254  -10.663 0.5000000000
16314  -29.382  -62.192  -10.487 0.5000000000
17215  -27.012  -60.179  -10.016 0.5000000000
18101  -25.971  -59.859  -9.563 0.5000000000
14571  -28.680  -63.137  -18.067 0.4000000060
15478  -29.179  -62.670  -18.622 0.5000000000
14600  -30.761  -63.568  -20.500 0.4000000060
16324  -29.476  -62.150  -11.232 0.5000000000
16313  -29.164  -61.586  -10.704 0.5000000000
18120  -26.272  -59.826  -10.387 0.5000000000
131344  -29.068  -62.653  -17.705 0.5000000000
14601  -31.623  -63.282  -20.588 0.4000000060
111603  -32.338  -62.780  -20.961 0.4000000060
115335  -29.618  -62.748  -11.732 0.5000000000
17259  -28.407  -61.053  -11.889 0.5000000000
17245  -27.768  -60.549  -11.390 0.6000000238
18134  -26.010  -59.671  -11.200 0.6000000238
14602  -32.530  -63.479  -20.892 0.4000000060
16352  -28.572  -61.839  -13.163 0.6000000238
17244  -26.864  -60.151  -11.762 0.6999999881
17289  -29.404  -60.987  -16.202 0.4000000060
13635  -28.542  -64.853  -14.197 0.6000000238
17282  -28.990  -60.361  -15.683 0.5000000000
18160  -30.537  -58.969  -14.740 0.4000000060
12730  -27.964  -65.149  -14.511 0.6000000238
18170  -29.357  -59.769  -15.157 0.4000000060
13644  -27.306  -64.929  -14.915 0.6000000238
116390  -26.043  -63.754  -15.469 0.6000000238
19007  -30.056  -58.331  -14.309 0.4000000060
15458  -25.527  -62.809  -15.422 0.6000000238
13642  -25.506  -64.339  -15.788 0.6999999881
17280  -23.716  -60.573  -15.258 0.6000000238
17279  -22.850  -59.926  -16.044 0.5000000000
14441  -27.102  -63.179  -6.827 0.6999999881
15365  -27.245  -62.525  -6.967 0.6999999881
16265  -26.859  -61.878  -6.445 0.6000000238
17187  -26.624  -60.879  -7.472 0.6000000238
17186  -25.671  -60.284  -6.776 0.6000000238
17197  -25.589  -60.166  -7.665 0.6000000238
18083  -24.745  -59.632  -7.924 0.6999999881
114975  -23.936  -59.057  -7.952 0.6000000238
18100  -24.642  -59.488  -8.901 0.6000000238
15484  -29.663  -62.035  -19.319 0.5000000000
15487  -29.429  -62.698  -19.753 0.5000000000
15488  -29.864  -62.075  -19.985 0.5000000000
114767  -23.992  -59.189  -9.499 0.6000000238
18099  -23.381  -58.632  -8.637 0.5000000000
15490  -30.549  -62.521  -20.313 0.5000000000
120819  -31.514  -62.063  -20.682 0.4000000060
125774  -25.057  -59.334  -11.027 0.6000000238
13626  -29.008  -64.332  -13.821 0.6000000238
14533  -29.275  -63.653  -13.410 0.4000000060
15436  -28.889  -62.750  -13.546 0.6000000238
17257  -26.644  -60.335  -12.609 0.6000000238
18118  -24.132  -59.150  -10.390 0.6000000238
17290  -30.205  -60.889  -16.448 0.4000000060
133160  -30.203  -61.273  -16.962 0.4000000060
15451  -28.085  -62.909  -14.238 0.5000000000
15435  -27.976  -62.107  -13.844 0.5000000000
16351  -27.654  -61.421  -13.440 0.6000000238
17268  -27.211  -60.824  -13.049 0.6999999881
18144  -25.984  -59.832  -12.210 0.6000000238
18133  -25.185  -59.420  -11.835 0.6000000238
17283  -29.819  -60.373  -15.701 0.5000000000
13634  -27.933  -64.477  -14.577 0.6000000238
16360  -27.195  -61.669  -13.996 0.6000000238
16350  -26.751  -61.128  -13.725 0.6000000238
18151  -25.746  -60.095  -13.031 0.6000000238
18132  -24.191  -59.180  -12.354 0.6000000238
18976  -23.035  -58.761  -11.734 0.6000000238
18171  -30.188  -59.693  -15.182 0.4000000060
14545  -27.202  -63.100  -14.708 0.5000000000
15450  -27.194  -62.286  -14.370 0.6000000238
17274  -25.750  -60.838  -14.044 0.6000000238
18150  -24.666  -59.976  -13.549 0.6000000238
18142  -23.854  -59.452  -13.353 0.6000000238
14554  -27.098  -63.990  -14.999 0.6000000238
119131  -26.459  -63.230  -15.125 0.6000000238
15449  -26.347  -62.479  -14.856 0.6000000238
16358  -25.026  -61.108  -14.718 0.6000000238
17266  -25.427  -60.393  -13.653 0.6000000238
16365  -24.447  -61.346  -15.385 0.6000000238
17272  -22.747  -59.587  -15.451 0.5000000000
19014  -22.679  -58.750  -15.704 0.5000000000
14440  -26.613  -63.348  -6.160 0.6999999881
15353  -26.825  -62.634  -6.252 0.6999999881
13490  -25.407  -64.165  -4.999 0.6999999881
14415  -26.187  -63.235  -4.770 0.6999999881
14430  -26.251  -63.589  -5.487 0.6999999881
16264  -26.689  -61.914  -5.652 0.6999999881
16277  -26.332  -60.994  -6.091 0.6000000238
18077  -24.494  -58.888  -6.940 0.5000000000
120459  -24.896  -59.584  -7.242 0.6999999881
18076  -23.998  -58.513  -7.315 0.5000000000
18926  -23.469  -58.162  -7.851 0.5000000000
132869  -23.013  -57.884  -8.389 0.5000000000
15485  -30.037  -61.221  -19.790 0.4000000060
16385  -30.445  -60.679  -20.199 0.5000000000
16388  -31.024  -61.147  -20.575 0.5000000000
16389  -32.004  -61.267  -21.087 0.4000000060
16379  -30.126  -61.430  -17.631 0.4000000060
113969  -23.079  -58.642  -9.561 0.6000000238
116953  -24.222  -59.090  -11.359 0.6000000238
18964  -23.055  -58.719  -10.556 0.6000000238
18986  -23.025  -59.002  -12.987 0.6000000238
126299  -21.953  -58.316  -11.502 0.6000000238
18149  -23.270  -59.679  -14.361 0.6000000238
18994  -22.594  -59.103  -14.127 0.6000000238
18985  -22.088  -58.531  -12.513 0.6000000238
17273  -24.340  -60.389  -14.382 0.6000000238
18993  -21.924  -58.646  -13.698 0.5000000000
18156  -22.434  -58.917  -15.024 0.5000000000
13489  -24.758  -64.264  -4.528 0.6999999881
14414  -25.557  -63.687  -4.393 0.6999999881
15323  -26.387  -62.472  -4.431 0.6999999881
15338  -26.543  -62.749  -5.352 0.6999999881
16247  -26.608  -61.842  -4.799 0.6000000238
17173  -25.858  -59.985  -5.964 0.4000000060
13468  -23.602  -64.266  -3.651 0.6999999881
14413  -24.940  -63.823  -3.907 0.6999999881
15322  -26.029  -62.958  -4.023 0.6000000238
15306  -26.488  -61.711  -3.968 0.6000000238
18067  -25.110  -59.352  -6.594 0.5000000000
115711  -22.162  -64.343  -3.344 0.6999999881
14390  -23.014  -64.014  -3.116 0.6999999881
18900  -25.064  -58.451  -6.619 0.5000000000
14389  -21.421  -63.803  -3.015 0.6999999881
131661  -24.446  -58.142  -6.951 0.5000000000
15302  -20.849  -63.150  -3.066 0.6000000238
15301  -19.839  -63.013  -3.347 0.6000000238
15321  -19.116  -62.379  -3.860 0.6000000238
16245  -18.614  -61.481  -5.649 0.5000000000
17152  -19.547  -60.344  -5.731 0.5000000000
17306  -30.660  -59.893  -20.200 0.4000000060
17309  -31.257  -60.486  -20.660 0.4000000060
18992  -21.126  -58.099  -13.147 0.6000000238
17137  -26.579  -60.966  -4.366 0.5000000000
17174  -26.512  -60.988  -5.283 0.5000000000
14391  -23.816  -63.771  -3.198 0.6000000238
15293  -24.962  -62.866  -3.057 0.6000000238
16213  -26.095  -61.702  -3.255 0.6000000238
17117  -26.381  -60.821  -3.508 0.6000000238
127816  -26.471  -60.179  -4.945 0.5000000000
18068  -25.623  -58.972  -6.079 0.5000000000
14376  -22.346  -63.583  -2.870 0.6999999881
14377  -23.240  -63.362  -2.812 0.6000000238
119620  -24.417  -62.389  -2.725 0.6000000238
16199  -25.312  -62.106  -2.864 0.6000000238
128712  -25.479  -61.279  -2.770 0.6000000238
18913  -25.685  -57.988  -6.725 0.5000000000
15303  -21.750  -63.010  -2.817 0.6999999881
15291  -22.655  -62.783  -2.721 0.6000000238
116691  -23.046  -61.745  -2.806 0.6000000238
116147  -23.826  -61.114  -2.685 0.6000000238
17104  -24.688  -60.727  -2.596 0.6000000238
123424  -21.239  -62.283  -3.166 0.6000000238
15304  -22.095  -62.071  -2.967 0.6000000238
16212  -22.313  -61.059  -3.223 0.6000000238
17102  -23.074  -60.641  -2.939 0.6000000238
16209  -19.942  -62.000  -3.746 0.6000000238
17113  -21.065  -60.852  -4.054 0.6000000238
17114  -21.744  -60.514  -3.718 0.6000000238
17115  -22.436  -60.131  -3.374 0.6000000238
16231  -20.280  -61.168  -4.246 0.5000000000
17134  -19.856  -60.707  -4.909 0.5000000000
17135  -20.572  -60.366  -4.606 0.5000000000
17136  -21.259  -60.046  -4.264 0.6000000238
18028  -21.872  -59.657  -3.784 0.6000000238
18194  -31.780  -59.674  -20.662 0.4000000060
17171  -18.735  -60.684  -7.087 0.5000000000
17153  -20.121  -59.918  -5.260 0.5000000000
18043  -20.692  -59.549  -4.727 0.6000000238
18044  -21.339  -59.170  -4.234 0.6000000238
18065  -18.884  -59.857  -7.484 0.5000000000
18066  -19.256  -59.440  -6.852 0.5000000000
18055  -19.632  -59.459  -6.030 0.4000000060
18056  -20.176  -59.048  -5.269 0.5000000000
18883  -20.780  -58.647  -4.687 0.6000000238
18045  -26.575  -60.135  -4.046 0.6000000238
127683  -26.357  -59.350  -5.348 0.5000000000
131214  -26.606  -59.562  -4.538 0.5000000000
18901  -26.052  -58.390  -6.277 0.5000000000
18015  -25.720  -59.819  -2.707 0.6999999881
18016  -26.140  -59.454  -2.947 0.6999999881
17103  -23.863  -60.178  -2.691 0.6000000238
18014  -24.815  -59.793  -2.568 0.6999999881
17116  -23.101  -59.693  -2.932 0.6000000238
18013  -23.889  -59.214  -2.650 0.6999999881
18029  -22.504  -59.247  -3.326 0.6000000238
18030  -23.087  -58.836  -2.879 0.6999999881
18869  -21.964  -58.793  -3.712 0.6000000238
18870  -22.575  -58.419  -3.307 0.6999999881
18947  -17.939  -59.341  -9.595 0.5000000000
18075  -19.097  -59.034  -7.381 0.5000000000
18892  -19.746  -58.512  -5.824 0.4000000060
18893  -20.256  -58.121  -5.217 0.6000000238
18884  -21.482  -58.204  -4.172 0.6000000238
18925  -18.437  -58.933  -8.774 0.5000000000
18899  -19.385  -58.808  -6.595 0.4000000060
112379  -19.414  -58.133  -6.324 0.5000000000
18894  -26.689  -58.704  -5.544 0.5000000000
113611  -26.679  -59.305  -3.899 0.6000000238
18871  -26.946  -58.509  -3.799 0.5000000000
18886  -27.366  -58.105  -4.223 0.5000000000
119571  -25.369  -59.068  -2.608 0.6999999881
18859  -24.414  -58.483  -2.570 0.6999999881
131669  -23.614  -58.471  -2.720 0.6000000238
125994  -22.111  -58.085  -3.670 0.6999999881
19733  -23.241  -57.412  -2.990 0.6000000238
19745  -20.864  -57.735  -4.668 0.6000000238
129492  -21.400  -57.441  -4.317 0.6000000238
19797  -18.225  -58.101  -8.320 0.5000000000
19767  -19.143  -57.506  -6.476 0.4000000060
19757  -20.356  -57.183  -5.119 0.6000000238
127641  -18.114  -56.637  -7.229 0.4000000060
19779  -18.611  -57.573  -7.335 0.4000000060
117700  -19.307  -56.842  -5.956 0.5000000000
19756  -19.699  -57.555  -5.740 0.5000000000
115361  -26.692  -58.015  -3.219 0.6000000238
18872  -27.193  -57.831  -3.694 0.5000000000
125487  -26.048  -57.762  -2.694 0.6000000238
19735  -27.121  -57.232  -3.336 0.5000000000
19725  -25.337  -57.325  -2.548 0.6000000238
20535  -24.754  -56.671  -2.588 0.6000000238
20536  -25.560  -56.596  -2.606 0.5000000000
20534  -23.822  -56.865  -2.773 0.6000000238
20543  -22.263  -56.699  -3.748 0.6999999881
20544  -23.440  -56.022  -3.139 0.5000000000
20555  -21.054  -56.806  -4.615 0.6000000238
20568  -20.411  -56.298  -5.055 0.5000000000
20580  -18.689  -56.562  -6.511 0.4000000060
127274  -19.897  -55.956  -5.383 0.5000000000
24989  -16.608  -50.861  -8.101 0.4000000060
25841  -17.159  -50.411  -7.830 0.3000000119
25848  -17.410  -50.757  -8.861 0.4000000060
20546  -27.452  -56.622  -3.524 0.5000000000
132462  -16.973  -51.628  -9.364 0.3000000119
21407  -25.197  -55.846  -2.673 0.5000000000
20545  -26.842  -56.381  -3.026 0.5000000000
120664  -17.316  -53.897  -10.948 0.3000000119
25011  -17.781  -51.958  -10.333 0.4000000060
21406  -24.302  -55.908  -2.795 0.5000000000
22436  -17.871  -54.296  -10.822 0.3000000119
20557  -22.267  -55.807  -3.927 0.6000000238
116986  -21.026  -55.857  -4.710 0.6999999881
21427  -21.674  -55.429  -4.405 0.6000000238
20581  -19.267  -55.988  -5.790 0.5000000000
21440  -20.358  -55.435  -5.198 0.5000000000
21439  -19.694  -55.457  -5.541 0.4000000060
21426  -21.073  -55.012  -4.856 0.4000000060
25835  -18.288  -49.923  -6.821 0.3000000119
25834  -17.227  -50.340  -6.934 0.3000000119
25842  -17.920  -50.024  -7.651 0.3000000119
125929  -17.825  -50.253  -8.462 0.3000000119
25849  -18.281  -50.419  -9.455 0.4000000060
21408  -26.054  -55.955  -2.726 0.5000000000
24161  -17.939  -52.728  -10.719 0.4000000060
25001  -17.903  -51.217  -9.957 0.4000000060
21417  -25.734  -55.129  -2.889 0.5000000000
130825  -18.403  -53.272  -10.714 0.4000000060
24162  -18.691  -52.624  -10.717 0.4000000060
21415  -23.891  -55.193  -3.142 0.5000000000
21416  -24.796  -55.084  -2.908 0.5000000000
23322  -18.451  -53.838  -10.591 0.4000000060
21414  -22.983  -55.334  -3.576 0.5000000000
22353  -22.434  -54.352  -4.359 0.5000000000
21455  -18.424  -54.863  -6.548 0.3000000119
22390  -18.974  -54.374  -6.324 0.4000000060
22372  -20.482  -54.542  -5.350 0.4000000060
23246  -21.939  -53.930  -4.768 0.4000000060
25823  -19.043  -49.973  -5.916 0.3000000119
26812  -18.406  -49.534  -7.543 0.3000000119
26822  -18.927  -49.268  -8.836 0.4000000060
26834  -18.770  -49.799  -9.369 0.4000000060
21430  -28.709  -55.609  -5.095 0.4000000060
25861  -19.098  -50.205  -10.256 0.4000000060
21429  -28.127  -55.682  -4.347 0.4000000060
25012  -18.554  -51.808  -10.634 0.4000000060
25870  -18.818  -51.018  -10.527 0.4000000060
22343  -27.031  -54.948  -3.634 0.4000000060
25013  -19.440  -51.545  -10.856 0.4000000060
22340  -24.346  -54.499  -3.369 0.5000000000
23323  -18.929  -53.335  -10.411 0.4000000060
123292  -18.837  -53.741  -9.091 0.3000000119
23232  -23.944  -53.957  -3.833 0.5000000000
23281  -19.922  -53.398  -6.274 0.3000000119
26805  -18.673  -49.320  -6.780 0.3000000119
27761  -18.714  -48.881  -7.524 0.3000000119
116481  -18.658  -49.234  -8.121 0.3000000119
27776  -19.299  -48.658  -9.232 0.4000000060
26835  -19.410  -49.330  -9.852 0.4000000060
27802  -20.679  -48.117  -10.834 0.3000000119
26843  -20.174  -49.056  -10.695 0.4000000060
21442  -29.861  -55.565  -6.020 0.4000000060
22391  -31.041  -54.947  -6.278 0.4000000060
130345  -20.405  -49.772  -11.142 0.4000000060
22357  -27.589  -54.981  -4.267 0.4000000060
22342  -26.281  -54.620  -3.466 0.4000000060
24164  -19.831  -52.017  -10.748 0.3000000119
22341  -25.286  -54.380  -3.383 0.4000000060
23313  -19.416  -53.245  -9.800 0.3000000119
24154  -20.139  -52.532  -9.952 0.3000000119
115599  -19.927  -52.772  -8.034 0.3000000119
23263  -21.522  -53.564  -5.193 0.4000000060
124540  -19.163  -48.462  -5.988 0.3000000119
27775  -18.927  -48.458  -8.376 0.4000000060
28695  -19.421  -47.592  -9.379 0.4000000060
28708  -20.326  -47.302  -10.369 0.4000000060
22392  -31.538  -54.505  -6.437 0.4000000060
22377  -30.351  -54.863  -5.923 0.4000000060
26844  -20.837  -48.939  -11.166 0.4000000060
22375  -28.726  -54.803  -5.547 0.4000000060
25872  -20.602  -50.376  -11.152 0.4000000060
22356  -26.864  -54.310  -4.376 0.4000000060
22374  -27.995  -54.090  -5.540 0.4000000060
25014  -20.188  -51.221  -11.041 0.3000000119
22355  -25.923  -53.930  -3.995 0.4000000060
24990  -20.892  -51.964  -9.455 0.3000000119
23233  -24.652  -53.996  -3.717 0.5000000000
24144  -19.835  -52.975  -8.976 0.3000000119
24145  -20.434  -52.461  -8.717 0.3000000119
23249  -24.534  -53.449  -4.331 0.5000000000
133155  -21.106  -52.688  -5.993 0.3000000119
23264  -22.161  -53.251  -5.034 0.4000000060
22371  -19.695  -54.195  -5.868 0.4000000060
125507  -18.775  -47.603  -7.054 0.3000000119
28721  -21.195  -47.536  -10.727 0.3000000119
22378  -31.190  -54.310  -5.890 0.4000000060
120462  -20.923  -49.632  -11.247 0.3000000119
124500  -29.721  -54.259  -5.642 0.4000000060
23271  -31.233  -53.493  -5.426 0.3000000119
25873  -21.323  -50.059  -10.960 0.3000000119
23252  -27.143  -53.780  -5.387 0.4000000060
132071  -29.359  -53.832  -5.593 0.4000000060
25003  -21.284  -51.326  -10.012 0.3000000119
113320  -21.586  -51.519  -8.976 0.3000000119
23266  -25.820  -53.187  -5.381 0.4000000060
24133  -20.540  -52.406  -7.512 0.3000000119
24122  -21.179  -52.256  -6.696 0.3000000119
128178  -21.811  -52.328  -6.065 0.3000000119
24097  -22.987  -52.955  -4.952 0.3000000119
27804  -21.486  -48.294  -10.732 0.3000000119
27791  -21.611  -47.818  -10.374 0.3000000119
27805  -21.836  -48.903  -10.556 0.3000000119
23270  -30.051  -53.522  -5.322 0.3000000119
116066  -29.062  -53.400  -5.506 0.4000000060
25850  -22.721  -50.572  -9.051 0.3000000119
119864  -28.190  -53.477  -5.669 0.4000000060
24978  -21.884  -51.653  -8.044 0.3000000119
24134  -21.318  -51.975  -7.478 0.3000000119
23265  -25.044  -52.970  -5.182 0.3000000119
24109  -23.302  -52.467  -5.658 0.3000000119
130432  -23.281  -49.613  -8.718 0.3000000119
24991  -22.394  -51.179  -8.617 0.3000000119
127027  -27.778  -52.874  -5.756 0.3000000119
24114  -28.629  -52.603  -5.393 0.3000000119
24979  -22.829  -51.485  -7.842 0.3000000119
24123  -22.747  -52.126  -6.243 0.3000000119
24110  -24.839  -52.546  -6.003 0.3000000119
26824  -23.785  -49.732  -8.209 0.3000000119
27764  -24.106  -49.022  -7.064 0.3000000119
24992  -23.279  -51.008  -8.360 0.3000000119
24113  -27.044  -52.518  -5.999 0.3000000119
25852  -24.112  -50.323  -8.066 0.3000000119
26814  -24.408  -49.834  -7.644 0.3000000119
127900  -20.712  -53.502  -5.645 0.4000000060
24120  -19.706  -53.021  -7.130 0.3000000119
24121  -20.463  -52.789  -6.475 0.3000000119
10313  -32.305  -68.321  -16.141 0.6000000238
8637  -32.548  -69.864  -16.931 0.5000000000
9471  -35.600  -69.680  -16.482 0.5000000000
132958  -31.277  -66.450  -16.622 0.6999999881
116648  -29.433  -67.937  -16.581 0.6999999881
10311  -30.705  -68.217  -16.611 0.6999999881
10296  -34.801  -68.294  -15.306 0.5000000000
10332  -42.359  -68.056  -19.592 0.3000000119
11916  -35.699  -67.172  -15.900 0.5000000000
12749  -34.983  -66.346  -17.100 0.3000000119
134157  -29.867  -66.370  -18.835 0.6000000238
10338  -25.657  -69.431  -22.151 0.6000000238
11127  -28.211  -67.582  -17.806 0.6999999881
131080  -28.082  -68.236  -16.901 0.6999999881
11913  -33.212  -67.025  -15.732 0.5000000000
10295  -33.858  -68.190  -15.292 0.6000000238
9451  -33.565  -69.081  -15.737 0.5000000000
119284  -28.555  -69.011  -16.378 0.6999999881
9465  -28.232  -69.437  -16.299 0.5000000000
8671  -23.516  -70.396  -19.650 0.6000000238
115065  -27.722  -70.121  -16.181 0.5000000000
114971  -31.944  -66.363  -16.507 0.5000000000
11133  -41.685  -66.900  -19.738 0.3000000119
8627  -41.867  -70.142  -16.158 0.3000000119
112714  -24.392  -63.807  -18.513 0.6000000238
13648  -23.286  -63.760  -17.181 0.6000000238
15466  -23.432  -61.755  -16.651 0.6000000238
15477  -28.545  -62.764  -17.428 0.5000000000
116283  -26.258  -61.762  -17.576 0.6000000238
16377  -27.144  -61.741  -17.122 0.5000000000
17300  -24.607  -60.544  -18.163 0.6000000238
18169  -28.430  -59.684  -15.378 0.4000000060
12736  -25.795  -65.167  -15.710 0.6000000238
16289  -28.688  -61.885  -9.143 0.6000000238
14583  -28.776  -63.193  -19.205 0.4000000060
16372  -29.735  -61.599  -16.856 0.4000000060
18159  -29.713  -59.108  -14.606 0.4000000060
12737  -26.688  -65.506  -15.220 0.6000000238
16288  -27.776  -61.561  -8.166 0.6000000238
17232  -27.895  -60.559  -10.512 0.6000000238
16387  -30.415  -61.507  -20.210 0.5000000000
16340  -29.434  -62.147  -12.013 0.5000000000
18119  -25.217  -59.472  -10.165 0.6000000238
15422  -29.530  -62.702  -12.355 0.4000000060
16366  -25.432  -61.888  -15.061 0.5000000000
17267  -26.300  -60.574  -13.366 0.6000000238
16359  -26.267  -61.599  -14.400 0.5000000000
14387  -19.415  -63.880  -3.477 0.6000000238
17172  -19.225  -60.104  -6.612 0.5000000000
126957  -26.060  -60.929  -2.995 0.5000000000
15292  -23.555  -62.584  -2.677 0.6000000238
16198  -24.601  -61.588  -2.631 0.6000000238
17105  -26.133  -60.251  -3.005 0.6000000238
16211  -21.543  -61.388  -3.476 0.6000000238
119979  -18.713  -59.325  -8.157 0.5000000000
18885  -26.929  -58.843  -4.518 0.5000000000
19732  -22.607  -57.557  -3.384 0.6000000238
19780  -19.119  -58.280  -7.028 0.5000000000
20556  -21.656  -56.246  -4.257 0.6000000238
24988  -16.128  -51.396  -8.208 0.3000000119
19726  -25.931  -57.126  -2.635 0.5000000000
119959  -18.644  -55.592  -6.281 0.3000000119
21419  -27.443  -55.739  -3.601 0.4000000060
21456  -19.127  -55.020  -5.884 0.4000000060
22389  -18.587  -54.111  -6.937 0.3000000119
23247  -22.684  -53.652  -4.582 0.5000000000
22376  -29.389  -54.911  -5.769 0.4000000060
27747  -18.858  -48.436  -6.778 0.3000000119
25002  -20.561  -51.702  -10.497 0.3000000119
23251  -26.294  -53.641  -5.009 0.4000000060
24108  -22.400  -52.630  -5.504 0.3000000119
25862  -21.548  -50.692  -10.348 0.3000000119
24098  -24.026  -52.827  -5.144 0.4000000060
28656  -18.720  -46.856  -6.992 0.3000000119
25863  -22.102  -50.119  -10.001 0.3000000119
23267  -26.545  -53.076  -5.826 0.4000000060
25851  -23.498  -50.295  -8.561 0.3000000119
6410  -27.464  -73.808  -14.969 0.5000000000
6411  -28.218  -73.419  -15.448 0.5000000000
7164  -28.657  -72.471  -15.936 0.5000000000
7909  -28.251  -71.888  -15.975 0.4000000060
6409  -26.900  -73.772  -14.567 0.5000000000
124962  -26.684  -73.378  -15.428 0.5000000000
7163  -27.795  -72.723  -15.715 0.5000000000
7917  -27.293  -72.048  -16.203 0.5000000000
121495  -27.313  -70.949  -16.286 0.4000000060
7151  -25.908  -73.334  -15.195 0.4000000060
7175  -26.418  -73.042  -16.222 0.5000000000
7916  -26.344  -71.793  -16.914 0.4000000060
7162  -25.097  -72.984  -15.633 0.5000000000
134696  -25.086  -73.073  -16.191 0.5000000000
121536  -25.601  -73.182  -16.090 0.5000000000
7161  -24.736  -72.776  -16.235 0.5000000000
7174  -25.299  -72.947  -16.620 0.5000000000
7914  -24.696  -72.505  -16.928 0.5000000000
7915  -25.400  -72.512  -17.176 0.5000000000
7926  -25.414  -72.041  -17.569 0.4000000060
7899  -25.036  -72.197  -14.882 0.5000000000
7925  -24.845  -72.080  -17.558 0.5000000000
9480  -24.998  -71.688  -18.228 0.5000000000
9439  -25.255  -70.003  -13.909 0.5000000000
7898  -24.565  -71.496  -15.282 0.5000000000
8624  -24.140  -70.779  -15.859 0.5000000000
133295  -23.998  -71.431  -16.587 0.5000000000
123762  -23.770  -70.855  -16.840 0.5000000000
8633  -24.180  -71.813  -17.280 0.5000000000
8647  -24.409  -71.499  -18.247 0.5000000000
8613  -24.672  -70.361  -14.833 0.5000000000
10283  -24.887  -69.463  -14.519 0.5000000000
10284  -25.196  -68.707  -14.454 0.5000000000
9449  -24.390  -69.667  -15.321 0.5000000000
10292  -24.260  -68.867  -15.675 0.5000000000
10293  -24.895  -68.296  -15.216 0.5000000000
9462  -23.867  -69.767  -16.164 0.5000000000
9461  -23.467  -69.865  -17.130 0.5000000000
8632  -23.715  -71.019  -18.004 0.5000000000
8663  -23.920  -71.094  -19.035 0.5000000000
11911  -26.810  -66.317  -14.898 0.5000000000
129305  -25.177  -67.442  -15.478 0.5000000000
11095  -24.300  -67.888  -16.028 0.5000000000
11110  -24.610  -66.969  -16.145 0.5000000000
123892  -23.670  -67.819  -16.717 0.5000000000
9479  -23.284  -69.818  -18.138 0.5000000000
115806  -23.288  -68.992  -17.453 0.5000000000
11902  -28.282  -65.692  -14.080 0.5000000000
11912  -27.480  -65.698  -14.650 0.5000000000
11096  -25.337  -66.718  -15.717 0.6000000238
13547  -25.356  -64.267  -8.797 0.5000000000
120687  -26.659  -64.262  -8.130 0.6000000238
117413  -24.896  -64.428  -7.956 0.5000000000
119406  -25.955  -64.436  -7.825 0.5000000000
13533  -26.674  -64.159  -7.491 0.6000000238
111763  -26.135  -64.321  -6.898 0.6000000238
13532  -25.316  -64.513  -7.061 0.6000000238
13516  -24.718  -64.552  -6.398 0.5000000000
14451  -26.711  -63.790  -6.822 0.6000000238
13517  -25.581  -64.377  -6.234 0.6000000238
112540  -24.173  -64.554  -5.870 0.5000000000
13504  -24.971  -64.470  -5.488 0.6000000238
13505  -25.760  -64.144  -5.553 0.6000000238
13515  -23.362  -64.505  -5.899 0.5000000000
13503  -23.964  -64.571  -5.042 0.5000000000
13486  -21.767  -64.922  -4.028 0.5000000000
13466  -21.198  -64.557  -3.491 0.6000000238
14386  -18.622  -63.736  -3.726 0.6000000238
13465  -19.792  -64.658  -3.676 0.5000000000
13467  -22.949  -64.412  -3.660 0.6000000238
13488  -23.364  -64.553  -4.283 0.5000000000
14388  -20.410  -64.036  -3.257 0.5000000000
15320  -18.423  -62.901  -3.976 0.6000000238
15300  -19.038  -63.173  -3.616 0.6000000238
16230  -19.431  -61.526  -4.401 0.6000000238
12781  -41.362  -65.112  -19.484 0.3000000119
11946  -39.309  -66.496  -18.462 0.3000000119
12793  -41.122  -64.395  -19.941 0.3000000119
12765  -38.418  -66.243  -18.481 0.3000000119
11128  -39.831  -67.098  -18.526 0.3000000119
10308  -23.669  -68.728  -16.561 0.5000000000
11109  -23.857  -67.162  -16.662 0.5000000000
13549  -27.158  -64.168  -8.818 0.5000000000
131328  -26.061  -72.740  -16.730 0.5000000000
7908  -24.621  -72.380  -15.661 0.5000000000
113726  -25.393  -69.186  -13.603 0.5000000000
11947  -41.126  -66.072  -19.487 0.3000000119
12780  -38.918  -65.726  -19.640 0.3000000119
12792  -40.713  -64.888  -20.309 0.3000000119
11953  -40.084  -65.735  -19.450 0.3000000119
24115  -29.689  -52.727  -5.037 0.3000000119
7907  -24.256  -72.020  -16.278 0.5000000000
8662  -23.482  -70.482  -18.791 0.6000000238
9497  -23.613  -70.119  -20.719 0.6000000238
9500  -26.005  -69.788  -21.381 0.6000000238
9502  -24.220  -69.927  -21.541 0.6000000238
11101  -35.298  -67.661  -15.455 0.5000000000
11136  -23.819  -68.382  -21.390 0.6000000238
11140  -26.047  -68.731  -22.410 0.6000000238
11931  -36.205  -66.815  -16.578 0.4000000060
12762  -36.016  -66.311  -18.062 0.3000000119
12768  -23.247  -65.240  -18.631 0.6000000238
12795  -29.416  -66.686  -22.588 0.5000000000
13464  -18.977  -64.489  -3.743 0.6000000238
13469  -24.314  -64.087  -3.767 0.6999999881
13487  -22.578  -64.720  -4.172 0.6000000238
13518  -26.245  -64.004  -6.166 0.6999999881
13534  -27.085  -64.069  -8.001 0.6000000238
13643  -26.445  -64.632  -15.383 0.6000000238
13664  -28.330  -65.017  -21.006 0.5000000000
14378  -24.111  -63.134  -2.857 0.6000000238
14392  -24.595  -63.522  -3.365 0.6999999881
14393  -25.347  -63.259  -3.659 0.6000000238
14429  -25.878  -63.816  -5.028 0.6999999881
14477  -28.652  -63.417  -9.508 0.6000000238
14546  -27.975  -63.711  -14.502 0.6000000238
14547  -28.713  -63.589  -14.017 0.5000000000
14552  -24.458  -62.697  -15.961 0.6999999881
14567  -23.181  -63.129  -17.516 0.6000000238
15305  -25.741  -62.548  -3.409 0.6000000238
15375  -27.660  -62.429  -7.701 0.6999999881
15386  -29.163  -62.356  -9.819 0.6000000238
15400  -29.386  -62.709  -10.360 0.5000000000
15410  -29.575  -62.754  -10.980 0.5000000000
15421  -29.245  -62.317  -12.764 0.4000000060
15465  -23.210  -62.272  -17.202 0.6000000238
15482  -24.130  -62.016  -18.408 0.6000000238
16197  -23.871  -61.887  -2.637 0.6000000238
16210  -20.751  -61.674  -3.664 0.6000000238
16246  -19.158  -61.116  -5.218 0.5000000000
16323  -29.109  -61.549  -11.545 0.5000000000
16338  -28.119  -61.186  -12.713 0.6999999881
16339  -28.916  -61.637  -12.371 0.5000000000
16364  -23.576  -60.815  -15.872 0.6000000238
16378  -29.618  -62.139  -17.862 0.5000000000
16381  -23.593  -61.913  -18.139 0.6000000238
17198  -27.490  -60.794  -8.696 0.6000000238
17200  -28.599  -61.329  -9.545 0.6000000238
17231  -27.005  -60.097  -10.890 0.5000000000
17233  -28.658  -61.103  -10.193 0.6000000238
17246  -28.601  -61.004  -11.031 0.5000000000
17258  -27.553  -60.649  -12.241 0.6000000238
17287  -23.233  -60.347  -17.061 0.5000000000
17293  -23.561  -60.605  -17.667 0.5000000000
17297  -30.519  -60.907  -17.314 0.4000000060
18031  -26.374  -59.847  -3.431 0.6000000238
18143  -25.026  -59.634  -12.728 0.6000000238
18175  -23.510  -59.750  -17.438 0.5000000000
18858  -23.123  -58.072  -2.959 0.6000000238
18860  -25.326  -58.149  -2.560 0.6000000238
18861  -26.137  -58.593  -2.831 0.6999999881
18911  -18.747  -58.559  -7.846 0.5000000000
18912  -24.952  -57.739  -6.947 0.5000000000
18975  -22.234  -58.313  -10.808 0.6000000238
19723  -23.750  -57.802  -2.708 0.6000000238
19724  -24.527  -57.553  -2.561 0.6000000238
19731  -21.908  -57.483  -3.879 0.6999999881
19734  -26.525  -57.208  -2.874 0.5000000000
19778  -17.795  -57.139  -7.931 0.4000000060
19781  -25.964  -57.676  -7.333 0.5000000000
19877  -30.368  -57.523  -14.230 0.4000000060
20537  -26.190  -56.654  -2.718 0.5000000000
20567  -19.826  -56.627  -5.499 0.5000000000
21418  -26.613  -55.403  -3.128 0.5000000000
21428  -22.311  -55.042  -4.126 0.5000000000
21441  -29.270  -55.565  -5.640 0.4000000060
22338  -22.853  -54.683  -3.935 0.5000000000
22339  -23.517  -54.605  -3.617 0.5000000000
22352  -21.759  -54.656  -4.583 0.4000000060
22354  -23.151  -54.108  -4.114 0.5000000000
22358  -28.155  -54.908  -5.041 0.4000000060
22373  -21.245  -54.210  -5.066 0.4000000060
22393  -31.975  -54.079  -6.662 0.4000000060
22426  -18.426  -54.228  -10.116 0.4000000060
23234  -25.178  -53.801  -3.930 0.5000000000
23248  -23.543  -53.452  -4.436 0.5000000000
23250  -25.453  -53.459  -4.597 0.4000000060
23268  -27.422  -53.310  -5.710 0.4000000060
23269  -28.798  -54.168  -5.681 0.4000000060
23280  -19.276  -53.733  -6.587 0.3000000119
23289  -19.049  -53.567  -7.290 0.3000000119
23301  -19.300  -53.284  -8.141 0.3000000119
23311  -17.317  -53.114  -10.681 0.3000000119
23312  -18.893  -53.783  -10.112 0.4000000060
23321  -17.916  -53.596  -10.903 0.4000000060
24107  -21.588  -52.951  -5.516 0.4000000060
24146  -21.073  -51.968  -8.330 0.3000000119
24153  -17.334  -52.390  -10.267 0.4000000060
24163  -19.435  -52.720  -10.476 0.4000000060
25004  -21.957  -50.904  -9.494 0.3000000119
25015  -20.902  -50.918  -10.877 0.3000000119
25843  -24.018  -50.867  -8.027 0.3000000119
25871  -19.790  -50.619  -11.010 0.4000000060
25874  -21.791  -49.484  -10.563 0.3000000119
26813  -23.814  -49.259  -7.737 0.3000000119
26821  -18.374  -49.779  -8.486 0.3000000119
26845  -21.310  -49.036  -11.042 0.3000000119
27790  -19.880  -48.317  -10.126 0.3000000119
27803  -21.109  -48.148  -11.037 0.3000000119
28709  -21.396  -47.123  -10.293 0.3000000119
28720  -20.954  -47.322  -10.770 0.3000000119
29724  -20.703  -46.549  -10.357 0.3000000119
112324  -25.574  -60.473  -2.715 0.6000000238
114858  -26.482  -58.943  -3.379 0.6999999881
115285  -24.032  -64.424  -4.209 0.5000000000
117263  -19.214  -52.176  -10.766 0.4000000060
119440  -20.497  -62.414  -3.366 0.6000000238
119447  -21.015  -65.096  -4.127 0.6000000238
119689  -35.760  -66.652  -20.044 0.3000000119
119999  -22.775  -56.126  -3.506 0.6000000238
121098  -22.822  -49.834  -9.247 0.3000000119
121632  -23.610  -62.502  -16.561 0.6000000238
122572  -30.558  -54.101  -5.592 0.3000000119
125541  -23.014  -63.940  -17.870 0.5000000000
126302  -23.005  -56.778  -3.231 0.5000000000
127037  -21.661  -56.932  -4.167 0.6000000238
127248  -19.852  -54.921  -5.542 0.4000000060
127994  -27.588  -54.397  -5.036 0.4000000060
128054  -24.342  -59.181  -7.474 0.5000000000
128389  -25.392  -67.016  -21.411 0.5000000000
128397  -24.683  -68.991  -15.023 0.5000000000
131186  -28.501  -64.199  -14.261 0.6000000238
132091  -19.395  -53.324  -9.007 0.3000000119
132663  -19.767  -49.834  -10.744 0.4000000060
133703  -20.519  -64.802  -3.697 0.5000000000
133748  -18.562  -59.996  -8.274 0.5000000000
133757  -26.498  -61.136  -6.659 0.6000000238
133959  -26.240  -62.295  -3.783 0.6000000238
134014  -25.802  -73.064  -16.514 0.5000000000
134090  -18.221  -52.254  -10.635 0.4000000060
134267  -22.875  -64.544  -17.969 0.6000000238
134899  -24.600  -59.130  -2.564 0.6999999881
