#!ascii label  , from subject sub-v1s4x0050701_ses-1 vox2ras=TkReg
289
67365  -25.290  -7.264  -8.870 0.0000000000
70419  -22.788  -3.893  -11.966 0.0000000000
81267  -20.904  8.732  -13.921 0.0000000000
78504  -21.510  4.761  -11.867 0.0000000000
75760  -23.343  1.174  -9.924 0.0000000000
73084  -26.240  -1.797  -7.966 0.0000000000
83652  -20.191  10.071  -13.823 0.0000000000
76609  -22.441  2.673  -10.680 0.0000000000
74914  -21.929  0.772  -12.545 0.0000000000
69403  -24.167  -5.758  -10.118 0.0000000000
71317  -23.985  -3.112  -9.818 0.0000000000
70367  -25.630  -4.700  -8.610 0.0000000000
62532  -24.057  -12.505  -9.090 0.0000000000
67379  -23.807  -7.761  -10.689 0.0000000000
86684  -19.819  15.269  -10.142 0.0000000000
85898  -20.288  14.220  -11.314 0.0000000000
85131  -20.981  12.155  -12.770 0.0000000000
83639  -21.929  10.592  -12.935 0.0000000000
82787  -22.559  9.373  -12.006 0.0000000000
116647  -21.286  6.227  -12.564 0.0000000000
111736  -22.285  7.517  -9.966 0.0000000000
79443  -22.945  5.826  -8.992 0.0000000000
77512  -23.690  3.842  -8.754 0.0000000000
76586  -25.017  2.144  -8.061 0.0000000000
73095  -22.785  -1.032  -10.966 0.0000000000
74000  -24.843  -0.152  -8.772 0.0000000000
74913  -21.610  0.997  -13.428 0.0000000000
74030  -21.419  -0.266  -14.316 0.0000000000
69381  -24.675  -5.819  -9.517 0.0000000000
134604  -24.952  -4.749  -9.157 0.0000000000
69366  -25.795  -5.660  -8.503 0.0000000000
117377  -25.109  -15.345  -6.389 0.0000000000
60635  -24.736  -14.369  -7.377 0.0000000000
61582  -24.998  -13.631  -7.651 0.0000000000
67395  -23.394  -7.459  -11.295 0.0000000000
66418  -22.884  -8.750  -12.239 0.0000000000
85914  -20.976  13.474  -11.783 0.0000000000
82816  -20.501  9.476  -14.028 0.0000000000
83638  -21.260  10.327  -13.513 0.0000000000
82800  -21.328  9.543  -13.624 0.0000000000
83623  -22.601  10.138  -12.479 0.0000000000
82009  -22.164  8.703  -12.342 0.0000000000
79463  -21.540  5.628  -11.790 0.0000000000
80381  -21.760  6.525  -11.717 0.0000000000
80375  -21.889  5.791  -10.937 0.0000000000
81229  -22.583  6.986  -9.423 0.0000000000
79458  -22.180  5.212  -10.278 0.0000000000
75750  -23.001  2.056  -10.102 0.0000000000
77524  -23.259  3.427  -9.329 0.0000000000
76597  -23.392  2.566  -9.410 0.0000000000
77513  -24.279  3.436  -8.342 0.0000000000
128585  -24.130  1.542  -8.985 0.0000000000
71362  -22.519  -3.335  -12.680 0.0000000000
120208  -22.445  -1.898  -12.214 0.0000000000
71346  -22.720  -3.084  -11.735 0.0000000000
72212  -25.354  -2.566  -8.678 0.0000000000
122606  -24.514  -1.850  -9.237 0.0000000000
119629  -25.318  -0.881  -8.543 0.0000000000
74873  -25.576  0.578  -8.139 0.0000000000
73986  -26.424  -0.171  -7.570 0.0000000000
63481  -25.172  -11.373  -8.502 0.0000000000
63499  -23.678  -11.290  -10.097 0.0000000000
119902  -24.981  -10.590  -8.847 0.0000000000
64444  -25.012  -9.714  -9.004 0.0000000000
77556  -21.180  3.556  -12.711 0.0000000000
77532  -21.879  4.118  -11.133 0.0000000000
76628  -21.719  2.182  -12.277 0.0000000000
75767  -22.120  1.486  -11.786 0.0000000000
113395  -22.587  1.058  -11.048 0.0000000000
70420  -23.152  -4.391  -11.254 0.0000000000
114913  -23.478  -3.366  -10.435 0.0000000000
71332  -23.895  -3.897  -10.034 0.0000000000
71319  -25.167  -3.280  -8.876 0.0000000000
71302  -26.258  -3.284  -8.106 0.0000000000
61601  -25.185  -12.900  -7.915 0.0000000000
69439  -22.807  -5.524  -12.186 0.0000000000
69423  -23.176  -5.882  -11.520 0.0000000000
126863  -23.929  -6.482  -10.453 0.0000000000
67380  -24.234  -7.219  -10.096 0.0000000000
115531  -20.795  16.324  -9.553 0.0000000000
86683  -19.581  14.478  -10.538 0.0000000000
86687  -19.900  14.758  -10.726 0.0000000000
85899  -21.640  13.946  -11.183 0.0000000000
85915  -22.226  13.132  -11.784 0.0000000000
85117  -22.771  12.357  -12.443 0.0000000000
84396  -20.560  11.504  -13.156 0.0000000000
84397  -21.660  11.342  -12.873 0.0000000000
120937  -23.249  11.883  -12.583 0.0000000000
84384  -23.589  11.534  -12.382 0.0000000000
83624  -23.367  10.733  -12.055 0.0000000000
82777  -23.340  9.734  -10.428 0.0000000000
81255  -20.550  7.234  -13.965 0.0000000000
81240  -22.177  8.064  -11.547 0.0000000000
117082  -22.501  8.562  -10.742 0.0000000000
82776  -22.933  8.984  -10.076 0.0000000000
81995  -23.194  8.491  -9.339 0.0000000000
80350  -23.471  6.370  -8.597 0.0000000000
78481  -22.609  4.703  -9.698 0.0000000000
79454  -23.041  5.053  -9.092 0.0000000000
73118  -22.062  -1.388  -13.477 0.0000000000
74019  -22.476  -0.738  -11.675 0.0000000000
74014  -23.083  -0.318  -10.478 0.0000000000
72235  -23.439  -2.086  -10.276 0.0000000000
74008  -23.698  -0.654  -9.755 0.0000000000
74899  -23.978  0.897  -9.295 0.0000000000
75740  -25.180  1.274  -8.263 0.0000000000
75725  -25.598  1.729  -7.695 0.0000000000
132521  -23.720  -9.178  -10.629 0.0000000000
66393  -24.604  -8.544  -9.523 0.0000000000
67350  -26.021  -7.706  -8.288 0.0000000000
68345  -25.147  -6.307  -9.027 0.0000000000
69382  -25.121  -5.405  -9.048 0.0000000000
130703  -26.388  -5.839  -8.030 0.0000000000
68346  -26.040  -6.613  -8.320 0.0000000000
59563  -24.421  -15.203  -6.962 0.0000000000
60627  -25.194  -14.685  -6.808 0.0000000000
121253  -21.645  8.773  -13.223 0.0000000000
128266  -21.346  8.350  -13.480 0.0000000000
78518  -21.038  4.469  -12.705 0.0000000000
79452  -22.124  5.990  -10.138 0.0000000000
78492  -21.826  4.977  -11.026 0.0000000000
75751  -23.612  1.739  -9.420 0.0000000000
75738  -23.951  2.194  -8.908 0.0000000000
73083  -25.554  -1.794  -8.467 0.0000000000
128932  -25.872  -1.212  -8.148 0.0000000000
74002  -25.876  -0.545  -8.043 0.0000000000
116583  -26.361  -1.033  -7.730 0.0000000000
73987  -26.935  -0.825  -7.246 0.0000000000
73070  -26.861  -1.639  -7.449 0.0000000000
76627  -21.341  2.701  -12.872 0.0000000000
76620  -21.672  2.991  -12.065 0.0000000000
125855  -21.471  2.053  -12.998 0.0000000000
75772  -21.697  1.514  -12.715 0.0000000000
74908  -22.325  0.574  -11.715 0.0000000000
70400  -23.768  -4.835  -10.411 0.0000000000
70383  -25.056  -4.071  -9.000 0.0000000000
71301  -25.701  -3.759  -8.520 0.0000000000
130357  -25.707  -3.072  -8.489 0.0000000000
70368  -26.321  -4.182  -8.071 0.0000000000
59562  -23.812  -15.821  -6.764 0.0000000000
58524  -23.580  -16.412  -6.398 0.0000000000
62516  -25.864  -12.333  -7.608 0.0000000000
115026  -23.751  -7.101  -10.734 0.0000000000
87453  -20.325  16.026  -9.555 0.0000000000
133998  -20.501  15.848  -9.743 0.0000000000
87454  -21.301  15.659  -9.907 0.0000000000
86685  -20.321  15.401  -10.161 0.0000000000
85913  -19.832  13.657  -11.864 0.0000000000
85897  -19.607  14.158  -11.243 0.0000000000
86688  -20.849  14.722  -10.736 0.0000000000
86689  -22.144  14.543  -10.738 0.0000000000
85116  -21.618  12.639  -12.214 0.0000000000
83637  -20.464  10.718  -13.520 0.0000000000
121213  -21.165  10.926  -13.333 0.0000000000
121273  -22.217  11.868  -12.560 0.0000000000
83640  -22.771  11.099  -12.661 0.0000000000
82788  -23.066  9.979  -11.545 0.0000000000
83612  -23.713  10.468  -10.993 0.0000000000
131009  -22.764  9.264  -11.012 0.0000000000
79469  -20.432  5.885  -13.871 0.0000000000
80385  -20.794  6.419  -13.486 0.0000000000
80386  -21.398  7.073  -13.038 0.0000000000
82008  -21.700  8.011  -12.780 0.0000000000
81248  -21.882  7.354  -12.023 0.0000000000
81239  -22.086  7.223  -10.945 0.0000000000
132346  -22.290  7.935  -10.573 0.0000000000
81994  -22.575  8.240  -9.941 0.0000000000
81230  -22.839  7.718  -9.349 0.0000000000
80365  -22.518  6.246  -9.514 0.0000000000
127604  -23.120  7.102  -8.895 0.0000000000
131891  -22.893  6.489  -9.026 0.0000000000
113203  -23.667  7.167  -8.514 0.0000000000
77545  -21.977  3.250  -11.269 0.0000000000
78493  -22.238  4.395  -10.392 0.0000000000
77533  -22.325  3.540  -10.514 0.0000000000
78482  -23.157  4.259  -9.223 0.0000000000
78471  -23.602  4.657  -8.678 0.0000000000
79444  -23.534  5.464  -8.608 0.0000000000
79445  -24.129  5.084  -8.249 0.0000000000
76572  -24.824  2.997  -7.841 0.0000000000
76573  -25.480  2.569  -7.484 0.0000000000
73117  -21.680  -1.212  -14.180 0.0000000000
73103  -22.572  -1.507  -11.615 0.0000000000
73109  -22.290  -1.177  -12.552 0.0000000000
74013  -22.657  -0.400  -11.102 0.0000000000
130409  -23.559  -2.741  -10.196 0.0000000000
72224  -23.977  -2.345  -9.709 0.0000000000
120315  -24.512  -0.941  -9.164 0.0000000000
73091  -23.866  -1.536  -9.704 0.0000000000
74009  -24.206  -0.017  -9.304 0.0000000000
118448  -24.554  1.081  -8.732 0.0000000000
74890  -25.046  0.537  -8.539 0.0000000000
74874  -26.083  0.580  -7.687 0.0000000000
128903  -25.714  1.074  -7.849 0.0000000000
75726  -26.170  1.311  -7.406 0.0000000000
65386  -25.521  -9.212  -8.633 0.0000000000
127098  -24.992  -9.014  -9.126 0.0000000000
66380  -25.285  -8.297  -8.859 0.0000000000
66381  -26.041  -8.668  -8.216 0.0000000000
75771  -21.445  1.632  -13.471 0.0000000000
74920  -21.445  0.557  -14.097 0.0000000000
74921  -21.760  0.206  -13.379 0.0000000000
70382  -24.494  -5.168  -9.626 0.0000000000
69367  -26.347  -5.088  -8.067 0.0000000000
58525  -24.410  -15.976  -6.270 0.0000000000
60655  -24.311  -13.958  -7.984 0.0000000000
60636  -25.424  -13.999  -7.134 0.0000000000
67410  -22.939  -7.170  -12.017 0.0000000000
128781  -23.019  -7.891  -11.904 0.0000000000
66419  -23.397  -8.231  -11.332 0.0000000000
85115  -20.312  12.937  -12.390 0.0000000000
83653  -20.722  10.053  -13.876 0.0000000000
124038  -21.873  9.967  -13.035 0.0000000000
82801  -22.081  9.391  -12.798 0.0000000000
127723  -22.003  6.448  -10.754 0.0000000000
81228  -22.125  6.760  -10.040 0.0000000000
79453  -22.553  5.490  -9.598 0.0000000000
76596  -22.812  3.010  -9.939 0.0000000000
76584  -23.781  2.998  -8.812 0.0000000000
76585  -24.401  2.586  -8.422 0.0000000000
75739  -24.536  1.796  -8.555 0.0000000000
116379  -22.295  -1.944  -13.021 0.0000000000
72262  -22.486  -2.551  -12.425 0.0000000000
72248  -22.664  -2.284  -11.583 0.0000000000
73104  -22.911  -1.838  -10.890 0.0000000000
72225  -24.652  -2.686  -9.221 0.0000000000
72211  -25.015  -2.083  -8.858 0.0000000000
73082  -24.977  -1.512  -8.814 0.0000000000
74001  -25.460  -0.054  -8.366 0.0000000000
73985  -25.875  0.074  -7.961 0.0000000000
74853  -26.729  0.679  -7.070 0.0000000000
73966  -27.004  -0.124  -7.047 0.0000000000
62533  -24.658  -11.942  -8.736 0.0000000000
62554  -24.177  -11.695  -9.368 0.0000000000
130748  -24.669  -11.290  -8.950 0.0000000000
64443  -24.336  -10.899  -9.452 0.0000000000
116990  -24.471  -10.122  -9.510 0.0000000000
120176  -25.596  -10.024  -8.478 0.0000000000
77544  -21.581  3.862  -11.933 0.0000000000
76621  -22.081  2.403  -11.473 0.0000000000
75759  -22.532  1.851  -10.918 0.0000000000
129772  -22.906  1.376  -10.487 0.0000000000
71347  -23.059  -3.601  -11.115 0.0000000000
112141  -23.456  -4.028  -10.646 0.0000000000
71318  -24.519  -3.575  -9.429 0.0000000000
124829  -24.423  -4.389  -9.597 0.0000000000
118957  -25.999  -2.510  -8.255 0.0000000000
72197  -26.732  -2.574  -7.665 0.0000000000
70349  -26.943  -4.638  -7.607 0.0000000000
58512  -24.016  -16.767  -5.806 0.0000000000
131075  -24.628  -13.321  -8.138 0.0000000000
61600  -24.625  -12.698  -8.455 0.0000000000
62534  -25.229  -12.132  -8.212 0.0000000000
63482  -25.722  -11.499  -7.988 0.0000000000
70440  -22.807  -4.702  -12.138 0.0000000000
124595  -23.216  -5.185  -11.374 0.0000000000
69402  -23.596  -5.788  -10.829 0.0000000000
68388  -23.384  -6.599  -11.251 0.0000000000
68361  -24.475  -6.428  -9.771 0.0000000000
114511  -24.751  -6.981  -9.436 0.0000000000
88268  -20.459  17.001  -9.208 0.0000000000
85891  -19.414  13.762  -10.025 0.0000000000
87456  -21.470  15.105  -10.309 0.0000000000
86697  -22.758  13.797  -11.540 0.0000000000
85916  -23.207  12.982  -12.390 0.0000000000
85132  -23.731  12.532  -12.780 0.0000000000
131812  -23.818  12.123  -12.671 0.0000000000
81256  -21.027  7.923  -13.705 0.0000000000
132537  -22.432  8.795  -11.530 0.0000000000
122961  -23.468  7.843  -8.798 0.0000000000
81220  -24.243  7.778  -8.282 0.0000000000
77523  -22.685  3.876  -9.807 0.0000000000
77502  -24.714  3.865  -7.781 0.0000000000
74031  -21.933  -0.656  -13.429 0.0000000000
74023  -22.167  -0.154  -12.399 0.0000000000
74903  -22.643  0.258  -11.022 0.0000000000
74904  -23.024  0.654  -10.462 0.0000000000
72249  -23.054  -2.734  -10.850 0.0000000000
73096  -23.296  -1.259  -10.337 0.0000000000
74898  -23.512  0.273  -9.825 0.0000000000
65423  -23.390  -9.034  -11.297 0.0000000000
65409  -23.772  -8.524  -10.681 0.0000000000
65397  -24.510  -9.329  -9.568 0.0000000000
65410  -24.098  -8.893  -10.107 0.0000000000
66408  -24.217  -8.096  -10.107 0.0000000000
67364  -24.698  -7.723  -9.462 0.0000000000
74889  -24.525  0.469  -8.907 0.0000000000
82037  -20.229  8.923  -14.149 0.0000000000
125098  -22.454  -0.094  -11.563 0.0000000000
