#!ascii label  , from subject sub-v1s4x0050701_ses-1 vox2ras=TkReg
2045
113582  26.702  -49.913  2.079 0.8999999762
129036  26.436  -50.677  2.097 0.8000000119
31680  26.804  -49.720  0.609 0.8000000119
29678  26.298  -51.432  -0.069 0.6999999881
31696  26.137  -49.376  -0.975 0.8000000119
30663  25.977  -50.661  3.198 0.8999999762
31666  26.886  -49.663  1.338 1.0000000000
32663  27.366  -48.300  0.616 1.0000000000
32664  26.948  -48.956  0.222 0.8999999762
125631  26.589  -48.806  -0.533 0.8000000119
33631  25.579  -47.881  -1.885 0.8000000119
33630  26.328  -47.467  -1.262 0.8999999762
32684  25.334  -48.705  -1.993 0.8000000119
117855  25.212  -46.985  -3.076 0.6999999881
33659  24.942  -47.805  -3.190 0.6999999881
30650  24.805  -51.075  4.167 0.8000000119
30648  26.211  -49.926  3.457 0.8999999762
31625  25.761  -49.853  4.268 0.8999999762
30636  25.108  -50.402  4.554 0.8999999762
30622  22.124  -50.433  5.338 0.8999999762
31665  27.084  -49.152  1.797 0.8999999762
33602  27.712  -47.593  0.949 1.0000000000
32674  26.620  -48.109  -0.744 0.8999999762
34626  26.912  -46.699  -0.829 1.0000000000
34644  26.295  -46.463  -1.539 0.8999999762
34645  25.725  -47.046  -1.941 0.8999999762
121706  25.489  -46.811  -2.508 0.8000000119
33671  25.156  -47.212  -3.939 0.6999999881
120616  26.736  -48.631  3.818 0.8999999762
32608  25.818  -49.209  4.841 0.8999999762
32609  25.039  -49.536  5.331 0.8999999762
30620  23.696  -50.250  5.346 0.8999999762
31598  22.793  -49.923  5.626 0.8999999762
32627  26.743  -49.109  3.214 0.8999999762
32640  27.210  -48.658  2.450 0.8999999762
34604  27.778  -46.903  0.550 1.0000000000
35687  25.870  -45.517  -2.682 0.8000000119
34673  25.529  -46.275  -2.923 0.8000000119
35733  25.592  -45.771  -4.558 0.8000000119
127047  25.470  -44.057  -5.489 0.8000000119
36728  25.523  -44.940  -5.342 0.8000000119
37755  24.774  -44.233  -6.063 0.8000000119
32573  25.352  -48.910  5.586 0.8999999762
32576  22.498  -49.095  6.022 0.8999999762
32577  21.010  -49.013  5.487 0.8999999762
32607  26.461  -48.564  4.471 0.8999999762
122187  21.710  -48.816  5.903 0.8999999762
32578  20.851  -48.063  5.254 0.8000000119
114527  20.141  -48.381  4.146 0.8000000119
32626  27.173  -48.286  3.244 0.8999999762
33516  21.273  -47.383  5.482 0.6999999881
33546  20.585  -47.829  4.531 0.6999999881
116337  20.321  -47.433  2.752 0.6999999881
34564  28.085  -46.927  2.043 0.8999999762
34550  20.993  -46.750  3.280 0.6999999881
34586  20.833  -46.611  1.505 0.6999999881
34583  28.280  -46.210  1.620 1.0000000000
34585  21.224  -46.083  1.889 0.6000000238
34584  27.986  -46.879  1.257 1.0000000000
35630  27.978  -45.717  0.172 1.0000000000
35650  27.453  -46.040  -0.390 1.0000000000
36675  26.810  -44.896  -1.261 1.0000000000
35670  26.266  -45.475  -1.837 0.8999999762
36657  27.241  -45.369  -0.717 1.0000000000
134380  26.429  -44.773  -1.806 0.8999999762
36691  26.213  -44.646  -2.393 0.8000000119
124891  26.006  -44.804  -3.368 0.8000000119
36727  25.946  -44.196  -4.735 0.8000000119
37745  25.662  -43.388  -5.265 0.8000000119
38794  25.146  -42.746  -5.631 0.8000000119
117460  24.319  -42.209  -5.792 0.8000000119
39730  25.191  -41.756  -5.386 0.8000000119
39743  23.816  -41.374  -5.673 0.8000000119
32572  26.102  -48.460  5.256 0.8999999762
32575  23.550  -49.358  5.890 0.8999999762
33513  26.410  -47.798  5.620 0.8999999762
33515  24.823  -48.692  6.133 0.8999999762
32554  23.987  -48.687  6.359 0.8999999762
32556  22.052  -48.262  6.284 0.8999999762
131382  27.499  -47.523  3.470 0.8999999762
34529  20.985  -47.034  4.175 0.6999999881
34548  27.993  -46.914  2.940 0.8999999762
34505  21.373  -46.616  4.862 0.6000000238
34565  21.358  -46.068  2.757 0.6000000238
34563  28.313  -46.200  2.458 1.0000000000
128397  21.523  -44.417  1.650 0.5000000000
35629  28.325  -45.296  0.712 1.0000000000
36623  21.515  -43.290  1.937 0.5000000000
36640  28.425  -44.486  0.581 1.0000000000
118199  27.677  -45.376  -0.280 1.0000000000
125419  27.599  -44.006  -0.565 1.0000000000
37718  26.437  -43.059  -2.517 0.8999999762
133800  26.222  -44.068  -3.849 0.8000000119
38787  26.347  -42.468  -2.956 0.8999999762
38788  26.248  -42.480  -4.004 0.8000000119
37733  26.142  -43.331  -4.433 0.8000000119
39723  26.185  -41.675  -3.454 0.8999999762
39729  25.835  -41.659  -4.489 0.8000000119
137119  25.285  -39.763  -3.269 0.8999999762
40646  24.761  -40.094  -5.034 0.8000000119
118160  23.281  -39.852  -5.348 0.8000000119
42561  23.064  -38.470  -4.395 0.8000000119
41555  22.661  -39.118  -5.148 0.8000000119
33505  23.528  -47.891  6.780 0.8999999762
33512  27.042  -47.275  5.106 0.8999999762
33501  27.430  -46.687  5.429 0.8999999762
33506  22.470  -47.472  6.681 0.6999999881
34493  21.597  -46.673  5.742 0.8000000119
34547  28.242  -46.186  3.352 0.8999999762
34504  28.041  -46.171  4.963 0.8999999762
120116  21.699  -45.777  4.604 0.6999999881
35563  21.705  -45.195  3.088 0.6000000238
35587  21.520  -45.306  2.208 0.6000000238
35523  22.076  -45.099  5.036 0.6999999881
35538  21.908  -45.027  3.996 0.6000000238
127885  21.735  -44.298  2.480 0.5000000000
36622  28.617  -44.789  1.390 1.0000000000
36610  21.718  -43.103  2.710 0.5000000000
37641  21.281  -42.361  2.241 0.5000000000
37655  28.733  -43.869  1.103 1.0000000000
37683  27.928  -43.556  -0.270 1.0000000000
130762  27.693  -42.979  -0.475 1.0000000000
37701  26.897  -43.351  -1.367 1.0000000000
38777  26.497  -42.494  -2.179 0.8999999762
38746  28.199  -42.947  0.066 1.0000000000
39708  27.085  -41.979  -1.084 0.8999999762
38765  26.787  -42.598  -1.561 0.8999999762
39716  26.350  -41.754  -2.525 0.8999999762
40628  26.281  -41.098  -1.995 0.8999999762
40637  25.617  -40.224  -3.141 0.8999999762
41543  24.917  -39.355  -3.345 0.8999999762
41553  24.474  -39.282  -4.366 0.8999999762
40618  25.753  -39.901  -1.709 0.8999999762
42537  24.630  -39.022  -2.372 0.8999999762
42560  23.811  -38.688  -4.109 0.8999999762
42538  23.889  -38.547  -2.124 0.8999999762
33502  26.784  -47.190  5.962 0.8999999762
33504  24.541  -48.148  6.610 0.8999999762
128328  24.190  -47.435  7.166 0.8999999762
34489  25.614  -47.069  7.146 0.8999999762
34478  24.107  -46.478  7.565 1.0000000000
34492  22.414  -46.408  6.841 0.8000000119
34487  27.197  -46.573  6.377 0.8999999762
35510  21.978  -45.889  6.034 0.6999999881
35586  28.540  -45.466  2.863 0.8999999762
35537  28.509  -45.580  4.531 0.8999999762
34480  22.478  -45.297  6.698 0.6999999881
36549  22.507  -44.259  6.135 0.6999999881
36573  22.158  -43.755  4.268 0.5000000000
36609  28.724  -44.719  2.347 1.0000000000
37616  21.620  -42.309  4.167 0.5000000000
37628  21.136  -41.969  2.926 0.5000000000
117030  28.799  -44.061  1.874 1.0000000000
113411  28.879  -42.205  1.255 1.0000000000
38735  28.680  -43.019  0.806 1.0000000000
123068  27.726  -42.222  -0.383 1.0000000000
38736  28.404  -42.188  0.426 1.0000000000
39682  28.643  -41.319  0.859 1.0000000000
40602  27.411  -40.563  -0.247 0.8999999762
40617  26.232  -40.416  -1.486 0.8999999762
41524  25.431  -39.447  -1.316 0.8999999762
44862  17.141  -37.343  -4.928 0.6999999881
45990  16.774  -35.998  -3.869 0.8000000119
128295  16.719  -37.789  -3.564 0.8000000119
44823  17.212  -37.110  -2.814 0.8000000119
35521  28.536  -45.546  5.290 0.8999999762
127802  27.547  -46.105  6.927 1.0000000000
34475  26.826  -46.250  7.348 1.0000000000
35492  25.791  -45.802  7.960 1.0000000000
35493  24.826  -45.756  7.967 0.6999999881
34479  23.043  -45.985  7.386 0.6999999881
35562  28.522  -45.514  3.733 0.8999999762
36559  28.991  -45.033  4.920 0.8999999762
35522  22.312  -44.932  5.817 0.6999999881
37603  22.086  -42.772  4.851 0.6000000238
37627  28.995  -43.839  2.755 1.0000000000
36571  29.346  -44.390  4.586 0.8999999762
38680  20.806  -41.806  4.160 0.4000000060
38711  28.937  -43.134  1.811 1.0000000000
40596  28.178  -40.327  0.622 1.0000000000
117401  27.487  -39.673  0.376 1.0000000000
41503  27.946  -39.391  0.895 1.0000000000
43686  19.730  -36.819  -1.204 0.8999999762
46034  19.510  -35.669  -5.419 0.6000000238
135763  17.970  -35.533  -4.909 0.6000000238
46016  17.150  -35.653  -4.388 0.8000000119
45970  17.177  -36.035  -2.991 0.8000000119
43695  18.006  -37.527  -2.454 0.8999999762
44821  18.859  -36.975  -1.680 0.8999999762
136211  29.063  -45.050  5.599 0.8999999762
35508  28.704  -45.358  6.097 0.8999999762
36516  24.658  -45.018  8.280 0.8000000119
35495  22.928  -45.129  7.338 0.6999999881
130419  22.975  -43.790  7.213 0.6999999881
37592  22.417  -43.138  5.646 0.6000000238
135044  21.040  -41.541  5.246 0.4000000060
124382  29.387  -43.322  3.492 1.0000000000
36590  29.146  -44.139  3.737 0.8999999762
129916  29.414  -42.052  2.889 1.0000000000
39667  29.395  -41.237  2.636 1.0000000000
40581  29.205  -40.557  2.173 1.0000000000
40590  28.813  -40.446  1.461 1.0000000000
41495  28.490  -39.508  1.394 1.0000000000
43665  27.875  -38.046  1.408 1.0000000000
43684  21.211  -37.244  -0.853 0.8999999762
44810  20.765  -36.580  -0.791 0.8999999762
44815  20.168  -36.643  -0.930 0.8999999762
45963  18.178  -35.651  -1.706 0.8999999762
44816  19.367  -36.537  -1.159 0.8999999762
46013  20.695  -35.403  -5.332 0.6000000238
46014  19.768  -35.185  -5.172 0.6000000238
46015  18.834  -35.231  -5.077 0.6000000238
47173  17.167  -34.733  -4.082 0.8000000119
47152  16.872  -35.164  -3.393 0.8000000119
45969  17.754  -36.415  -2.121 0.8999999762
36548  28.130  -45.297  7.733 0.8999999762
35491  26.443  -45.681  7.956 0.8999999762
35479  25.996  -45.194  8.412 0.6999999881
36532  27.512  -44.919  8.375 0.8999999762
36533  26.602  -45.014  8.460 0.8999999762
36534  23.799  -44.463  8.025 0.6000000238
37615  29.889  -43.955  5.097 1.0000000000
37602  30.059  -44.123  6.030 1.0000000000
36546  29.458  -44.701  6.379 1.0000000000
37583  23.471  -43.458  7.789 0.6000000238
37584  22.682  -43.477  6.460 0.6000000238
38648  22.458  -41.968  6.870 0.5000000000
38679  29.846  -42.972  4.060 1.0000000000
37614  30.160  -43.311  4.761 1.0000000000
38678  30.735  -42.282  4.655 1.0000000000
39648  29.815  -41.599  3.423 1.0000000000
40565  29.703  -40.796  3.157 1.0000000000
40580  29.434  -40.280  2.781 1.0000000000
41484  29.094  -39.677  2.161 1.0000000000
118515  28.709  -38.886  1.753 1.0000000000
43664  28.554  -37.932  1.437 1.0000000000
43672  27.177  -37.882  1.057 1.0000000000
43673  26.223  -37.954  0.862 1.0000000000
43677  25.738  -37.731  0.454 1.0000000000
42520  25.379  -37.874  0.472 1.0000000000
44806  24.276  -37.630  0.096 1.0000000000
44807  23.529  -37.748  0.162 0.8999999762
43678  24.274  -37.834  0.194 0.8999999762
44813  21.832  -37.349  -0.513 0.8999999762
45961  19.647  -36.242  -0.922 0.8999999762
47111  17.420  -34.780  -2.103 0.8999999762
47149  21.512  -34.794  -4.125 0.6000000238
47169  20.880  -34.949  -4.673 0.6000000238
47150  19.662  -34.113  -4.057 0.6000000238
47171  19.157  -34.649  -4.718 0.6000000238
45991  16.792  -34.563  -3.488 0.8000000119
47123  17.054  -34.977  -2.713 0.8000000119
36531  28.573  -44.769  7.924 0.8999999762
37581  26.935  -44.230  8.630 0.6999999881
126238  25.579  -43.995  8.629 0.6000000238
125481  24.908  -43.254  8.566 0.6000000238
37591  30.516  -43.519  6.406 0.8999999762
37569  24.031  -42.848  8.297 0.6000000238
38647  23.205  -42.336  7.541 0.5000000000
38669  30.689  -42.880  5.157 1.0000000000
39647  30.566  -41.592  4.122 1.0000000000
38668  31.199  -42.305  5.415 0.8999999762
40564  30.332  -40.764  3.615 1.0000000000
41473  29.776  -40.250  3.135 1.0000000000
42503  29.849  -39.047  2.417 1.0000000000
42511  29.871  -38.447  1.886 1.0000000000
43663  29.423  -37.847  1.387 1.0000000000
43671  29.037  -37.374  0.835 1.0000000000
118530  28.120  -37.598  0.955 1.0000000000
43676  26.723  -37.457  0.351 1.0000000000
44805  25.273  -36.992  -0.330 1.0000000000
123442  23.766  -37.174  -0.135 1.0000000000
45955  22.156  -36.420  -0.672 0.8999999762
44809  21.512  -36.906  -0.558 0.8999999762
45956  20.236  -36.056  -0.800 0.8999999762
47097  18.555  -34.140  -1.567 0.8999999762
48230  21.204  -33.583  -3.233 0.6000000238
125224  20.703  -34.318  -3.876 0.6000000238
47151  18.626  -34.021  -4.207 0.6000000238
48232  18.253  -33.092  -3.637 0.6999999881
48234  15.814  -33.116  -3.224 0.6999999881
47153  16.350  -34.170  -2.894 0.6999999881
47124  16.488  -34.019  -2.284 0.8000000119
48192  16.918  -33.964  -1.843 0.8999999762
47148  22.326  -34.484  -3.613 0.6000000238
48235  14.555  -32.539  -2.974 0.6999999881
48206  15.422  -33.416  -2.325 0.8000000119
48185  15.458  -33.056  -1.654 0.8999999762
37567  26.354  -43.663  8.706 0.6999999881
38624  25.573  -42.217  8.820 0.6000000238
37563  29.996  -43.018  7.946 0.8999999762
37564  29.293  -43.335  8.270 0.8000000119
37549  28.245  -43.058  8.668 0.6999999881
38657  30.992  -42.952  5.920 0.8999999762
38646  31.162  -42.296  6.980 0.8000000119
130860  31.190  -40.916  4.292 1.0000000000
39628  31.624  -41.576  5.584 0.8000000119
40546  31.816  -40.243  4.434 0.8999999762
114138  31.814  -40.959  4.991 0.8000000119
121068  31.101  -39.599  3.324 1.0000000000
41482  30.571  -39.236  2.802 1.0000000000
119264  30.476  -38.721  2.280 1.0000000000
43662  30.427  -37.737  1.353 1.0000000000
43670  29.972  -37.237  0.804 1.0000000000
44798  28.634  -36.882  0.321 1.0000000000
121886  27.345  -36.484  -0.380 1.0000000000
44804  26.364  -36.731  -0.445 1.0000000000
45952  25.075  -36.024  -1.096 1.0000000000
125104  23.009  -35.798  -1.073 0.8999999762
135413  21.290  -35.657  -1.107 0.8999999762
48183  19.382  -33.575  -1.518 0.8999999762
48231  19.255  -33.431  -3.640 0.6000000238
48233  17.013  -33.248  -3.582 0.6999999881
118294  17.553  -33.133  -1.470 0.8999999762
121677  22.423  -33.056  -2.998 0.6000000238
48229  22.022  -33.690  -3.204 0.6000000238
49204  14.932  -31.752  -3.377 0.6999999881
49167  14.344  -32.528  -2.219 0.6999999881
125006  27.062  -43.523  8.712 0.6999999881
125286  26.294  -42.655  8.865 0.6000000238
38621  30.234  -42.180  8.161 0.8000000119
37548  28.817  -42.806  8.645 0.8000000119
39555  28.298  -41.530  9.379 0.6999999881
38607  27.668  -42.227  9.042 0.6999999881
38645  31.399  -41.746  6.899 0.6999999881
39607  30.934  -41.747  7.603 0.8000000119
40537  32.237  -40.224  5.164 0.6999999881
41457  32.345  -39.567  4.585 0.6999999881
114133  32.150  -38.387  2.770 0.8000000119
42501  31.872  -37.994  2.064 0.8000000119
42502  31.281  -38.618  2.442 0.8000000119
43668  31.947  -36.882  1.043 0.8000000119
43661  31.457  -37.559  1.441 0.8999999762
44796  30.414  -36.528  0.439 0.8999999762
44797  29.513  -36.690  0.375 1.0000000000
44803  28.260  -36.300  -0.211 1.0000000000
45951  25.940  -35.918  -1.044 1.0000000000
121136  25.557  -35.169  -1.361 1.0000000000
137155  27.430  -35.077  -0.847 1.0000000000
45950  26.908  -35.643  -0.903 1.0000000000
121684  23.876  -35.448  -1.311 1.0000000000
47093  23.423  -34.713  -1.467 1.0000000000
47094  22.477  -35.098  -1.397 0.8999999762
128266  21.979  -34.222  -1.500 0.8999999762
114058  21.116  -34.318  -1.499 0.8999999762
135896  20.056  -33.507  -1.526 0.8999999762
49201  21.044  -32.601  -2.930 0.6000000238
128287  20.197  -33.369  -3.321 0.6000000238
126245  17.242  -32.208  -3.536 0.6999999881
49161  18.197  -32.645  -1.433 0.8999999762
49163  15.888  -32.601  -1.415 0.8999999762
50135  14.286  -31.085  -3.352 0.6999999881
49205  14.111  -31.576  -3.182 0.6999999881
50086  15.203  -31.772  -1.629 0.8999999762
50085  16.830  -31.701  -1.394 0.8999999762
131459  29.689  -41.576  8.798 0.6999999881
39554  28.918  -42.025  9.057 0.6000000238
132786  28.476  -40.440  9.759 0.6000000238
39557  26.565  -41.204  9.266 0.6000000238
39606  31.457  -40.958  7.273 0.6999999881
39553  29.526  -40.755  9.248 0.6000000238
40532  31.984  -40.519  6.551 0.6999999881
41444  32.546  -39.444  5.330 0.6999999881
129148  32.762  -38.551  3.968 0.6999999881
44788  32.773  -36.533  1.432 0.8000000119
44795  31.376  -36.354  0.560 0.8000000119
45936  30.764  -35.763  0.159 0.8000000119
45937  29.897  -35.972  0.037 0.8000000119
126849  28.782  -35.559  -0.357 1.0000000000
137114  29.453  -35.545  -0.221 0.8000000119
47089  26.954  -34.585  -1.015 1.0000000000
47090  26.051  -34.358  -1.274 1.0000000000
47092  24.311  -34.472  -1.472 1.0000000000
118043  26.546  -33.603  -0.981 1.0000000000
47091  25.191  -34.338  -1.410 1.0000000000
118024  23.888  -33.632  -1.443 1.0000000000
48180  23.416  -32.885  -1.417 1.0000000000
115994  22.442  -33.114  -1.452 1.0000000000
48181  21.531  -33.347  -1.482 0.8999999762
49202  19.384  -32.698  -3.226 0.6000000238
49160  19.121  -32.705  -1.462 0.8999999762
49200  22.008  -32.333  -3.120 0.6000000238
130370  20.146  -32.485  -2.971 0.6000000238
129314  18.532  -32.019  -3.255 0.6999999881
118698  18.759  -32.038  -1.400 0.8999999762
50133  17.373  -31.085  -3.621 0.6999999881
51064  13.999  -30.541  -3.141 0.6999999881
51018  15.804  -30.684  -1.799 0.8999999762
41356  27.704  -39.991  10.091 0.5000000000
40485  30.735  -40.180  8.450 0.6000000238
41353  29.827  -39.411  9.486 0.5000000000
132530  31.717  -40.044  7.356 0.6999999881
40518  31.254  -40.319  7.888 0.6999999881
41437  32.523  -39.223  6.152 0.6999999881
42480  33.192  -38.039  5.039 0.6999999881
42481  32.809  -38.636  5.593 0.6999999881
43654  33.254  -37.165  2.948 0.6999999881
44781  33.111  -36.898  2.163 0.6999999881
44794  32.304  -36.127  0.773 0.8000000119
45935  31.707  -35.576  0.325 0.8000000119
47084  31.341  -34.167  -0.170 0.8000000119
47085  30.570  -34.406  -0.285 0.8000000119
48172  30.547  -33.520  -0.369 0.8000000119
47086  29.827  -34.236  -0.405 0.8000000119
47087  28.877  -34.127  -0.521 0.8999999762
47088  27.923  -34.533  -0.694 1.0000000000
48173  29.525  -33.338  -0.460 0.8000000119
48175  27.806  -32.997  -0.560 0.8999999762
118044  27.406  -33.713  -0.743 1.0000000000
118026  25.681  -33.477  -1.223 1.0000000000
118025  24.798  -33.467  -1.386 1.0000000000
50080  22.026  -31.642  -1.467 1.0000000000
134966  21.320  -31.958  -1.463 0.8999999762
119327  20.562  -31.968  -1.456 0.8999999762
118837  19.670  -32.011  -1.436 0.8999999762
50082  20.103  -31.342  -1.448 0.8999999762
50083  19.183  -31.366  -1.422 0.8999999762
121365  21.479  -31.522  -3.297 0.6000000238
120597  19.569  -31.861  -3.024 0.6000000238
50134  15.860  -31.250  -3.759 0.6999999881
51036  14.623  -29.808  -2.471 0.8000000119
51017  17.189  -30.636  -1.624 0.8999999762
50130  22.422  -31.372  -3.671 0.6000000238
51077  17.556  -29.877  -3.969 0.6999999881
119845  15.557  -29.875  -4.027 0.6999999881
51035  15.692  -29.430  -1.936 0.8000000119
51016  18.495  -30.671  -1.526 0.8999999762
51078  14.630  -28.945  -3.306 0.6999999881
51034  17.384  -29.707  -1.802 0.8999999762
41376  30.506  -39.400  8.884 0.5000000000
41354  29.252  -38.955  10.297 0.5000000000
42442  32.141  -38.412  7.345 0.6999999881
42393  30.023  -38.573  9.555 0.5000000000
42472  32.586  -38.331  6.543 0.6999999881
122524  33.009  -37.822  5.877 0.6999999881
43646  33.389  -37.363  4.544 0.6999999881
44777  33.550  -36.572  3.324 0.6999999881
45926  33.441  -35.280  1.552 0.6999999881
45927  33.034  -35.784  1.154 0.6999999881
48165  32.214  -33.947  0.096 0.8000000119
48171  31.576  -33.312  -0.176 0.8000000119
49149  30.067  -32.620  -0.518 0.8000000119
49150  29.155  -32.505  -0.556 0.8000000119
49152  27.429  -32.308  -0.719 0.8999999762
48177  26.140  -32.803  -0.962 1.0000000000
133323  25.254  -32.222  -1.237 1.0000000000
48179  24.348  -32.767  -1.372 1.0000000000
50072  29.653  -31.905  -0.721 0.8000000119
49151  28.280  -32.389  -0.620 0.8000000119
49154  25.769  -32.226  -1.098 0.8999999762
50078  24.295  -31.785  -1.394 1.0000000000
50079  23.373  -31.605  -1.446 1.0000000000
50077  25.178  -31.835  -1.285 0.8999999762
133502  22.557  -31.089  -1.487 1.0000000000
50081  21.045  -31.279  -1.438 1.0000000000
51033  21.080  -30.411  -1.597 1.0000000000
51977  18.833  -29.952  -1.729 0.8999999762
50132  18.767  -31.087  -3.401 0.6999999881
51976  20.034  -30.024  -1.708 0.8999999762
127864  20.521  -31.656  -3.064 0.6000000238
50131  19.837  -30.941  -3.355 0.6000000238
133689  19.077  -30.343  -3.617 0.6999999881
51094  15.726  -28.530  -3.984 0.6999999881
51062  14.766  -28.489  -2.597 0.6999999881
51988  15.745  -28.215  -1.862 0.8000000119
52037  14.666  -27.504  -3.185 0.6999999881
51987  17.679  -28.924  -1.992 0.8000000119
52015  19.495  -28.599  -2.346 0.8999999762
52912  15.305  -27.077  -2.322 0.6999999881
41375  31.291  -39.486  8.146 0.6000000238
42405  30.893  -38.597  8.705 0.5000000000
43620  32.694  -37.394  6.614 0.6999999881
43591  32.351  -37.743  7.165 0.5000000000
45920  33.685  -35.977  3.691 0.6999999881
44766  33.460  -36.611  4.868 0.6999999881
47058  33.775  -34.828  2.542 0.6999999881
45917  33.518  -35.406  4.207 0.6999999881
47061  33.731  -34.680  1.843 0.6999999881
48155  33.710  -34.130  1.469 0.6999999881
133590  33.146  -35.146  0.960 0.6999999881
48163  33.466  -33.332  0.736 0.6999999881
48164  32.954  -33.634  0.421 0.6999999881
48170  32.356  -33.206  0.100 0.8000000119
49148  31.021  -32.614  -0.422 0.8000000119
49147  32.039  -32.466  -0.175 0.8000000119
115043  30.547  -31.939  -0.657 0.8000000119
50091  29.291  -31.322  -1.074 0.8000000119
50089  31.021  -31.325  -0.922 0.8000000119
51026  29.849  -30.820  -1.479 0.8000000119
50074  27.926  -31.766  -0.877 0.8000000119
50076  26.131  -31.650  -1.201 0.8999999762
50096  24.615  -31.316  -1.497 0.8999999762
50097  23.946  -31.318  -1.507 1.0000000000
51027  29.005  -30.802  -1.593 0.8000000119
51028  28.171  -30.768  -1.717 0.8000000119
51032  21.965  -30.428  -1.666 1.0000000000
122864  22.723  -30.418  -1.786 1.0000000000
51075  20.887  -30.535  -3.686 0.6000000238
51061  21.485  -29.813  -1.902 1.0000000000
52035  18.784  -29.654  -4.106 0.6999999881
52036  17.318  -28.547  -4.561 0.6999999881
123586  20.069  -29.327  -2.000 0.8999999762
51985  20.764  -29.631  -1.883 1.0000000000
52939  15.789  -27.297  -3.880 0.6999999881
53849  16.334  -26.620  -3.670 0.8000000119
53803  16.250  -26.808  -2.242 0.8000000119
47055  33.686  -35.138  3.379 0.6999999881
47054  33.751  -34.107  3.173 0.6999999881
47057  33.966  -33.777  2.071 0.6999999881
49134  34.130  -32.829  1.570 0.6999999881
49142  33.811  -32.747  0.893 0.6999999881
124105  33.542  -31.971  0.493 0.6999999881
50066  32.787  -31.874  -0.004 0.6999999881
119779  33.316  -31.354  0.063 0.6999999881
50070  32.143  -31.695  -0.383 0.8000000119
50071  31.412  -31.866  -0.531 0.8000000119
51025  30.705  -30.787  -1.392 0.8000000119
51984  31.977  -30.051  -1.673 0.8000000119
51052  30.432  -30.290  -1.956 0.8000000119
130310  26.685  -30.693  -1.836 0.8999999762
50095  25.389  -31.196  -1.500 0.8999999762
51055  27.873  -30.216  -2.413 0.8000000119
115894  26.184  -30.329  -2.162 0.8999999762
51031  24.075  -30.823  -1.693 0.8999999762
51093  20.417  -29.838  -4.412 0.6000000238
52009  25.477  -29.876  -2.549 0.8999999762
52010  24.633  -29.805  -2.546 0.8999999762
51060  22.178  -29.870  -2.022 1.0000000000
51092  21.116  -30.011  -4.594 0.6000000238
52013  21.688  -29.358  -2.257 0.8999999762
52937  18.118  -28.144  -4.940 0.6999999881
52908  21.085  -28.845  -2.507 0.8999999762
53825  16.478  -26.329  -2.787 0.8000000119
52910  18.612  -27.488  -2.788 0.8999999762
52909  20.048  -28.100  -2.837 0.8000000119
48152  34.254  -32.789  2.235 0.6999999881
50059  34.409  -32.106  1.886 0.6999999881
50065  34.173  -31.943  1.144 0.6999999881
50069  32.705  -31.086  -0.457 0.6999999881
51011  33.570  -30.650  -0.206 0.6999999881
51022  33.025  -30.294  -0.922 0.6999999881
51054  28.751  -30.277  -2.303 0.8000000119
51056  26.993  -30.217  -2.386 0.8000000119
52006  28.491  -29.556  -2.898 0.8000000119
52007  27.479  -29.408  -3.035 0.8000000119
135102  23.280  -29.858  -2.334 0.8999999762
125834  19.609  -29.605  -4.397 0.6000000238
52008  26.422  -29.629  -2.822 0.8000000119
52030  25.719  -29.007  -3.267 0.8999999762
52031  24.318  -29.235  -3.050 0.8999999762
52012  23.077  -29.489  -2.582 0.8999999762
132720  20.875  -29.646  -5.159 0.6000000238
52046  18.829  -28.971  -4.840 0.6999999881
52033  22.692  -28.942  -3.046 0.8999999762
52938  17.184  -27.327  -4.459 0.6999999881
52928  21.129  -28.214  -3.223 0.8000000119
53839  18.234  -26.287  -3.996 0.6999999881
53823  18.923  -26.936  -3.492 0.8000000119
131814  34.470  -31.456  1.614 0.6999999881
51970  34.776  -29.766  0.388 0.6999999881
51010  34.215  -30.142  -0.059 0.6999999881
52004  30.195  -29.702  -2.485 0.8000000119
52005  29.369  -29.641  -2.715 0.8000000119
52904  29.163  -28.869  -3.214 0.8000000119
52906  27.558  -28.402  -3.455 0.8000000119
129050  25.000  -29.345  -2.983 0.8999999762
126596  24.865  -28.726  -3.407 0.8999999762
52056  20.004  -29.251  -5.210 0.6000000238
52032  23.526  -29.080  -3.093 0.8999999762
52057  19.082  -28.416  -5.366 0.6999999881
52956  19.373  -27.602  -5.618 0.6999999881
52926  23.170  -28.345  -3.685 0.8999999762
53847  18.740  -26.266  -4.553 0.6999999881
122213  19.354  -26.289  -4.151 0.8000000119
53836  22.157  -27.368  -4.145 0.8000000119
54705  19.226  -25.992  -4.609 0.6999999881
121570  20.358  -26.614  -4.151 0.8000000119
53838  20.209  -27.315  -3.589 0.8000000119
54704  19.997  -25.890  -4.644 0.8000000119
133816  35.243  -29.613  1.597 0.6999999881
51969  35.235  -29.422  0.913 0.6000000238
52055  21.057  -29.310  -5.629 0.6000000238
53822  26.851  -27.828  -3.655 0.8000000119
52925  25.433  -28.187  -3.674 0.8999999762
124547  24.637  -28.017  -3.846 0.8999999762
52955  20.868  -28.816  -5.896 0.6000000238
53835  24.266  -27.176  -4.225 0.8999999762
133669  19.365  -26.890  -5.590 0.8000000119
134729  22.668  -27.905  -3.969 0.8999999762
53837  21.231  -27.431  -3.878 0.8000000119
54724  19.999  -25.788  -5.354 0.6999999881
54703  21.169  -26.289  -4.425 0.8000000119
128159  22.377  -26.421  -4.446 0.8000000119
53884  20.380  -28.109  -5.935 0.6999999881
53833  26.007  -27.618  -3.801 0.8000000119
53883  21.433  -27.450  -6.372 0.5000000000
53885  20.010  -27.083  -5.846 0.6000000238
54745  21.281  -26.048  -6.292 0.6000000238
130092  20.107  -26.198  -5.747 0.6999999881
54701  24.302  -26.171  -4.431 0.8000000119
55821  20.606  -25.622  -5.815 0.6000000238
55802  20.974  -25.201  -5.587 0.6000000238
55781  20.641  -25.396  -4.983 0.6999999881
56790  22.855  -24.651  -5.111 0.8000000119
55801  21.679  -24.699  -5.858 0.6000000238
126046  25.887  -26.896  -4.086 0.8000000119
54699  25.772  -26.150  -4.347 0.8000000119
54700  25.099  -26.631  -4.276 0.8999999762
53882  22.180  -26.871  -6.489 0.6000000238
56789  23.843  -24.728  -4.904 0.8000000119
54702  23.411  -26.387  -4.439 0.8000000119
56804  22.460  -24.334  -5.798 0.6000000238
54698  26.653  -26.358  -4.181 0.8000000119
128117  25.587  -25.500  -4.508 0.8000000119
54744  22.109  -25.516  -6.469 0.6000000238
55819  22.647  -24.643  -6.610 0.6000000238
55778  24.338  -25.416  -4.594 0.8000000119
56810  22.642  -24.363  -6.350 0.6000000238
56802  24.313  -24.267  -5.302 0.6999999881
56788  24.917  -24.982  -4.728 0.8000000119
57826  24.026  -23.418  -7.098 0.6000000238
57811  24.731  -23.732  -5.696 0.6000000238
57818  25.113  -23.262  -6.188 0.6999999881
56821  23.880  -24.015  -7.399 0.6000000238
57827  23.609  -23.750  -7.095 0.6000000238
56784  28.482  -24.304  -4.193 0.8000000119
55776  26.311  -25.544  -4.432 0.8000000119
116251  22.947  -25.479  -6.681 0.6000000238
56785  27.612  -24.669  -4.454 0.8000000119
117254  25.322  -25.024  -7.015 0.5000000000
57809  26.852  -23.747  -5.218 0.8000000119
56787  25.884  -24.909  -4.667 0.8000000119
55817  24.445  -24.908  -7.150 0.6000000238
55818  23.475  -24.892  -6.996 0.6000000238
57817  26.250  -23.294  -5.873 0.6000000238
56819  25.750  -24.634  -7.398 0.5000000000
56835  25.099  -23.847  -8.080 0.6000000238
119236  24.480  -23.621  -7.765 0.6000000238
57825  24.588  -22.997  -7.050 0.6000000238
57836  25.498  -23.292  -8.499 0.6000000238
120037  24.597  -23.129  -7.633 0.6000000238
58806  25.029  -22.337  -7.719 0.6000000238
59828  25.440  -21.797  -7.911 0.6000000238
57808  28.507  -23.552  -4.504 0.8000000119
56799  27.236  -24.177  -4.761 0.8000000119
57801  29.081  -23.485  -4.042 0.8000000119
58791  29.040  -23.009  -4.440 0.6999999881
57815  28.461  -23.190  -4.913 0.6999999881
56834  26.190  -24.207  -7.960 0.6000000238
58798  26.719  -22.852  -6.309 0.6000000238
120607  27.676  -22.855  -6.008 0.6000000238
57816  27.527  -23.275  -5.502 0.6999999881
57835  26.749  -23.779  -8.429 0.5000000000
58805  25.969  -22.257  -7.181 0.6000000238
115336  26.252  -23.101  -8.797 0.5000000000
57850  25.334  -22.044  -8.563 0.6000000238
59835  25.745  -21.660  -8.331 0.6000000238
57862  27.602  -22.739  -9.474 0.5000000000
58790  30.211  -22.410  -4.262 0.6999999881
58796  29.121  -22.539  -5.377 0.6000000238
58803  28.279  -22.469  -6.264 0.6000000238
58797  28.411  -22.903  -5.414 0.6000000238
59825  28.573  -21.867  -6.985 0.6000000238
58802  29.049  -22.231  -6.245 0.6000000238
58825  27.821  -21.857  -9.991 0.5000000000
59853  26.567  -21.443  -9.237 0.6000000238
124161  26.801  -20.967  -8.986 0.6000000238
59834  26.534  -21.316  -8.499 0.6000000238
59826  27.605  -21.849  -7.196 0.6000000238
59824  29.478  -21.814  -6.875 0.6000000238
59852  27.144  -21.228  -9.636 0.6000000238
60923  27.436  -20.692  -9.673 0.6000000238
58836  29.084  -22.073  -10.300 0.5000000000
59863  28.197  -21.239  -10.176 0.5000000000
122815  29.902  -21.520  -10.369 0.4000000060
59862  28.823  -20.917  -10.293 0.5000000000
119347  29.999  -22.362  -5.066 0.6000000238
58795  29.772  -22.152  -5.957 0.6000000238
60897  27.292  -20.833  -8.720 0.6000000238
59833  27.923  -21.283  -7.844 0.6000000238
59823  30.447  -21.735  -6.754 0.6000000238
60908  27.785  -20.204  -9.407 0.6000000238
60907  28.252  -19.733  -9.561 0.6000000238
60931  27.861  -20.341  -10.026 0.5000000000
60921  28.121  -19.446  -9.958 0.6000000238
60930  28.390  -19.789  -10.185 0.5000000000
60929  30.122  -19.928  -10.374 0.4000000060
62050  28.860  -19.364  -10.297 0.4000000060
60895  29.180  -20.520  -8.538 0.6000000238
59831  30.028  -21.266  -7.671 0.5000000000
59822  31.427  -21.525  -6.552 0.5000000000
59818  30.675  -21.963  -5.751 0.5000000000
60896  28.095  -20.555  -8.631 0.6000000238
60894  30.414  -20.493  -8.324 0.5000000000
62032  28.348  -18.741  -10.114 0.6000000238
62046  28.238  -18.682  -10.081 0.5000000000
62049  29.301  -18.706  -10.371 0.4000000060
60886  32.254  -21.176  -6.231 0.4000000060
60906  29.080  -19.415  -9.299 0.6000000238
62015  30.647  -19.456  -8.658 0.5000000000
62045  28.595  -18.032  -10.021 0.4000000060
62958  28.771  -17.713  -10.065 0.4000000060
62943  31.471  -18.777  -8.123 0.4000000060
62031  28.842  -18.318  -9.776 0.4000000060
62968  29.415  -17.826  -10.389 0.4000000060
62944  30.241  -18.131  -9.234 0.4000000060
61990  33.308  -19.659  -5.832 0.4000000060
62931  32.388  -19.087  -7.182 0.4000000060
64657  30.036  -16.239  -10.384 0.4000000060
63821  29.319  -17.301  -9.958 0.4000000060
63805  30.408  -17.193  -9.244 0.4000000060
124761  31.169  -17.845  -8.465 0.4000000060
62918  33.048  -18.899  -6.392 0.4000000060
62930  32.671  -18.158  -6.802 0.4000000060
122595  29.805  -16.601  -9.984 0.3000000119
63804  31.260  -17.012  -8.283 0.4000000060
125342  31.985  -17.846  -7.561 0.4000000060
63782  33.035  -16.760  -6.146 0.4000000060
129959  17.285  -38.054  -3.252 0.8000000119
43707  18.406  -37.871  -3.025 0.8999999762
43705  20.993  -37.459  -2.919 0.8999999762
43706  19.760  -37.467  -2.816 0.8999999762
42547  21.563  -37.798  -3.926 0.8999999762
40603  26.684  -40.186  -0.723 0.8999999762
41505  26.826  -39.043  0.433 1.0000000000
41504  27.400  -38.804  0.895 1.0000000000
42544  24.243  -38.780  -3.312 0.8999999762
41534  24.962  -39.154  -1.635 0.8999999762
41525  25.022  -38.878  -0.659 0.8999999762
42519  26.047  -38.403  0.464 1.0000000000
42545  23.364  -38.257  -3.206 0.8999999762
42528  24.359  -38.686  -1.092 0.8999999762
42529  23.587  -38.351  -0.926 0.8999999762
42525  25.134  -38.309  0.208 1.0000000000
43692  21.452  -37.471  -1.608 0.8999999762
43680  22.952  -37.784  0.016 0.8999999762
60890  31.069  -21.166  -7.512 0.4000000060
60893  31.296  -20.444  -7.916 0.4000000060
60889  31.935  -20.778  -7.175 0.4000000060
60885  32.910  -20.568  -5.829 0.4000000060
115970  26.570  -49.719  2.797 0.8999999762
33618  27.021  -47.505  -0.489 1.0000000000
34693  25.440  -46.430  -3.769 0.8000000119
30637  23.352  -50.992  4.965 0.8999999762
33583  27.822  -47.493  1.626 1.0000000000
35709  25.707  -45.645  -3.561 0.8000000119
34528  27.616  -46.759  4.641 0.8999999762
37702  26.557  -43.220  -1.946 0.8999999762
37732  26.316  -43.333  -3.280 0.8000000119
40645  25.334  -40.825  -4.821 0.8000000119
120812  24.665  -40.981  -5.399 0.8000000119
37671  28.393  -43.691  0.358 1.0000000000
40638  25.271  -39.966  -4.077 0.8999999762
115317  24.087  -39.689  -5.140 0.8000000119
42546  22.493  -37.960  -3.717 0.8999999762
42562  22.108  -38.407  -4.617 0.8000000119
39692  26.815  -41.083  -1.138 0.8999999762
43690  23.005  -38.122  -1.554 0.8999999762
34488  26.435  -46.916  6.840 0.8999999762
34477  25.221  -46.447  7.596 1.0000000000
37604  21.203  -41.812  4.754 0.4000000060
38670  21.736  -42.043  5.333 0.4000000060
39683  28.017  -41.339  0.063 1.0000000000
41514  26.388  -39.363  -0.212 0.8999999762
42551  16.928  -38.379  -4.007 0.6999999881
45964  17.558  -35.605  -2.271 0.8000000119
36547  28.858  -45.149  7.145 0.8999999762
43693  20.548  -37.233  -1.637 0.8999999762
46035  18.538  -35.905  -5.282 0.6000000238
44817  18.556  -36.501  -1.572 0.8999999762
36515  25.514  -44.799  8.495 0.6999999881
43691  22.216  -37.769  -1.603 0.8999999762
47110  18.751  -35.126  -1.494 0.8999999762
119818  17.902  -34.583  -1.738 0.8999999762
47172  18.010  -34.797  -4.621 0.6999999881
47174  16.831  -34.037  -3.582 0.6999999881
37565  28.567  -43.563  8.444 0.8000000119
37577  30.366  -43.376  7.212 0.8999999762
44799  27.716  -37.144  0.291 1.0000000000
42526  23.748  -38.135  -0.023 0.8999999762
125020  23.078  -37.385  0.015 0.8999999762
44808  22.366  -37.405  -0.208 0.8999999762
43683  22.391  -37.729  -0.179 0.8999999762
47096  19.269  -34.504  -1.493 0.8999999762
38656  31.372  -42.208  6.253 0.8000000119
39576  25.133  -41.525  8.826 0.5000000000
40563  31.137  -40.182  3.776 1.0000000000
119988  20.022  -34.244  -1.502 0.8999999762
39619  31.716  -41.343  6.362 0.6999999881
41470  32.469  -39.064  4.086 0.8000000119
41471  31.878  -39.524  3.789 0.8999999762
41481  31.567  -39.043  3.067 0.8999999762
123977  17.899  -32.092  -1.377 0.8999999762
50098  14.706  -30.862  -2.181 0.8000000119
39556  27.480  -41.418  9.384 0.6000000238
40519  30.894  -40.914  8.060 0.8000000119
136302  29.021  -40.647  9.597 0.6000000238
40531  32.364  -40.050  5.915 0.6999999881
42496  32.867  -38.000  3.370 0.6999999881
43655  32.672  -37.635  2.486 0.6999999881
129132  28.581  -34.934  -0.542 1.0000000000
117410  22.945  -33.904  -1.474 1.0000000000
50084  18.150  -31.428  -1.415 0.8999999762
40465  27.144  -40.636  9.616 0.5000000000
43650  33.359  -37.318  3.754 0.6999999881
45948  29.296  -34.926  -0.411 0.8999999762
41355  28.478  -39.098  10.772 0.5000000000
128048  33.661  -35.333  2.155 0.6999999881
45934  32.561  -35.343  0.611 0.8000000119
51015  19.564  -30.704  -1.500 0.8999999762
42443  31.589  -38.529  8.016 0.6000000238
42406  30.514  -37.747  9.204 0.5000000000
43636  33.301  -37.260  5.354 0.6999999881
50075  27.077  -31.730  -1.002 0.8999999762
50090  30.157  -31.354  -1.009 0.8000000119
50092  28.450  -31.281  -1.166 0.8000000119
52014  20.499  -28.990  -2.226 0.8999999762
131263  31.404  -37.045  8.352 0.5000000000
44767  33.181  -36.459  5.677 0.6999999881
49143  33.035  -32.747  0.329 0.6999999881
51023  32.281  -30.548  -1.071 0.8000000119
50093  27.629  -31.254  -1.278 0.8999999762
136370  24.933  -30.271  -2.156 0.8999999762
53848  17.735  -26.653  -4.269 0.8000000119
53824  17.611  -26.537  -3.175 0.8000000119
136538  34.069  -30.632  0.229 0.6999999881
116683  30.854  -29.141  -2.664 0.8000000119
52927  22.140  -28.242  -3.617 0.8999999762
51003  34.949  -30.059  1.181 0.6999999881
52924  26.139  -28.290  -3.571 0.8999999762
50976  34.787  -30.584  2.384 0.6000000238
55790  20.614  -25.325  -5.272 0.6999999881
53834  25.231  -27.426  -3.994 0.8999999762
56803  23.297  -24.203  -5.572 0.6999999881
56809  23.060  -23.956  -6.258 0.6000000238
57812  23.755  -23.750  -5.989 0.6000000238
56801  25.345  -24.321  -5.103 0.8000000119
58799  25.515  -22.775  -6.728 0.6000000238
116295  27.812  -23.647  -4.902 0.6999999881
57849  25.572  -22.454  -8.756 0.6000000238
124176  27.129  -21.358  -7.974 0.6000000238
58826  26.834  -21.913  -9.518 0.6000000238
59832  28.942  -21.302  -7.751 0.6000000238
62001  32.805  -19.815  -6.502 0.4000000060
62014  31.788  -19.847  -7.723 0.4000000060
118273  33.200  -17.825  -6.145 0.4000000060
64633  30.495  -16.339  -9.183 0.4000000060
22978  22.371  -58.379  2.059 0.4000000060
23889  21.867  -58.229  3.109 0.4000000060
23874  21.261  -57.390  3.735 0.4000000060
24816  23.794  -56.635  0.738 0.4000000060
24795  22.067  -57.265  3.288 0.4000000060
117021  20.311  -57.175  4.068 0.4000000060
25802  24.730  -55.529  0.302 0.3000000119
24794  22.754  -56.904  2.874 0.4000000060
26800  24.924  -54.908  -0.631 0.4000000060
28757  25.011  -52.795  -1.993 0.4000000060
28768  24.641  -52.241  -2.614 0.4000000060
29722  24.334  -51.025  -3.353 0.4000000060
25773  22.721  -56.095  3.226 0.5000000000
24779  20.109  -56.256  4.041 0.4000000060
25787  24.477  -55.573  1.582 0.4000000060
24793  23.429  -56.306  2.417 0.4000000060
26807  25.318  -54.148  -0.683 0.5000000000
27806  25.214  -53.487  -1.350 0.4000000060
29705  24.726  -51.214  -2.641 0.4000000060
30708  24.547  -50.347  -3.002 0.5000000000
120330  24.397  -49.398  -4.256 0.5000000000
32723  24.647  -48.466  -4.823 0.6000000238
31755  24.317  -49.278  -5.277 0.5000000000
32736  24.397  -48.561  -5.897 0.6000000238
33690  24.183  -47.733  -6.396 0.4000000060
25757  21.938  -55.881  3.696 0.5000000000
25758  20.955  -55.783  3.947 0.5000000000
127033  19.994  -55.340  3.899 0.5000000000
25760  18.401  -55.388  3.295 0.5000000000
25770  24.691  -54.916  1.979 0.6000000238
25772  23.281  -55.461  3.002 0.6000000238
26792  25.472  -54.371  0.802 0.5000000000
27791  25.762  -53.563  0.649 0.6000000238
123660  25.645  -53.884  0.030 0.5000000000
28756  25.540  -52.592  -1.189 0.5000000000
30707  24.958  -50.338  -2.360 0.4000000060
31712  24.763  -49.730  -2.671 0.6000000238
32711  24.665  -48.623  -3.561 0.6000000238
33660  24.857  -47.913  -4.046 0.6000000238
35734  25.261  -45.896  -5.534 0.6000000238
36739  24.832  -45.282  -6.120 0.6000000238
33689  24.763  -47.320  -5.933 0.6000000238
127382  24.272  -46.691  -6.419 0.6000000238
35748  24.114  -45.740  -6.471 0.6000000238
36741  22.839  -44.445  -6.352 0.6000000238
26775  23.057  -54.723  3.377 0.5000000000
130204  20.686  -54.781  3.852 0.5000000000
26758  19.908  -54.464  3.603 0.5000000000
26760  18.684  -54.463  3.063 0.5000000000
26782  25.210  -54.325  1.676 0.6000000238
26774  23.688  -54.743  2.908 0.6000000238
121112  25.919  -52.983  0.062 0.6000000238
27781  25.632  -53.628  1.355 0.6000000238
29689  25.657  -51.630  -1.276 0.5000000000
28738  26.191  -52.175  0.441 0.6000000238
129240  25.350  -50.294  -1.813 0.6000000238
32698  24.813  -48.936  -2.692 0.6000000238
34694  25.347  -46.602  -4.775 0.6000000238
37756  23.576  -43.880  -6.228 0.6000000238
38805  22.318  -42.854  -5.890 0.6999999881
124662  21.478  -53.873  3.803 0.6000000238
27757  19.790  -53.651  3.209 0.5000000000
27771  19.052  -53.663  2.850 0.5000000000
27767  25.323  -53.540  2.111 0.6000000238
27769  24.101  -54.020  2.904 0.6000000238
120211  22.408  -54.152  3.690 0.6000000238
123209  18.704  -52.941  2.292 0.5000000000
28721  17.995  -52.603  1.662 0.5000000000
27768  24.682  -53.277  2.878 0.6000000238
124274  25.671  -49.886  -1.416 0.6000000238
38795  23.193  -42.257  -5.826 0.6999999881
27754  22.873  -53.247  3.708 0.6000000238
27756  21.139  -53.042  3.602 0.6000000238
118898  20.355  -52.923  3.204 0.6000000238
27753  23.772  -53.315  3.417 0.6000000238
28705  21.566  -52.491  3.739 0.6000000238
28707  20.145  -52.061  2.920 0.6000000238
28719  19.344  -52.132  2.414 0.6000000238
28731  18.235  -51.895  1.559 0.6000000238
28703  23.368  -52.607  3.797 0.6000000238
29673  17.502  -51.376  0.640 0.5000000000
28730  25.793  -52.849  1.758 0.6000000238
30684  17.540  -50.455  0.222 0.6000000238
39732  22.165  -41.186  -5.577 0.6999999881
28704  22.368  -52.402  3.935 0.6000000238
114177  24.029  -52.081  3.886 0.6000000238
29639  22.331  -51.827  4.177 0.6000000238
29640  21.541  -51.859  3.864 0.6000000238
29654  19.037  -51.397  2.283 0.6000000238
29667  17.996  -51.359  1.317 0.6000000238
28718  24.828  -52.407  3.248 0.6000000238
30676  18.217  -50.624  1.574 0.6000000238
29665  25.989  -52.050  2.183 0.6000000238
30682  26.509  -50.542  0.145 0.6000000238
116245  22.177  -40.148  -5.437 0.6999999881
41556  21.614  -39.205  -5.134 0.6999999881
29637  24.845  -51.696  3.646 0.6000000238
29629  21.152  -51.191  4.062 0.6999999881
29642  20.160  -51.308  3.192 0.6999999881
29652  26.056  -51.191  2.618 0.6000000238
42563  21.090  -38.460  -4.570 0.6999999881
29627  22.915  -51.504  4.519 0.6999999881
131697  24.217  -51.533  4.116 0.6999999881
29638  23.582  -51.643  4.266 0.6999999881
30652  20.431  -50.894  3.707 0.6999999881
30653  19.810  -50.695  3.283 0.6999999881
134217  18.701  -50.839  2.124 0.6000000238
30665  18.565  -50.043  2.172 0.6999999881
31656  18.990  -49.581  2.763 0.6000000238
31667  18.263  -49.623  1.473 0.5000000000
113692  24.250  -50.735  4.816 0.6999999881
30638  22.459  -51.073  4.916 0.6999999881
30640  20.745  -50.478  4.448 0.6999999881
31644  19.483  -49.913  3.383 0.6999999881
32666  18.748  -48.513  0.315 0.5000000000
32628  19.795  -49.221  3.981 0.6999999881
32641  19.203  -48.664  2.623 0.6000000238
32648  19.223  -48.293  1.739 0.6000000238
121217  28.211  -28.051  -3.513 0.6999999881
51983  32.478  -29.426  -1.885 0.6999999881
52003  31.637  -29.419  -2.285 0.6999999881
117990  30.736  -28.389  -3.002 0.6999999881
51975  33.698  -29.830  -0.732 0.6000000238
51981  33.774  -29.073  -1.264 0.6000000238
119138  29.852  -28.100  -3.311 0.6999999881
120428  28.894  -28.101  -3.454 0.6999999881
53821  27.746  -27.583  -3.622 0.6999999881
54692  27.240  -26.979  -3.805 0.6999999881
51974  34.453  -29.269  -0.478 0.6000000238
52888  33.102  -28.870  -1.875 0.6000000238
137144  31.880  -28.226  -2.669 0.6999999881
53818  30.681  -27.703  -3.223 0.6999999881
52882  34.990  -28.439  -0.489 0.6000000238
53820  28.513  -27.443  -3.573 0.6999999881
54690  28.860  -26.703  -3.636 0.6999999881
55774  28.032  -25.288  -4.167 0.6999999881
52886  34.362  -28.474  -1.141 0.6000000238
119809  34.222  -27.868  -1.566 0.6000000238
127704  33.738  -26.920  -2.160 0.6000000238
53816  32.060  -27.084  -2.878 0.6999999881
120575  30.188  -27.237  -3.402 0.6999999881
54689  29.660  -26.621  -3.523 0.6999999881
55760  29.229  -25.896  -3.655 0.6999999881
55773  28.837  -25.120  -3.844 0.6999999881
53796  35.476  -27.602  -0.410 0.6000000238
53800  35.159  -26.996  -1.107 0.6000000238
54676  34.086  -26.298  -1.972 0.5000000000
54685  33.371  -26.355  -2.371 0.6000000238
131465  32.354  -25.726  -2.750 0.5000000000
55758  30.962  -25.858  -3.265 0.6999999881
56781  30.939  -23.826  -2.946 0.6999999881
56783  29.298  -24.270  -3.745 0.6999999881
64655  31.947  -16.169  -10.366 0.3000000119
64656  31.206  -16.683  -10.682 0.3000000119
62967  29.098  -17.513  -10.022 0.3000000119
22968  19.892  -58.768  4.204 0.3000000119
22969  18.951  -58.470  4.278 0.4000000060
23914  22.857  -57.773  0.807 0.3000000119
23875  19.486  -57.728  4.183 0.4000000060
25815  24.327  -55.162  -1.184 0.4000000060
24780  19.363  -56.722  4.029 0.4000000060
26816  24.300  -54.155  -2.147 0.4000000060
28785  24.248  -51.834  -3.272 0.4000000060
29723  23.872  -51.434  -4.021 0.4000000060
31756  24.050  -49.259  -6.140 0.4000000060
126990  17.791  -56.110  3.174 0.4000000060
34715  23.245  -46.241  -6.648 0.5000000000
26776  17.090  -54.915  2.255 0.5000000000
37757  22.523  -43.618  -6.151 0.6000000238
129238  17.467  -54.081  2.164 0.5000000000
131527  17.910  -53.376  2.068 0.5000000000
28733  17.232  -52.641  1.103 0.5000000000
38796  22.198  -42.038  -5.715 0.6000000238
28740  17.267  -52.058  0.687 0.5000000000
29680  17.217  -51.121  -0.074 0.4000000060
39733  21.403  -40.902  -5.498 0.6999999881
125413  17.831  -49.657  0.244 0.5000000000
41557  20.527  -39.293  -5.011 0.6999999881
124329  18.239  -49.024  -0.175 0.5000000000
42565  18.654  -38.771  -4.552 0.8000000119
42550  17.832  -38.439  -3.849 0.6999999881
32676  18.829  -48.346  -0.584 0.5000000000
32675  19.479  -47.873  -0.125 0.6000000238
45903  33.289  -35.708  5.080 0.6000000238
133478  33.471  -34.574  3.998 0.6000000238
51973  35.126  -29.049  0.184 0.6000000238
122497  35.630  -26.830  -0.569 0.5000000000
55743  35.170  -25.538  -1.277 0.5000000000
56760  33.938  -24.675  -2.001 0.5000000000
56767  33.101  -24.321  -2.312 0.5000000000
56769  31.691  -24.394  -2.730 0.5000000000
57790  31.622  -23.444  -2.713 0.5000000000
58783  30.587  -22.629  -3.636 0.5000000000
65533  31.559  -15.121  -10.807 0.3000000119
131578  30.255  -15.956  -10.576 0.3000000119
29664  26.329  -51.339  1.749 0.6000000238
29672  26.403  -51.360  0.818 0.6000000238
123641  26.192  -50.863  -0.536 0.6000000238
31628  20.450  -49.543  4.681 0.8000000119
131042  23.741  -42.685  -5.931 0.6999999881
39731  23.041  -40.755  -5.554 0.6999999881
129053  32.295  -28.651  -2.390 0.6999999881
57807  29.711  -22.889  -3.959 0.6000000238
64658  30.274  -16.516  -10.606 0.3000000119
42549  19.229  -38.141  -3.828 0.8000000119
41559  18.248  -39.277  -5.263 0.6999999881
53817  31.463  -27.825  -2.926 0.6999999881
23888  22.559  -57.666  2.545 0.4000000060
24804  24.225  -56.148  1.174 0.4000000060
116785  24.454  -55.611  -0.340 0.3000000119
25801  25.084  -55.109  0.536 0.5000000000
120280  19.256  -55.819  3.818 0.5000000000
31742  24.132  -50.051  -4.875 0.3000000119
33706  23.422  -47.929  -6.760 0.4000000060
25774  17.527  -55.473  2.741 0.5000000000
32649  18.624  -48.727  1.224 0.6000000238
54688  30.410  -26.532  -3.408 0.6999999881
55761  28.438  -26.003  -3.871 0.6999999881
52900  33.046  -28.103  -2.266 0.6999999881
53802  33.710  -27.600  -2.023 0.6000000238
52901  32.285  -27.852  -2.618 0.6999999881
54687  31.836  -26.235  -3.019 0.6999999881
54675  34.793  -26.287  -1.477 0.6000000238
55745  33.698  -25.604  -2.190 0.5000000000
54686  32.610  -26.387  -2.685 0.6000000238
132879  30.384  -25.182  -3.318 0.6999999881
55772  29.641  -25.081  -3.549 0.6999999881
54674  35.448  -26.252  -0.946 0.5000000000
56759  34.826  -24.748  -1.504 0.5000000000
136442  33.267  -25.057  -2.342 0.5000000000
55757  31.742  -25.339  -2.891 0.5000000000
55771  30.997  -24.813  -3.044 0.5000000000
57799  30.989  -22.962  -2.982 0.5000000000
57800  30.338  -23.305  -3.379 0.6999999881
55728  36.299  -25.568  -0.029 0.5000000000
57780  33.578  -23.687  -2.089 0.5000000000
58781  32.071  -22.072  -2.961 0.5000000000
121252  20.100  -39.973  -5.261 0.6000000238
41558  19.273  -39.524  -5.087 0.6000000238
43749  18.513  -38.106  -5.946 0.5000000000
122471  18.042  -39.486  -5.825 0.6000000238
42567  17.259  -38.412  -4.717 0.6000000238
43747  20.598  -37.238  -6.549 0.5000000000
43729  18.889  -37.178  -5.788 0.5000000000
43730  17.831  -37.703  -5.443 0.6000000238
127892  21.097  -46.069  1.222 0.5000000000
43716  16.766  -37.974  -4.377 0.6000000238
44869  21.580  -36.625  -6.632 0.5000000000
44870  19.891  -36.697  -6.123 0.5000000000
46047  21.570  -36.135  -6.351 0.5000000000
35608  21.327  -45.388  1.413 0.4000000060
128204  20.803  -44.554  0.134 0.4000000060
36642  20.737  -43.220  0.350 0.4000000060
44859  20.161  -36.044  -5.821 0.5000000000
46046  22.202  -36.130  -6.367 0.5000000000
46033  20.864  -35.828  -5.957 0.5000000000
37656  20.983  -42.260  1.574 0.4000000060
46012  21.621  -35.419  -5.006 0.5000000000
46032  21.532  -35.774  -5.941 0.5000000000
38712  20.645  -41.844  2.178 0.4000000060
39577  24.229  -41.441  8.601 0.4000000060
39578  23.375  -41.444  8.252 0.4000000060
39608  21.998  -41.372  7.079 0.4000000060
39620  21.660  -41.535  6.368 0.3000000119
43548  29.103  -37.350  11.316 0.4000000060
42407  28.172  -37.608  11.097 0.4000000060
40466  26.212  -40.525  9.504 0.4000000060
40487  24.723  -40.989  8.894 0.4000000060
129979  28.913  -36.419  11.533 0.4000000060
41357  25.909  -39.955  10.202 0.4000000060
40488  23.963  -41.142  8.711 0.4000000060
41379  25.247  -39.577  11.312 0.4000000060
41358  24.447  -40.197  10.035 0.4000000060
40489  23.300  -41.248  8.483 0.4000000060
39558  22.575  -41.275  7.910 0.4000000060
41377  27.334  -39.090  10.901 0.4000000060
129029  26.763  -39.931  10.170 0.4000000060
124945  29.384  -36.705  10.463 0.4000000060
43568  27.726  -36.672  11.626 0.4000000060
42408  26.800  -37.884  11.048 0.4000000060
41378  26.189  -39.242  11.096 0.4000000060
42409  25.536  -38.090  11.472 0.4000000060
42410  24.721  -38.138  11.998 0.4000000060
41359  24.072  -40.413  9.594 0.4000000060
43570  25.007  -36.738  10.731 0.4000000060
42411  23.909  -38.489  12.002 0.4000000060
40470  23.027  -41.049  8.646 0.4000000060
44711  32.298  -36.956  7.293 0.4000000060
44675  29.082  -35.850  10.608 0.4000000060
115374  28.554  -35.915  11.639 0.4000000060
44742  32.690  -36.416  6.563 0.5000000000
44712  31.752  -36.628  7.892 0.4000000060
44692  31.100  -36.208  8.457 0.4000000060
45813  29.633  -35.774  9.345 0.4000000060
45830  27.823  -35.424  9.148 0.4000000060
44695  27.480  -36.072  10.229 0.4000000060
117546  26.475  -36.072  10.835 0.4000000060
43594  24.830  -36.137  10.044 0.4000000060
43571  23.816  -36.616  10.347 0.4000000060
47025  33.180  -34.810  4.767 0.5000000000
45904  32.833  -35.643  5.981 0.5000000000
45875  31.541  -35.210  7.371 0.5000000000
45826  31.087  -35.498  8.043 0.4000000060
129857  30.096  -34.892  8.041 0.4000000060
46919  29.593  -35.277  8.588 0.4000000060
45828  29.085  -35.559  9.475 0.4000000060
43593  25.593  -36.183  10.291 0.4000000060
132608  32.411  -34.980  6.154 0.5000000000
45847  30.733  -34.947  7.754 0.4000000060
46952  28.916  -35.136  8.478 0.4000000060
46953  28.146  -35.072  8.324 0.4000000060
47005  31.835  -34.656  6.581 0.4000000060
46980  31.031  -34.323  7.009 0.4000000060
128433  30.255  -34.420  7.441 0.4000000060
46981  29.461  -34.603  7.772 0.4000000060
46982  28.560  -34.578  7.698 0.4000000060
119117  31.802  -32.803  5.509 0.4000000060
49079  31.417  -32.166  5.572 0.4000000060
49080  30.624  -32.263  5.779 0.4000000060
49081  29.730  -32.322  5.852 0.4000000060
49995  29.200  -31.671  5.553 0.4000000060
48145  33.616  -33.256  3.626 0.5000000000
50027  33.694  -31.746  4.114 0.5000000000
49078  32.203  -32.139  5.262 0.4000000060
49993  30.995  -31.357  5.536 0.4000000060
49994  30.122  -31.580  5.590 0.4000000060
122053  34.310  -32.121  2.656 0.5000000000
48096  32.066  -33.527  5.601 0.5000000000
48080  31.507  -33.889  6.231 0.4000000060
48060  30.363  -33.946  6.913 0.4000000060
48061  29.709  -33.998  7.057 0.4000000060
48083  28.320  -33.665  6.566 0.4000000060
48097  31.191  -33.045  5.891 0.4000000060
48082  29.130  -33.528  6.578 0.4000000060
49990  33.261  -30.979  4.667 0.5000000000
121859  31.727  -31.358  5.394 0.4000000060
134892  31.419  -30.914  5.388 0.4000000060
50011  29.682  -30.930  5.363 0.3000000119
50960  34.980  -30.025  2.785 0.5000000000
135805  33.643  -30.601  4.424 0.5000000000
50929  32.662  -30.390  5.007 0.4000000060
51893  32.191  -29.857  5.040 0.4000000060
50930  30.990  -29.795  5.005 0.4000000060
50948  30.233  -30.214  5.167 0.3000000119
50949  29.251  -30.288  5.062 0.3000000119
130704  28.501  -30.326  4.986 0.3000000119
51928  35.118  -29.307  3.114 0.5000000000
51944  35.335  -29.401  2.278 0.4000000060
51963  35.516  -28.996  1.527 0.5000000000
52811  33.751  -28.746  4.252 0.3000000119
51892  32.803  -29.760  4.881 0.4000000060
51919  31.677  -29.287  4.818 0.4000000060
52814  30.784  -29.051  4.648 0.3000000119
123070  30.321  -29.560  4.800 0.3000000119
119897  28.723  -29.744  4.644 0.3000000119
50950  27.791  -29.958  4.655 0.3000000119
52824  34.491  -29.046  3.736 0.3000000119
115207  35.474  -28.761  2.574 0.4000000060
52863  35.758  -28.335  1.892 0.4000000060
52874  35.949  -27.640  1.293 0.4000000060
53789  35.848  -27.673  0.475 0.4000000060
53795  36.002  -26.984  0.003 0.4000000060
52812  33.015  -28.576  4.516 0.3000000119
51918  32.536  -29.218  4.773 0.3000000119
127831  31.366  -28.468  4.420 0.3000000119
52815  29.892  -28.956  4.460 0.3000000119
52816  29.031  -29.041  4.312 0.3000000119
51930  27.328  -29.325  3.976 0.3000000119
51922  26.851  -29.917  4.416 0.3000000119
53701  34.295  -28.200  3.732 0.3000000119
52827  28.552  -28.536  3.671 0.3000000119
51921  28.182  -29.198  4.154 0.3000000119
52829  26.891  -28.820  3.366 0.3000000119
52823  35.054  -28.495  3.235 0.3000000119
52840  35.510  -27.980  2.667 0.3000000119
54627  36.189  -26.185  1.641 0.3000000119
54669  36.274  -26.306  0.398 0.4000000060
56739  36.086  -24.874  -0.440 0.4000000060
126229  35.816  -24.138  -0.702 0.4000000060
57758  35.375  -23.256  -1.047 0.4000000060
56768  32.347  -23.942  -2.496 0.4000000060
119748  25.878  -29.486  3.679 0.3000000119
54594  34.469  -26.862  3.507 0.3000000119
53731  34.066  -27.407  3.730 0.3000000119
53730  34.882  -27.538  3.301 0.3000000119
54612  35.470  -26.410  2.710 0.3000000119
55662  35.984  -25.551  2.126 0.3000000119
55699  36.479  -25.232  0.707 0.3000000119
122860  36.407  -24.870  0.102 0.4000000060
57740  36.591  -23.549  0.572 0.3000000119
56738  36.348  -24.222  -0.089 0.4000000060
57757  36.162  -23.417  -0.332 0.4000000060
57779  34.500  -23.721  -1.625 0.4000000060
58753  34.542  -22.583  -1.509 0.4000000060
59776  33.875  -21.944  -1.901 0.4000000060
58767  33.133  -22.918  -2.294 0.4000000060
57789  32.318  -22.950  -2.557 0.4000000060
54611  35.821  -26.124  2.274 0.3000000119
125369  36.485  -22.700  0.151 0.3000000119
58734  36.235  -21.934  -0.165 0.3000000119
58752  35.176  -22.156  -1.051 0.4000000060
59775  34.514  -21.583  -1.500 0.4000000060
119420  33.376  -22.269  -2.235 0.4000000060
60850  33.692  -20.717  -2.601 0.4000000060
59799  33.101  -21.078  -3.041 0.4000000060
59810  32.437  -21.312  -4.281 0.4000000060
58789  31.044  -22.107  -4.013 0.5000000000
58719  37.233  -21.899  1.279 0.3000000119
60811  36.746  -20.547  0.506 0.3000000119
59759  35.902  -21.211  -0.417 0.3000000119
59774  35.162  -21.149  -0.997 0.4000000060
125882  35.010  -20.244  -1.282 0.4000000060
61940  34.818  -19.564  -1.731 0.4000000060
60835  34.243  -20.215  -2.086 0.4000000060
61956  34.503  -19.425  -2.497 0.3000000119
60865  33.630  -20.451  -3.408 0.4000000060
60877  33.063  -20.780  -4.858 0.3000000119
59811  31.711  -21.716  -4.602 0.3000000119
59812  30.878  -22.088  -4.853 0.4000000060
59816  32.405  -21.262  -5.266 0.3000000119
59817  31.613  -21.683  -5.557 0.3000000119
60810  37.221  -20.679  1.132 0.3000000119
61910  36.686  -19.624  0.513 0.3000000119
61924  36.156  -19.550  -0.327 0.3000000119
61925  35.473  -19.540  -1.007 0.3000000119
62873  35.425  -18.763  -1.448 0.3000000119
62887  34.969  -18.639  -2.268 0.3000000119
61969  34.365  -19.319  -3.309 0.3000000119
60876  33.657  -20.158  -4.371 0.3000000119
61989  33.717  -19.444  -5.088 0.3000000119
61979  34.198  -19.195  -4.238 0.3000000119
61899  36.916  -19.523  1.436 0.3000000119
62858  36.511  -18.808  0.092 0.3000000119
63727  35.901  -18.046  -1.058 0.3000000119
114203  35.479  -17.956  -1.846 0.3000000119
114568  35.447  -17.106  -2.267 0.3000000119
63748  34.821  -18.073  -3.011 0.3000000119
117217  34.600  -17.918  -3.653 0.3000000119
62908  33.963  -18.524  -4.973 0.3000000119
62907  34.356  -18.205  -4.249 0.3000000119
129025  33.676  -17.951  -5.464 0.3000000119
63781  33.539  -17.128  -5.545 0.3000000119
47026  32.670  -34.189  5.212 0.5000000000
47046  33.082  -34.059  4.534 0.5000000000
40647  20.982  -40.137  -5.329 0.6000000238
40649  19.350  -40.403  -5.458 0.5000000000
40650  18.524  -40.084  -5.622 0.5000000000
41591  18.695  -39.574  -6.566 0.5000000000
41576  18.179  -39.878  -6.232 0.5000000000
43745  22.301  -36.916  -7.008 0.5000000000
42595  20.797  -38.169  -6.867 0.5000000000
121105  19.084  -38.375  -6.356 0.5000000000
33576  19.733  -47.854  2.298 0.6000000238
33585  19.897  -47.602  1.362 0.6000000238
33584  20.487  -47.072  1.131 0.6000000238
34605  20.744  -46.437  0.694 0.5000000000
34627  20.419  -46.371  -0.185 0.5000000000
35631  20.734  -45.652  0.147 0.5000000000
35652  20.309  -44.873  -0.595 0.5000000000
36658  20.177  -43.073  -0.416 0.4000000060
37672  19.871  -42.137  0.118 0.4000000060
38737  19.809  -41.901  0.807 0.4000000060
37642  20.008  -41.649  2.103 0.4000000060
38671  20.905  -41.787  4.990 0.3000000119
39621  21.021  -41.269  6.109 0.3000000119
39579  21.824  -41.204  7.488 0.4000000060
41382  23.829  -39.703  11.475 0.4000000060
41361  23.017  -40.882  9.075 0.4000000060
43572  23.373  -36.940  11.175 0.4000000060
45831  26.960  -35.440  8.898 0.4000000060
44715  23.834  -35.857  8.989 0.4000000060
45848  26.101  -35.286  8.487 0.4000000060
44713  25.396  -35.679  9.407 0.4000000060
46983  27.628  -34.557  7.499 0.4000000060
45849  25.140  -35.170  7.886 0.4000000060
49082  28.764  -32.428  5.816 0.4000000060
49996  28.101  -31.697  5.481 0.4000000060
48063  28.180  -34.166  7.011 0.4000000060
133401  27.794  -33.316  6.180 0.4000000060
128641  27.922  -30.784  5.161 0.3000000119
50951  27.106  -30.627  4.911 0.3000000119
50014  26.511  -31.322  5.129 0.3000000119
44868  22.247  -36.461  -6.653 0.5000000000
37617  20.525  -41.993  4.206 0.4000000060
42412  23.227  -38.124  12.007 0.4000000060
43596  23.475  -36.250  9.919 0.4000000060
46984  26.815  -34.924  7.872 0.4000000060
38693  20.249  -41.642  2.841 0.4000000060
44861  18.154  -36.756  -5.396 0.5000000000
43547  29.680  -37.610  10.037 0.4000000060
135524  34.155  -32.619  2.756 0.5000000000
52875  35.720  -28.327  1.032 0.5000000000
119931  30.065  -36.923  9.549 0.4000000060
57778  35.257  -24.152  -1.225 0.4000000060
59801  31.818  -21.788  -3.733 0.4000000060
130558  32.731  -21.646  -2.897 0.4000000060
42579  17.789  -38.611  -5.434 0.6000000238
42596  19.902  -38.193  -6.604 0.5000000000
43746  21.580  -37.402  -6.903 0.5000000000
41380  24.252  -39.351  11.776 0.4000000060
119376  24.215  -37.298  11.577 0.4000000060
41381  24.053  -39.839  10.978 0.4000000060
41360  23.692  -40.518  9.649 0.4000000060
45846  32.098  -36.057  7.360 0.5000000000
45827  30.374  -35.488  8.510 0.4000000060
44714  24.593  -35.754  9.089 0.4000000060
43595  24.151  -36.147  9.903 0.4000000060
47004  32.228  -34.341  5.895 0.5000000000
48062  28.900  -34.077  7.077 0.4000000060
49115  33.942  -32.416  3.358 0.5000000000
49095  33.411  -32.587  4.186 0.5000000000
49096  32.785  -32.756  4.798 0.5000000000
48125  32.681  -33.491  4.974 0.5000000000
51929  34.549  -29.969  3.574 0.5000000000
50961  34.650  -30.701  3.067 0.5000000000
50947  33.368  -30.115  4.639 0.4000000060
51917  33.934  -29.566  4.259 0.4000000060
53745  35.854  -26.722  2.157 0.3000000119
53788  36.144  -27.019  0.766 0.4000000060
122917  36.434  -25.924  0.956 0.3000000119
58735  35.864  -22.556  -0.538 0.4000000060
55663  35.539  -25.721  2.739 0.3000000119
59785  33.953  -21.062  -1.989 0.4000000060
59746  37.089  -21.265  0.834 0.3000000119
60866  33.104  -20.903  -3.894 0.4000000060
61898  37.044  -20.128  1.062 0.3000000119
131290  36.355  -20.157  -0.053 0.3000000119
62849  36.809  -18.709  1.075 0.3000000119
62859  35.993  -18.803  -0.694 0.3000000119
63726  36.300  -17.390  -0.618 0.3000000119
63769  34.049  -17.499  -4.859 0.3000000119
134511  17.347  -49.972  -1.015 0.4000000060
31682  17.653  -49.676  -0.543 0.4000000060
115478  17.393  -49.146  -2.305 0.4000000060
31698  18.054  -48.703  -1.820 0.3000000119
31687  18.229  -48.893  -1.039 0.4000000060
33633  18.679  -47.537  -1.917 0.3000000119
35750  22.170  -44.967  -6.462 0.5000000000
33619  19.368  -47.699  -0.874 0.5000000000
33632  19.192  -47.369  -1.395 0.3000000119
37758  21.595  -43.374  -6.083 0.5000000000
38807  20.524  -42.354  -5.842 0.5000000000
114404  20.936  -43.906  -6.404 0.5000000000
33603  20.157  -47.296  0.405 0.5000000000
34606  19.907  -47.163  -0.498 0.4000000060
38797  21.302  -41.734  -5.622 0.5000000000
37760  20.197  -42.697  -6.185 0.5000000000
38814  19.591  -42.084  -6.365 0.3000000119
38798  20.420  -41.637  -5.649 0.5000000000
38808  19.749  -41.983  -5.946 0.4000000060
39744  19.111  -41.445  -6.091 0.4000000060
114360  19.520  -41.936  -6.992 0.3000000119
39750  19.134  -41.555  -6.501 0.3000000119
39761  19.243  -41.368  -6.981 0.3000000119
39762  18.746  -40.862  -6.540 0.3000000119
41589  20.301  -39.953  -7.298 0.3000000119
40672  20.063  -40.959  -7.374 0.3000000119
40673  19.235  -40.544  -7.048 0.4000000060
39751  18.598  -40.928  -6.132 0.4000000060
37685  19.169  -42.147  -0.559 0.3000000119
129074  21.678  -38.967  -7.341 0.4000000060
41588  21.334  -39.651  -7.419 0.4000000060
41590  19.401  -39.649  -6.978 0.4000000060
37673  19.309  -41.965  0.167 0.3000000119
37630  19.829  -41.997  2.779 0.3000000119
40471  22.453  -41.102  8.270 0.3000000119
41383  23.170  -40.272  10.728 0.3000000119
41362  22.629  -40.898  9.250 0.3000000119
114316  22.174  -40.386  10.694 0.3000000119
113271  22.300  -38.503  11.901 0.3000000119
44716  23.084  -35.964  8.953 0.3000000119
45850  24.247  -35.402  8.002 0.3000000119
44743  23.464  -35.484  7.937 0.3000000119
44744  22.624  -35.567  7.866 0.3000000119
122765  21.619  -36.141  8.798 0.3000000119
47006  26.782  -34.364  7.029 0.3000000119
135094  26.143  -34.241  6.762 0.3000000119
129174  24.687  -34.642  6.939 0.3000000119
133947  24.497  -35.023  7.417 0.3000000119
45877  23.922  -34.898  7.085 0.3000000119
48101  27.081  -33.264  6.058 0.3000000119
119439  26.581  -33.790  6.408 0.3000000119
48085  25.772  -33.821  6.324 0.3000000119
48086  24.937  -33.970  6.327 0.3000000119
47007  24.146  -34.240  6.330 0.3000000119
48103  25.288  -33.348  5.806 0.3000000119
48104  24.287  -33.541  5.681 0.3000000119
49083  27.709  -32.669  5.795 0.3000000119
49084  26.704  -32.668  5.684 0.3000000119
48102  26.212  -33.271  5.910 0.3000000119
49086  24.745  -32.817  5.334 0.3000000119
35749  23.116  -45.334  -6.510 0.5000000000
42610  20.059  -38.898  -6.949 0.4000000060
37658  19.479  -42.022  1.045 0.3000000119
45876  25.465  -34.461  6.885 0.3000000119
44717  22.312  -36.052  8.924 0.3000000119
135200  19.439  -46.656  -1.377 0.3000000119
35672  19.174  -45.391  -1.715 0.3000000119
36659  19.557  -43.173  -1.089 0.3000000119
24782  17.239  -56.765  2.942 0.4000000060
25776  16.273  -56.014  1.995 0.4000000060
25789  16.366  -55.316  1.820 0.4000000060
26794  14.834  -54.702  0.161 0.4000000060
27793  15.063  -54.044  -0.104 0.3000000119
26783  16.586  -54.331  1.594 0.4000000060
27784  15.818  -54.260  0.934 0.4000000060
27783  16.429  -53.395  0.932 0.4000000060
133388  24.044  -49.816  -5.643 0.3000000119
27782  17.254  -53.404  1.605 0.4000000060
29682  16.148  -51.829  -1.009 0.3000000119
29690  16.406  -51.224  -1.274 0.3000000119
28741  16.725  -52.489  0.465 0.4000000060
30709  16.480  -50.054  -2.530 0.3000000119
129071  15.811  -51.056  -2.230 0.3000000119
31713  16.761  -49.488  -2.760 0.3000000119
29674  16.993  -51.768  0.134 0.4000000060
30698  16.410  -50.645  -1.867 0.3000000119
31699  16.948  -49.836  -2.070 0.3000000119
25790  15.663  -55.931  1.498 0.4000000060
26784  15.798  -55.001  1.299 0.4000000060
32712  17.200  -48.226  -3.137 0.3000000119
118213  17.953  -56.734  3.481 0.3000000119
32713  16.459  -48.350  -3.678 0.3000000119
22980  21.364  -58.985  3.180 0.4000000060
23887  23.173  -57.157  2.050 0.4000000060
23902  23.306  -57.229  1.173 0.4000000060
23903  22.832  -57.784  1.635 0.4000000060
23913  23.236  -57.125  0.341 0.3000000119
24778  21.548  -56.612  3.705 0.5000000000
24781  18.536  -56.298  3.655 0.3000000119
24796  17.188  -56.080  2.701 0.5000000000
24797  16.645  -56.379  2.403 0.4000000060
24805  23.680  -56.623  1.552 0.4000000060
24815  24.689  -55.611  0.887 0.5000000000
24828  24.324  -56.030  0.431 0.3000000119
25759  19.237  -54.950  3.559 0.5000000000
25771  24.031  -55.443  2.332 0.6000000238
25775  16.821  -55.689  2.331 0.5000000000
25786  25.011  -55.039  1.265 0.5000000000
25788  24.019  -56.072  1.815 0.4000000060
25803  15.271  -55.478  0.982 0.4000000060
25808  24.978  -55.214  -0.031 0.3000000119
26756  23.324  -54.022  3.388 0.6000000238
26757  22.506  -55.206  3.548 0.5000000000
26759  19.321  -54.245  3.272 0.5000000000
26761  17.889  -54.687  2.696 0.5000000000
26772  24.768  -54.162  2.350 0.6000000238
26773  24.285  -54.681  2.491 0.6000000238
26793  15.284  -54.863  0.724 0.4000000060
26799  25.320  -54.661  -0.003 0.5000000000
26808  24.749  -54.356  -1.453 0.4000000060
27752  24.170  -52.745  3.488 0.6000000238
27755  21.980  -53.156  3.795 0.6000000238
27770  19.592  -52.889  2.739 0.6000000238
27792  15.654  -53.725  0.352 0.4000000060
27798  25.600  -53.321  -0.609 0.5000000000
27807  24.697  -53.571  -2.053 0.4000000060
28706  20.900  -52.291  3.435 0.6000000238
28717  25.407  -52.675  2.508 0.6000000238
28720  18.691  -52.082  1.957 0.6000000238
28729  26.179  -52.136  1.345 0.6000000238
28732  17.743  -51.991  1.147 0.6000000238
28739  25.973  -52.904  0.955 0.6000000238
28742  16.032  -52.958  0.107 0.4000000060
28747  16.401  -52.165  -0.258 0.4000000060
28748  15.756  -52.572  -0.677 0.3000000119
28767  25.184  -51.907  -1.973 0.4000000060
28769  24.118  -52.813  -3.157 0.4000000060
29628  21.955  -51.442  4.396 0.6999999881
29636  25.520  -51.195  3.405 0.8999999762
29641  20.709  -51.599  3.499 0.6999999881
29653  25.475  -51.871  2.911 0.6000000238
29666  18.502  -51.393  1.817 0.6000000238
29679  26.013  -51.371  -0.737 0.6000000238
29681  16.741  -51.362  -0.624 0.4000000060
29704  25.285  -51.012  -1.904 0.4000000060
30621  22.896  -50.601  5.286 0.8999999762
30639  21.578  -50.846  4.743 0.8999999762
30649  25.599  -50.523  3.841 0.8999999762
30651  23.844  -51.278  4.516 0.6999999881
30662  26.331  -50.362  2.708 0.8999999762
30664  19.170  -50.575  2.694 0.6000000238
30675  26.614  -50.471  1.264 0.8000000119
30677  17.777  -50.778  0.978 0.6000000238
30683  17.820  -50.026  0.930 0.6000000238
30689  25.758  -50.743  -1.223 0.6000000238
30690  17.180  -50.536  -0.660 0.4000000060
30691  16.758  -50.815  -1.163 0.3000000119
30696  26.171  -50.181  -0.728 0.8000000119
30697  17.030  -50.234  -1.377 0.3000000119
30710  15.940  -50.491  -2.661 0.3000000119
31597  24.302  -49.708  5.515 0.8999999762
31599  21.854  -49.583  5.673 0.8999999762
31624  26.314  -49.219  4.037 0.8999999762
31626  24.647  -50.129  5.113 0.8999999762
31627  21.215  -50.066  5.219 0.8999999762
31655  26.870  -49.306  2.475 0.8999999762
31679  27.165  -49.037  0.996 1.0000000000
31681  18.195  -49.235  0.673 0.5000000000
31686  26.576  -49.615  -0.221 0.8000000119
31688  17.527  -49.486  -1.462 0.3000000119
31697  25.640  -49.206  -1.566 0.6000000238
31711  25.179  -49.570  -2.079 0.6000000238
31729  24.532  -49.558  -3.306 0.5000000000
32555  22.989  -48.496  6.420 0.8999999762
32557  21.373  -48.164  5.820 0.8000000119
32574  24.529  -49.183  5.823 0.8999999762
32606  26.987  -48.037  4.032 0.8999999762
32610  20.476  -48.615  4.792 0.8999999762
32629  19.358  -49.139  3.280 0.6999999881
32642  18.656  -49.095  2.071 0.6000000238
32647  27.492  -48.298  1.530 1.0000000000
32665  19.365  -48.045  0.808 0.6000000238
32673  27.066  -48.229  -0.132 0.8999999762
32683  26.052  -48.514  -1.297 0.8999999762
32685  18.737  -48.129  -1.410 0.5000000000
32699  18.362  -48.158  -2.050 0.3000000119
32700  17.728  -48.391  -2.526 0.3000000119
32701  17.033  -48.834  -2.989 0.3000000119
32752  23.797  -48.539  -6.530 0.4000000060
33503  26.009  -47.536  6.447 0.8999999762
33507  21.684  -47.446  6.171 0.6999999881
33514  25.542  -48.250  6.134 0.8999999762
33543  27.293  -47.382  4.322 0.8999999762
33544  26.716  -47.893  4.791 0.8999999762
33545  20.979  -47.374  4.886 0.6999999881
33561  27.791  -46.816  3.837 0.8999999762
33562  20.474  -47.530  3.619 0.6999999881
33563  19.752  -48.278  3.306 0.8000000119
33574  27.657  -47.737  2.454 0.8999999762
33575  20.404  -47.213  1.877 0.6000000238
33617  27.452  -47.580  0.219 1.0000000000
33646  25.305  -47.450  -2.495 0.6999999881
33647  18.157  -47.673  -2.439 0.3000000119
33672  25.042  -47.477  -5.006 0.6000000238
33691  23.343  -47.168  -6.739 0.4000000060
34476  26.102  -46.387  7.497 1.0000000000
34486  27.961  -46.058  5.867 0.8999999762
34490  24.830  -47.063  7.327 1.0000000000
34491  23.219  -46.999  7.220 1.0000000000
34527  28.131  -46.191  4.190 0.8999999762
34549  21.497  -46.098  3.803 0.6000000238
34566  20.861  -46.746  2.411 0.6999999881
34603  28.135  -46.146  0.814 1.0000000000
34625  27.464  -46.862  -0.139 1.0000000000
34646  19.880  -46.162  -0.959 0.5000000000
34647  18.943  -46.669  -1.832 0.3000000119
34659  25.820  -46.266  -2.218 0.8000000119
34714  25.028  -46.688  -5.719 0.6000000238
35480  25.443  -45.320  8.292 0.6999999881
35490  27.219  -45.583  7.885 0.8999999762
35494  23.748  -45.372  7.788 0.8000000119
35509  28.160  -45.682  6.976 1.0000000000
35607  28.524  -45.494  1.977 1.0000000000
35609  21.058  -45.521  0.735 0.4000000060
35651  26.818  -45.822  -1.103 1.0000000000
35671  19.640  -44.644  -1.271 0.5000000000
35747  24.762  -46.051  -6.163 0.6000000238
36514  26.106  -44.565  8.573 0.6999999881
36529  30.037  -44.085  6.904 0.8999999762
36530  29.400  -44.430  7.396 0.8999999762
36535  23.201  -44.539  7.530 0.6000000238
36536  22.728  -44.438  6.910 0.6999999881
36558  29.493  -44.558  5.431 1.0000000000
36560  22.362  -44.028  5.268 0.6000000238
36572  28.867  -44.901  4.117 0.8999999762
36591  28.802  -44.753  3.262 0.8999999762
36592  21.949  -44.077  3.323 0.5000000000
36624  21.207  -43.298  1.139 0.4000000060
36641  28.058  -44.985  0.074 1.0000000000
36655  28.072  -44.248  -0.103 1.0000000000
36656  27.503  -44.710  -0.560 1.0000000000
36674  27.081  -44.077  -1.043 1.0000000000
36676  18.829  -43.239  -1.734 0.3000000119
36709  26.219  -44.131  -3.024 0.8000000119
36740  23.915  -44.812  -6.390 0.6000000238
36742  21.882  -44.153  -6.312 0.5000000000
37550  27.698  -42.961  8.773 0.6999999881
37551  26.980  -42.908  8.849 0.6999999881
37566  27.749  -43.602  8.596 0.6999999881
37568  25.628  -43.051  8.718 0.6000000238
37578  29.709  -43.761  7.672 0.8999999762
37579  29.024  -44.087  8.134 0.8000000119
37580  28.080  -44.257  8.427 0.8000000119
37582  24.542  -44.044  8.439 0.6000000238
37601  30.432  -43.487  5.579 1.0000000000
37629  20.148  -41.935  3.406 0.3000000119
37640  29.231  -42.826  2.757 1.0000000000
37657  20.470  -42.202  0.855 0.4000000060
37684  27.377  -43.447  -0.787 1.0000000000
37746  25.130  -43.521  -5.734 0.8000000119
37759  20.715  -43.078  -6.101 0.5000000000
38606  28.308  -42.406  8.902 0.6999999881
38622  29.501  -42.499  8.499 0.8000000119
38623  26.893  -42.058  9.097 0.6000000238
38625  24.740  -42.247  8.578 0.6000000238
38626  23.730  -41.904  8.114 0.4000000060
38627  22.828  -41.649  7.593 0.4000000060
38658  22.274  -42.260  6.097 0.5000000000
38659  21.282  -41.536  5.756 0.4000000060
38690  30.118  -42.284  4.011 1.0000000000
38691  29.610  -42.504  3.424 1.0000000000
38692  20.561  -41.693  3.534 0.4000000060
38710  29.203  -42.139  2.139 1.0000000000
38727  20.261  -41.822  1.472 0.4000000060
38728  19.824  -41.749  1.460 0.4000000060
38764  27.223  -42.749  -0.963 1.0000000000
38793  25.802  -42.539  -4.999 0.8000000119
38804  24.304  -43.188  -5.981 0.6999999881
38806  21.406  -42.611  -5.813 0.5000000000
39575  26.008  -41.747  9.033 0.6000000238
39634  31.275  -41.652  4.831 1.0000000000
39668  29.069  -41.334  1.708 1.0000000000
39691  27.417  -41.434  -0.574 0.8999999762
39717  26.060  -40.977  -2.874 0.8999999762
39734  20.625  -40.961  -5.486 0.5000000000
39735  19.622  -41.204  -5.646 0.5000000000
39736  18.733  -40.821  -5.845 0.4000000060
40462  30.071  -40.118  9.099 0.6000000238
40463  29.199  -39.956  9.735 0.5000000000
40464  27.852  -40.797  9.662 0.6000000238
40467  25.189  -40.443  9.455 0.4000000060
40468  24.324  -40.699  9.103 0.4000000060
40469  23.770  -40.903  8.903 0.4000000060
40486  25.630  -41.009  9.078 0.5000000000
40538  32.055  -40.827  5.731 0.6999999881
40629  25.874  -40.367  -2.273 0.8999999762
40648  20.180  -40.539  -5.405 0.5000000000
40654  23.980  -40.425  -5.442 0.8000000119
40655  18.249  -40.376  -5.969 0.4000000060
40661  18.325  -40.401  -6.179 0.4000000060
40674  18.626  -40.205  -6.603 0.4000000060
41415  31.904  -39.208  7.429 0.6999999881
41438  32.198  -39.704  6.711 0.6999999881
41472  30.317  -39.941  3.298 1.0000000000
41483  29.639  -39.636  2.746 1.0000000000
41494  29.265  -39.014  2.190 1.0000000000
41496  28.046  -38.640  1.327 1.0000000000
41513  27.003  -39.783  -0.133 1.0000000000
41515  25.662  -39.057  -0.342 1.0000000000
41523  26.034  -39.740  -0.969 0.8999999762
41533  25.307  -39.621  -2.419 0.8999999762
41554  23.622  -39.071  -4.902 0.8000000119
41566  18.075  -39.746  -5.775 0.6000000238
42394  29.356  -38.176  10.559 0.4000000060
42395  28.911  -38.150  11.633 0.4000000060
42492  33.139  -38.039  4.236 0.6999999881
42493  32.790  -38.781  4.688 0.6999999881
42497  32.312  -38.780  3.480 0.8000000119
42510  30.924  -38.218  1.857 1.0000000000
42512  28.966  -38.411  1.741 1.0000000000
42513  27.436  -38.188  1.196 1.0000000000
42518  26.793  -38.206  0.935 1.0000000000
42548  20.494  -37.841  -3.909 0.8999999762
42564  19.929  -38.615  -4.508 0.6999999881
42566  17.640  -38.669  -4.654 0.6999999881
42578  17.904  -38.971  -5.322 0.6000000238
42609  20.856  -39.036  -7.178 0.4000000060
42611  19.243  -38.955  -6.647 0.5000000000
42612  18.358  -39.047  -6.201 0.5000000000
43549  28.688  -36.952  12.113 0.4000000060
43566  31.222  -37.766  8.511 0.5000000000
43567  30.830  -36.979  8.902 0.4000000060
43569  26.141  -36.957  11.192 0.4000000060
43592  31.856  -37.597  7.818 0.6000000238
43637  33.078  -37.078  6.057 0.6999999881
43660  32.400  -37.295  1.712 0.8000000119
43669  30.962  -37.091  0.859 0.8999999762
43679  23.405  -37.849  0.146 0.8999999762
43682  22.944  -38.030  -0.098 0.8999999762
43685  20.387  -37.001  -1.020 0.8999999762
43694  19.662  -37.087  -1.618 0.8999999762
43703  22.640  -37.865  -2.690 0.8999999762
43704  21.936  -37.612  -2.870 0.8999999762
43731  17.165  -38.089  -4.969 0.6000000238
43748  19.481  -37.595  -6.262 0.5000000000
43763  21.615  -38.246  -7.168 0.4000000060
44674  29.613  -36.268  9.770 0.4000000060
44693  30.307  -36.233  9.128 0.4000000060
44694  28.573  -35.531  10.390 0.4000000060
44696  26.244  -35.701  9.830 0.4000000060
44774  33.566  -36.678  4.088 0.6999999881
44780  33.457  -36.494  2.646 0.6999999881
44787  33.420  -36.042  1.969 0.6999999881
44802  29.102  -36.154  -0.038 1.0000000000
44814  21.005  -36.989  -0.775 0.8999999762
44822  17.927  -37.119  -2.157 0.8999999762
44834  16.747  -36.832  -3.514 0.8000000119
44848  16.705  -36.932  -4.250 0.8000000119
44860  19.241  -36.326  -5.641 0.6000000238
45829  28.497  -35.429  9.102 0.4000000060
45874  32.280  -35.455  6.701 0.5000000000
45922  33.695  -35.790  2.810 0.6999999881
45946  31.077  -34.978  -0.071 0.8000000119
45947  30.126  -35.123  -0.223 0.8000000119
45949  27.906  -35.511  -0.606 1.0000000000
45953  24.243  -36.193  -0.963 1.0000000000
45954  23.422  -36.493  -0.640 0.8999999762
45962  18.976  -36.030  -1.111 0.8999999762
46031  22.298  -35.822  -5.818 0.5000000000
46036  17.450  -36.331  -4.914 0.6000000238
46048  20.817  -36.313  -6.303 0.5000000000
46954  27.456  -35.120  8.264 0.4000000060
46985  26.072  -34.725  7.452 0.4000000060
47071  33.451  -34.647  1.188 0.6999999881
47072  32.878  -34.518  0.561 0.6999999881
47073  31.999  -34.776  0.156 0.8000000119
47095  20.497  -34.991  -1.396 0.8999999762
47098  17.601  -33.733  -1.606 0.8999999762
47170  20.113  -34.760  -4.701 0.6000000238
48081  29.963  -33.462  6.559 0.4000000060
48084  27.469  -33.876  6.603 0.4000000060
48098  30.279  -32.944  6.115 0.4000000060
48099  29.386  -32.955  6.179 0.4000000060
48100  28.493  -33.097  6.155 0.4000000060
48124  33.178  -33.357  4.360 0.5000000000
48144  33.996  -33.165  2.823 0.5000000000
48174  28.637  -33.144  -0.500 0.8000000119
48176  26.975  -32.912  -0.713 1.0000000000
48178  25.265  -32.682  -1.235 1.0000000000
48182  20.654  -33.553  -1.512 0.8999999762
48184  18.421  -33.307  -1.491 0.8999999762
48193  15.793  -33.474  -1.843 0.8999999762
48194  14.908  -33.033  -1.989 0.6999999881
48207  14.590  -32.837  -2.441 0.6999999881
48228  22.814  -33.729  -3.190 0.6000000238
48253  17.634  -34.041  -4.064 0.6999999881
49153  26.580  -32.247  -0.881 0.8999999762
49155  24.722  -32.229  -1.328 1.0000000000
49156  23.854  -32.210  -1.386 1.0000000000
49157  22.835  -32.185  -1.418 1.0000000000
49158  21.879  -32.447  -1.463 1.0000000000
49159  20.089  -32.812  -1.500 0.8999999762
49162  17.142  -32.628  -1.382 0.8999999762
49164  14.820  -32.563  -1.804 0.6999999881
49182  13.992  -32.148  -2.690 0.6999999881
49203  16.184  -32.334  -3.491 0.6999999881
49991  32.452  -31.196  5.122 0.4000000060
49992  31.875  -30.575  5.268 0.4000000060
50008  32.983  -31.912  4.719 0.5000000000
50009  31.088  -30.496  5.343 0.4000000060
50010  30.454  -30.898  5.409 0.3000000119
50012  28.778  -30.946  5.287 0.3000000119
50026  33.913  -30.990  4.114 0.5000000000
50042  34.547  -31.319  2.369 0.6000000238
50073  28.777  -31.825  -0.780 0.8000000119
50094  26.827  -31.196  -1.408 0.8999999762
50099  14.129  -31.715  -2.272 0.8000000119
50114  13.815  -31.157  -2.974 0.6999999881
50946  33.989  -30.326  4.174 0.5000000000
50952  26.319  -30.541  4.642 0.3000000119
50995  35.046  -30.102  1.993 0.6999999881
50996  34.660  -30.745  1.618 0.6999999881
51004  34.471  -30.545  0.691 0.6999999881
51005  33.960  -31.182  0.502 0.6999999881
51012  31.832  -31.202  -0.743 0.8000000119
51013  21.741  -30.970  -1.462 1.0000000000
51014  20.391  -30.760  -1.487 0.8999999762
51024  31.510  -30.689  -1.258 0.8000000119
51029  27.357  -30.735  -1.801 0.8000000119
51030  24.796  -30.749  -1.752 0.8999999762
51037  14.025  -30.558  -2.821 0.6999999881
51051  31.222  -30.181  -1.850 0.8000000119
51053  29.600  -30.310  -2.123 0.8000000119
51057  25.481  -30.553  -1.900 0.8999999762
51058  24.282  -30.293  -2.103 0.8999999762
51059  23.473  -30.285  -2.001 0.8999999762
51063  14.088  -29.738  -2.988 0.6999999881
51076  19.844  -30.129  -3.798 0.6000000238
51079  14.492  -30.434  -3.447 0.6999999881
51105  21.653  -29.961  -5.272 0.6000000238
51894  31.563  -29.993  5.136 0.4000000060
51920  29.572  -29.645  4.731 0.3000000119
51931  26.531  -29.405  3.798 0.3000000119
51982  33.137  -29.584  -1.391 0.6999999881
51986  19.131  -29.234  -1.999 0.8999999762
52011  23.799  -29.729  -2.522 0.8999999762
52034  21.854  -28.876  -2.828 0.8999999762
52074  21.572  -29.130  -6.045 0.6000000238
52825  30.393  -28.236  4.087 0.3000000119
52839  35.867  -27.486  2.045 0.3000000119
52881  35.498  -28.355  0.225 0.6000000238
52887  33.719  -28.336  -1.715 0.6000000238
52889  17.975  -28.062  -2.312 0.8000000119
52890  16.217  -27.615  -1.916 0.8000000119
52902  31.486  -28.603  -2.683 0.6999999881
52903  30.033  -28.992  -3.004 0.6999999881
52905  28.308  -28.739  -3.327 0.6999999881
52907  26.697  -28.782  -3.350 0.8999999762
52911  17.336  -26.928  -2.648 0.8000000119
52929  15.327  -26.522  -3.099 0.8000000119
52957  18.283  -27.333  -5.056 0.6999999881
53702  33.524  -27.988  4.111 0.3000000119
53746  35.472  -27.141  2.706 0.3000000119
53768  36.104  -26.935  1.504 0.4000000060
53797  34.807  -27.767  -1.110 0.6000000238
53801  34.384  -27.110  -1.668 0.6000000238
53815  32.990  -27.198  -2.478 0.6000000238
53819  29.318  -27.381  -3.501 0.6999999881
53826  15.693  -26.325  -2.607 0.8000000119
53840  16.920  -26.388  -3.440 0.8000000119
53841  15.975  -26.189  -3.080 0.8000000119
53864  18.806  -26.568  -5.176 0.8000000119
54652  36.317  -26.494  1.047 0.4000000060
54670  35.969  -26.268  -0.333 0.5000000000
54691  28.063  -26.817  -3.728 0.6999999881
54697  27.609  -26.174  -4.063 0.6999999881
54711  19.974  -25.579  -5.048 0.6999999881
54712  19.348  -25.985  -5.017 0.6999999881
54725  19.538  -26.352  -5.464 0.6999999881
54746  20.631  -26.607  -6.141 0.6000000238
55729  35.775  -25.559  -0.693 0.4000000060
55744  34.423  -25.524  -1.747 0.5000000000
55755  32.990  -25.688  -2.517 0.6000000238
55756  32.509  -24.940  -2.569 0.4000000060
55759  30.033  -25.861  -3.469 0.6999999881
55775  27.166  -25.483  -4.337 0.8000000119
55777  25.016  -25.830  -4.463 0.8000000119
55779  22.602  -25.425  -4.706 0.8000000119
55780  21.567  -25.379  -4.842 0.8000000119
55788  21.932  -24.764  -5.311 0.6000000238
55789  21.154  -25.046  -5.354 0.6000000238
55803  20.434  -25.459  -5.353 0.6999999881
55820  21.307  -25.070  -6.098 0.6000000238
56716  36.523  -24.412  0.634 0.4000000060
56758  35.530  -24.839  -1.012 0.4000000060
56782  30.191  -24.288  -3.339 0.6999999881
56786  26.762  -24.833  -4.585 0.8000000119
56798  27.954  -24.037  -4.563 0.8000000119
56800  26.327  -24.282  -4.934 0.8000000119
56820  24.737  -24.286  -7.617 0.6000000238
56822  23.115  -24.069  -6.996 0.6000000238
56836  24.082  -23.562  -7.397 0.6000000238
57788  32.900  -23.571  -2.340 0.4000000060
57810  25.775  -23.754  -5.459 0.8000000119
57819  24.214  -23.433  -6.475 0.6000000238
57820  23.547  -23.653  -6.672 0.6000000238
57837  25.003  -22.477  -8.255 0.6000000238
57848  27.248  -23.349  -8.939 0.5000000000
58704  36.973  -22.665  1.052 0.3000000119
58720  36.784  -21.972  0.530 0.3000000119
58754  33.835  -22.854  -1.943 0.4000000060
58768  31.613  -22.707  -2.850 0.5000000000
58782  31.338  -22.366  -3.335 0.5000000000
58804  27.145  -22.350  -6.724 0.6000000238
58809  25.233  -21.934  -8.260 0.6000000238
58813  26.487  -22.570  -9.168 0.5000000000
58814  25.924  -21.875  -8.998 0.6000000238
59758  36.518  -21.282  0.169 0.3000000119
59786  33.331  -21.519  -2.467 0.4000000060
59800  32.519  -21.468  -3.425 0.4000000060
59827  26.415  -21.708  -7.680 0.6000000238
59839  26.921  -21.013  -9.278 0.6000000238
59840  26.276  -21.487  -8.842 0.6000000238
59841  25.594  -21.851  -8.567 0.6000000238
59864  27.574  -21.011  -10.014 0.6000000238
60820  36.267  -20.715  -0.123 0.3000000119
60864  34.117  -20.010  -2.933 0.4000000060
60884  33.386  -20.170  -5.234 0.3000000119
60888  32.492  -20.512  -6.578 0.4000000060
60909  27.357  -20.670  -9.351 0.6000000238
60922  27.765  -20.270  -9.702 0.6000000238
61970  34.058  -19.845  -3.689 0.4000000060
62002  32.360  -20.043  -7.074 0.4000000060
62897  34.519  -18.594  -3.557 0.3000000119
62917  33.521  -18.739  -5.685 0.3000000119
63737  35.883  -17.275  -1.406 0.3000000119
63828  29.701  -16.940  -10.238 0.3000000119
63829  29.885  -17.249  -10.504 0.4000000060
64649  30.048  -15.882  -10.115 0.3000000119
113955  23.233  -43.085  -6.002 0.6000000238
114084  23.069  -51.979  4.114 0.6000000238
114518  21.908  -37.592  -0.637 0.8999999762
114648  15.392  -33.323  -2.763 0.6999999881
114715  28.974  -41.219  9.417 0.6000000238
115293  21.020  -32.645  -1.472 0.8999999762
115335  29.474  -22.672  -4.586 0.6999999881
115488  29.715  -23.594  -3.657 0.6999999881
115550  24.485  -38.323  -0.062 0.8999999762
116557  30.912  -42.865  6.687 0.8999999762
116950  20.676  -47.100  3.007 0.6999999881
117562  29.495  -20.438  -10.332 0.4000000060
117815  22.830  -42.864  6.949 0.6000000238
118045  28.149  -33.692  -0.592 0.8999999762
118112  21.714  -46.029  5.287 0.6999999881
118329  32.272  -32.965  5.238 0.5000000000
118365  23.155  -27.419  -4.198 0.8999999762
118388  21.138  -29.317  -2.100 1.0000000000
118667  23.357  -30.921  -1.582 1.0000000000
118894  25.309  -49.848  4.849 0.8999999762
118921  34.256  -31.450  3.359 0.5000000000
119053  22.377  -29.412  -2.455 0.8999999762
119066  29.611  -43.673  4.274 1.0000000000
119643  24.535  -36.795  -0.495 1.0000000000
119994  30.263  -40.831  8.664 0.6999999881
120925  34.294  -30.703  3.666 0.5000000000
120981  26.563  -44.091  -1.742 0.8999999762
121108  31.112  -26.946  -3.255 0.6999999881
121137  26.290  -35.127  -1.238 1.0000000000
121139  24.719  -35.265  -1.398 1.0000000000
121325  24.560  -53.004  -2.537 0.4000000060
121500  25.126  -47.641  6.856 0.8999999762
121586  24.074  -28.565  -3.530 0.8999999762
121603  21.742  -33.070  -2.960 0.6000000238
122247  20.969  -41.308  -5.536 0.5000000000
122322  19.805  -42.818  -6.975 0.3000000119
122406  25.798  -40.838  -3.858 0.8000000119
122506  18.029  -40.047  -6.009 0.4000000060
122627  21.144  -41.905  3.650 0.5000000000
122719  33.564  -36.093  4.387 0.6999999881
123407  26.380  -43.752  -2.445 0.8999999762
123842  20.598  -53.831  3.620 0.6000000238
123889  32.799  -34.929  5.530 0.5000000000
124068  19.644  -51.349  2.749 0.6999999881
124255  18.895  -37.344  -2.259 0.8999999762
124298  35.450  -28.848  0.766 0.5000000000
124308  20.236  -35.624  -5.534 0.6000000238
124397  34.529  -20.713  -1.584 0.4000000060
124506  23.118  -33.063  -3.079 0.6000000238
124674  27.804  -46.344  0.196 1.0000000000
124780  20.023  -50.153  3.995 0.6999999881
125358  33.421  -33.878  3.945 0.5000000000
125364  35.714  -20.364  -0.595 0.3000000119
125444  23.200  -23.926  -6.755 0.6000000238
125769  36.379  -18.098  -0.300 0.3000000119
125819  24.470  -36.454  10.243 0.4000000060
125911  25.095  -48.185  -2.526 0.6999999881
126350  26.522  -27.128  -3.874 0.8000000119
126356  33.241  -29.306  4.625 0.4000000060
126381  19.604  -35.389  -1.224 0.8999999762
126446  22.406  -37.911  -0.530 0.8999999762
126859  35.647  -21.804  -0.643 0.4000000060
127226  21.234  -44.476  0.856 0.4000000060
127248  21.773  -42.798  3.485 0.5000000000
127256  25.841  -44.995  -4.282 0.8000000119
127464  20.786  -58.270  3.872 0.3000000119
127731  23.562  -25.429  -4.626 0.8000000119
128017  28.411  -45.590  1.290 1.0000000000
128047  21.582  -54.865  3.829 0.5000000000
128165  16.521  -33.277  -1.555 0.8999999762
128469  20.127  -28.685  -5.683 0.6999999881
128569  26.112  -30.930  -1.607 0.8999999762
128989  32.595  -29.973  -1.407 0.6999999881
129102  21.559  -34.201  -3.564 0.6000000238
129879  14.057  -30.870  -3.235 0.6999999881
130159  24.944  -37.797  0.324 1.0000000000
130203  18.250  -53.855  2.545 0.5000000000
130529  34.377  -31.181  1.097 0.6999999881
130541  33.448  -33.983  0.893 0.6999999881
130582  24.008  -39.967  10.678 0.4000000060
130953  32.324  -38.994  6.868 0.6999999881
131023  33.815  -33.490  1.271 0.6999999881
131176  16.922  -35.226  -3.886 0.8000000119
131686  18.544  -57.795  4.058 0.4000000060
131720  22.836  -29.897  -2.206 0.8999999762
131869  25.988  -52.153  -0.483 0.5000000000
132193  20.836  -56.658  3.952 0.4000000060
132199  22.746  -36.791  -0.352 0.8999999762
132601  24.679  -47.928  -5.653 0.6000000238
133070  19.626  -47.100  -1.028 0.4000000060
133072  26.597  -41.839  -1.739 0.8999999762
133346  28.412  -38.359  1.527 1.0000000000
133381  16.250  -33.918  -3.154 0.6999999881
133420  22.868  -41.525  -5.673 0.6999999881
133589  22.216  -56.577  3.391 0.5000000000
133761  35.178  -17.844  -2.475 0.3000000119
133820  24.227  -50.379  -3.897 0.4000000060
133840  24.793  -23.210  -8.148 0.6000000238
133851  20.715  -27.577  -6.170 0.6000000238
133864  32.792  -22.187  -2.586 0.4000000060
134123  23.830  -38.329  12.028 0.4000000060
134228  34.642  -18.807  -2.911 0.3000000119
134296  30.440  -41.444  8.283 0.8000000119
134379  21.086  -54.333  3.844 0.6000000238
134436  21.990  -24.701  -6.237 0.6000000238
134460  28.167  -19.094  -10.144 0.5000000000
134471  23.878  -27.929  -3.949 0.8999999762
134476  20.596  -34.261  -1.504 0.8999999762
134601  30.748  -33.595  6.434 0.4000000060
134639  24.528  -41.573  -5.598 0.8000000119
134700  30.634  -42.604  7.438 0.8000000119
134922  30.320  -42.763  4.515 1.0000000000
136029  22.712  -31.634  -1.448 1.0000000000
136051  24.808  -48.369  -2.967 0.6999999881
136065  21.906  -46.761  6.386 0.8000000119
136076  30.899  -29.757  -2.292 0.6999999881
136200  36.396  -25.766  0.494 0.4000000060
136282  35.579  -28.889  2.074 0.4000000060
136318  26.053  -44.526  -4.068 0.8000000119
136356  23.351  -44.054  7.659 0.6000000238
136533  34.590  -20.165  -1.676 0.4000000060
136555  28.943  -22.833  -4.851 0.6000000238
136639  25.778  -52.764  -0.543 0.5000000000
136775  20.150  -39.371  -7.147 0.4000000060
137166  17.365  -37.609  -2.841 0.8000000119
137178  20.156  -48.954  4.445 0.6999999881
137198  31.553  -35.890  7.878 0.4000000060
137206  15.322  -54.322  0.430 0.4000000060
