#!ascii label  , from subject sub-v1s4x0050704_ses-1 vox2ras=TkReg
1314
43640  -9.630  -39.152  80.141 0.0000000000
156444  -35.048  -30.606  62.500 0.0000000000
59170  -31.402  -24.272  62.626 0.0000000000
56252  -27.170  -27.394  69.598 0.0000000000
71872  -35.214  -12.295  53.143 0.0000000000
66836  -31.532  -17.198  55.587 0.0000000000
137686  -35.724  -31.158  67.955 0.0000000000
52952  -31.292  -29.542  66.089 0.0000000000
74865  -41.069  -8.791  57.494 0.0000000000
77923  -44.096  -6.446  54.181 0.0000000000
80008  -46.591  -4.424  51.454 0.0000000000
152631  -32.658  -18.221  64.863 0.0000000000
63866  -29.909  -19.939  59.955 0.0000000000
68857  -35.276  -15.040  62.211 0.0000000000
67848  -37.865  -16.024  58.573 0.0000000000
49739  -20.431  -32.867  69.729 0.0000000000
44578  -7.346  -38.196  86.569 0.0000000000
56327  -35.419  -27.407  61.705 0.0000000000
62591  -33.619  -21.803  67.015 0.0000000000
51813  -22.564  -30.862  67.018 0.0000000000
55256  -26.583  -28.634  62.450 0.0000000000
136508  -45.420  -5.621  44.641 0.0000000000
81105  -49.896  -3.298  48.689 0.0000000000
157092  -34.123  -17.334  53.412 0.0000000000
70833  -40.028  -13.766  57.404 0.0000000000
44646  -10.948  -37.983  76.201 0.0000000000
38687  -6.138  -44.659  84.787 0.0000000000
75886  -42.907  -7.829  55.620 0.0000000000
151851  -33.278  -16.772  63.456 0.0000000000
48733  -18.568  -34.174  69.398 0.0000000000
42714  -8.983  -39.114  84.064 0.0000000000
54150  -35.419  -28.843  59.393 0.0000000000
54127  -36.211  -29.043  62.086 0.0000000000
56257  -24.348  -27.801  68.138 0.0000000000
54094  -24.221  -28.913  64.223 0.0000000000
56281  -26.557  -27.743  66.421 0.0000000000
51842  -32.375  -31.140  64.503 0.0000000000
52997  -30.788  -30.647  63.594 0.0000000000
53035  -32.434  -31.041  61.688 0.0000000000
138432  -26.076  -27.361  71.976 0.0000000000
54022  -23.318  -29.313  70.317 0.0000000000
75960  -41.282  -8.200  48.911 0.0000000000
77991  -44.004  -6.758  45.692 0.0000000000
81093  -48.479  -3.838  50.275 0.0000000000
65838  -29.850  -18.046  57.574 0.0000000000
65860  -33.868  -17.438  54.854 0.0000000000
67877  -39.295  -16.366  57.222 0.0000000000
48674  -15.292  -33.987  72.242 0.0000000000
48639  -13.626  -34.220  75.187 0.0000000000
151837  -12.429  -35.795  77.495 0.0000000000
45798  -11.938  -37.589  74.477 0.0000000000
38693  -7.813  -45.176  82.991 0.0000000000
51845  -35.246  -31.307  64.783 0.0000000000
54117  -36.461  -28.531  64.282 0.0000000000
54073  -37.088  -28.053  67.470 0.0000000000
54013  -30.333  -28.357  71.221 0.0000000000
55184  -29.634  -28.136  68.184 0.0000000000
52918  -32.304  -29.276  68.941 0.0000000000
136584  -33.371  -30.743  66.867 0.0000000000
73856  -38.154  -10.486  55.694 0.0000000000
74910  -40.187  -9.288  53.727 0.0000000000
75933  -42.263  -8.677  51.918 0.0000000000
75954  -43.670  -7.942  50.254 0.0000000000
76951  -45.539  -7.051  49.120 0.0000000000
80003  -45.280  -4.734  53.063 0.0000000000
63802  -31.903  -20.458  64.086 0.0000000000
62654  -30.497  -21.591  61.857 0.0000000000
65795  -31.538  -18.757  62.656 0.0000000000
66781  -31.763  -16.871  61.036 0.0000000000
68903  -32.967  -15.254  59.054 0.0000000000
146589  -34.628  -16.473  57.395 0.0000000000
68876  -36.881  -14.628  60.371 0.0000000000
150469  -18.772  -32.343  72.107 0.0000000000
48711  -16.997  -34.300  70.647 0.0000000000
82129  -50.433  -2.288  43.512 0.0000000000
44575  -4.865  -38.168  86.510 0.0000000000
139760  -35.218  -27.528  59.825 0.0000000000
58232  -33.243  -26.018  62.839 0.0000000000
57258  -35.731  -27.091  64.994 0.0000000000
150483  -33.776  -25.250  65.163 0.0000000000
61371  -32.650  -22.537  65.071 0.0000000000
64774  -33.141  -19.959  66.476 0.0000000000
54079  -29.046  -28.851  65.063 0.0000000000
139684  -22.676  -30.941  72.132 0.0000000000
49755  -21.599  -32.425  68.621 0.0000000000
78977  -46.418  -5.439  47.261 0.0000000000
139085  -46.977  -4.376  45.905 0.0000000000
81121  -48.438  -3.226  44.617 0.0000000000
149637  -50.540  -2.073  47.079 0.0000000000
40849  -9.750  -41.616  77.931 0.0000000000
144822  -8.528  -42.072  79.765 0.0000000000
68951  -34.389  -15.482  52.752 0.0000000000
66827  -36.326  -17.802  56.062 0.0000000000
68938  -37.424  -15.748  54.992 0.0000000000
70840  -37.665  -13.570  55.403 0.0000000000
154760  -39.929  -11.127  58.108 0.0000000000
44632  -10.515  -38.291  78.380 0.0000000000
154273  -7.579  -41.978  82.898 0.0000000000
40795  -6.602  -42.089  85.405 0.0000000000
40784  -4.473  -41.943  86.052 0.0000000000
42725  -9.690  -38.773  82.491 0.0000000000
53037  -34.185  -30.485  61.145 0.0000000000
53038  -35.733  -29.569  61.369 0.0000000000
53020  -35.784  -30.037  62.271 0.0000000000
56259  -26.020  -27.285  68.746 0.0000000000
56269  -26.215  -27.468  67.330 0.0000000000
141868  -26.863  -27.447  68.183 0.0000000000
52999  -33.675  -31.256  63.020 0.0000000000
153598  -32.870  -31.320  63.090 0.0000000000
53019  -34.171  -30.875  62.183 0.0000000000
136969  -33.456  -30.565  60.649 0.0000000000
56234  -27.898  -27.849  71.780 0.0000000000
56217  -27.285  -27.601  73.401 0.0000000000
56232  -26.421  -27.368  71.241 0.0000000000
139513  -25.250  -27.363  69.958 0.0000000000
77981  -43.769  -6.516  46.634 0.0000000000
58240  -31.493  -25.380  61.406 0.0000000000
59183  -31.081  -24.741  61.761 0.0000000000
66821  -30.378  -17.370  56.996 0.0000000000
134792  -30.146  -18.498  55.655 0.0000000000
66837  -32.559  -17.061  55.434 0.0000000000
47739  -14.268  -35.779  72.029 0.0000000000
48656  -14.023  -34.048  73.407 0.0000000000
47726  -12.981  -35.465  73.410 0.0000000000
47725  -12.511  -36.040  73.879 0.0000000000
45811  -13.144  -37.395  73.109 0.0000000000
51817  -35.777  -31.279  66.342 0.0000000000
52967  -36.666  -30.545  65.639 0.0000000000
52943  -37.006  -29.399  67.915 0.0000000000
54014  -31.148  -28.450  71.656 0.0000000000
149748  -31.110  -28.593  69.892 0.0000000000
52892  -32.682  -28.965  70.666 0.0000000000
132537  -34.722  -30.719  68.955 0.0000000000
51793  -33.841  -30.161  68.313 0.0000000000
133369  -34.569  -31.092  67.534 0.0000000000
147644  -33.828  -31.188  66.279 0.0000000000
73845  -39.759  -9.588  56.955 0.0000000000
74893  -38.418  -9.649  54.306 0.0000000000
74880  -40.223  -9.073  55.525 0.0000000000
76889  -43.816  -7.064  55.147 0.0000000000
75915  -42.691  -8.471  53.507 0.0000000000
75924  -43.268  -8.398  52.492 0.0000000000
136392  -42.767  -8.511  51.420 0.0000000000
76915  -44.182  -7.434  52.365 0.0000000000
76924  -44.971  -7.267  51.175 0.0000000000
78933  -44.575  -5.689  53.926 0.0000000000
134870  -32.271  -19.418  64.562 0.0000000000
64827  -31.642  -19.963  63.499 0.0000000000
65787  -32.193  -18.257  63.722 0.0000000000
67813  -34.051  -16.022  63.047 0.0000000000
66762  -32.711  -17.056  62.825 0.0000000000
68855  -33.113  -15.770  61.487 0.0000000000
67834  -32.084  -16.115  60.529 0.0000000000
143847  -33.803  -15.103  61.192 0.0000000000
68892  -34.872  -14.833  59.542 0.0000000000
69851  -35.493  -14.740  61.640 0.0000000000
148434  -20.760  -31.993  71.789 0.0000000000
49695  -19.942  -31.831  73.061 0.0000000000
49710  -19.500  -32.372  71.282 0.0000000000
48732  -17.985  -34.587  69.569 0.0000000000
82126  -50.910  -1.681  43.977 0.0000000000
83058  -51.682  -1.471  43.665 0.0000000000
148117  -6.091  -38.315  86.619 0.0000000000
56328  -35.890  -27.838  61.297 0.0000000000
55280  -35.439  -28.102  59.297 0.0000000000
56334  -35.383  -27.485  60.839 0.0000000000
57283  -33.908  -26.585  61.142 0.0000000000
58233  -34.265  -26.504  63.197 0.0000000000
55232  -36.660  -27.636  66.164 0.0000000000
56315  -36.039  -27.519  64.933 0.0000000000
58202  -36.240  -26.657  66.427 0.0000000000
61338  -34.166  -22.574  67.689 0.0000000000
60253  -34.598  -24.979  66.451 0.0000000000
60252  -33.479  -23.543  66.009 0.0000000000
60262  -32.782  -23.626  65.053 0.0000000000
61361  -33.064  -22.274  65.770 0.0000000000
145845  -32.807  -21.224  65.511 0.0000000000
63750  -33.478  -20.772  66.945 0.0000000000
55243  -25.459  -28.379  63.448 0.0000000000
54060  -30.974  -28.974  67.330 0.0000000000
55207  -29.598  -28.407  66.530 0.0000000000
54081  -30.623  -29.306  65.608 0.0000000000
53014  -29.927  -30.494  61.788 0.0000000000
52874  -23.449  -29.820  72.559 0.0000000000
54046  -23.107  -29.505  68.649 0.0000000000
51791  -22.465  -31.047  69.186 0.0000000000
132061  -22.279  -31.443  67.483 0.0000000000
49785  -21.617  -32.887  66.685 0.0000000000
77954  -46.537  -6.577  50.135 0.0000000000
77969  -45.875  -6.502  48.523 0.0000000000
77961  -46.988  -6.176  49.596 0.0000000000
81097  -49.426  -3.524  49.520 0.0000000000
146672  -48.277  -5.014  48.269 0.0000000000
80041  -49.028  -3.836  47.366 0.0000000000
81117  -48.267  -3.502  45.644 0.0000000000
81113  -49.430  -3.241  47.001 0.0000000000
81119  -49.665  -2.476  45.572 0.0000000000
82114  -50.481  -2.466  47.863 0.0000000000
63852  -30.152  -20.433  60.717 0.0000000000
61413  -29.642  -22.217  60.344 0.0000000000
68958  -33.810  -16.085  52.197 0.0000000000
157422  -34.397  -16.308  52.997 0.0000000000
67863  -36.083  -16.517  58.048 0.0000000000
66812  -35.567  -17.486  57.005 0.0000000000
66813  -36.856  -17.522  57.467 0.0000000000
68919  -40.400  -14.969  57.177 0.0000000000
67895  -38.972  -16.409  55.751 0.0000000000
69897  -38.817  -15.234  55.523 0.0000000000
69911  -37.571  -14.810  55.112 0.0000000000
144481  -39.224  -13.639  56.664 0.0000000000
71835  -38.452  -12.273  56.418 0.0000000000
71827  -39.939  -13.017  57.760 0.0000000000
45766  -11.840  -36.500  77.125 0.0000000000
45753  -11.541  -37.075  77.624 0.0000000000
156620  -11.378  -37.322  78.845 0.0000000000
44639  -10.482  -38.351  77.418 0.0000000000
42760  -9.901  -40.054  77.185 0.0000000000
42775  -10.707  -39.945  76.109 0.0000000000
39775  -9.047  -43.668  80.229 0.0000000000
41762  -7.847  -41.616  81.500 0.0000000000
39760  -8.230  -43.656  81.439 0.0000000000
38689  -6.879  -44.630  84.094 0.0000000000
39744  -6.788  -43.572  84.393 0.0000000000
39740  -6.102  -43.678  85.178 0.0000000000
40786  -5.315  -41.939  86.330 0.0000000000
39736  -5.341  -43.300  85.773 0.0000000000
52893  -33.419  -29.114  71.147 0.0000000000
75874  -42.961  -8.487  58.571 0.0000000000
75879  -42.321  -8.112  57.189 0.0000000000
75881  -43.654  -7.782  57.614 0.0000000000
67794  -33.594  -16.896  64.922 0.0000000000
49753  -20.613  -33.210  68.852 0.0000000000
48713  -19.732  -33.172  69.753 0.0000000000
45702  -9.125  -37.204  86.204 0.0000000000
43611  -8.683  -38.859  85.470 0.0000000000
54149  -34.904  -29.626  59.671 0.0000000000
55264  -36.065  -28.336  60.737 0.0000000000
56329  -35.879  -27.971  61.995 0.0000000000
63715  -34.250  -20.404  68.565 0.0000000000
54057  -23.205  -29.444  67.700 0.0000000000
145203  -23.400  -29.410  66.160 0.0000000000
55204  -24.021  -28.372  66.697 0.0000000000
56291  -25.861  -27.791  65.880 0.0000000000
55228  -26.996  -28.125  64.952 0.0000000000
51826  -32.084  -30.606  65.161 0.0000000000
52981  -30.924  -30.236  64.386 0.0000000000
51841  -31.792  -31.076  64.113 0.0000000000
53016  -31.512  -31.080  62.097 0.0000000000
53052  -32.213  -30.831  59.875 0.0000000000
56215  -25.290  -27.688  73.384 0.0000000000
147477  -23.802  -28.995  71.815 0.0000000000
56230  -24.531  -27.766  71.288 0.0000000000
55171  -23.743  -28.417  69.329 0.0000000000
74955  -40.120  -8.571  49.456 0.0000000000
78000  -44.599  -6.339  45.229 0.0000000000
82089  -47.284  -2.394  52.688 0.0000000000
81092  -47.778  -3.961  50.715 0.0000000000
65823  -29.811  -18.940  58.967 0.0000000000
65887  -33.079  -18.018  53.270 0.0000000000
147509  -34.100  -17.461  54.245 0.0000000000
67836  -39.762  -15.352  59.872 0.0000000000
136433  -38.696  -16.105  58.218 0.0000000000
67852  -40.714  -15.375  59.460 0.0000000000
49690  -15.988  -33.361  72.881 0.0000000000
133614  -15.487  -33.251  74.742 0.0000000000
48624  -13.865  -34.345  76.266 0.0000000000
47697  -13.022  -34.695  76.006 0.0000000000
46750  -11.895  -36.143  75.426 0.0000000000
45797  -11.520  -37.731  75.095 0.0000000000
43673  -11.450  -39.107  75.116 0.0000000000
43679  -12.402  -39.206  74.171 0.0000000000
52983  -34.998  -31.235  63.916 0.0000000000
53021  -36.214  -29.640  63.020 0.0000000000
52985  -36.524  -30.350  64.714 0.0000000000
54082  -36.953  -28.555  66.070 0.0000000000
55164  -28.766  -28.018  70.371 0.0000000000
55183  -28.771  -27.803  68.560 0.0000000000
54024  -30.286  -28.349  69.583 0.0000000000
54037  -31.102  -28.684  69.052 0.0000000000
52929  -31.516  -29.245  67.590 0.0000000000
52919  -33.045  -29.442  69.256 0.0000000000
52931  -32.817  -29.596  68.471 0.0000000000
52954  -32.476  -29.899  66.990 0.0000000000
133575  -33.038  -30.891  66.117 0.0000000000
51844  -34.279  -31.403  64.670 0.0000000000
55146  -29.576  -28.205  72.553 0.0000000000
72875  -36.545  -11.445  54.377 0.0000000000
73886  -35.664  -10.881  52.245 0.0000000000
73880  -37.216  -9.924  53.697 0.0000000000
74920  -38.556  -9.200  52.457 0.0000000000
74935  -40.005  -8.815  51.861 0.0000000000
75904  -41.769  -8.645  54.898 0.0000000000
156388  -41.020  -8.802  52.360 0.0000000000
74946  -41.236  -8.608  51.269 0.0000000000
75952  -41.551  -8.353  49.942 0.0000000000
75953  -42.391  -8.210  49.953 0.0000000000
76949  -43.338  -7.234  48.360 0.0000000000
76950  -44.522  -7.150  48.775 0.0000000000
132781  -44.620  -7.629  50.057 0.0000000000
156511  -45.899  -6.510  50.975 0.0000000000
80006  -45.893  -4.359  52.289 0.0000000000
78935  -45.811  -4.736  55.022 0.0000000000
81080  -46.931  -2.982  54.140 0.0000000000
62637  -31.582  -21.781  63.517 0.0000000000
61405  -30.630  -22.633  62.135 0.0000000000
62636  -31.242  -21.289  62.982 0.0000000000
147169  -30.993  -20.073  62.308 0.0000000000
64833  -30.683  -19.790  61.528 0.0000000000
66754  -32.546  -17.535  63.414 0.0000000000
65805  -31.697  -18.056  62.275 0.0000000000
65814  -30.543  -18.638  60.487 0.0000000000
66800  -30.425  -17.474  59.099 0.0000000000
66801  -30.859  -16.681  58.527 0.0000000000
67872  -31.868  -16.328  56.856 0.0000000000
67883  -32.740  -16.409  56.513 0.0000000000
67860  -33.182  -15.684  57.994 0.0000000000
68906  -35.658  -15.839  58.339 0.0000000000
68894  -37.151  -15.235  59.339 0.0000000000
68860  -38.376  -14.591  61.337 0.0000000000
68878  -38.744  -14.965  60.248 0.0000000000
49693  -18.223  -32.293  73.148 0.0000000000
48712  -18.930  -33.351  70.095 0.0000000000
48695  -18.187  -33.245  70.869 0.0000000000
49708  -17.059  -33.232  71.879 0.0000000000
48692  -15.707  -34.394  71.511 0.0000000000
58242  -33.187  -26.178  61.771 0.0000000000
59171  -32.030  -24.765  63.146 0.0000000000
54116  -36.309  -28.756  63.167 0.0000000000
56321  -35.803  -27.948  62.825 0.0000000000
57270  -35.309  -27.135  63.521 0.0000000000
58213  -34.967  -26.151  65.474 0.0000000000
58224  -34.097  -26.246  64.136 0.0000000000
58223  -33.439  -25.884  63.814 0.0000000000
59157  -32.266  -24.400  63.869 0.0000000000
60272  -32.041  -23.331  64.013 0.0000000000
62626  -32.286  -21.895  64.552 0.0000000000
143097  -32.533  -19.998  65.088 0.0000000000
64795  -32.854  -19.218  65.962 0.0000000000
65739  -33.547  -18.978  67.704 0.0000000000
66722  -33.282  -18.064  66.994 0.0000000000
55205  -28.060  -27.898  67.103 0.0000000000
146163  -27.799  -28.287  65.303 0.0000000000
55230  -28.124  -28.756  63.809 0.0000000000
54114  -29.670  -29.837  63.758 0.0000000000
54113  -28.831  -29.305  63.512 0.0000000000
50718  -21.963  -31.532  72.642 0.0000000000
50730  -22.044  -31.747  70.896 0.0000000000
52890  -23.057  -30.135  71.244 0.0000000000
50731  -22.406  -31.312  70.164 0.0000000000
49741  -21.450  -32.459  69.513 0.0000000000
133115  -21.147  -33.080  68.014 0.0000000000
77982  -44.476  -6.176  47.186 0.0000000000
77993  -44.917  -5.740  46.830 0.0000000000
157798  -45.539  -5.033  45.705 0.0000000000
78967  -47.631  -5.607  48.479 0.0000000000
78986  -46.938  -5.105  47.001 0.0000000000
80055  -46.253  -4.606  45.595 0.0000000000
80065  -46.990  -4.111  44.285 0.0000000000
81125  -47.715  -3.713  43.939 0.0000000000
81130  -48.664  -3.719  42.946 0.0000000000
81122  -48.968  -2.972  44.047 0.0000000000
82121  -49.953  -2.200  44.831 0.0000000000
42752  -8.970  -40.223  78.855 0.0000000000
42741  -8.484  -40.302  80.473 0.0000000000
41778  -8.859  -41.602  79.097 0.0000000000
60300  -30.131  -23.417  61.286 0.0000000000
70869  -34.598  -13.631  52.583 0.0000000000
136328  -34.170  -17.084  56.142 0.0000000000
65861  -34.763  -17.552  55.142 0.0000000000
66855  -35.388  -17.455  54.761 0.0000000000
66828  -37.806  -17.569  56.455 0.0000000000
66856  -36.762  -17.224  55.034 0.0000000000
67923  -35.716  -16.759  54.069 0.0000000000
141215  -35.845  -15.117  53.902 0.0000000000
69926  -36.297  -14.314  54.255 0.0000000000
71873  -35.863  -12.669  53.844 0.0000000000
72866  -37.890  -11.683  55.812 0.0000000000
73844  -39.154  -10.347  56.919 0.0000000000
74859  -40.592  -9.534  58.124 0.0000000000
43642  -10.722  -38.045  80.865 0.0000000000
44625  -11.151  -37.695  79.915 0.0000000000
43649  -9.831  -39.048  79.339 0.0000000000
42759  -9.536  -39.878  77.875 0.0000000000
150938  -10.112  -41.105  77.227 0.0000000000
42733  -8.297  -40.377  81.441 0.0000000000
42723  -8.320  -40.170  83.123 0.0000000000
41739  -7.532  -40.889  84.875 0.0000000000
39752  -7.618  -43.637  82.827 0.0000000000
41738  -7.157  -41.878  84.574 0.0000000000
41732  -7.179  -40.695  85.813 0.0000000000
41726  -5.905  -40.812  86.505 0.0000000000
42697  -4.781  -40.533  86.478 0.0000000000
38685  -5.057  -44.594  85.362 0.0000000000
39734  -4.294  -42.976  85.580 0.0000000000
43630  -10.418  -38.336  81.340 0.0000000000
43629  -9.744  -38.997  81.144 0.0000000000
148813  -35.023  -30.313  61.700 0.0000000000
136150  -26.841  -27.361  69.012 0.0000000000
55182  -27.767  -27.575  68.969 0.0000000000
53000  -34.616  -31.062  63.085 0.0000000000
55157  -28.049  -27.854  70.856 0.0000000000
56233  -27.324  -27.571  71.127 0.0000000000
56243  -26.945  -27.383  70.394 0.0000000000
56251  -26.195  -27.286  69.634 0.0000000000
76964  -43.110  -6.916  47.111 0.0000000000
58231  -31.872  -25.199  62.253 0.0000000000
66822  -31.174  -16.852  56.414 0.0000000000
65847  -30.597  -17.587  55.999 0.0000000000
65858  -30.978  -17.988  55.183 0.0000000000
138023  -31.936  -17.589  54.891 0.0000000000
46770  -14.085  -36.916  72.112 0.0000000000
47738  -13.557  -35.805  72.627 0.0000000000
46769  -13.576  -36.737  72.570 0.0000000000
46763  -12.986  -36.370  73.184 0.0000000000
51806  -35.398  -31.261  67.161 0.0000000000
51807  -36.321  -31.047  67.051 0.0000000000
51797  -36.796  -30.241  68.295 0.0000000000
54015  -31.980  -28.517  72.118 0.0000000000
54026  -31.964  -28.673  71.170 0.0000000000
134242  -32.767  -28.779  71.655 0.0000000000
51795  -35.465  -31.083  68.846 0.0000000000
155966  -35.128  -31.194  67.735 0.0000000000
54003  -31.906  -28.435  73.050 0.0000000000
74864  -40.345  -9.231  57.259 0.0000000000
74868  -40.272  -9.077  56.397 0.0000000000
74869  -41.007  -8.699  56.551 0.0000000000
157260  -43.925  -6.818  54.642 0.0000000000
76906  -43.266  -7.870  53.736 0.0000000000
158629  -43.518  -7.526  53.511 0.0000000000
76914  -43.559  -7.863  52.928 0.0000000000
76907  -43.905  -7.061  53.275 0.0000000000
77936  -44.509  -6.649  52.631 0.0000000000
77928  -44.335  -6.289  53.382 0.0000000000
157253  -32.081  -18.976  64.054 0.0000000000
65779  -32.400  -18.448  64.388 0.0000000000
68842  -34.693  -15.436  62.587 0.0000000000
68841  -33.754  -15.646  62.188 0.0000000000
68856  -34.675  -14.955  61.685 0.0000000000
68874  -34.661  -14.684  60.583 0.0000000000
49712  -20.670  -32.262  71.119 0.0000000000
49711  -20.149  -32.167  71.507 0.0000000000
49726  -20.157  -32.489  70.635 0.0000000000
83052  -51.422  -1.108  45.471 0.0000000000
83055  -51.499  -1.237  44.522 0.0000000000
44579  -7.799  -37.717  86.579 0.0000000000
45696  -6.561  -37.381  86.644 0.0000000000
139644  -6.063  -37.196  86.641 0.0000000000
44577  -6.659  -38.074  86.613 0.0000000000
57284  -34.814  -26.941  61.432 0.0000000000
57277  -34.921  -26.923  62.299 0.0000000000
57250  -36.542  -27.107  66.341 0.0000000000
58195  -36.470  -26.491  67.047 0.0000000000
61350  -33.815  -22.802  66.954 0.0000000000
61362  -33.527  -22.925  66.383 0.0000000000
62598  -33.420  -22.176  66.457 0.0000000000
62590  -33.168  -21.291  66.204 0.0000000000
50753  -22.274  -31.629  66.486 0.0000000000
158580  -22.589  -30.987  66.250 0.0000000000
54071  -30.830  -29.100  66.510 0.0000000000
52951  -22.857  -30.154  67.385 0.0000000000
51803  -22.573  -30.688  67.862 0.0000000000
137092  -21.919  -32.172  67.122 0.0000000000
78998  -46.025  -5.349  44.090 0.0000000000
142955  -46.790  -5.219  50.840 0.0000000000
78946  -47.380  -5.126  50.364 0.0000000000
81104  -49.550  -3.695  49.022 0.0000000000
81109  -49.493  -3.736  48.304 0.0000000000
135986  -49.627  -3.356  47.608 0.0000000000
81114  -49.989  -2.788  47.196 0.0000000000
81110  -50.036  -3.107  48.079 0.0000000000
63851  -29.681  -21.334  60.131 0.0000000000
146477  -29.702  -20.654  59.872 0.0000000000
65888  -33.686  -17.597  53.444 0.0000000000
66883  -33.572  -17.527  52.684 0.0000000000
67934  -33.995  -16.941  52.842 0.0000000000
67922  -34.857  -16.960  53.648 0.0000000000
67847  -37.181  -16.045  58.584 0.0000000000
67864  -36.810  -16.894  58.064 0.0000000000
67865  -37.532  -16.790  58.137 0.0000000000
69891  -40.149  -14.460  57.077 0.0000000000
158685  -39.756  -15.068  56.079 0.0000000000
69890  -39.727  -14.639  56.352 0.0000000000
70842  -39.160  -14.251  56.165 0.0000000000
70832  -39.660  -14.048  56.781 0.0000000000
71837  -39.532  -13.347  57.189 0.0000000000
45765  -11.365  -37.216  76.629 0.0000000000
44640  -10.966  -37.703  77.119 0.0000000000
44645  -10.625  -38.458  76.640 0.0000000000
43666  -10.302  -39.317  76.728 0.0000000000
43672  -10.835  -39.018  75.902 0.0000000000
39774  -8.448  -43.256  80.726 0.0000000000
150393  -6.492  -44.903  84.425 0.0000000000
144725  -6.448  -44.082  84.655 0.0000000000
38682  -5.693  -43.686  85.458 0.0000000000
38686  -5.659  -44.476  85.182 0.0000000000
67784  -34.289  -16.534  65.488 0.0000000000
48755  -19.642  -34.169  68.349 0.0000000000
134618  -9.556  -38.725  83.454 0.0000000000
44588  -9.658  -37.694  85.513 0.0000000000
134764  -9.262  -38.757  84.342 0.0000000000
43612  -9.159  -38.175  85.722 0.0000000000
43615  -8.794  -39.064  84.787 0.0000000000
54139  -36.119  -28.823  61.206 0.0000000000
55265  -36.093  -28.335  61.586 0.0000000000
146360  -23.807  -28.317  68.009 0.0000000000
55191  -23.632  -28.678  67.527 0.0000000000
56267  -24.204  -27.971  67.424 0.0000000000
56280  -25.610  -27.643  66.611 0.0000000000
136427  -26.418  -27.947  65.477 0.0000000000
55217  -27.216  -28.027  65.846 0.0000000000
154467  -31.789  -30.740  64.613 0.0000000000
53017  -32.265  -31.239  62.704 0.0000000000
146257  -32.680  -30.758  60.696 0.0000000000
53053  -33.055  -30.574  59.839 0.0000000000
56223  -26.337  -27.424  72.797 0.0000000000
144666  -26.983  -27.468  74.238 0.0000000000
56216  -26.210  -27.439  73.847 0.0000000000
56222  -25.363  -27.486  72.413 0.0000000000
56221  -24.625  -27.823  72.007 0.0000000000
56249  -24.352  -27.771  68.910 0.0000000000
56240  -24.354  -27.788  69.832 0.0000000000
55181  -23.763  -28.341  68.602 0.0000000000
54058  -23.438  -28.915  68.266 0.0000000000
75959  -40.713  -8.414  49.171 0.0000000000
65831  -29.959  -18.099  58.566 0.0000000000
65830  -29.543  -18.840  58.048 0.0000000000
65876  -32.277  -17.964  54.206 0.0000000000
65877  -33.153  -17.640  54.088 0.0000000000
68880  -40.244  -15.146  60.581 0.0000000000
67851  -39.976  -15.559  59.292 0.0000000000
69877  -41.319  -14.558  58.715 0.0000000000
49671  -15.773  -33.218  73.799 0.0000000000
49689  -14.978  -33.616  73.097 0.0000000000
48655  -13.191  -34.583  73.963 0.0000000000
48640  -13.972  -33.918  74.282 0.0000000000
47711  -12.731  -34.903  74.957 0.0000000000
157790  -12.239  -37.209  74.077 0.0000000000
46756  -12.110  -36.640  74.445 0.0000000000
46749  -11.661  -37.008  75.161 0.0000000000
43678  -11.914  -39.007  74.582 0.0000000000
44678  -12.150  -38.449  74.237 0.0000000000
52984  -35.874  -30.888  64.216 0.0000000000
52966  -36.084  -31.088  65.037 0.0000000000
54072  -37.092  -28.536  66.927 0.0000000000
52968  -37.089  -29.525  66.236 0.0000000000
146137  -29.594  -28.229  70.708 0.0000000000
141731  -29.496  -28.122  69.902 0.0000000000
156002  -29.934  -28.249  70.142 0.0000000000
54038  -31.784  -28.930  69.410 0.0000000000
54050  -31.695  -29.049  68.726 0.0000000000
54049  -31.193  -28.887  68.162 0.0000000000
52930  -32.002  -29.362  68.139 0.0000000000
155245  -33.874  -29.371  70.746 0.0000000000
52906  -33.337  -29.311  70.159 0.0000000000
51804  -33.297  -29.965  68.037 0.0000000000
52941  -32.622  -29.747  67.726 0.0000000000
51814  -32.787  -30.344  66.606 0.0000000000
52965  -32.446  -30.479  65.880 0.0000000000
51829  -34.506  -31.371  65.546 0.0000000000
54001  -30.328  -28.286  72.117 0.0000000000
55159  -29.554  -28.242  71.663 0.0000000000
55158  -28.766  -28.115  71.246 0.0000000000
72876  -37.056  -11.097  54.866 0.0000000000
73867  -36.801  -10.613  54.197 0.0000000000
73868  -37.473  -10.178  54.548 0.0000000000
74894  -39.364  -9.454  54.463 0.0000000000
74908  -38.592  -9.419  53.276 0.0000000000
74909  -39.366  -9.374  53.547 0.0000000000
133599  -39.182  -8.898  51.971 0.0000000000
132485  -40.077  -9.125  53.044 0.0000000000
75885  -42.321  -8.090  56.186 0.0000000000
75893  -41.725  -8.461  55.817 0.0000000000
75894  -42.319  -8.317  55.190 0.0000000000
74924  -42.311  -8.686  52.619 0.0000000000
74911  -41.696  -8.798  53.185 0.0000000000
74923  -41.609  -8.745  52.344 0.0000000000
74936  -40.960  -8.726  51.854 0.0000000000
74937  -41.677  -8.665  51.718 0.0000000000
75941  -41.459  -8.529  50.760 0.0000000000
75932  -41.990  -8.607  51.338 0.0000000000
75943  -43.506  -8.134  51.064 0.0000000000
135158  -42.953  -8.284  50.662 0.0000000000
156226  -43.046  -8.134  50.117 0.0000000000
75962  -43.025  -7.827  49.390 0.0000000000
76941  -44.080  -7.602  49.435 0.0000000000
77937  -45.112  -6.288  52.025 0.0000000000
140895  -45.442  -6.800  51.184 0.0000000000
78940  -45.415  -5.349  52.188 0.0000000000
78945  -45.710  -6.062  51.437 0.0000000000
81081  -46.375  -3.461  53.718 0.0000000000
61395  -31.185  -22.235  62.927 0.0000000000
63820  -31.591  -20.830  63.533 0.0000000000
64826  -31.412  -19.574  62.856 0.0000000000
63819  -31.322  -20.405  62.938 0.0000000000
64834  -31.119  -19.276  62.170 0.0000000000
67805  -33.507  -16.835  64.183 0.0000000000
66755  -32.726  -17.535  63.949 0.0000000000
66771  -32.200  -17.143  61.967 0.0000000000
66770  -31.524  -17.718  61.548 0.0000000000
66779  -30.974  -18.161  61.087 0.0000000000
66791  -30.677  -17.783  60.112 0.0000000000
66780  -31.198  -17.314  60.615 0.0000000000
67845  -32.071  -15.751  59.559 0.0000000000
67844  -31.456  -16.161  59.037 0.0000000000
67859  -31.689  -16.015  57.863 0.0000000000
157711  -32.445  -15.788  57.864 0.0000000000
67873  -32.770  -16.057  57.210 0.0000000000
68875  -35.585  -14.715  59.923 0.0000000000
153820  -35.097  -15.282  58.814 0.0000000000
68893  -35.866  -15.318  59.030 0.0000000000
146156  -36.654  -15.548  58.926 0.0000000000
140618  -39.077  -14.556  62.135 0.0000000000
68862  -40.237  -14.881  61.281 0.0000000000
135348  -19.592  -32.081  72.191 0.0000000000
49694  -19.030  -32.082  73.063 0.0000000000
140389  -17.982  -32.541  72.443 0.0000000000
48734  -19.314  -33.790  69.182 0.0000000000
151525  -17.415  -34.666  70.013 0.0000000000
149962  -17.676  -33.903  70.521 0.0000000000
48694  -17.421  -33.568  71.129 0.0000000000
49709  -17.737  -32.948  71.747 0.0000000000
48693  -16.619  -33.960  71.294 0.0000000000
48675  -16.236  -33.573  72.016 0.0000000000
154940  -4.395  -38.129  86.445 0.0000000000
57291  -34.633  -27.023  60.437 0.0000000000
57276  -34.121  -26.503  62.113 0.0000000000
131707  -32.607  -25.751  62.235 0.0000000000
137450  -32.480  -25.441  62.825 0.0000000000
151277  -36.450  -29.262  63.752 0.0000000000
56314  -35.872  -27.739  63.813 0.0000000000
57271  -35.647  -27.321  64.106 0.0000000000
57278  -35.555  -27.565  63.143 0.0000000000
58226  -35.335  -26.905  64.433 0.0000000000
59141  -34.313  -25.349  65.710 0.0000000000
58212  -34.383  -26.031  64.878 0.0000000000
59159  -33.621  -25.577  64.577 0.0000000000
60273  -32.500  -24.014  64.518 0.0000000000
61385  -32.336  -22.908  64.551 0.0000000000
61384  -31.964  -22.306  64.039 0.0000000000
63771  -32.794  -20.579  65.598 0.0000000000
63787  -32.555  -20.711  65.045 0.0000000000
142224  -32.804  -19.934  65.712 0.0000000000
64743  -34.089  -19.491  68.605 0.0000000000
141887  -33.809  -19.927  67.999 0.0000000000
135805  -23.570  -29.420  65.184 0.0000000000
52980  -23.172  -30.332  64.686 0.0000000000
54093  -23.725  -29.601  64.019 0.0000000000
55193  -28.846  -27.887  67.664 0.0000000000
54069  -29.391  -28.601  65.761 0.0000000000
154556  -28.967  -28.250  66.170 0.0000000000
55218  -28.623  -28.428  65.560 0.0000000000
151154  -28.303  -28.627  64.765 0.0000000000
54095  -28.732  -28.997  64.358 0.0000000000
54115  -30.330  -30.198  63.882 0.0000000000
50719  -22.376  -31.287  72.387 0.0000000000
50724  -21.936  -31.648  71.826 0.0000000000
50725  -22.367  -31.280  71.605 0.0000000000
138168  -23.629  -28.966  71.055 0.0000000000
54012  -23.528  -29.351  71.673 0.0000000000
52904  -23.055  -29.915  70.443 0.0000000000
50741  -22.030  -31.889  69.424 0.0000000000
50736  -21.947  -32.009  70.097 0.0000000000
49754  -21.084  -32.919  68.758 0.0000000000
76965  -43.966  -6.688  47.725 0.0000000000
77968  -44.946  -6.586  48.191 0.0000000000
77984  -46.303  -5.931  47.976 0.0000000000
77983  -45.336  -6.044  47.648 0.0000000000
78976  -45.655  -5.538  47.069 0.0000000000
78984  -45.167  -5.385  46.235 0.0000000000
80014  -47.877  -4.574  50.258 0.0000000000
78961  -48.208  -4.968  49.310 0.0000000000
80040  -48.342  -4.571  47.411 0.0000000000
80039  -47.687  -5.161  47.578 0.0000000000
80047  -47.529  -4.598  46.631 0.0000000000
80046  -46.743  -4.714  46.324 0.0000000000
80064  -46.330  -4.567  44.638 0.0000000000
80056  -46.886  -4.133  45.169 0.0000000000
81116  -47.585  -3.691  44.874 0.0000000000
80073  -48.031  -4.025  43.113 0.0000000000
81126  -48.462  -3.434  43.627 0.0000000000
82117  -50.124  -2.305  46.327 0.0000000000
146703  -50.234  -2.030  45.570 0.0000000000
82118  -50.800  -1.643  46.146 0.0000000000
41789  -9.119  -41.085  78.448 0.0000000000
41788  -8.746  -40.798  79.096 0.0000000000
40841  -9.414  -42.056  78.564 0.0000000000
61404  -30.039  -22.391  61.232 0.0000000000
69932  -33.958  -15.089  52.075 0.0000000000
151024  -34.210  -14.243  52.003 0.0000000000
69924  -34.491  -14.574  52.671 0.0000000000
67884  -33.568  -16.522  56.640 0.0000000000
66824  -33.168  -16.766  56.011 0.0000000000
67885  -34.430  -16.785  56.878 0.0000000000
66826  -35.581  -17.712  56.379 0.0000000000
149224  -34.903  -17.574  55.905 0.0000000000
66840  -35.586  -17.674  55.548 0.0000000000
66841  -36.251  -17.543  55.276 0.0000000000
142846  -38.947  -16.282  57.745 0.0000000000
66815  -38.344  -17.173  57.213 0.0000000000
66830  -38.980  -16.905  56.832 0.0000000000
68939  -38.067  -15.958  55.367 0.0000000000
66857  -37.572  -16.978  55.339 0.0000000000
67907  -37.046  -16.600  54.893 0.0000000000
66870  -36.269  -16.959  54.548 0.0000000000
68937  -36.372  -16.095  54.332 0.0000000000
70855  -37.323  -14.024  55.060 0.0000000000
153464  -36.992  -14.377  54.762 0.0000000000
70854  -36.728  -13.735  54.586 0.0000000000
70871  -35.999  -13.512  54.001 0.0000000000
71861  -37.040  -13.092  54.890 0.0000000000
142837  -36.935  -12.047  54.971 0.0000000000
71847  -37.491  -12.541  55.386 0.0000000000
72850  -39.448  -11.246  57.602 0.0000000000
72856  -38.888  -11.660  57.041 0.0000000000
73842  -39.833  -10.145  57.715 0.0000000000
73839  -40.398  -10.574  58.456 0.0000000000
44624  -10.605  -38.323  79.427 0.0000000000
43656  -9.888  -39.016  78.506 0.0000000000
43655  -9.357  -39.653  78.652 0.0000000000
42767  -10.411  -40.434  76.609 0.0000000000
41809  -10.740  -41.201  76.620 0.0000000000
41777  -8.426  -41.013  79.692 0.0000000000
41768  -8.136  -41.284  80.523 0.0000000000
41761  -7.700  -42.371  82.161 0.0000000000
41751  -7.781  -41.099  83.241 0.0000000000
42716  -8.090  -40.373  83.801 0.0000000000
41742  -7.684  -41.048  84.150 0.0000000000
136201  -8.233  -44.844  82.302 0.0000000000
39753  -8.043  -44.046  82.167 0.0000000000
38700  -7.717  -44.400  82.878 0.0000000000
39741  -6.512  -43.030  84.992 0.0000000000
40800  -7.132  -42.891  83.937 0.0000000000
40798  -6.771  -42.243  85.032 0.0000000000
41735  -7.049  -41.513  85.213 0.0000000000
41731  -6.677  -41.521  85.772 0.0000000000
42699  -6.456  -40.160  86.470 0.0000000000
41730  -6.301  -41.633  86.101 0.0000000000
40785  -4.840  -42.154  86.191 0.0000000000
41724  -4.893  -41.456  86.396 0.0000000000
41723  -4.396  -41.169  86.206 0.0000000000
42696  -4.325  -40.241  86.245 0.0000000000
38684  -4.571  -44.465  85.237 0.0000000000
39739  -4.388  -43.688  85.413 0.0000000000
42718  -9.325  -38.974  83.279 0.0000000000
54137  -35.001  -29.960  60.698 0.0000000000
56258  -25.128  -27.436  68.421 0.0000000000
56268  -25.145  -27.530  67.511 0.0000000000
146463  -25.887  -27.357  68.032 0.0000000000
56270  -27.187  -27.671  67.266 0.0000000000
51855  -33.071  -31.367  63.778 0.0000000000
53018  -33.142  -31.168  62.351 0.0000000000
53036  -33.355  -30.826  61.474 0.0000000000
55136  -28.824  -28.093  73.000 0.0000000000
56225  -28.049  -27.910  72.713 0.0000000000
132402  -26.915  -27.483  71.916 0.0000000000
56231  -25.336  -27.398  71.454 0.0000000000
56242  -25.826  -27.304  70.549 0.0000000000
56250  -25.186  -27.397  69.238 0.0000000000
75973  -41.287  -8.254  47.858 0.0000000000
58241  -32.206  -25.870  61.398 0.0000000000
65837  -29.501  -18.826  57.123 0.0000000000
65846  -29.920  -18.167  56.579 0.0000000000
65859  -32.912  -17.390  54.795 0.0000000000
150709  -14.053  -35.140  72.391 0.0000000000
48673  -14.359  -34.397  72.584 0.0000000000
48672  -13.549  -34.844  72.961 0.0000000000
139424  -12.653  -35.319  74.143 0.0000000000
46762  -12.534  -36.885  73.717 0.0000000000
45810  -12.491  -37.791  73.786 0.0000000000
44699  -12.627  -38.634  73.811 0.0000000000
151074  -13.092  -38.357  73.345 0.0000000000
51830  -35.445  -31.332  65.606 0.0000000000
51818  -36.441  -31.006  66.215 0.0000000000
52955  -36.880  -30.406  66.567 0.0000000000
54061  -37.070  -28.513  67.637 0.0000000000
153551  -30.386  -28.372  70.381 0.0000000000
54025  -31.143  -28.535  70.759 0.0000000000
149722  -31.885  -28.803  70.255 0.0000000000
52905  -32.523  -29.132  69.755 0.0000000000
51782  -34.090  -29.791  69.506 0.0000000000
135094  -34.208  -30.160  68.880 0.0000000000
51794  -34.294  -30.650  68.290 0.0000000000
51805  -33.762  -30.548  67.635 0.0000000000
51815  -34.005  -31.087  66.995 0.0000000000
51816  -34.784  -31.307  66.488 0.0000000000
54002  -31.131  -28.342  72.580 0.0000000000
73857  -38.783  -9.973  56.058 0.0000000000
74878  -38.607  -9.757  55.221 0.0000000000
74879  -39.405  -9.427  55.393 0.0000000000
74895  -40.217  -9.205  54.606 0.0000000000
76888  -43.478  -7.428  55.579 0.0000000000
75895  -42.718  -8.145  54.706 0.0000000000
75905  -42.876  -8.212  53.988 0.0000000000
75916  -43.079  -8.309  53.231 0.0000000000
131990  -42.844  -8.625  52.172 0.0000000000
75934  -43.386  -8.352  51.770 0.0000000000
75925  -43.822  -8.000  52.077 0.0000000000
75935  -43.990  -7.862  51.352 0.0000000000
76931  -44.679  -7.528  50.943 0.0000000000
76923  -44.412  -7.554  51.598 0.0000000000
77929  -44.785  -5.665  52.960 0.0000000000
64818  -31.947  -19.661  64.067 0.0000000000
142042  -31.781  -19.026  63.435 0.0000000000
67806  -34.225  -16.267  63.802 0.0000000000
67812  -33.344  -16.368  62.773 0.0000000000
67822  -32.921  -16.382  62.174 0.0000000000
157385  -32.245  -16.489  61.237 0.0000000000
68854  -32.614  -15.907  60.959 0.0000000000
68890  -32.642  -15.457  60.093 0.0000000000
158805  -33.301  -15.091  59.817 0.0000000000
136989  -33.923  -14.867  60.158 0.0000000000
69861  -35.421  -14.561  60.889 0.0000000000
69862  -36.123  -14.615  60.334 0.0000000000
49675  -20.764  -31.698  73.486 0.0000000000
152384  -20.231  -31.933  72.212 0.0000000000
47761  -16.610  -35.195  70.318 0.0000000000
82125  -50.307  -2.022  44.224 0.0000000000
82130  -51.178  -2.027  43.205 0.0000000000
82131  -51.938  -1.808  42.896 0.0000000000
139807  -5.516  -38.142  86.584 0.0000000000
55272  -35.797  -28.376  60.014 0.0000000000
56335  -35.813  -27.918  60.296 0.0000000000
144631  -36.627  -28.149  65.353 0.0000000000
55247  -36.242  -27.913  64.573 0.0000000000
55231  -36.483  -27.730  65.575 0.0000000000
57259  -36.153  -27.182  65.557 0.0000000000
57249  -35.972  -26.825  65.736 0.0000000000
60240  -34.878  -24.612  67.227 0.0000000000
61351  -34.357  -23.526  67.394 0.0000000000
60239  -34.063  -23.859  66.664 0.0000000000
149521  -33.964  -24.470  66.097 0.0000000000
60263  -33.458  -24.353  65.524 0.0000000000
60251  -33.029  -23.264  65.495 0.0000000000
62611  -32.600  -21.549  65.067 0.0000000000
63749  -33.058  -20.495  66.192 0.0000000000
133071  -34.187  -18.795  69.049 0.0000000000
55242  -24.762  -28.556  63.763 0.0000000000
54048  -30.385  -28.563  67.776 0.0000000000
55194  -29.647  -28.259  67.338 0.0000000000
54059  -30.306  -28.669  66.946 0.0000000000
54070  -30.154  -28.800  66.095 0.0000000000
54080  -29.867  -29.027  65.244 0.0000000000
53015  -30.710  -30.815  62.571 0.0000000000
52996  -29.973  -30.340  62.992 0.0000000000
51757  -23.067  -30.379  72.159 0.0000000000
54035  -23.093  -29.612  69.565 0.0000000000
52928  -22.800  -30.142  69.034 0.0000000000
51802  -22.333  -31.263  68.327 0.0000000000
50748  -21.962  -31.990  68.010 0.0000000000
49769  -21.545  -32.670  67.637 0.0000000000
76943  -46.098  -6.958  49.563 0.0000000000
76952  -46.198  -6.753  49.115 0.0000000000
77970  -46.584  -6.394  48.799 0.0000000000
77985  -46.991  -5.986  48.464 0.0000000000
80019  -48.752  -4.411  49.329 0.0000000000
80029  -49.131  -4.216  48.888 0.0000000000
80048  -48.276  -4.003  46.544 0.0000000000
80057  -47.563  -4.008  45.801 0.0000000000
81112  -48.920  -3.393  46.425 0.0000000000
81118  -48.981  -2.965  45.571 0.0000000000
135763  -49.507  -2.833  46.359 0.0000000000
134265  -10.327  -42.011  77.552 0.0000000000
40842  -10.100  -42.478  78.125 0.0000000000
62653  -30.053  -21.400  61.024 0.0000000000
62687  -29.340  -22.098  59.509 0.0000000000
67933  -33.567  -16.968  51.983 0.0000000000
67862  -35.272  -16.373  57.801 0.0000000000
67875  -35.158  -16.998  57.240 0.0000000000
67876  -36.001  -17.184  57.581 0.0000000000
132509  -36.209  -17.726  56.921 0.0000000000
135519  -37.016  -17.770  56.678 0.0000000000
67888  -39.693  -15.945  56.717 0.0000000000
67887  -39.338  -16.554  56.594 0.0000000000
154832  -39.673  -15.560  56.051 0.0000000000
68924  -39.227  -15.744  55.680 0.0000000000
144349  -38.164  -15.374  55.338 0.0000000000
69912  -38.282  -14.761  55.458 0.0000000000
70841  -38.354  -14.059  55.762 0.0000000000
71848  -38.075  -12.979  55.848 0.0000000000
71849  -38.703  -13.405  56.308 0.0000000000
71826  -39.426  -12.398  57.463 0.0000000000
72851  -39.895  -12.073  58.007 0.0000000000
45754  -11.962  -36.496  78.048 0.0000000000
44633  -11.115  -37.582  78.175 0.0000000000
43662  -9.980  -39.104  77.628 0.0000000000
42768  -10.986  -40.743  76.078 0.0000000000
39787  -8.711  -42.890  80.052 0.0000000000
40828  -8.199  -42.351  80.596 0.0000000000
40816  -7.982  -42.767  81.371 0.0000000000
40815  -7.803  -43.238  82.112 0.0000000000
38692  -7.378  -44.727  83.489 0.0000000000
39738  -6.257  -42.830  85.452 0.0000000000
40792  -6.194  -42.318  85.845 0.0000000000
39737  -5.918  -43.076  85.685 0.0000000000
40790  -5.156  -42.620  86.118 0.0000000000
40789  -4.580  -42.559  85.907 0.0000000000
52876  -33.533  -29.006  72.271 0.0000000000
51773  -35.053  -30.156  70.257 0.0000000000
75873  -42.256  -8.446  58.116 0.0000000000
75884  -41.691  -8.359  56.774 0.0000000000
75880  -43.038  -7.770  56.800 0.0000000000
77917  -44.381  -6.703  55.674 0.0000000000
143414  -44.317  -6.517  55.067 0.0000000000
77924  -44.726  -5.876  54.851 0.0000000000
67783  -33.568  -17.040  65.652 0.0000000000
66744  -32.917  -17.531  64.517 0.0000000000
67795  -34.443  -16.369  64.644 0.0000000000
68814  -35.110  -15.993  64.126 0.0000000000
145567  -35.523  -15.246  62.853 0.0000000000
157044  -19.970  -32.798  70.109 0.0000000000
48735  -20.038  -33.472  68.987 0.0000000000
139405  -8.357  -37.835  86.454 0.0000000000
42705  -8.143  -39.318  85.836 0.0000000000
54138  -35.770  -29.070  60.373 0.0000000000
153910  -35.673  -27.704  61.918 0.0000000000
63728  -33.841  -20.618  67.843 0.0000000000
52950  -22.832  -30.383  66.519 0.0000000000
55203  -23.496  -29.073  66.840 0.0000000000
55215  -23.806  -28.835  65.954 0.0000000000
55216  -24.491  -28.261  65.710 0.0000000000
56279  -24.755  -27.844  66.637 0.0000000000
56290  -25.194  -27.874  65.833 0.0000000000
153827  -25.007  -28.078  65.122 0.0000000000
55227  -25.216  -28.211  64.345 0.0000000000
56313  -25.941  -28.135  64.120 0.0000000000
134843  -26.729  -28.213  64.073 0.0000000000
52964  -31.843  -30.039  65.699 0.0000000000
52963  -31.107  -29.802  65.182 0.0000000000
52982  -31.561  -30.287  64.839 0.0000000000
144348  -31.362  -30.724  64.202 0.0000000000
52998  -31.493  -31.072  63.303 0.0000000000
51854  -32.278  -31.262  63.599 0.0000000000
148140  -24.096  -29.069  73.172 0.0000000000
55144  -24.225  -28.598  72.427 0.0000000000
55156  -24.116  -28.429  71.560 0.0000000000
56241  -24.835  -27.490  70.631 0.0000000000
55163  -23.673  -28.619  70.138 0.0000000000
153238  -23.385  -29.047  69.649 0.0000000000
54047  -23.380  -29.011  69.000 0.0000000000
136180  -39.498  -8.714  49.821 0.0000000000
133487  -45.080  -6.100  44.763 0.0000000000
81085  -46.854  -3.103  52.280 0.0000000000
80009  -47.281  -4.495  50.816 0.0000000000
82092  -47.527  -2.726  51.762 0.0000000000
81088  -48.007  -3.242  50.984 0.0000000000
82103  -50.378  -2.566  49.426 0.0000000000
64851  -29.721  -19.645  59.306 0.0000000000
63865  -29.479  -20.377  59.237 0.0000000000
64859  -29.333  -19.841  58.473 0.0000000000
66854  -34.665  -17.323  54.041 0.0000000000
67849  -38.500  -15.810  58.727 0.0000000000
67866  -38.122  -16.512  58.156 0.0000000000
67850  -39.189  -15.653  58.993 0.0000000000
67867  -39.356  -15.804  58.395 0.0000000000
67868  -40.178  -15.609  58.544 0.0000000000
153905  -40.582  -15.375  58.184 0.0000000000
68914  -40.479  -15.203  57.660 0.0000000000
69885  -40.669  -14.621  57.800 0.0000000000
70826  -40.885  -13.971  58.217 0.0000000000
71828  -40.436  -13.492  57.976 0.0000000000
49652  -14.768  -33.516  74.023 0.0000000000
47680  -12.722  -35.232  76.716 0.0000000000
47710  -12.296  -35.712  74.725 0.0000000000
47696  -12.362  -35.357  75.758 0.0000000000
46737  -12.054  -35.869  76.501 0.0000000000
46736  -11.615  -36.656  76.091 0.0000000000
45783  -11.335  -37.475  75.727 0.0000000000
44660  -11.247  -38.274  75.453 0.0000000000
42784  -12.021  -39.809  74.736 0.0000000000
37694  -6.355  -45.461  84.475 0.0000000000
53001  -35.593  -30.564  63.247 0.0000000000
53002  -36.317  -30.069  63.877 0.0000000000
54098  -36.683  -29.432  64.474 0.0000000000
52986  -36.951  -29.561  65.317 0.0000000000
54099  -36.766  -28.745  65.116 0.0000000000
55219  -36.835  -27.884  66.340 0.0000000000
52944  -37.059  -28.581  68.416 0.0000000000
55172  -27.898  -27.645  70.039 0.0000000000
55173  -28.739  -27.845  69.492 0.0000000000
55174  -29.576  -28.085  69.067 0.0000000000
54036  -30.385  -28.440  68.637 0.0000000000
52939  -31.418  -29.357  66.928 0.0000000000
52920  -33.632  -29.561  69.547 0.0000000000
52940  -31.976  -29.562  67.347 0.0000000000
52953  -31.889  -29.742  66.574 0.0000000000
153943  -32.314  -30.071  66.341 0.0000000000
51827  -32.716  -31.035  65.331 0.0000000000
51828  -33.587  -31.272  65.431 0.0000000000
51843  -33.312  -31.341  64.604 0.0000000000
51856  -33.992  -31.376  63.840 0.0000000000
55145  -28.783  -28.111  72.145 0.0000000000
72889  -35.870  -11.689  53.701 0.0000000000
72894  -35.350  -11.541  52.771 0.0000000000
73878  -35.898  -10.872  53.160 0.0000000000
73879  -36.560  -10.355  53.424 0.0000000000
74892  -37.879  -9.651  53.789 0.0000000000
74907  -37.819  -9.503  53.066 0.0000000000
74919  -37.703  -9.400  52.241 0.0000000000
74881  -41.031  -8.768  55.635 0.0000000000
132820  -41.037  -8.904  54.739 0.0000000000
133596  -41.007  -9.044  53.864 0.0000000000
74897  -42.365  -8.482  54.209 0.0000000000
74896  -41.746  -8.768  54.024 0.0000000000
74922  -40.907  -8.970  52.985 0.0000000000
133893  -40.419  -8.894  52.422 0.0000000000
132818  -40.368  -8.649  51.256 0.0000000000
74944  -39.745  -8.635  50.675 0.0000000000
74945  -40.520  -8.546  50.549 0.0000000000
75951  -40.886  -8.464  50.066 0.0000000000
75942  -42.213  -8.468  50.778 0.0000000000
153194  -41.796  -8.165  49.474 0.0000000000
75961  -41.964  -7.883  48.838 0.0000000000
76948  -42.496  -7.555  48.350 0.0000000000
145121  -44.926  -7.408  49.497 0.0000000000
151791  -44.923  -7.490  50.420 0.0000000000
76932  -45.412  -7.231  50.555 0.0000000000
76933  -46.081  -7.064  50.054 0.0000000000
77953  -45.990  -6.799  50.572 0.0000000000
77945  -46.319  -6.099  50.792 0.0000000000
78934  -45.156  -5.187  54.527 0.0000000000
156023  -45.543  -4.492  54.091 0.0000000000
80004  -45.798  -3.995  53.335 0.0000000000
81084  -46.285  -3.534  52.792 0.0000000000
81086  -46.502  -3.765  52.021 0.0000000000
82086  -47.332  -2.380  53.685 0.0000000000
60288  -31.193  -23.262  62.794 0.0000000000
158435  -30.865  -21.713  62.490 0.0000000000
151706  -30.904  -20.922  62.410 0.0000000000
63834  -30.549  -20.664  61.667 0.0000000000
64843  -30.392  -19.475  60.678 0.0000000000
65796  -32.048  -17.996  62.946 0.0000000000
65804  -31.283  -18.514  61.925 0.0000000000
64844  -30.825  -18.972  61.378 0.0000000000
64852  -30.089  -19.136  59.857 0.0000000000
65824  -30.225  -18.312  59.535 0.0000000000
66792  -30.929  -16.923  59.614 0.0000000000
66810  -30.316  -17.324  58.054 0.0000000000
66811  -30.944  -16.651  57.424 0.0000000000
66823  -32.168  -16.638  56.053 0.0000000000
67861  -34.286  -15.927  57.830 0.0000000000
68904  -33.843  -15.408  58.429 0.0000000000
68905  -34.753  -15.610  58.345 0.0000000000
67846  -36.434  -16.035  58.422 0.0000000000
68895  -37.672  -15.528  59.098 0.0000000000
68843  -36.049  -14.697  62.098 0.0000000000
68858  -36.718  -14.456  61.392 0.0000000000
68859  -37.451  -14.497  61.210 0.0000000000
68846  -38.293  -14.454  62.704 0.0000000000
68877  -37.835  -14.885  60.041 0.0000000000
68896  -38.274  -15.434  59.322 0.0000000000
68879  -39.558  -15.070  60.426 0.0000000000
49725  -19.531  -32.780  70.453 0.0000000000
49724  -18.863  -32.709  71.027 0.0000000000
140413  -18.161  -33.941  70.069 0.0000000000
150144  -18.315  -32.698  71.624 0.0000000000
49692  -17.380  -32.790  72.594 0.0000000000
49691  -16.805  -33.075  72.711 0.0000000000
47752  -16.183  -34.777  70.872 0.0000000000
47750  -15.399  -35.326  71.216 0.0000000000
48691  -14.779  -34.955  71.868 0.0000000000
83056  -52.224  -0.926  44.100 0.0000000000
57282  -32.894  -26.367  60.784 0.0000000000
55257  -36.072  -28.327  62.459 0.0000000000
55246  -36.091  -28.157  63.491 0.0000000000
154712  -35.638  -27.742  62.385 0.0000000000
155164  -35.365  -27.363  62.504 0.0000000000
58201  -35.584  -26.361  66.019 0.0000000000
58200  -35.045  -25.766  66.166 0.0000000000
58214  -35.424  -26.657  65.239 0.0000000000
141531  -34.996  -26.514  64.813 0.0000000000
58225  -34.797  -26.658  64.014 0.0000000000
58234  -35.004  -26.932  63.062 0.0000000000
59152  -33.140  -24.685  64.906 0.0000000000
59158  -32.859  -25.068  64.299 0.0000000000
59172  -32.675  -25.329  63.535 0.0000000000
60289  -31.716  -23.797  63.382 0.0000000000
61396  -31.602  -22.769  63.477 0.0000000000
62625  -31.918  -21.341  64.067 0.0000000000
63803  -32.263  -20.982  64.565 0.0000000000
139334  -32.243  -20.185  64.583 0.0000000000
64811  -32.567  -19.140  65.114 0.0000000000
65766  -32.809  -18.369  65.483 0.0000000000
64753  -33.478  -19.935  67.278 0.0000000000
65727  -33.842  -18.318  68.477 0.0000000000
64773  -33.191  -19.147  66.774 0.0000000000
65750  -33.023  -18.326  66.214 0.0000000000
152106  -33.134  -17.677  65.751 0.0000000000
55192  -27.909  -27.717  67.961 0.0000000000
55206  -28.907  -28.032  66.835 0.0000000000
131635  -28.147  -28.098  66.224 0.0000000000
55229  -27.531  -28.385  64.324 0.0000000000
55244  -27.275  -28.497  63.221 0.0000000000
54097  -30.285  -29.697  64.630 0.0000000000
54096  -29.419  -29.291  64.446 0.0000000000
55245  -28.087  -28.947  62.833 0.0000000000
49676  -21.437  -31.626  73.032 0.0000000000
49697  -21.373  -31.760  72.178 0.0000000000
49713  -21.338  -32.077  71.240 0.0000000000
49727  -20.870  -32.464  70.497 0.0000000000
54000  -23.741  -29.296  72.377 0.0000000000
52891  -23.332  -29.767  71.771 0.0000000000
51763  -22.737  -30.758  71.447 0.0000000000
51771  -22.766  -30.604  70.669 0.0000000000
147790  -22.492  -31.176  70.947 0.0000000000
49728  -21.476  -32.277  70.368 0.0000000000
147598  -21.047  -32.631  69.898 0.0000000000
48756  -20.787  -33.321  68.257 0.0000000000
49768  -21.205  -33.337  67.140 0.0000000000
77992  -44.441  -5.961  46.140 0.0000000000
78983  -45.048  -5.562  45.369 0.0000000000
80054  -45.633  -4.993  44.960 0.0000000000
140834  -47.676  -5.295  49.792 0.0000000000
78960  -47.655  -5.611  49.183 0.0000000000
78978  -47.048  -5.600  47.781 0.0000000000
78985  -46.031  -5.019  46.458 0.0000000000
80071  -46.588  -4.697  43.893 0.0000000000
80072  -47.266  -4.501  43.406 0.0000000000
81127  -49.147  -3.222  43.314 0.0000000000
82124  -49.663  -2.545  43.935 0.0000000000
82120  -49.266  -2.698  44.762 0.0000000000
82122  -50.700  -1.649  44.951 0.0000000000
43648  -9.214  -39.587  79.294 0.0000000000
42742  -9.045  -39.564  80.532 0.0000000000
42748  -8.776  -40.023  79.676 0.0000000000
40834  -9.111  -42.443  79.211 0.0000000000
156314  -8.913  -42.668  79.630 0.0000000000
60301  -30.732  -23.808  62.037 0.0000000000
59182  -30.389  -24.372  61.129 0.0000000000
134258  -29.338  -21.261  59.302 0.0000000000
154829  -34.806  -12.840  52.659 0.0000000000
66838  -33.529  -17.189  55.463 0.0000000000
66825  -34.975  -17.337  56.617 0.0000000000
66839  -34.283  -17.418  55.513 0.0000000000
66803  -37.876  -17.126  57.763 0.0000000000
66814  -37.640  -17.513  57.232 0.0000000000
132483  -37.169  -17.573  55.754 0.0000000000
66843  -38.699  -16.918  55.869 0.0000000000
140873  -36.082  -17.312  54.752 0.0000000000
66869  -35.578  -17.203  54.331 0.0000000000
68952  -35.240  -16.000  53.548 0.0000000000
146304  -35.006  -15.048  53.283 0.0000000000
69910  -36.786  -15.070  54.572 0.0000000000
69925  -35.300  -14.171  53.476 0.0000000000
70870  -35.221  -13.155  53.309 0.0000000000
71860  -36.442  -12.348  54.414 0.0000000000
73855  -37.598  -10.813  55.276 0.0000000000
72855  -38.475  -11.001  56.379 0.0000000000
71819  -40.458  -12.699  58.279 0.0000000000
43641  -10.427  -38.483  80.761 0.0000000000
44615  -10.869  -37.826  80.592 0.0000000000
149159  -10.360  -38.614  80.063 0.0000000000
144427  -9.249  -40.336  78.290 0.0000000000
41799  -9.531  -40.777  77.827 0.0000000000
42776  -11.283  -40.055  75.461 0.0000000000
137436  -8.909  -39.701  81.120 0.0000000000
42734  -9.156  -39.359  81.916 0.0000000000
42724  -8.948  -39.415  82.870 0.0000000000
136024  -7.942  -40.732  82.347 0.0000000000
42717  -8.649  -39.621  83.747 0.0000000000
156206  -8.570  -39.544  84.280 0.0000000000
42708  -7.923  -40.133  85.103 0.0000000000
137333  -7.763  -40.062  85.629 0.0000000000
38704  -8.525  -44.471  81.595 0.0000000000
39746  -7.234  -43.893  83.607 0.0000000000
158379  -7.374  -43.320  83.363 0.0000000000
41741  -7.436  -41.959  83.663 0.0000000000
41736  -7.387  -40.754  85.419 0.0000000000
42701  -7.442  -39.522  86.329 0.0000000000
42694  -6.406  -39.343  86.564 0.0000000000
43601  -5.803  -39.019  86.599 0.0000000000
43600  -5.114  -38.909  86.548 0.0000000000
41725  -5.454  -41.335  86.465 0.0000000000
42698  -5.339  -40.684  86.562 0.0000000000
43599  -4.552  -38.756  86.445 0.0000000000
43605  -4.215  -39.298  86.276 0.0000000000
37693  -5.872  -45.287  84.796 0.0000000000
37692  -5.328  -45.251  85.004 0.0000000000
38680  -4.847  -43.880  85.578 0.0000000000
39735  -4.722  -43.175  85.773 0.0000000000
38681  -5.312  -43.994  85.494 0.0000000000
40787  -5.877  -41.538  86.369 0.0000000000
40791  -5.776  -42.189  86.203 0.0000000000
40807  -7.485  -42.795  82.994 0.0000000000
41727  -6.419  -40.953  86.299 0.0000000000
41750  -7.711  -41.569  82.415 0.0000000000
42692  -5.256  -39.799  86.592 0.0000000000
42693  -5.858  -39.981  86.602 0.0000000000
42700  -6.983  -39.491  86.480 0.0000000000
42704  -7.615  -39.854  86.050 0.0000000000
42709  -8.306  -39.512  85.271 0.0000000000
42712  -8.108  -40.116  84.421 0.0000000000
42713  -8.461  -39.556  84.676 0.0000000000
43602  -6.378  -38.687  86.592 0.0000000000
43603  -6.891  -38.761  86.574 0.0000000000
43606  -4.695  -39.601  86.466 0.0000000000
43607  -7.442  -38.874  86.471 0.0000000000
43608  -7.887  -39.062  86.253 0.0000000000
43616  -9.202  -38.583  85.024 0.0000000000
43650  -10.818  -38.079  80.397 0.0000000000
44576  -6.078  -37.724  86.638 0.0000000000
44583  -7.929  -38.336  86.469 0.0000000000
44584  -8.880  -37.788  86.214 0.0000000000
44585  -9.310  -37.620  85.954 0.0000000000
44591  -9.690  -38.362  84.594 0.0000000000
44677  -11.673  -38.373  74.796 0.0000000000
45697  -7.181  -37.564  86.625 0.0000000000
45700  -8.183  -37.303  86.550 0.0000000000
45705  -9.656  -37.236  85.747 0.0000000000
49740  -20.934  -32.853  69.337 0.0000000000
51781  -33.580  -29.754  68.820 0.0000000000
51792  -22.603  -30.595  68.557 0.0000000000
51796  -36.309  -30.903  68.717 0.0000000000
51831  -36.129  -31.167  65.705 0.0000000000
52917  -22.787  -30.414  69.852 0.0000000000
52938  -22.848  -30.033  68.227 0.0000000000
52942  -36.861  -30.312  67.438 0.0000000000
52956  -37.104  -29.437  67.096 0.0000000000
54023  -23.303  -29.561  71.077 0.0000000000
54051  -37.149  -28.252  68.931 0.0000000000
54068  -23.149  -29.746  66.781 0.0000000000
54078  -23.118  -29.988  65.846 0.0000000000
55134  -24.579  -28.411  73.303 0.0000000000
55225  -24.087  -28.800  65.062 0.0000000000
55226  -24.632  -28.432  64.696 0.0000000000
56214  -24.763  -27.919  72.730 0.0000000000
56224  -27.320  -27.631  72.529 0.0000000000
56282  -27.444  -27.889  66.588 0.0000000000
56292  -36.476  -27.453  65.889 0.0000000000
56293  -36.840  -27.488  66.695 0.0000000000
56300  -25.679  -27.982  65.068 0.0000000000
56301  -26.340  -28.063  64.719 0.0000000000
58194  -35.958  -26.300  66.619 0.0000000000
66735  -33.069  -17.571  65.161 0.0000000000
66802  -37.372  -17.286  57.794 0.0000000000
66804  -38.417  -16.716  57.736 0.0000000000
66816  -38.791  -16.725  57.334 0.0000000000
66829  -38.499  -17.225  56.455 0.0000000000
66842  -38.108  -17.271  55.807 0.0000000000
67821  -32.603  -16.352  61.581 0.0000000000
67833  -31.501  -16.466  60.097 0.0000000000
67835  -39.000  -15.385  59.578 0.0000000000
67874  -33.853  -16.212  57.273 0.0000000000
67878  -39.949  -15.743  57.603 0.0000000000
67886  -39.071  -16.796  56.219 0.0000000000
67894  -38.321  -16.573  55.536 0.0000000000
67896  -39.399  -16.252  56.107 0.0000000000
67908  -37.708  -16.358  55.252 0.0000000000
68844  -36.937  -14.451  62.161 0.0000000000
68873  -33.187  -15.330  60.648 0.0000000000
68891  -34.075  -15.014  59.117 0.0000000000
68913  -40.128  -15.412  57.113 0.0000000000
68923  -38.645  -15.883  55.498 0.0000000000
68925  -40.054  -15.149  56.548 0.0000000000
69852  -36.135  -14.506  61.109 0.0000000000
69898  -39.386  -15.007  55.819 0.0000000000
70825  -40.434  -14.058  57.672 0.0000000000
70856  -37.818  -14.308  55.383 0.0000000000
71820  -41.001  -13.269  58.512 0.0000000000
71836  -39.006  -12.831  56.887 0.0000000000
71877  -34.874  -12.237  52.321 0.0000000000
72865  -37.376  -11.650  55.307 0.0000000000
73869  -37.958  -10.074  55.086 0.0000000000
74867  -39.531  -9.506  56.262 0.0000000000
74912  -42.306  -8.636  53.378 0.0000000000
74921  -39.471  -9.100  52.626 0.0000000000
75872  -41.742  -8.477  57.603 0.0000000000
75923  -42.779  -8.563  52.875 0.0000000000
75944  -44.244  -7.738  50.697 0.0000000000
76898  -43.196  -7.711  54.695 0.0000000000
76899  -43.542  -7.167  54.164 0.0000000000
76916  -44.785  -7.045  51.806 0.0000000000
76942  -45.468  -7.351  49.897 0.0000000000
77955  -47.000  -5.833  50.224 0.0000000000
77960  -46.571  -6.572  49.319 0.0000000000
77971  -47.124  -6.171  48.997 0.0000000000
78937  -44.987  -5.087  53.713 0.0000000000
78954  -48.356  -4.520  49.764 0.0000000000
78968  -48.138  -5.237  48.870 0.0000000000
80020  -49.163  -3.973  49.312 0.0000000000
80028  -48.621  -4.759  48.862 0.0000000000
81082  -46.758  -2.901  53.217 0.0000000000
81087  -47.192  -3.647  51.409 0.0000000000
131882  -36.431  -14.950  59.559 0.0000000000
131916  -7.037  -40.277  86.240 0.0000000000
132634  -39.467  -15.914  57.851 0.0000000000
133525  -46.083  -5.235  51.478 0.0000000000
133876  -40.944  -15.050  58.211 0.0000000000
135765  -33.073  -30.182  67.321 0.0000000000
137976  -8.514  -40.002  82.357 0.0000000000
139197  -48.868  -4.398  48.210 0.0000000000
139388  -36.459  -13.084  54.374 0.0000000000
142482  -8.485  -38.485  86.130 0.0000000000
142701  -9.591  -38.135  85.205 0.0000000000
143162  -32.234  -15.668  58.548 0.0000000000
143893  -46.445  -6.727  49.730 0.0000000000
144778  -5.697  -42.719  85.994 0.0000000000
146177  -36.307  -10.283  52.566 0.0000000000
146674  -36.451  -30.803  67.874 0.0000000000
148740  -6.819  -42.738  84.655 0.0000000000
149161  -36.309  -10.974  53.818 0.0000000000
149676  -24.113  -28.140  70.744 0.0000000000
150058  -34.933  -31.062  68.249 0.0000000000
150755  -13.990  -36.368  72.198 0.0000000000
151590  -11.133  -37.705  79.064 0.0000000000
152328  -9.339  -38.803  83.889 0.0000000000
153030  -38.833  -14.686  55.716 0.0000000000
153105  -6.752  -41.041  86.025 0.0000000000
154631  -6.974  -41.307  85.543 0.0000000000
155250  -22.089  -31.765  68.743 0.0000000000
156269  -9.746  -40.480  77.498 0.0000000000
156755  -23.908  -29.182  64.614 0.0000000000
158083  -27.587  -27.609  70.597 0.0000000000
159131  -38.093  -17.451  56.848 0.0000000000
159487  -23.506  -29.524  72.057 0.0000000000
