#!ascii label  , from subject sub-v1s4x0050704_ses-1 vox2ras=TkReg
1337
73554  -19.566  -11.288  -7.605 0.5555555820
73567  -20.069  -11.169  -7.958 0.6666666865
74607  -20.514  -9.571  -8.840 0.7777777910
75626  -21.494  -9.243  -9.257 0.7777777910
76594  -20.921  -7.885  -9.764 0.8888888955
149895  -24.491  -7.317  -9.479 0.8888888955
73542  -18.649  -11.837  -6.662 0.5555555820
74576  -19.048  -10.615  -7.631 0.5555555820
75590  -19.206  -9.869  -8.130 0.6666666865
75623  -19.877  -9.037  -8.829 0.8888888955
76580  -22.109  -8.677  -9.588 0.8888888955
76595  -21.458  -7.852  -9.929 0.8888888955
78599  -23.440  -6.606  -10.466 1.0000000000
78578  -24.744  -6.698  -9.592 0.8888888955
79618  -25.074  -5.831  -9.638 1.0000000000
75607  -18.616  -9.175  -7.960 0.7777777910
157364  -19.216  -7.526  -8.978 1.0000000000
78576  -18.801  -6.279  -8.961 1.0000000000
77570  -20.002  -7.159  -9.565 1.0000000000
79650  -21.559  -5.469  -11.171 1.0000000000
78577  -19.500  -6.324  -9.483 1.0000000000
79651  -22.297  -5.583  -11.261 1.0000000000
79649  -20.930  -5.308  -10.961 1.0000000000
80697  -22.146  -4.830  -11.470 1.0000000000
157623  -22.720  -5.002  -11.403 1.0000000000
156862  -24.971  -4.151  -10.324 1.0000000000
148764  -22.771  -4.277  -11.527 1.0000000000
80699  -23.885  -4.141  -11.087 1.0000000000
138767  -25.224  -3.472  -10.495 1.0000000000
81711  -24.775  -3.021  -10.975 1.0000000000
82697  -25.433  -2.617  -10.787 0.7777777910
80667  -18.339  -4.879  -8.904 0.8888888955
79617  -19.391  -5.546  -9.597 1.0000000000
80696  -21.320  -4.550  -11.355 1.0000000000
80681  -19.185  -4.061  -9.927 1.0000000000
147060  -20.692  -3.947  -11.247 1.0000000000
81739  -22.217  -2.948  -11.785 1.0000000000
81727  -23.477  -2.891  -11.603 1.0000000000
82715  -24.000  -2.303  -11.583 1.0000000000
81729  -24.672  -2.278  -11.303 1.0000000000
82698  -26.743  -2.315  -10.293 0.8888888955
83617  -26.020  -1.942  -10.794 1.0000000000
83618  -26.808  -1.634  -10.543 0.7777777910
83620  -28.765  -1.481  -10.102 0.7777777910
158582  -17.174  -3.016  -8.312 0.5555555820
83602  -17.779  -1.814  -9.332 0.7777777910
82684  -18.103  -2.658  -9.352 0.8888888955
81724  -20.496  -3.062  -11.378 1.0000000000
82712  -19.920  -2.230  -11.399 0.8888888955
82713  -20.655  -2.273  -11.697 1.0000000000
82726  -21.946  -2.211  -11.972 1.0000000000
83656  -24.246  -1.319  -11.735 1.0000000000
83637  -24.912  -1.390  -11.476 0.8888888955
84560  -24.581  -0.762  -11.821 1.0000000000
147736  -25.537  -1.059  -11.317 0.8888888955
141911  -29.083  0.041  -10.127 0.7777777910
84545  -30.446  -0.804  -10.372 0.6666666865
133640  -30.017  0.007  -10.262 0.6666666865
84500  -14.856  -1.173  -7.195 0.4444444478
83589  -17.180  -1.768  -8.583 0.7777777910
142778  -16.321  -0.305  -8.289 0.6666666865
84540  -18.355  -0.330  -10.548 0.7777777910
83634  -19.145  -1.104  -11.192 0.8888888955
83652  -20.423  -0.925  -12.126 0.8888888955
83654  -23.044  -1.541  -12.126 1.0000000000
84574  -21.507  -0.790  -12.431 1.0000000000
84575  -22.597  -0.908  -12.378 1.0000000000
85519  -24.892  -0.063  -11.822 0.8888888955
85521  -26.316  0.025  -10.843 0.7777777910
144639  -28.150  0.072  -10.266 0.7777777910
143101  -31.736  -0.459  -11.730 0.5555555820
85505  -28.747  0.691  -10.072 0.7777777910
85507  -30.527  0.614  -10.605 0.6666666865
85477  -15.747  0.412  -7.882 0.6666666865
85461  -15.016  -0.220  -7.276 0.6666666865
84539  -17.765  -0.235  -9.908 0.7777777910
85501  -17.484  0.618  -9.832 0.7777777910
84558  -18.840  -0.306  -11.185 0.8888888955
84573  -20.761  -0.183  -12.419 0.8888888955
85518  -19.269  0.294  -11.737 1.0000000000
135257  -21.342  0.114  -12.520 1.0000000000
85539  -23.557  0.293  -12.388 1.0000000000
85540  -24.231  -0.090  -12.180 0.8888888955
86478  -25.096  0.813  -11.457 0.8888888955
142025  -26.765  0.784  -10.277 0.8888888955
86477  -24.461  1.384  -11.951 0.8888888955
159518  -25.466  1.390  -10.769 0.7777777910
143510  -27.249  1.702  -9.813 0.7777777910
140987  -30.313  1.416  -10.727 0.7777777910
85522  -31.029  1.080  -11.253 0.6666666865
152431  -15.104  0.610  -7.351 0.6666666865
85460  -14.405  0.194  -7.215 0.5555555820
85493  -16.505  0.625  -8.672 0.7777777910
85535  -19.723  0.990  -12.224 0.8888888955
85536  -20.660  0.709  -12.491 1.0000000000
86493  -22.481  1.431  -12.345 1.0000000000
86495  -24.089  0.892  -12.335 0.8888888955
154349  -27.770  2.677  -9.696 0.7777777910
87486  -30.262  2.376  -11.482 0.6666666865
87499  -30.661  2.274  -12.435 0.5555555820
86480  -31.237  1.498  -12.188 0.5555555820
86441  -16.064  1.381  -8.387 0.7777777910
86419  -15.415  1.327  -7.625 0.6666666865
86453  -17.236  1.404  -9.688 0.8888888955
86490  -19.352  2.065  -12.149 1.0000000000
86492  -21.168  1.793  -12.488 1.0000000000
87483  -23.594  2.435  -11.728 0.8888888955
87484  -24.215  2.165  -11.628 0.8888888955
87468  -23.879  2.818  -11.041 0.8888888955
86462  -24.837  1.742  -11.098 0.8888888955
88544  -27.330  3.433  -9.620 0.7777777910
140444  -28.383  3.612  -10.042 0.7777777910
88546  -29.101  3.173  -10.519 0.7777777910
88530  -25.842  4.062  -9.532 0.7777777910
88558  -29.476  3.403  -11.447 0.5555555820
87498  -30.169  2.882  -13.122 0.5555555820
88545  -28.929  3.935  -10.993 0.6666666865
87407  -13.179  2.727  -6.399 0.4444444478
87425  -15.053  1.974  -7.303 0.5555555820
87467  -17.615  2.872  -10.678 0.7777777910
86474  -18.545  2.027  -11.536 1.0000000000
87460  -17.414  2.098  -10.198 0.8888888955
87493  -19.983  2.730  -12.405 1.0000000000
88569  -21.902  2.861  -11.850 0.8888888955
88555  -22.378  3.346  -11.404 0.8888888955
87482  -22.752  2.636  -11.712 0.8888888955
88556  -23.217  3.091  -11.264 0.8888888955
88542  -25.165  3.211  -9.932 0.8888888955
89582  -27.799  4.347  -9.858 0.6666666865
88557  -29.199  4.058  -12.005 0.5555555820
89576  -17.225  4.502  -10.256 0.6666666865
88529  -17.004  3.625  -9.708 0.6666666865
89590  -18.634  4.450  -11.757 0.7777777910
89603  -20.710  3.970  -11.873 0.8888888955
89602  -20.076  4.275  -12.042 0.7777777910
89593  -21.092  4.453  -11.486 0.7777777910
88554  -21.506  3.634  -11.631 0.8888888955
89578  -22.469  4.577  -10.666 0.7777777910
88539  -22.825  3.803  -10.886 0.8888888955
90558  -23.813  4.914  -9.872 0.7777777910
89580  -24.078  4.162  -10.137 0.7777777910
89581  -24.877  4.055  -9.756 0.6666666865
90546  -25.398  5.855  -9.518 0.6666666865
90547  -26.495  5.691  -9.609 0.6666666865
145697  -27.315  5.116  -9.785 0.6666666865
90561  -27.967  5.010  -10.268 0.5555555820
91517  -26.898  6.609  -9.883 0.6666666865
91518  -27.479  6.306  -10.499 0.5555555820
90584  -28.496  5.335  -12.103 0.5555555820
89595  -28.724  4.651  -11.556 0.4444444478
90574  -28.076  6.010  -11.752 0.5555555820
91509  -16.798  6.772  -10.076 0.3333333433
91510  -17.769  6.202  -11.085 0.3333333433
90569  -18.632  5.977  -11.529 0.5555555820
140012  -18.443  5.233  -11.588 0.6666666865
91526  -19.072  6.531  -11.474 0.5555555820
90571  -20.054  5.669  -11.638 0.7777777910
90572  -20.716  5.222  -11.387 0.7777777910
91514  -21.933  6.175  -10.343 0.6666666865
90556  -22.140  5.336  -10.508 0.6666666865
90555  -21.180  5.583  -10.807 0.6666666865
91516  -23.588  5.793  -9.747 0.6666666865
91501  -24.535  6.279  -9.546 0.6666666865
146597  -25.422  6.864  -9.561 0.6666666865
92421  -26.646  7.576  -10.171 0.6666666865
91530  -27.605  6.634  -11.342 0.5555555820
92439  -27.299  7.349  -12.885 0.5555555820
158002  -27.319  7.162  -11.285 0.6666666865
92415  -18.121  7.672  -11.062 0.4444444478
92414  -17.175  7.481  -10.466 0.4444444478
91511  -18.063  6.789  -11.207 0.4444444478
137654  -18.408  7.999  -11.012 0.5555555820
92429  -19.471  6.912  -11.285 0.5555555820
91512  -20.088  6.819  -10.988 0.6666666865
91527  -20.042  6.293  -11.346 0.6666666865
153863  -21.458  6.869  -10.348 0.6666666865
91515  -22.929  6.418  -9.932 0.6666666865
143778  -24.539  7.020  -9.568 0.6666666865
92408  -25.895  7.688  -9.687 0.6666666865
93327  -26.770  8.501  -11.718 0.6666666865
142746  -26.982  8.026  -12.942 0.5555555820
93316  -18.425  8.784  -10.755 0.4444444478
92404  -21.635  7.734  -10.135 0.6666666865
92418  -20.676  7.187  -10.535 0.6666666865
92405  -22.796  7.721  -9.775 0.6666666865
92420  -23.144  7.068  -9.752 0.6666666865
92419  -22.344  6.997  -10.061 0.6666666865
93319  -26.161  8.410  -10.006 0.6666666865
76578  -20.583  -8.456  -9.409 0.8888888955
76566  -19.416  -8.268  -8.866 1.0000000000
136553  -21.242  -6.838  -10.463 1.0000000000
79636  -23.627  -5.872  -10.674 1.0000000000
84501  -15.603  -0.644  -7.593 0.5555555820
134563  -24.573  0.581  -12.054 0.8888888955
86418  -14.706  1.126  -7.177 0.5555555820
88477  -14.821  2.278  -7.175 0.5555555820
86452  -16.715  1.428  -9.045 0.7777777910
87494  -20.762  2.547  -12.391 1.0000000000
87469  -24.610  2.570  -10.680 0.8888888955
88475  -12.533  3.333  -5.899 0.2222222239
89583  -28.401  4.501  -10.587 0.6666666865
89592  -20.357  4.836  -11.751 0.7777777910
89604  -28.837  4.628  -12.550 0.4444444478
92417  -19.831  7.518  -10.871 0.6666666865
93318  -20.495  8.086  -10.423 0.6666666865
86405  -14.132  0.687  -7.075 0.4444444478
91541  -27.117  7.123  -13.719 0.5555555820
91542  -27.565  6.501  -13.423 0.5555555820
92403  -16.860  8.968  -10.654 0.2222222239
133805  -17.393  8.533  -10.729 0.3333333433
138204  -26.850  7.732  -13.578 0.5555555820
72473  -19.640  -12.551  -6.777 0.5555555820
72482  -20.577  -12.319  -7.394 0.5555555820
156835  -20.770  -10.633  -8.477 0.5555555820
74592  -21.286  -10.732  -8.534 0.5555555820
76582  -24.344  -8.553  -8.976 0.7777777910
136685  -24.790  -7.874  -9.109 0.8888888955
72472  -18.886  -12.437  -6.456 0.5555555820
157305  -21.522  -10.317  -8.710 0.6666666865
134447  -22.404  -9.356  -9.146 0.6666666865
147512  -23.206  -8.737  -9.261 0.8888888955
148256  -25.275  -7.301  -9.209 0.7777777910
78579  -25.677  -6.641  -9.267 0.7777777910
134475  -25.988  -5.957  -9.301 0.8888888955
72461  -17.999  -12.052  -5.974 0.4444444478
74562  -17.769  -9.989  -6.726 0.5555555820
80684  -25.046  -4.882  -9.977 1.0000000000
76547  -17.461  -8.537  -7.020 0.2222222239
77532  -17.997  -7.742  -7.965 0.6666666865
80669  -26.628  -3.770  -9.716 0.8888888955
81698  -27.250  -3.445  -9.698 0.6666666865
82700  -28.188  -2.222  -9.912 0.7777777910
139539  -29.125  -2.207  -9.958 0.6666666865
78564  -18.103  -6.157  -8.412 0.5555555820
83621  -29.905  -1.712  -10.155 0.6666666865
81681  -17.109  -4.090  -7.948 0.4444444478
83622  -31.001  -1.689  -10.541 0.5555555820
84578  -32.101  -0.473  -12.841 0.5555555820
134389  -15.112  -2.886  -6.787 0.2222222239
84485  -14.199  -0.845  -7.264 0.4444444478
86497  -31.618  1.119  -12.900 0.5555555820
85444  -11.513  0.066  -6.743 0.3333333433
86511  -31.682  1.097  -13.920 0.5555555820
155915  -12.226  2.256  -6.345 0.4444444478
86510  -31.195  1.719  -14.449 0.4444444478
87393  -11.574  2.528  -5.822 0.3333333433
87508  -30.117  2.698  -14.346 0.5555555820
88570  -29.223  3.983  -13.067 0.4444444478
90544  -16.578  6.132  -9.496 0.3333333433
134013  -16.348  5.459  -8.736 0.3333333433
89557  -16.020  4.501  -8.360 0.4444444478
90592  -28.439  5.173  -13.100 0.4444444478
90591  -27.942  5.657  -13.689 0.4444444478
134516  -26.648  6.619  -14.885 0.2222222239
93314  -16.948  9.072  -10.601 0.3333333433
93317  -19.494  8.436  -10.718 0.6666666865
93303  -22.320  8.569  -9.780 0.6666666865
92406  -23.883  7.575  -9.596 0.6666666865
93305  -24.468  8.437  -9.546 0.6666666865
94236  -26.144  9.134  -10.502 0.6666666865
94248  -26.431  9.150  -11.347 0.6666666865
93336  -26.774  8.539  -12.587 0.6666666865
93349  -26.382  8.108  -14.130 0.4444444478
92449  -26.638  7.292  -14.371 0.3333333433
93302  -21.213  8.746  -10.059 0.5555555820
73553  -18.856  -11.301  -7.128 0.5555555820
74577  -19.675  -10.550  -8.107 0.6666666865
73543  -19.356  -11.906  -7.017 0.5555555820
72481  -20.018  -11.951  -7.371 0.6666666865
141709  -20.506  -11.020  -8.203 0.6666666865
74590  -20.117  -10.413  -8.375 0.7777777910
74591  -20.467  -10.215  -8.564 0.7777777910
144121  -19.768  -9.785  -8.510 0.7777777910
75624  -20.319  -9.015  -9.019 0.8888888955
75625  -20.792  -9.103  -9.197 0.8888888955
77572  -21.358  -7.405  -10.209 1.0000000000
77571  -20.725  -7.235  -9.937 1.0000000000
76579  -21.240  -8.473  -9.626 0.8888888955
77553  -20.340  -7.845  -9.526 1.0000000000
77575  -23.966  -7.007  -9.933 1.0000000000
77574  -23.111  -7.332  -10.221 0.8888888955
77554  -23.766  -7.802  -9.528 0.8888888955
74551  -18.116  -11.337  -6.496 0.5555555820
74563  -18.267  -10.662  -6.994 0.5555555820
75589  -18.478  -9.925  -7.480 0.6666666865
75608  -19.325  -9.096  -8.508 0.8888888955
76577  -20.056  -8.405  -9.185 0.8888888955
76581  -22.684  -8.030  -9.847 0.8888888955
78600  -24.195  -6.240  -10.108 1.0000000000
78597  -21.901  -6.903  -10.686 1.0000000000
78612  -22.466  -6.247  -10.987 1.0000000000
79637  -24.344  -5.424  -10.321 1.0000000000
76537  -17.887  -9.249  -7.237 0.5555555820
76548  -17.981  -8.495  -7.664 0.6666666865
76565  -18.702  -8.398  -8.324 0.8888888955
77542  -19.744  -7.739  -9.257 1.0000000000
77541  -18.697  -7.614  -8.579 0.8888888955
77552  -18.703  -6.917  -8.753 0.8888888955
135622  -19.340  -7.026  -9.194 1.0000000000
79616  -18.871  -5.606  -9.169 1.0000000000
78596  -20.975  -6.148  -10.661 1.0000000000
79635  -20.371  -5.591  -10.435 1.0000000000
78611  -21.728  -6.240  -10.917 1.0000000000
79652  -23.044  -5.565  -11.171 1.0000000000
80682  -19.737  -4.932  -10.127 1.0000000000
147221  -20.489  -4.698  -10.846 1.0000000000
138504  -24.415  -4.584  -10.584 1.0000000000
80685  -25.737  -4.176  -9.871 0.8888888955
80683  -24.537  -3.731  -10.805 1.0000000000
81726  -22.858  -3.424  -11.647 1.0000000000
139640  -22.128  -3.942  -11.615 1.0000000000
81728  -24.096  -3.137  -11.314 1.0000000000
141817  -25.967  -3.250  -10.190 0.8888888955
82685  -27.464  -2.767  -9.865 0.7777777910
141894  -18.493  -4.166  -9.257 1.0000000000
80666  -17.830  -4.178  -8.614 0.5555555820
79605  -18.224  -5.521  -8.640 0.6666666865
80668  -19.012  -4.884  -9.457 1.0000000000
80654  -17.649  -4.789  -8.307 0.5555555820
80695  -19.911  -3.845  -10.759 1.0000000000
81696  -18.027  -3.505  -8.982 0.8888888955
81710  -19.271  -3.173  -10.379 1.0000000000
82714  -21.317  -2.628  -11.763 1.0000000000
81740  -22.973  -2.706  -11.772 1.0000000000
81741  -23.432  -2.109  -11.819 1.0000000000
82716  -24.344  -1.781  -11.567 1.0000000000
83639  -26.191  -1.179  -10.969 0.8888888955
83619  -27.687  -1.382  -10.310 0.7777777910
82651  -16.611  -3.357  -7.733 0.5555555820
82668  -16.818  -2.550  -8.079 0.6666666865
82683  -17.466  -2.472  -8.725 0.6666666865
81695  -17.384  -3.550  -8.373 0.7777777910
148903  -17.637  -3.053  -8.739 0.7777777910
84517  -16.789  -1.018  -8.484 0.6666666865
83614  -18.196  -1.109  -10.023 0.8888888955
83603  -18.353  -1.938  -9.871 0.8888888955
83615  -18.821  -1.668  -10.581 0.8888888955
81709  -18.641  -3.347  -9.670 0.8888888955
82695  -18.747  -2.520  -10.119 1.0000000000
83636  -20.382  -1.709  -11.794 0.8888888955
82725  -21.188  -1.747  -12.087 1.0000000000
84576  -23.385  -0.943  -12.203 1.0000000000
84561  -25.218  -0.672  -11.541 0.8888888955
84541  -26.650  -0.577  -10.774 0.8888888955
84542  -27.491  -0.605  -10.485 0.7777777910
84544  -29.428  -0.768  -10.190 0.7777777910
153652  -31.785  -1.279  -11.610 0.5555555820
85508  -31.264  0.210  -11.047 0.6666666865
133734  -16.062  -1.218  -7.810 0.5555555820
83569  -14.122  -1.885  -7.125 0.3333333433
83570  -14.851  -2.042  -7.096 0.3333333433
141004  -15.401  -1.421  -7.361 0.4444444478
83588  -16.451  -1.887  -7.895 0.6666666865
84528  -17.107  -0.048  -9.072 0.6666666865
84559  -19.556  -0.573  -11.709 0.8888888955
133193  -22.167  -0.084  -12.501 1.0000000000
85520  -25.560  0.019  -11.354 0.7777777910
153546  -27.902  0.945  -9.976 0.7777777910
85523  -31.639  0.554  -12.109 0.5555555820
85502  -18.108  0.455  -10.548 0.8888888955
85537  -21.657  0.958  -12.538 1.0000000000
87472  -28.268  1.991  -9.817 0.7777777910
86464  -29.645  1.827  -10.467 0.7777777910
86479  -30.631  1.817  -11.444 0.6666666865
85446  -13.848  -0.360  -7.286 0.4444444478
86461  -18.295  1.243  -11.054 0.8888888955
156635  -20.958  1.314  -12.549 1.0000000000
87497  -23.069  1.940  -12.051 0.8888888955
87470  -25.531  2.261  -10.254 0.7777777910
87474  -29.729  2.640  -10.927 0.6666666865
87509  -30.693  2.279  -13.804 0.5555555820
86496  -31.238  1.718  -13.271 0.5555555820
86404  -12.576  1.476  -6.743 0.5555555820
87448  -16.418  2.155  -8.808 0.6666666865
86473  -17.927  2.055  -10.877 0.8888888955
87495  -21.486  2.373  -12.263 1.0000000000
88543  -26.210  3.237  -9.627 0.8888888955
87485  -30.035  2.906  -11.944 0.6666666865
88541  -24.341  3.382  -10.373 0.8888888955
88571  -29.650  3.469  -12.522 0.5555555820
147066  -15.724  2.241  -8.082 0.5555555820
87480  -18.145  2.842  -11.332 1.0000000000
143385  -16.736  2.849  -9.253 0.7777777910
88567  -20.402  3.392  -12.233 0.8888888955
88566  -19.707  3.578  -12.221 0.7777777910
88580  -29.648  3.336  -13.669 0.5555555820
89567  -16.944  4.199  -9.689 0.5555555820
88517  -16.592  3.363  -9.026 0.5555555820
89577  -17.535  5.147  -10.860 0.4444444478
154638  -17.544  4.376  -10.827 0.6666666865
89589  -17.947  4.689  -11.356 0.6666666865
88552  -17.824  3.733  -11.161 0.7777777910
158302  -16.280  2.777  -8.658 0.7777777910
88501  -15.370  2.535  -7.554 0.6666666865
89591  -19.773  5.113  -11.857 0.7777777910
88565  -19.014  3.644  -12.076 0.7777777910
89579  -23.319  4.353  -10.435 0.7777777910
90557  -23.028  5.130  -10.246 0.6666666865
89569  -25.526  4.930  -9.503 0.6666666865
158907  -25.010  5.261  -9.525 0.6666666865
91502  -26.140  6.432  -9.603 0.6666666865
90560  -27.752  5.629  -10.394 0.5555555820
90575  -28.233  5.327  -11.097 0.5555555820
90583  -28.083  5.907  -12.718 0.4444444478
89610  -28.745  4.455  -13.584 0.4444444478
91536  -27.702  6.636  -12.344 0.5555555820
90554  -17.690  5.829  -11.074 0.4444444478
91524  -18.030  6.266  -11.312 0.5555555820
90570  -19.419  5.832  -11.643 0.6666666865
91528  -20.468  5.808  -11.251 0.7777777910
143942  -27.035  7.715  -11.231 0.6666666865
92428  -18.751  7.292  -11.269 0.5555555820
93306  -25.454  8.446  -9.678 0.6666666865
157672  -11.953  0.823  -6.865 0.4444444478
134837  -12.367  0.411  -7.036 0.4444444478
90603  -27.014  5.908  -15.031 0.3333333433
92448  -26.091  7.692  -14.768 0.3333333433
76583  -25.426  -8.601  -8.890 0.6666666865
72449  -18.377  -13.052  -5.700 0.4444444478
71554  -19.211  -12.985  -6.297 0.5555555820
143559  -26.677  -4.701  -9.466 0.7777777910
72448  -17.709  -12.376  -5.024 0.3333333433
74550  -17.658  -10.707  -6.181 0.4444444478
82686  -28.223  -2.990  -9.756 0.6666666865
78552  -17.893  -6.883  -8.124 0.7777777910
83571  -15.627  -2.039  -7.359 0.3333333433
82667  -16.017  -2.716  -7.427 0.3333333433
85445  -12.036  -0.573  -6.991 0.4444444478
85443  -10.925  0.516  -6.066 0.3333333433
87406  -11.622  1.280  -6.486 0.3333333433
89556  -15.484  4.376  -7.435 0.3333333433
94284  -26.516  9.114  -13.040 0.6666666865
93343  -26.158  8.998  -13.913 0.4444444478
71574  -24.723  -14.059  -8.183 0.4444444478
159576  -25.956  -13.884  -6.986 0.2222222239
71560  -20.757  -13.052  -6.988 0.4444444478
156647  -21.265  -13.380  -7.084 0.4444444478
72500  -21.827  -12.408  -7.736 0.4444444478
72501  -23.649  -12.744  -7.963 0.4444444478
72503  -25.518  -12.677  -9.030 0.4444444478
72511  -27.044  -12.721  -9.844 0.2222222239
141280  -22.708  -11.437  -8.240 0.4444444478
135781  -23.440  -11.071  -8.357 0.4444444478
73571  -24.589  -11.659  -8.546 0.4444444478
158707  -27.494  -12.335  -9.988 0.1111111119
73573  -28.446  -11.623  -8.632 0.1111111119
74596  -25.279  -11.029  -8.825 0.4444444478
74611  -27.006  -11.412  -10.253 0.3333333433
74593  -22.266  -10.652  -8.554 0.4444444478
74595  -24.233  -10.645  -8.514 0.4444444478
74610  -26.216  -11.199  -9.477 0.3333333433
75630  -26.582  -10.406  -9.631 0.3333333433
73583  -27.996  -11.891  -10.023 0.2222222239
75611  -24.760  -10.043  -8.631 0.4444444478
145970  -25.716  -10.197  -8.952 0.3333333433
156545  -22.596  -9.949  -8.804 0.5555555820
75610  -23.920  -9.939  -8.598 0.4444444478
75631  -27.967  -10.035  -10.629 0.2222222239
75632  -28.979  -10.233  -10.968 0.1111111119
157772  -30.285  -9.288  -11.452 0.1111111119
140099  -26.986  -9.621  -9.763 0.3333333433
76585  -27.451  -8.704  -9.795 0.3333333433
77556  -26.485  -7.617  -9.166 0.4444444478
78580  -26.722  -6.616  -9.247 0.5555555820
138148  -27.635  -6.375  -9.486 0.6666666865
79623  -29.390  -6.541  -10.523 0.4444444478
79620  -26.739  -5.667  -9.325 0.6666666865
79639  -30.621  -6.271  -11.775 0.3333333433
79621  -27.641  -5.344  -9.496 0.6666666865
150826  -29.215  -4.589  -10.097 0.5555555820
80670  -27.584  -4.264  -9.543 0.6666666865
151844  -29.953  -4.562  -10.613 0.5555555820
80687  -30.500  -5.117  -11.457 0.4444444478
135468  -31.128  -3.668  -11.234 0.3333333433
148905  -28.413  -4.193  -9.688 0.5555555820
82702  -31.352  -2.775  -10.983 0.4444444478
83623  -31.610  -1.903  -11.236 0.5555555820
82701  -30.781  -3.115  -10.631 0.4444444478
83640  -32.070  -2.165  -12.160 0.4444444478
93304  -23.404  8.450  -9.607 0.5555555820
141983  -23.957  9.207  -9.547 0.5555555820
94221  -25.002  9.311  -9.650 0.5555555820
94235  -25.644  9.841  -10.248 0.5555555820
94264  -26.349  9.800  -11.930 0.5555555820
95144  -26.219  10.386  -12.660 0.5555555820
71563  -23.405  -14.206  -7.510 0.4444444478
71565  -25.953  -13.711  -8.647 0.2222222239
72498  -20.420  -11.656  -7.771 0.4444444478
74612  -27.739  -11.415  -10.455 0.2222222239
77557  -28.832  -8.309  -10.553 0.4444444478
132938  -27.663  -7.541  -9.627 0.4444444478
79622  -28.572  -6.147  -9.882 0.6666666865
141810  -31.626  -3.874  -12.083 0.3333333433
85542  -32.534  -0.722  -14.199 0.4444444478
95128  -24.579  10.671  -9.810 0.5555555820
148658  -24.870  11.234  -10.110 0.5555555820
73568  -20.966  -11.174  -8.305 0.4444444478
145992  -30.613  -7.179  -11.701 0.2222222239
94283  -26.205  9.745  -13.320 0.5555555820
69617  -21.777  -15.293  -6.375 0.4444444478
69618  -22.983  -15.135  -7.057 0.4444444478
69626  -23.684  -15.355  -7.157 0.4444444478
149482  -25.091  -14.658  -7.371 0.2222222239
71546  -25.489  -14.352  -6.785 0.2222222239
135500  -25.900  -13.807  -6.045 0.1111111119
70548  -19.979  -13.925  -6.110 0.4444444478
70550  -21.367  -14.515  -6.523 0.4444444478
72485  -26.704  -13.287  -8.508 0.1111111119
73555  -28.011  -12.039  -7.797 0.1111111119
141140  -26.448  -13.348  -6.550 0.1111111119
74564  -28.990  -11.017  -7.610 0.1111111119
74598  -29.233  -10.842  -9.687 0.1111111119
75613  -30.265  -9.819  -10.443 0.1111111119
76588  -30.999  -9.386  -10.959 0.1111111119
77577  -31.485  -8.811  -11.271 0.1111111119
78601  -31.451  -7.388  -11.895 0.2222222239
80688  -31.100  -5.774  -12.365 0.1111111119
81730  -31.970  -4.766  -12.930 0.2222222239
81731  -32.148  -4.018  -13.041 0.2222222239
82718  -32.323  -3.250  -13.076 0.3333333433
84579  -32.495  -1.612  -13.620 0.4444444478
84587  -33.165  -1.957  -14.718 0.3333333433
142674  -33.294  -1.193  -15.235 0.3333333433
85541  -31.979  0.362  -13.383 0.4444444478
156512  -32.767  -0.516  -14.973 0.3333333433
88516  -15.924  2.892  -8.314 0.4444444478
87523  -30.616  2.158  -14.994 0.4444444478
89622  -28.562  4.184  -14.604 0.3333333433
93301  -20.145  9.038  -10.346 0.4444444478
141013  -25.793  9.742  -13.985 0.5555555820
94218  -21.842  9.569  -9.784 0.5555555820
94219  -22.752  10.097  -9.597 0.5555555820
95132  -25.797  10.632  -10.850 0.5555555820
145130  -25.845  11.269  -11.477 0.5555555820
96098  -25.875  11.250  -13.089 0.5555555820
95127  -23.637  10.630  -9.615 0.5555555820
71555  -19.811  -13.228  -6.479 0.4444444478
72474  -20.233  -12.744  -6.910 0.4444444478
75627  -23.243  -9.581  -8.853 0.5555555820
75629  -25.111  -9.328  -8.749 0.5555555820
77555  -25.680  -7.966  -9.003 0.6666666865
81700  -28.734  -3.650  -9.791 0.5555555820
139342  -29.946  -2.870  -10.186 0.5555555820
143959  -30.640  -2.399  -10.437 0.4444444478
85553  -32.292  0.243  -14.716 0.4444444478
90605  -28.225  4.908  -14.094 0.3333333433
72499  -20.965  -11.846  -7.903 0.4444444478
76584  -26.388  -8.623  -9.165 0.3333333433
139293  -26.085  -9.426  -9.053 0.3333333433
142183  -23.748  -13.653  -7.787 0.4444444478
71575  -25.334  -14.112  -8.320 0.4444444478
70562  -24.841  -14.542  -7.824 0.3333333433
131629  -25.336  -13.572  -8.650 0.4444444478
71564  -24.154  -14.471  -7.722 0.4444444478
71557  -25.566  -14.218  -7.819 0.3333333433
71558  -26.283  -13.652  -7.732 0.1111111119
71556  -20.406  -13.501  -6.581 0.4444444478
150711  -20.996  -13.779  -6.707 0.4444444478
72483  -21.169  -12.723  -7.417 0.4444444478
71561  -21.679  -14.016  -6.944 0.4444444478
72484  -21.970  -13.372  -7.385 0.4444444478
131722  -22.686  -12.132  -7.966 0.4444444478
71573  -22.778  -12.969  -7.650 0.4444444478
72502  -24.542  -12.651  -8.422 0.4444444478
152604  -26.019  -13.359  -9.190 0.4444444478
72510  -26.367  -12.838  -9.549 0.4444444478
158534  -25.326  -11.797  -8.900 0.4444444478
72504  -26.500  -13.153  -9.257 0.2222222239
73582  -26.719  -12.173  -9.960 0.4444444478
73572  -27.667  -12.385  -9.146 0.1111111119
138955  -27.337  -12.069  -10.241 0.2222222239
74597  -28.688  -11.362  -9.830 0.1111111119
138943  -28.512  -11.529  -7.469 0.1111111119
143058  -27.447  -10.701  -10.398 0.3333333433
74614  -28.830  -10.927  -10.578 0.2222222239
149308  -28.534  -9.343  -10.754 0.2222222239
76586  -29.648  -9.462  -11.240 0.1111111119
133827  -29.790  -9.899  -11.046 0.1111111119
77558  -30.072  -8.647  -11.475 0.1111111119
78581  -28.376  -7.075  -9.884 0.4444444478
79638  -29.979  -6.396  -11.062 0.3333333433
78582  -29.213  -7.320  -10.508 0.4444444478
78583  -30.104  -7.458  -11.360 0.3333333433
80686  -29.925  -5.409  -10.797 0.4444444478
80672  -29.255  -5.645  -10.275 0.5555555820
81712  -29.571  -3.764  -10.197 0.5555555820
81714  -31.205  -4.750  -12.076 0.3333333433
83641  -32.425  -2.445  -13.271 0.4444444478
94234  -24.991  10.102  -9.838 0.5555555820
153732  -23.531  9.829  -9.567 0.5555555820
95135  -26.136  10.525  -11.673 0.5555555820
70559  -22.643  -14.304  -7.199 0.4444444478
70561  -24.203  -15.006  -7.467 0.4444444478
75633  -29.472  -10.367  -10.555 0.1111111119
96078  -24.212  11.367  -9.828 0.5555555820
77576  -31.104  -8.314  -11.716 0.2222222239
148825  -22.579  -15.552  -6.637 0.4444444478
70551  -22.155  -14.788  -6.761 0.4444444478
69627  -24.111  -15.363  -7.145 0.4444444478
70553  -24.935  -14.898  -6.672 0.2222222239
70552  -24.546  -14.988  -7.277 0.4444444478
70549  -20.668  -14.334  -6.245 0.4444444478
72486  -27.376  -12.692  -8.131 0.1111111119
72475  -26.940  -12.977  -7.275 0.1111111119
74578  -28.987  -11.085  -8.795 0.1111111119
63451  -23.954  -22.261  -2.542 0.1111111119
66427  -20.225  -18.978  -3.829 0.3333333433
64523  -21.968  -20.819  -3.015 0.2222222239
63450  -22.296  -21.865  -3.179 0.2222222239
63436  -23.394  -21.478  -2.123 0.1111111119
156209  -23.430  -20.670  -1.655 0.1111111119
68513  -18.555  -16.600  -3.595 0.3333333433
67506  -19.117  -17.446  -3.684 0.3333333433
66426  -19.646  -18.224  -3.754 0.3333333433
66441  -21.560  -18.513  -4.494 0.3333333433
65493  -21.785  -18.998  -4.142 0.3333333433
65474  -22.294  -19.892  -2.710 0.2222222239
66428  -22.367  -18.661  -3.909 0.2222222239
65475  -22.991  -19.445  -2.085 0.2222222239
69586  -17.984  -15.298  -3.583 0.2222222239
143540  -18.383  -15.823  -3.778 0.2222222239
68514  -19.434  -16.685  -4.194 0.3333333433
67517  -19.923  -17.480  -4.224 0.3333333433
66439  -20.428  -18.197  -4.264 0.3333333433
66415  -22.631  -18.958  -2.955 0.1111111119
70528  -18.585  -14.560  -4.771 0.2222222239
69595  -18.490  -15.258  -4.235 0.3333333433
68526  -19.731  -15.923  -4.748 0.3333333433
69606  -19.929  -15.202  -5.361 0.3333333433
68541  -20.417  -15.858  -5.287 0.3333333433
68543  -21.808  -16.795  -5.615 0.3333333433
68542  -20.978  -16.372  -5.396 0.3333333433
150925  -22.358  -17.288  -5.456 0.3333333433
68544  -22.643  -16.766  -5.944 0.3333333433
67519  -23.229  -17.507  -4.431 0.3333333433
67507  -23.637  -17.424  -3.546 0.2222222239
71539  -17.972  -13.891  -4.563 0.2222222239
70537  -18.576  -13.862  -5.307 0.3333333433
70538  -19.414  -14.406  -5.453 0.3333333433
152805  -20.163  -14.584  -5.807 0.3333333433
156195  -20.860  -15.776  -5.582 0.3333333433
69616  -21.153  -14.986  -6.147 0.3333333433
68557  -22.210  -16.103  -6.208 0.3333333433
67533  -23.001  -17.234  -5.412 0.3333333433
68528  -23.652  -16.827  -4.973 0.1111111119
71538  -17.830  -13.105  -4.766 0.3333333433
156704  -18.123  -13.534  -5.145 0.3333333433
68558  -23.059  -16.177  -6.485 0.3333333433
151336  -23.242  -15.641  -6.842 0.3333333433
69619  -23.720  -15.750  -6.733 0.3333333433
82729  -32.831  -3.446  -13.860 0.2222222239
83667  -33.825  -2.753  -14.884 0.2222222239
82741  -34.188  -2.750  -14.757 0.2222222239
86522  -31.720  1.139  -15.076 0.3333333433
85562  -32.352  0.598  -15.749 0.2222222239
65482  -20.779  -19.711  -3.811 0.3333333433
65483  -21.386  -19.832  -3.685 0.3333333433
64524  -22.797  -20.589  -2.158 0.2222222239
68525  -18.969  -15.910  -4.206 0.3333333433
67530  -21.131  -17.231  -5.038 0.3333333433
67531  -21.830  -17.783  -5.072 0.3333333433
66442  -22.099  -18.366  -4.638 0.3333333433
66443  -22.648  -18.086  -4.327 0.3333333433
69596  -19.226  -15.186  -4.775 0.3333333433
153259  -19.253  -13.574  -5.909 0.3333333433
156586  -23.532  -16.123  -6.331 0.3333333433
62174  -22.226  -23.163  -3.990 0.1111111119
62175  -23.943  -23.145  -3.482 0.1111111119
66425  -18.831  -18.210  -3.249 0.3333333433
65480  -19.314  -19.075  -3.301 0.3333333433
65481  -19.962  -19.870  -3.517 0.3333333433
64533  -20.906  -20.529  -3.693 0.3333333433
64534  -21.310  -20.792  -3.544 0.3333333433
135178  -24.719  -23.454  -3.483 0.1111111119
63437  -24.387  -21.673  -1.677 0.1111111119
64511  -24.030  -20.741  -1.277 0.1111111119
147928  -24.206  -20.028  -0.952 0.1111111119
70521  -18.011  -14.633  -4.039 0.2222222239
67495  -23.754  -17.687  -2.730 0.1111111119
67508  -24.184  -17.002  -3.100 0.1111111119
68529  -24.258  -16.298  -4.531 0.1111111119
68546  -24.012  -16.299  -5.332 0.1111111119
69621  -24.727  -15.249  -5.886 0.1111111119
72436  -17.584  -12.409  -4.045 0.1111111119
83676  -33.771  -1.987  -15.337 0.2222222239
86532  -31.650  1.281  -15.987 0.2222222239
85571  -32.307  0.968  -16.342 0.2222222239
73533  -17.466  -11.640  -5.020 0.2222222239
143283  -17.644  -11.306  -5.780 0.3333333433
84607  -34.107  -0.602  -15.995 0.2222222239
62158  -24.850  -22.576  -2.450 0.1111111119
138537  -23.110  -22.618  -3.340 0.1111111119
67505  -18.342  -17.480  -3.114 0.2222222239
65491  -20.942  -18.809  -4.283 0.3333333433
67518  -20.587  -17.540  -4.598 0.3333333433
66440  -21.120  -18.028  -4.642 0.3333333433
65484  -22.035  -19.461  -3.549 0.2222222239
66416  -23.346  -18.484  -2.416 0.1111111119
66429  -23.085  -18.095  -3.467 0.1111111119
68527  -20.320  -16.726  -4.776 0.3333333433
69608  -21.353  -15.774  -5.872 0.3333333433
71525  -17.671  -13.200  -3.828 0.2222222239
69607  -20.663  -15.182  -5.762 0.3333333433
68545  -23.411  -16.541  -5.874 0.3333333433
68559  -24.052  -15.914  -6.039 0.1111111119
62195  -22.894  -23.811  -4.221 0.1111111119
146651  -21.343  -21.754  -3.671 0.2222222239
137027  -18.566  -18.811  -2.867 0.2222222239
65473  -19.291  -20.010  -3.076 0.3333333433
64532  -20.384  -20.694  -3.577 0.3333333433
68501  -17.891  -16.780  -2.876 0.2222222239
83678  -34.277  -2.214  -15.136 0.1111111119
83668  -34.486  -2.195  -14.502 0.1111111119
85543  -34.495  0.276  -12.895 0.1111111119
84588  -34.590  -1.181  -13.960 0.1111111119
85564  -34.584  0.073  -14.804 0.1111111119
86512  -34.447  1.035  -13.944 0.1111111119
85563  -33.146  -0.352  -15.684 0.1111111119
87525  -34.227  1.643  -14.420 0.1111111119
85574  -34.131  0.343  -16.030 0.1111111119
86523  -34.076  1.352  -15.534 0.1111111119
87522  -30.091  2.531  -15.408 0.2222222239
85572  -33.035  0.295  -16.267 0.1111111119
86533  -33.671  1.060  -16.327 0.1111111119
88604  -28.889  3.227  -16.041 0.1111111119
88590  -29.003  3.469  -15.176 0.2222222239
89621  -27.915  4.577  -15.058 0.1111111119
88605  -29.545  2.879  -15.727 0.1111111119
88614  -28.808  3.160  -16.769 0.1111111119
90604  -27.652  5.348  -14.603 0.1111111119
146711  -20.857  10.433  -9.870 0.4444444478
90616  -26.418  5.293  -15.976 0.1111111119
96083  -25.358  11.468  -10.704 0.4444444478
94308  -25.349  9.274  -14.705 0.3333333433
93348  -25.744  8.376  -14.728 0.2222222239
92461  -25.433  7.574  -15.490 0.1111111119
91563  -26.218  6.158  -15.556 0.1111111119
91571  -25.680  5.624  -16.418 0.1111111119
97010  -25.105  12.366  -10.868 0.4444444478
97013  -25.344  12.698  -11.439 0.4444444478
96090  -25.829  11.748  -12.258 0.4444444478
97019  -25.603  12.046  -13.050 0.4444444478
158276  -25.470  11.623  -13.514 0.4444444478
96105  -25.258  11.153  -14.054 0.4444444478
95173  -23.642  10.923  -15.284 0.4444444478
95174  -24.441  10.629  -14.869 0.2222222239
95190  -23.465  9.978  -15.586 0.2222222239
94307  -23.874  9.033  -15.689 0.2222222239
93358  -23.152  8.629  -16.669 0.2222222239
93359  -23.982  8.239  -16.258 0.2222222239
98775  -22.649  14.705  -17.632 0.1111111119
146998  -21.145  11.895  -17.828 0.1111111119
93375  -22.804  8.216  -17.994 0.1111111119
96074  -20.483  11.683  -9.768 0.4444444478
96076  -22.314  11.808  -9.686 0.4444444478
96081  -23.928  12.147  -9.986 0.3333333433
97012  -24.965  13.125  -11.100 0.4444444478
97902  -24.689  13.548  -13.580 0.4444444478
97910  -24.028  13.443  -14.465 0.4444444478
97028  -24.561  12.683  -14.153 0.4444444478
96104  -24.305  11.670  -14.667 0.4444444478
141992  -23.421  14.240  -14.756 0.3333333433
96103  -23.168  11.625  -15.424 0.3333333433
96117  -21.858  11.438  -16.303 0.1111111119
95188  -21.714  10.402  -16.763 0.1111111119
95201  -21.630  10.268  -17.144 0.1111111119
94306  -23.025  9.290  -16.292 0.2222222239
94317  -22.046  9.696  -17.220 0.1111111119
95212  -21.943  10.237  -17.462 0.1111111119
96075  -21.296  12.110  -9.681 0.2222222239
97009  -24.412  12.816  -10.464 0.3333333433
97889  -24.885  13.799  -11.553 0.3333333433
97027  -23.682  12.542  -14.918 0.4444444478
98761  -22.363  14.196  -15.504 0.2222222239
97923  -22.008  13.319  -15.807 0.2222222239
97042  -21.454  12.478  -16.289 0.2222222239
146610  -20.420  11.934  -17.157 0.1111111119
98774  -20.252  15.239  -17.202 0.1111111119
98760  -21.215  14.157  -16.307 0.1111111119
97921  -20.145  13.905  -16.970 0.1111111119
96150  -20.786  11.834  -17.663 0.1111111119
98773  -19.828  14.580  -17.681 0.1111111119
146761  -20.142  14.393  -18.269 0.1111111119
97949  -20.111  13.330  -18.115 0.1111111119
97008  -23.662  12.816  -10.116 0.3333333433
97887  -24.400  13.707  -10.865 0.3333333433
98724  -23.716  14.418  -10.718 0.3333333433
99462  -24.212  15.111  -11.742 0.3333333433
98748  -24.629  14.395  -13.039 0.3333333433
98755  -24.249  14.307  -14.011 0.3333333433
138754  -22.688  15.272  -15.286 0.2222222239
155381  -21.573  14.961  -16.154 0.2222222239
99493  -21.342  16.078  -16.515 0.1111111119
99502  -19.829  15.751  -17.984 0.1111111119
140827  -21.039  14.695  -18.411 0.1111111119
99505  -23.705  16.205  -16.873 0.1111111119
98717  -21.194  14.821  -9.275 0.1111111119
99451  -22.325  15.361  -10.174 0.1111111119
99461  -23.575  15.639  -11.423 0.2222222239
100247  -23.218  16.456  -11.800 0.2222222239
132412  -23.885  15.905  -13.186 0.3333333433
100257  -23.493  16.588  -12.748 0.2222222239
159047  -23.716  14.986  -14.374 0.3333333433
100267  -23.419  16.804  -13.708 0.2222222239
100277  -22.855  17.282  -14.795 0.1111111119
101080  -22.262  18.468  -15.362 0.1111111119
100285  -21.778  17.998  -16.295 0.1111111119
100291  -20.840  18.046  -17.612 0.1111111119
99513  -20.158  16.716  -18.062 0.1111111119
100299  -21.156  17.881  -18.335 0.1111111119
98787  -21.364  15.991  -18.370 0.1111111119
139076  -23.983  14.178  -16.756 0.1111111119
99459  -22.276  16.219  -10.258 0.1111111119
100238  -22.179  16.626  -10.096 0.1111111119
100246  -22.448  17.134  -11.450 0.1111111119
101048  -21.670  17.829  -11.423 0.1111111119
146077  -20.456  19.014  -12.545 0.1111111119
101847  -21.251  18.422  -13.037 0.1111111119
101070  -22.900  17.745  -14.170 0.2222222239
101857  -22.048  18.874  -13.885 0.1111111119
101858  -22.293  18.697  -14.599 0.1111111119
102643  -21.555  20.197  -14.167 0.1111111119
101868  -21.943  19.531  -15.986 0.1111111119
102669  -22.157  19.863  -16.401 0.1111111119
101100  -21.543  18.607  -17.579 0.1111111119
101040  -22.063  17.684  -10.356 0.1111111119
101029  -22.451  17.163  -9.682 0.1111111119
101831  -21.871  18.397  -10.736 0.1111111119
101839  -20.322  18.960  -11.994 0.1111111119
103434  -19.952  20.463  -12.006 0.1111111119
102634  -20.031  19.813  -12.169 0.1111111119
103442  -20.092  20.693  -12.325 0.1111111119
102615  -22.857  19.758  -10.551 0.1111111119
102605  -23.684  19.348  -9.924 0.1111111119
103413  -21.975  20.310  -11.197 0.1111111119
83659  -34.487  -1.760  -13.355 0.1111111119
84598  -34.512  -1.524  -15.007 0.1111111119
85554  -34.556  0.267  -13.749 0.1111111119
134342  -34.489  0.878  -13.152 0.1111111119
86542  -32.467  1.512  -16.971 0.1111111119
86543  -33.173  1.037  -16.626 0.1111111119
86541  -31.718  1.446  -16.620 0.1111111119
88603  -28.106  3.603  -16.418 0.1111111119
141600  -21.912  10.423  -9.704 0.4444444478
95175  -25.259  10.189  -14.418 0.4444444478
94296  -24.549  9.742  -15.110 0.3333333433
93360  -24.869  8.515  -15.456 0.2222222239
92460  -24.665  7.774  -16.041 0.1111111119
90624  -25.876  4.753  -16.847 0.1111111119
96086  -25.553  12.050  -11.455 0.4444444478
94318  -22.499  9.092  -17.077 0.2222222239
96116  -20.984  11.080  -17.057 0.1111111119
95200  -21.336  10.863  -17.322 0.1111111119
95213  -22.259  10.143  -17.535 0.1111111119
97950  -20.799  13.495  -18.288 0.1111111119
101058  -23.132  17.396  -13.245 0.2222222239
142271  -20.927  18.428  -11.709 0.1111111119
102642  -20.451  19.969  -12.900 0.1111111119
102657  -22.060  19.953  -15.500 0.1111111119
103425  -20.886  21.007  -11.676 0.1111111119
103414  -23.030  20.619  -10.769 0.1111111119
86481  -34.104  1.129  -11.649 0.1111111119
86531  -31.082  1.741  -16.272 0.2222222239
88591  -29.587  3.096  -14.786 0.2222222239
90617  -27.219  4.988  -15.523 0.1111111119
94216  -19.704  10.057  -10.246 0.4444444478
95126  -22.585  10.937  -9.614 0.4444444478
97016  -25.215  12.802  -13.254 0.4444444478
97895  -25.124  13.609  -12.494 0.4444444478
97043  -22.574  12.448  -15.572 0.2222222239
101028  -22.129  16.935  -9.957 0.1111111119
101832  -22.746  18.849  -10.350 0.1111111119
101830  -20.900  18.948  -11.487 0.1111111119
102626  -20.827  19.992  -11.572 0.1111111119
85524  -34.027  0.494  -11.181 0.1111111119
82740  -33.979  -3.331  -14.343 0.1111111119
82731  -34.379  -2.886  -14.037 0.1111111119
85525  -34.291  0.161  -12.010 0.1111111119
156386  -33.543  2.462  -10.071 0.1111111119
138210  -33.869  1.163  -10.804 0.1111111119
133340  -33.841  2.586  -12.167 0.1111111119
87511  -34.254  1.819  -13.568 0.1111111119
88573  -33.655  2.998  -13.009 0.1111111119
87524  -33.852  2.243  -14.754 0.1111111119
87549  -32.573  2.139  -17.175 0.1111111119
87537  -33.004  2.431  -16.573 0.1111111119
87538  -33.603  2.085  -15.935 0.1111111119
86548  -31.543  1.832  -17.192 0.1111111119
87562  -31.189  2.936  -18.009 0.1111111119
147898  -28.758  3.286  -17.375 0.1111111119
94217  -20.771  9.556  -10.051 0.4444444478
88613  -27.977  3.507  -17.189 0.1111111119
89645  -27.239  3.897  -16.848 0.1111111119
91579  -25.162  6.178  -17.563 0.1111111119
90634  -25.837  4.650  -17.610 0.1111111119
149800  -19.561  11.210  -9.936 0.4444444478
95125  -21.448  11.191  -9.676 0.4444444478
92485  -24.803  7.806  -18.597 0.1111111119
93374  -22.797  8.823  -18.055 0.1111111119
97001  -20.362  12.393  -9.675 0.2222222239
97003  -22.048  12.773  -9.797 0.3333333433
97002  -21.024  12.880  -9.668 0.2222222239
97885  -22.944  14.020  -10.295 0.2222222239
96153  -23.275  10.584  -17.496 0.1111111119
98716  -20.899  14.204  -9.426 0.1111111119
99452  -23.223  15.263  -10.793 0.2222222239
97938  -23.464  13.434  -17.139 0.1111111119
97939  -24.624  13.384  -16.495 0.1111111119
98713  -20.601  14.301  -9.006 0.1111111119
98714  -21.007  14.927  -8.797 0.1111111119
100219  -21.934  15.932  -8.856 0.1111111119
101014  -22.341  16.482  -9.280 0.1111111119
98776  -23.850  15.112  -16.819 0.1111111119
100220  -22.701  16.320  -8.411 0.1111111119
100221  -23.677  16.710  -8.347 0.1111111119
101891  -22.313  19.250  -17.285 0.1111111119
101102  -23.387  17.745  -16.905 0.1111111119
101092  -24.167  17.622  -16.271 0.1111111119
140526  -23.112  17.430  -9.379 0.1111111119
101821  -23.373  18.551  -9.780 0.1111111119
104238  -20.952  22.020  -12.195 0.1111111119
104246  -23.033  22.099  -14.031 0.1111111119
103426  -22.177  21.268  -11.432 0.1111111119
87536  -30.592  2.103  -15.918 0.1111111119
91562  -25.508  6.538  -15.961 0.1111111119
84608  -34.459  -0.806  -15.434 0.1111111119
89636  -28.322  3.857  -15.558 0.2222222239
158092  -34.392  -0.147  -15.657 0.1111111119
87500  -34.064  2.230  -12.934 0.1111111119
87510  -33.969  2.358  -13.742 0.1111111119
87535  -30.114  2.434  -16.232 0.1111111119
88615  -29.537  2.782  -16.502 0.1111111119
87547  -30.206  2.421  -16.990 0.1111111119
89644  -26.401  4.222  -17.261 0.1111111119
92471  -24.911  7.085  -16.440 0.1111111119
90623  -25.421  5.301  -17.213 0.1111111119
95189  -22.685  10.669  -15.946 0.2222222239
94305  -22.384  9.832  -16.565 0.1111111119
93366  -22.816  8.416  -17.587 0.2222222239
145640  -23.660  7.378  -17.699 0.1111111119
97951  -22.053  13.569  -17.847 0.1111111119
96152  -22.389  10.905  -17.578 0.1111111119
97074  -21.527  12.589  -17.904 0.1111111119
97058  -22.842  12.504  -17.487 0.1111111119
96134  -23.263  11.506  -17.373 0.1111111119
93383  -23.261  8.262  -18.293 0.1111111119
92478  -23.706  7.186  -18.032 0.1111111119
149048  -22.504  9.087  -17.632 0.2222222239
97909  -23.102  13.358  -15.165 0.3333333433
94327  -22.424  9.500  -17.532 0.2222222239
98741  -24.691  14.466  -12.076 0.3333333433
97922  -21.043  13.307  -16.423 0.2222222239
97041  -20.325  12.709  -16.909 0.1111111119
98785  -19.810  14.965  -18.024 0.1111111119
97007  -22.952  13.200  -10.070 0.3333333433
98731  -24.364  14.448  -11.297 0.3333333433
98723  -22.135  14.467  -10.034 0.1111111119
98730  -23.901  14.998  -11.159 0.3333333433
99471  -24.322  15.152  -12.592 0.3333333433
99486  -23.494  16.021  -14.331 0.2222222239
100284  -20.966  17.343  -16.961 0.1111111119
99503  -20.194  16.867  -17.734 0.1111111119
99514  -20.693  17.028  -18.374 0.1111111119
99504  -22.631  16.035  -17.702 0.1111111119
144048  -22.567  16.979  -17.702 0.1111111119
100293  -23.046  17.373  -17.390 0.1111111119
98707  -20.613  14.357  -8.442 0.1111111119
98722  -21.562  14.727  -9.692 0.1111111119
99450  -21.924  15.542  -9.644 0.1111111119
99460  -22.758  16.233  -10.886 0.1111111119
99470  -23.881  15.817  -12.225 0.3333333433
100256  -22.845  17.231  -12.275 0.1111111119
99494  -22.374  16.679  -15.687 0.1111111119
101091  -21.586  18.954  -16.883 0.1111111119
101099  -21.064  18.123  -18.106 0.1111111119
100292  -22.004  17.873  -18.196 0.1111111119
100300  -21.514  18.266  -18.174 0.1111111119
100245  -22.261  17.039  -10.744 0.1111111119
101039  -22.080  17.531  -10.618 0.1111111119
100232  -22.077  16.073  -9.490 0.1111111119
155439  -20.927  18.193  -12.163 0.1111111119
101856  -21.132  19.326  -13.452 0.1111111119
101057  -22.067  17.850  -12.663 0.1111111119
101069  -22.531  18.139  -13.656 0.1111111119
135687  -21.981  19.618  -14.618 0.1111111119
103449  -21.914  20.895  -14.353 0.1111111119
101880  -21.899  19.424  -16.959 0.1111111119
150514  -22.479  19.734  -16.833 0.1111111119
101820  -22.663  17.956  -9.930 0.1111111119
102614  -21.843  19.320  -11.026 0.1111111119
104237  -20.284  21.276  -12.016 0.1111111119
103443  -20.742  20.876  -13.232 0.1111111119
104245  -21.460  21.702  -13.291 0.1111111119
83643  -34.301  -1.042  -12.173 0.1111111119
86498  -34.115  1.784  -12.239 0.1111111119
86540  -31.109  1.796  -16.745 0.1111111119
91569  -24.475  6.906  -17.448 0.1111111119
94328  -23.131  9.568  -17.848 0.1111111119
103450  -22.543  21.063  -15.341 0.1111111119
104228  -22.531  22.206  -11.778 0.1111111119
87475  -33.656  2.612  -10.779 0.1111111119
101015  -23.028  16.859  -9.027 0.1111111119
153251  -30.874  2.039  -17.064 0.1111111119
87555  -30.115  2.876  -17.804 0.1111111119
91578  -24.557  6.743  -17.917 0.1111111119
94329  -24.320  9.488  -18.203 0.1111111119
96135  -24.429  11.164  -16.914 0.1111111119
142838  -19.084  13.536  -8.024 0.1111111119
97059  -24.191  12.330  -16.767 0.1111111119
99444  -21.522  15.433  -9.103 0.1111111119
157258  -22.991  19.959  -16.726 0.1111111119
101101  -22.295  18.427  -17.720 0.1111111119
105079  -22.150  22.417  -12.615 0.1111111119
104249  -22.543  21.522  -14.661 0.1111111119
64531  -19.731  -20.780  -3.294 0.2222222239
79594  -16.829  -5.372  -7.332 0.2222222239
80644  -16.257  -4.137  -7.203 0.2222222239
79604  -17.512  -5.395  -8.039 0.4444444478
80645  -16.977  -4.698  -7.593 0.3333333433
147269  -19.105  9.391  -10.523 0.3333333433
94215  -17.928  9.941  -10.427 0.2222222239
96072  -17.903  11.518  -9.595 0.1111111119
96073  -18.738  12.134  -9.521 0.1111111119
88478  -14.912  4.032  -6.820 0.1111111119
77531  -17.336  -7.227  -7.443 0.2222222239
136703  -14.465  4.483  -6.214 0.1111111119
91499  -16.486  6.909  -9.332 0.1111111119
92392  -16.441  7.614  -9.197 0.1111111119
95118  -16.024  11.005  -9.950 0.1111111119
95119  -16.514  11.653  -9.081 0.1111111119
96070  -17.530  12.387  -8.969 0.1111111119
97000  -19.483  12.602  -9.476 0.1111111119
94233  -17.287  9.418  -10.623 0.2222222239
75564  -17.315  -10.216  -6.035 0.2222222239
153758  -17.413  -7.872  -7.263 0.2222222239
84484  -13.683  -1.505  -7.208 0.2222222239
84483  -12.151  -1.625  -6.649 0.3333333433
155766  -18.834  10.009  -10.365 0.3333333433
95124  -18.490  10.617  -10.112 0.3333333433
78551  -17.165  -6.597  -7.434 0.2222222239
95122  -16.630  10.313  -10.431 0.1111111119
92393  -16.351  8.301  -8.976 0.1111111119
95123  -16.972  11.036  -10.164 0.1111111119
93291  -15.836  9.935  -9.991 0.1111111119
94206  -15.737  10.597  -9.787 0.1111111119
95114  -15.904  11.304  -9.332 0.1111111119
93300  -16.338  9.516  -10.431 0.1111111119
77578  -31.998  -8.076  -11.513 0.1111111119
64522  -19.195  -20.739  -2.849 0.1111111119
63462  -20.875  -22.662  -3.901 0.1111111119
65461  -17.685  -19.741  -1.680 0.1111111119
65471  -17.965  -19.079  -2.310 0.1111111119
65472  -18.702  -19.497  -2.751 0.1111111119
66414  -18.157  -18.234  -2.670 0.1111111119
67494  -17.778  -17.548  -2.438 0.1111111119
132644  -17.145  -10.131  -4.367 0.1111111119
80630  -16.371  -4.816  -7.038 0.1111111119
78563  -17.372  -6.035  -7.733 0.1111111119
86388  -11.048  1.458  -5.881 0.2222222239
87392  -10.640  2.194  -5.362 0.2222222239
88445  -10.756  3.537  -4.028 0.2222222239
65462  -18.327  -19.912  -2.241 0.1111111119
64509  -18.139  -20.452  -1.730 0.1111111119
63448  -19.556  -21.509  -3.104 0.1111111119
145559  -20.681  -21.550  -3.683 0.1111111119
66413  -17.571  -18.311  -2.035 0.1111111119
138350  -17.556  -16.835  -2.101 0.1111111119
68512  -17.950  -15.999  -3.225 0.1111111119
159155  -17.321  -11.352  -4.737 0.1111111119
75549  -16.992  -9.216  -4.301 0.1111111119
156236  -17.009  -7.448  -7.010 0.1111111119
79563  -16.495  -5.306  -6.643 0.1111111119
86375  -9.775  1.413  -3.434 0.2222222239
89476  -11.626  4.081  -4.306 0.2222222239
89494  -12.670  4.851  -4.968 0.1111111119
63463  -21.465  -22.923  -4.045 0.1111111119
63447  -19.098  -21.261  -2.457 0.1111111119
88463  -12.067  3.936  -5.349 0.2222222239
88476  -13.580  4.212  -5.930 0.1111111119
76536  -17.488  -9.422  -6.609 0.1111111119
85426  -10.556  0.155  -5.023 0.2222222239
82650  -15.706  -3.451  -6.989 0.1111111119
74539  -17.325  -10.971  -5.413 0.1111111119
69585  -17.671  -15.339  -2.834 0.1111111119
147224  -17.693  -14.638  -3.196 0.1111111119
70520  -17.713  -13.942  -3.567 0.1111111119
68500  -17.646  -16.067  -2.468 0.1111111119
63461  -20.067  -21.623  -3.487 0.1111111119
133159  -16.733  -6.039  -6.988 0.1111111119
78545  -16.819  -6.864  -6.884 0.1111111119
158762  -18.849  -20.144  -2.643 0.1111111119
64521  -18.697  -20.598  -2.295 0.1111111119
140820  -17.337  -19.015  -1.546 0.1111111119
87362  -9.907  2.149  -2.689 0.1111111119
67493  -17.424  -17.585  -1.696 0.1111111119
73495  -17.469  -11.793  -4.199 0.1111111119
74510  -17.488  -10.516  -3.700 0.1111111119
76524  -16.688  -9.043  -5.072 0.1111111119
89477  -12.431  4.566  -4.458 0.1111111119
89495  -13.538  5.306  -5.074 0.1111111119
89540  -15.863  5.234  -7.810 0.1111111119
85427  -11.026  -0.588  -5.708 0.1111111119
89516  -15.153  4.717  -6.496 0.1111111119
90532  -16.200  5.931  -8.063 0.1111111119
146714  -16.360  6.371  -8.692 0.1111111119
63449  -19.923  -22.163  -3.332 0.1111111119
64510  -23.578  -19.978  -1.420 0.1111111119
65463  -24.275  -19.364  -1.037 0.1111111119
65492  -21.304  -19.166  -4.119 0.3333333433
66405  -23.735  -18.953  -1.610 0.1111111119
67532  -22.517  -17.763  -4.978 0.3333333433
68515  -23.919  -16.874  -4.022 0.1111111119
69620  -24.342  -15.422  -6.723 0.4444444478
70560  -23.555  -14.820  -7.378 0.4444444478
71562  -22.898  -13.688  -7.466 0.4444444478
72505  -27.072  -12.986  -9.146 0.2222222239
73569  -21.745  -11.500  -8.213 0.4444444478
73570  -23.603  -11.924  -8.216 0.4444444478
73581  -25.928  -12.010  -9.356 0.4444444478
74594  -23.273  -10.285  -8.587 0.5555555820
74608  -20.998  -9.967  -8.821 0.7777777910
74609  -21.822  -9.903  -8.885 0.6666666865
74613  -28.333  -11.366  -10.501 0.2222222239
75609  -20.165  -9.667  -8.699 0.7777777910
75628  -24.068  -9.309  -8.765 0.5555555820
76587  -30.380  -9.557  -11.240 0.1111111119
76596  -21.872  -8.103  -9.891 0.8888888955
76597  -30.814  -9.197  -11.493 0.1111111119
77573  -22.117  -7.537  -10.330 0.8888888955
78595  -20.324  -6.478  -10.006 1.0000000000
78598  -22.675  -6.834  -10.668 1.0000000000
78613  -23.059  -6.258  -10.897 1.0000000000
79619  -25.851  -5.178  -9.495 1.0000000000
79634  -19.849  -5.818  -9.911 1.0000000000
79640  -32.207  -6.442  -12.320 0.1111111119
79653  -23.754  -5.063  -10.903 1.0000000000
80671  -28.488  -5.016  -9.752 0.5555555820
80698  -23.263  -4.645  -11.313 1.0000000000
81697  -26.692  -3.004  -9.986 0.8888888955
81699  -27.934  -3.526  -9.644 0.6666666865
81713  -30.467  -3.971  -10.842 0.5555555820
81723  -19.759  -2.944  -10.978 1.0000000000
81725  -21.364  -3.521  -11.564 1.0000000000
82687  -28.958  -2.927  -9.852 0.6666666865
82696  -19.307  -2.380  -10.790 1.0000000000
82699  -27.361  -2.047  -10.175 0.7777777910
82717  -31.902  -2.982  -11.977 0.4444444478
82727  -22.679  -2.178  -11.959 1.0000000000
82728  -23.950  -1.764  -11.711 1.0000000000
82739  -33.451  -3.328  -14.268 0.1111111119
83616  -19.371  -1.757  -11.148 0.8888888955
83635  -19.771  -1.390  -11.598 0.8888888955
83638  -25.562  -1.466  -11.164 0.8888888955
83653  -22.185  -1.580  -12.223 1.0000000000
83655  -23.695  -1.419  -11.909 1.0000000000
83657  -32.978  -2.784  -14.296 0.4444444478
83677  -34.080  -2.130  -15.339 0.2222222239
84543  -28.420  -0.690  -10.272 0.7777777910
84546  -31.330  -0.792  -10.873 0.6666666865
84562  -25.903  -0.591  -11.173 0.8888888955
84563  -32.118  -1.353  -12.446 0.4444444478
84572  -20.023  0.037  -12.214 0.8888888955
84577  -23.987  -0.852  -12.004 1.0000000000
84580  -34.497  -0.608  -12.915 0.1111111119
84596  -33.919  -1.277  -15.819 0.1111111119
84597  -34.195  -1.509  -15.530 0.2222222239
84606  -33.703  -0.386  -16.131 0.2222222239
85425  -10.132  0.822  -4.252 0.2222222239
85494  -17.037  0.819  -9.247 0.7777777910
85503  -25.861  0.711  -10.815 0.8888888955
85504  -27.197  0.066  -10.414 0.7777777910
85506  -29.619  0.886  -10.263 0.7777777910
85517  -18.629  0.479  -11.217 0.8888888955
85538  -22.721  0.572  -12.451 1.0000000000
85573  -33.594  0.317  -16.293 0.1111111119
85580  -32.881  0.867  -16.636 0.2222222239
86387  -10.446  1.087  -5.353 0.2222222239
86460  -17.706  1.305  -10.396 0.8888888955
86463  -28.892  1.459  -10.047 0.7777777910
86465  -30.148  2.052  -10.936 0.6666666865
86466  -33.697  1.878  -10.400 0.1111111119
86475  -18.936  1.171  -11.708 0.8888888955
86476  -23.906  1.764  -12.183 0.8888888955
86482  -34.341  1.000  -12.442 0.1111111119
86491  -20.363  1.743  -12.457 1.0000000000
86494  -23.356  1.178  -12.358 0.8888888955
86499  -34.340  1.519  -13.009 0.1111111119
86521  -31.114  1.707  -15.536 0.4444444478
86524  -34.393  0.723  -15.126 0.1111111119
87375  -9.913  2.223  -3.813 0.1111111119
87376  -10.367  2.740  -4.493 0.2222222239
87391  -10.089  1.731  -4.571 0.2222222239
87459  -16.959  2.136  -9.488 0.8888888955
87466  -17.192  2.885  -9.940 0.7777777910
87471  -26.680  2.440  -9.735 0.7777777910
87473  -29.090  2.346  -10.193 0.7777777910
87481  -18.769  2.851  -11.909 1.0000000000
87487  -33.886  2.014  -11.358 0.1111111119
87492  -19.339  2.969  -12.236 1.0000000000
87496  -22.242  2.156  -12.106 1.0000000000
87546  -29.450  2.887  -17.191 0.1111111119
87548  -30.655  2.095  -16.549 0.1111111119
87550  -33.172  1.691  -16.744 0.1111111119
87556  -30.839  2.478  -17.645 0.1111111119
87558  -32.070  2.046  -17.429 0.1111111119
88429  -10.236  2.825  -3.611 0.1111111119
88462  -11.168  3.488  -5.014 0.2222222239
88464  -12.828  4.491  -5.427 0.1111111119
88531  -26.880  4.194  -9.555 0.7777777910
88538  -17.375  3.682  -10.426 0.7777777910
88540  -23.609  3.569  -10.689 0.8888888955
88553  -18.403  3.597  -11.645 0.7777777910
88568  -21.120  3.141  -12.105 0.8888888955
88579  -29.138  3.775  -14.153 0.4444444478
88623  -29.343  3.364  -17.864 0.1111111119
88624  -30.736  3.081  -18.136 0.1111111119
89462  -11.291  3.757  -3.540 0.2222222239
89493  -12.004  4.318  -4.865 0.1111111119
89568  -24.602  4.773  -9.646 0.6666666865
89570  -26.450  4.818  -9.534 0.6666666865
89594  -21.962  4.099  -11.152 0.7777777910
89601  -19.411  4.422  -12.001 0.7777777910
89635  -27.553  4.190  -15.982 0.1111111119
89654  -27.199  3.940  -17.578 0.1111111119
90545  -24.479  5.471  -9.576 0.6666666865
90553  -17.429  5.546  -10.683 0.4444444478
90559  -27.271  5.898  -9.928 0.5555555820
90568  -17.969  5.580  -11.372 0.5555555820
90573  -21.544  4.852  -10.947 0.7777777910
90625  -26.724  4.495  -16.441 0.1111111119
91500  -23.770  6.686  -9.644 0.6666666865
91513  -20.754  6.337  -10.712 0.6666666865
91525  -18.415  6.789  -11.317 0.5555555820
91529  -27.205  7.007  -10.677 0.6666666865
91549  -27.116  6.615  -14.293 0.5555555820
91550  -27.494  6.040  -14.227 0.4444444478
91570  -25.151  6.193  -16.847 0.1111111119
91586  -24.466  7.026  -18.191 0.1111111119
92402  -16.628  7.444  -9.886 0.4444444478
92407  -24.988  7.679  -9.558 0.6666666865
92416  -19.059  7.825  -11.098 0.5555555820
92430  -27.392  7.264  -11.888 0.6666666865
92438  -27.102  7.934  -12.216 0.5555555820
92462  -26.135  7.011  -15.192 0.3333333433
92469  -23.398  7.944  -17.193 0.1111111119
92470  -24.175  7.544  -16.838 0.1111111119
92477  -23.102  7.684  -17.958 0.1111111119
92483  -23.163  7.665  -18.054 0.1111111119
92484  -23.771  7.617  -18.302 0.1111111119
93315  -17.731  8.555  -10.789 0.3333333433
93320  -26.542  8.415  -10.784 0.6666666865
93344  -26.631  8.430  -13.377 0.4444444478
93384  -24.205  8.502  -18.661 0.1111111119
94214  -16.033  10.191  -10.209 0.1111111119
94220  -24.302  9.959  -9.646 0.5555555820
94232  -16.530  9.724  -10.577 0.1111111119
94247  -26.143  9.868  -11.059 0.5555555820
94265  -26.555  9.137  -12.213 0.6666666865
94316  -22.006  9.888  -17.348 0.2222222239
94339  -23.643  8.990  -18.482 0.1111111119
95131  -25.254  10.673  -10.218 0.5555555820
95158  -25.817  10.428  -13.595 0.5555555820
96077  -23.316  11.540  -9.715 0.4444444478
96082  -24.686  11.909  -10.295 0.4444444478
96097  -25.114  12.017  -13.806 0.4444444478
96132  -20.400  12.117  -17.454 0.1111111119
96133  -20.714  11.634  -17.287 0.1111111119
96151  -21.547  11.027  -17.573 0.1111111119
97004  -23.063  12.375  -9.865 0.4444444478
97017  -25.532  12.639  -12.251 0.4444444478
97056  -20.126  12.632  -17.410 0.1111111119
97057  -20.762  11.793  -16.804 0.1111111119
97072  -20.272  12.589  -17.762 0.1111111119
97073  -20.640  12.566  -18.051 0.1111111119
97886  -23.745  13.512  -10.391 0.3333333433
97890  -25.266  13.213  -11.740 0.4444444478
97936  -19.958  13.190  -17.752 0.1111111119
97937  -19.891  13.491  -17.437 0.1111111119
98747  -24.153  15.130  -13.574 0.3333333433
98762  -24.658  15.454  -16.239 0.1111111119
98772  -19.846  14.000  -17.898 0.1111111119
98786  -20.173  15.755  -18.295 0.1111111119
99515  -21.670  17.122  -18.262 0.1111111119
100290  -20.603  17.581  -18.073 0.1111111119
101030  -23.600  17.981  -9.354 0.1111111119
101049  -21.830  17.651  -11.928 0.1111111119
101892  -23.192  18.641  -16.948 0.1111111119
102625  -20.131  19.788  -11.907 0.1111111119
102670  -22.794  20.301  -16.421 0.1111111119
103424  -20.156  20.569  -11.883 0.1111111119
103460  -22.281  20.430  -15.565 0.1111111119
104244  -20.453  21.428  -12.485 0.1111111119
133094  -19.087  5.227  -11.777 0.6666666865
133892  -23.391  -3.750  -11.438 1.0000000000
135574  -21.793  1.745  -12.381 0.8888888955
136961  -22.751  5.783  -10.175 0.6666666865
137837  -23.047  -0.286  -12.386 0.8888888955
138249  -19.628  6.241  -11.486 0.6666666865
138778  -17.449  -0.992  -9.274 0.6666666865
139062  -18.672  -0.900  -10.726 0.8888888955
139152  -34.608  -0.580  -14.426 0.1111111119
139545  -25.762  9.047  -9.916 0.6666666865
139757  -21.539  18.177  -11.092 0.1111111119
139783  -28.246  -10.846  -10.685 0.2222222239
139872  -17.155  4.942  -10.195 0.4444444478
141197  -21.775  -20.181  -3.273 0.2222222239
141744  -24.432  -13.365  -8.217 0.4444444478
142524  -26.232  1.529  -10.234 0.7777777910
142615  -14.527  1.630  -7.024 0.4444444478
142669  -26.954  -1.071  -10.671 0.8888888955
144065  -26.398  9.654  -12.651 0.5555555820
144895  -22.061  11.681  -17.679 0.1111111119
144899  -22.135  13.671  -9.967 0.2222222239
146547  -22.969  9.275  -9.601 0.5555555820
146772  -34.568  -0.328  -13.535 0.1111111119
148558  -22.861  14.743  -10.422 0.2222222239
151892  -26.255  7.050  -9.701 0.6666666865
152884  -21.781  9.967  -16.995 0.1111111119
153532  -26.169  -2.610  -10.422 0.7777777910
153795  -19.709  12.030  -9.784 0.1111111119
154623  -28.589  2.804  -9.960 0.7777777910
154825  -23.676  -0.425  -12.253 0.8888888955
154970  -27.867  5.995  -11.014 0.5555555820
155019  -26.059  11.062  -12.231 0.5555555820
155168  -32.325  1.197  -16.654 0.1111111119
155831  -31.167  2.115  -17.361 0.1111111119
155869  -20.816  -6.743  -10.261 1.0000000000
156012  -28.114  -8.449  -10.152 0.3333333433
156723  -20.603  11.108  -9.808 0.4444444478
157237  -25.297  -1.908  -11.144 1.0000000000
157645  -30.759  -0.106  -10.552 0.6666666865
157674  -17.298  5.117  -10.440 0.4444444478
157675  -18.166  4.113  -11.498 0.7777777910
158261  -18.496  0.078  -10.873 0.8888888955
158349  -34.133  -2.516  -15.067 0.1111111119
159201  -24.685  9.168  -15.255 0.2222222239
159649  -33.713  2.818  -11.482 0.1111111119
