#!ascii label  , from subject sub-v1s4x0050704_ses-1 vox2ras=TkReg
534
84576  -23.385  -0.943  -12.203 0.0000000000
79617  -19.391  -5.546  -9.597 0.0000000000
79621  -27.641  -5.344  -9.496 0.0000000000
156545  -22.596  -9.949  -8.804 0.0000000000
96083  -25.358  11.468  -10.704 0.0000000000
92421  -26.646  7.576  -10.171 0.0000000000
87480  -18.145  2.842  -11.332 0.0000000000
70550  -21.367  -14.515  -6.523 0.0000000000
76594  -20.921  -7.885  -9.764 0.0000000000
74577  -19.675  -10.550  -8.107 0.0000000000
94236  -26.144  9.134  -10.502 0.0000000000
153863  -21.458  6.869  -10.348 0.0000000000
83614  -18.196  -1.109  -10.023 0.0000000000
152431  -15.104  0.610  -7.351 0.0000000000
85536  -20.660  0.709  -12.491 0.0000000000
87468  -23.879  2.818  -11.041 0.0000000000
142025  -26.765  0.784  -10.277 0.0000000000
84544  -29.428  -0.768  -10.190 0.0000000000
158582  -17.174  -3.016  -8.312 0.0000000000
81724  -20.496  -3.062  -11.378 0.0000000000
82697  -25.433  -2.617  -10.787 0.0000000000
79652  -23.044  -5.565  -11.171 0.0000000000
148256  -25.275  -7.301  -9.209 0.0000000000
75630  -26.582  -10.406  -9.631 0.0000000000
89576  -17.225  4.502  -10.256 0.0000000000
89578  -22.469  4.577  -10.666 0.0000000000
90575  -28.233  5.327  -11.097 0.0000000000
72472  -18.886  -12.437  -6.456 0.0000000000
72500  -21.827  -12.408  -7.736 0.0000000000
75608  -19.325  -9.096  -8.508 0.0000000000
75589  -18.478  -9.925  -7.480 0.0000000000
92404  -21.635  7.734  -10.135 0.0000000000
92429  -19.471  6.912  -11.285 0.0000000000
83652  -20.423  -0.925  -12.126 0.0000000000
84558  -18.840  -0.306  -11.185 0.0000000000
133193  -22.167  -0.084  -12.501 0.0000000000
86495  -24.089  0.892  -12.335 0.0000000000
85519  -24.892  -0.063  -11.822 0.0000000000
144639  -28.150  0.072  -10.266 0.0000000000
147736  -25.537  -1.059  -11.317 0.0000000000
141894  -18.493  -4.166  -9.257 0.0000000000
81709  -18.641  -3.347  -9.670 0.0000000000
147221  -20.489  -4.698  -10.846 0.0000000000
148764  -22.771  -4.277  -11.527 0.0000000000
79650  -21.559  -5.469  -11.171 0.0000000000
76580  -22.109  -8.677  -9.588 0.0000000000
77574  -23.111  -7.332  -10.221 0.0000000000
76582  -24.344  -8.553  -8.976 0.0000000000
76584  -26.388  -8.623  -9.165 0.0000000000
75611  -24.760  -10.043  -8.631 0.0000000000
95126  -22.585  10.937  -9.614 0.0000000000
96076  -22.314  11.808  -9.686 0.0000000000
97012  -24.965  13.125  -11.100 0.0000000000
97902  -24.689  13.548  -13.580 0.0000000000
158276  -25.470  11.623  -13.514 0.0000000000
93319  -26.161  8.410  -10.006 0.0000000000
86452  -16.715  1.428  -9.045 0.0000000000
147066  -15.724  2.241  -8.082 0.0000000000
88552  -17.824  3.733  -11.161 0.0000000000
89591  -19.773  5.113  -11.857 0.0000000000
89603  -20.710  3.970  -11.873 0.0000000000
88544  -27.330  3.433  -9.620 0.0000000000
88530  -25.842  4.062  -9.532 0.0000000000
88545  -28.929  3.935  -10.993 0.0000000000
80669  -26.628  -3.770  -9.716 0.0000000000
82686  -28.223  -2.990  -9.756 0.0000000000
70548  -19.979  -13.925  -6.110 0.0000000000
71555  -19.811  -13.228  -6.479 0.0000000000
72482  -20.577  -12.319  -7.394 0.0000000000
156647  -21.265  -13.380  -7.084 0.0000000000
77552  -18.703  -6.917  -8.753 0.0000000000
77570  -20.002  -7.159  -9.565 0.0000000000
77542  -19.744  -7.739  -9.257 0.0000000000
75624  -20.319  -9.015  -9.019 0.0000000000
74591  -20.467  -10.215  -8.564 0.0000000000
94219  -22.752  10.097  -9.597 0.0000000000
95132  -25.797  10.632  -10.850 0.0000000000
141983  -23.957  9.207  -9.547 0.0000000000
92406  -23.883  7.575  -9.596 0.0000000000
143778  -24.539  7.020  -9.568 0.0000000000
133734  -16.062  -1.218  -7.810 0.0000000000
84528  -17.107  -0.048  -9.072 0.0000000000
85501  -17.484  0.618  -9.832 0.0000000000
86490  -19.352  2.065  -12.149 0.0000000000
88569  -21.902  2.861  -11.850 0.0000000000
87497  -23.069  1.940  -12.051 0.0000000000
86462  -24.837  1.742  -11.098 0.0000000000
87472  -28.268  1.991  -9.817 0.0000000000
140987  -30.313  1.416  -10.727 0.0000000000
68557  -22.210  -16.103  -6.208 0.0000000000
69618  -22.983  -15.135  -7.057 0.0000000000
83589  -17.180  -1.768  -8.583 0.0000000000
82712  -19.920  -2.230  -11.399 0.0000000000
82726  -21.946  -2.211  -11.972 0.0000000000
82716  -24.344  -1.781  -11.567 0.0000000000
81727  -23.477  -2.891  -11.603 0.0000000000
80683  -24.537  -3.731  -10.805 0.0000000000
80684  -25.046  -4.882  -9.977 0.0000000000
78597  -21.901  -6.903  -10.686 0.0000000000
78600  -24.195  -6.240  -10.108 0.0000000000
78580  -26.722  -6.616  -9.247 0.0000000000
132938  -27.663  -7.541  -9.627 0.0000000000
75631  -27.967  -10.035  -10.629 0.0000000000
95144  -26.219  10.386  -12.660 0.0000000000
90570  -19.419  5.832  -11.643 0.0000000000
90555  -21.180  5.583  -10.807 0.0000000000
90546  -25.398  5.855  -9.518 0.0000000000
88539  -22.825  3.803  -10.886 0.0000000000
89569  -25.526  4.930  -9.503 0.0000000000
91518  -27.479  6.306  -10.499 0.0000000000
83618  -26.808  -1.634  -10.543 0.0000000000
83621  -29.905  -1.712  -10.155 0.0000000000
74551  -18.116  -11.337  -6.496 0.0000000000
73554  -19.566  -11.288  -7.605 0.0000000000
141709  -20.506  -11.020  -8.203 0.0000000000
141280  -22.708  -11.437  -8.240 0.0000000000
71563  -23.405  -14.206  -7.510 0.0000000000
72501  -23.649  -12.744  -7.963 0.0000000000
73571  -24.589  -11.659  -8.546 0.0000000000
91511  -18.063  6.789  -11.207 0.0000000000
84575  -22.597  -0.908  -12.378 0.0000000000
84574  -21.507  -0.790  -12.431 0.0000000000
85540  -24.231  -0.090  -12.180 0.0000000000
84560  -24.581  -0.762  -11.821 0.0000000000
84561  -25.218  -0.672  -11.541 0.0000000000
79616  -18.871  -5.606  -9.169 0.0000000000
80667  -18.339  -4.879  -8.904 0.0000000000
80668  -19.012  -4.884  -9.457 0.0000000000
80681  -19.185  -4.061  -9.927 0.0000000000
80682  -19.737  -4.932  -10.127 0.0000000000
79649  -20.930  -5.308  -10.961 0.0000000000
79635  -20.371  -5.591  -10.435 0.0000000000
134447  -22.404  -9.356  -9.146 0.0000000000
147512  -23.206  -8.737  -9.261 0.0000000000
75627  -23.243  -9.581  -8.853 0.0000000000
75629  -25.111  -9.328  -8.749 0.0000000000
75610  -23.920  -9.939  -8.598 0.0000000000
96078  -24.212  11.367  -9.828 0.0000000000
96081  -23.928  12.147  -9.986 0.0000000000
97010  -25.105  12.366  -10.868 0.0000000000
97013  -25.344  12.698  -11.439 0.0000000000
97019  -25.603  12.046  -13.050 0.0000000000
96090  -25.829  11.748  -12.258 0.0000000000
93327  -26.770  8.501  -11.718 0.0000000000
143942  -27.035  7.715  -11.231 0.0000000000
158002  -27.319  7.162  -11.285 0.0000000000
87460  -17.414  2.098  -10.198 0.0000000000
87448  -16.418  2.155  -8.808 0.0000000000
87467  -17.615  2.872  -10.678 0.0000000000
143385  -16.736  2.849  -9.253 0.0000000000
88565  -19.014  3.644  -12.076 0.0000000000
88566  -19.707  3.578  -12.221 0.0000000000
88546  -29.101  3.173  -10.519 0.0000000000
140444  -28.383  3.612  -10.042 0.0000000000
80670  -27.584  -4.264  -9.543 0.0000000000
148905  -28.413  -4.193  -9.688 0.0000000000
69616  -21.153  -14.986  -6.147 0.0000000000
152805  -20.163  -14.584  -5.807 0.0000000000
70549  -20.668  -14.334  -6.245 0.0000000000
71556  -20.406  -13.501  -6.581 0.0000000000
71560  -20.757  -13.052  -6.988 0.0000000000
150711  -20.996  -13.779  -6.707 0.0000000000
77541  -18.697  -7.614  -8.579 0.0000000000
157364  -19.216  -7.526  -8.978 0.0000000000
75590  -19.206  -9.869  -8.130 0.0000000000
75623  -19.877  -9.037  -8.829 0.0000000000
144121  -19.768  -9.785  -8.510 0.0000000000
74607  -20.514  -9.571  -8.840 0.0000000000
74590  -20.117  -10.413  -8.375 0.0000000000
94218  -21.842  9.569  -9.784 0.0000000000
153732  -23.531  9.829  -9.567 0.0000000000
93303  -22.320  8.569  -9.780 0.0000000000
92418  -20.676  7.187  -10.535 0.0000000000
92405  -22.796  7.721  -9.775 0.0000000000
92419  -22.344  6.997  -10.061 0.0000000000
92420  -23.144  7.068  -9.752 0.0000000000
84517  -16.789  -1.018  -8.484 0.0000000000
84539  -17.765  -0.235  -9.908 0.0000000000
85518  -19.269  0.294  -11.737 0.0000000000
85502  -18.108  0.455  -10.548 0.0000000000
85535  -19.723  0.990  -12.224 0.0000000000
86461  -18.295  1.243  -11.054 0.0000000000
86492  -21.168  1.793  -12.488 0.0000000000
156635  -20.958  1.314  -12.549 0.0000000000
86478  -25.096  0.813  -11.457 0.0000000000
86477  -24.461  1.384  -11.951 0.0000000000
159518  -25.466  1.390  -10.769 0.0000000000
143510  -27.249  1.702  -9.813 0.0000000000
86464  -29.645  1.827  -10.467 0.0000000000
153546  -27.902  0.945  -9.976 0.0000000000
141911  -29.083  0.041  -10.127 0.0000000000
84545  -30.446  -0.804  -10.372 0.0000000000
68544  -22.643  -16.766  -5.944 0.0000000000
82668  -16.818  -2.550  -8.079 0.0000000000
83588  -16.451  -1.887  -7.895 0.0000000000
82683  -17.466  -2.472  -8.725 0.0000000000
81710  -19.271  -3.173  -10.379 0.0000000000
82695  -18.747  -2.520  -10.119 0.0000000000
82713  -20.655  -2.273  -11.697 0.0000000000
82714  -21.317  -2.628  -11.763 0.0000000000
81740  -22.973  -2.706  -11.772 0.0000000000
81739  -22.217  -2.948  -11.785 0.0000000000
157623  -22.720  -5.002  -11.403 0.0000000000
80699  -23.885  -4.141  -11.087 0.0000000000
138504  -24.415  -4.584  -10.584 0.0000000000
156862  -24.971  -4.151  -10.324 0.0000000000
79637  -24.344  -5.424  -10.321 0.0000000000
77571  -20.725  -7.235  -9.937 0.0000000000
136553  -21.242  -6.838  -10.463 0.0000000000
77572  -21.358  -7.405  -10.209 0.0000000000
149895  -24.491  -7.317  -9.479 0.0000000000
77575  -23.966  -7.007  -9.933 0.0000000000
78578  -24.744  -6.698  -9.592 0.0000000000
79618  -25.074  -5.831  -9.638 0.0000000000
78579  -25.677  -6.641  -9.267 0.0000000000
77556  -26.485  -7.617  -9.166 0.0000000000
140099  -26.986  -9.621  -9.763 0.0000000000
143058  -27.447  -10.701  -10.398 0.0000000000
94235  -25.644  9.841  -10.248 0.0000000000
95135  -26.136  10.525  -11.673 0.0000000000
94264  -26.349  9.800  -11.930 0.0000000000
85460  -14.405  0.194  -7.215 0.0000000000
89567  -16.944  4.199  -9.689 0.0000000000
89577  -17.535  5.147  -10.860 0.0000000000
90569  -18.632  5.977  -11.529 0.0000000000
140012  -18.443  5.233  -11.588 0.0000000000
89592  -20.357  4.836  -11.751 0.0000000000
90572  -20.716  5.222  -11.387 0.0000000000
90556  -22.140  5.336  -10.508 0.0000000000
91516  -23.588  5.793  -9.747 0.0000000000
90557  -23.028  5.130  -10.246 0.0000000000
87482  -22.752  2.636  -11.712 0.0000000000
88555  -22.378  3.346  -11.404 0.0000000000
88556  -23.217  3.091  -11.264 0.0000000000
90561  -27.967  5.010  -10.268 0.0000000000
89581  -24.877  4.055  -9.756 0.0000000000
145697  -27.315  5.116  -9.785 0.0000000000
90547  -26.495  5.691  -9.609 0.0000000000
90560  -27.752  5.629  -10.394 0.0000000000
90584  -28.496  5.335  -12.103 0.0000000000
81729  -24.672  -2.278  -11.303 0.0000000000
83617  -26.020  -1.942  -10.794 0.0000000000
82698  -26.743  -2.315  -10.293 0.0000000000
139539  -29.125  -2.207  -9.958 0.0000000000
73542  -18.649  -11.837  -6.662 0.0000000000
73553  -18.856  -11.301  -7.128 0.0000000000
73543  -19.356  -11.906  -7.017 0.0000000000
72498  -20.420  -11.656  -7.771 0.0000000000
72499  -20.965  -11.846  -7.903 0.0000000000
73568  -20.966  -11.174  -8.305 0.0000000000
131722  -22.686  -12.132  -7.966 0.0000000000
70559  -22.643  -14.304  -7.199 0.0000000000
72502  -24.542  -12.651  -8.422 0.0000000000
76565  -18.702  -8.398  -8.324 0.0000000000
75607  -18.616  -9.175  -7.960 0.0000000000
74576  -19.048  -10.615  -7.631 0.0000000000
93318  -20.495  8.086  -10.423 0.0000000000
92417  -19.831  7.518  -10.871 0.0000000000
91512  -20.088  6.819  -10.988 0.0000000000
83634  -19.145  -1.104  -11.192 0.0000000000
84540  -18.355  -0.330  -10.548 0.0000000000
84559  -19.556  -0.573  -11.709 0.0000000000
84573  -20.761  -0.183  -12.419 0.0000000000
135257  -21.342  0.114  -12.520 0.0000000000
85537  -21.657  0.958  -12.538 0.0000000000
85539  -23.557  0.293  -12.388 0.0000000000
134563  -24.573  0.581  -12.054 0.0000000000
85520  -25.560  0.019  -11.354 0.0000000000
85521  -26.316  0.025  -10.843 0.0000000000
84541  -26.650  -0.577  -10.774 0.0000000000
84542  -27.491  -0.605  -10.485 0.0000000000
80666  -17.830  -4.178  -8.614 0.0000000000
81695  -17.384  -3.550  -8.373 0.0000000000
148903  -17.637  -3.053  -8.739 0.0000000000
81696  -18.027  -3.505  -8.982 0.0000000000
80695  -19.911  -3.845  -10.759 0.0000000000
147060  -20.692  -3.947  -11.247 0.0000000000
139640  -22.128  -3.942  -11.615 0.0000000000
80696  -21.320  -4.550  -11.355 0.0000000000
80697  -22.146  -4.830  -11.470 0.0000000000
79651  -22.297  -5.583  -11.261 0.0000000000
76579  -21.240  -8.473  -9.626 0.0000000000
76595  -21.458  -7.852  -9.929 0.0000000000
76581  -22.684  -8.030  -9.847 0.0000000000
77554  -23.766  -7.802  -9.528 0.0000000000
136685  -24.790  -7.874  -9.109 0.0000000000
77555  -25.680  -7.966  -9.003 0.0000000000
76583  -25.426  -8.601  -8.890 0.0000000000
139293  -26.085  -9.426  -9.053 0.0000000000
145970  -25.716  -10.197  -8.952 0.0000000000
95125  -21.448  11.191  -9.676 0.0000000000
97895  -25.124  13.609  -12.494 0.0000000000
96104  -24.305  11.670  -14.667 0.0000000000
94248  -26.431  9.150  -11.347 0.0000000000
87425  -15.053  1.974  -7.303 0.0000000000
158302  -16.280  2.777  -8.658 0.0000000000
88529  -17.004  3.625  -9.708 0.0000000000
154638  -17.544  4.376  -10.827 0.0000000000
89589  -17.947  4.689  -11.356 0.0000000000
89590  -18.634  4.450  -11.757 0.0000000000
89602  -20.076  4.275  -12.042 0.0000000000
89593  -21.092  4.453  -11.486 0.0000000000
87469  -24.610  2.570  -10.680 0.0000000000
88542  -25.165  3.211  -9.932 0.0000000000
88543  -26.210  3.237  -9.627 0.0000000000
89582  -27.799  4.347  -9.858 0.0000000000
89583  -28.401  4.501  -10.587 0.0000000000
141817  -25.967  -3.250  -10.190 0.0000000000
82685  -27.464  -2.767  -9.865 0.0000000000
81698  -27.250  -3.445  -9.698 0.0000000000
81700  -28.734  -3.650  -9.791 0.0000000000
153259  -19.253  -13.574  -5.909 0.0000000000
72473  -19.640  -12.551  -6.777 0.0000000000
72474  -20.233  -12.744  -6.910 0.0000000000
72483  -21.169  -12.723  -7.417 0.0000000000
78576  -18.801  -6.279  -8.961 0.0000000000
78577  -19.500  -6.324  -9.483 0.0000000000
135622  -19.340  -7.026  -9.194 0.0000000000
77553  -20.340  -7.845  -9.526 0.0000000000
76566  -19.416  -8.268  -8.866 0.0000000000
76577  -20.056  -8.405  -9.185 0.0000000000
76578  -20.583  -8.456  -9.409 0.0000000000
75625  -20.792  -9.103  -9.197 0.0000000000
75626  -21.494  -9.243  -9.257 0.0000000000
157305  -21.522  -10.317  -8.710 0.0000000000
146711  -20.857  10.433  -9.870 0.0000000000
141600  -21.912  10.423  -9.704 0.0000000000
95127  -23.637  10.630  -9.615 0.0000000000
148658  -24.870  11.234  -10.110 0.0000000000
95128  -24.579  10.671  -9.810 0.0000000000
94234  -24.991  10.102  -9.838 0.0000000000
94221  -25.002  9.311  -9.650 0.0000000000
93304  -23.404  8.450  -9.607 0.0000000000
93305  -24.468  8.437  -9.546 0.0000000000
93306  -25.454  8.446  -9.678 0.0000000000
92408  -25.895  7.688  -9.687 0.0000000000
146597  -25.422  6.864  -9.561 0.0000000000
85477  -15.747  0.412  -7.882 0.0000000000
85493  -16.505  0.625  -8.672 0.0000000000
86453  -17.236  1.404  -9.688 0.0000000000
86473  -17.927  2.055  -10.877 0.0000000000
86474  -18.545  2.027  -11.536 0.0000000000
87493  -19.983  2.730  -12.405 0.0000000000
87494  -20.762  2.547  -12.391 0.0000000000
87495  -21.486  2.373  -12.263 0.0000000000
87483  -23.594  2.435  -11.728 0.0000000000
86493  -22.481  1.431  -12.345 0.0000000000
87484  -24.215  2.165  -11.628 0.0000000000
87470  -25.531  2.261  -10.254 0.0000000000
154349  -27.770  2.677  -9.696 0.0000000000
87474  -29.729  2.640  -10.927 0.0000000000
87486  -30.262  2.376  -11.482 0.0000000000
86479  -30.631  1.817  -11.444 0.0000000000
85505  -28.747  0.691  -10.072 0.0000000000
79622  -28.572  -6.147  -9.882 0.0000000000
69617  -21.777  -15.293  -6.375 0.0000000000
70551  -22.155  -14.788  -6.761 0.0000000000
83602  -17.779  -1.814  -9.332 0.0000000000
82684  -18.103  -2.658  -9.352 0.0000000000
83603  -18.353  -1.938  -9.871 0.0000000000
83615  -18.821  -1.668  -10.581 0.0000000000
83636  -20.382  -1.709  -11.794 0.0000000000
82725  -21.188  -1.747  -12.087 0.0000000000
83654  -23.044  -1.541  -12.126 0.0000000000
83656  -24.246  -1.319  -11.735 0.0000000000
81741  -23.432  -2.109  -11.819 0.0000000000
82715  -24.000  -2.303  -11.583 0.0000000000
81711  -24.775  -3.021  -10.975 0.0000000000
81726  -22.858  -3.424  -11.647 0.0000000000
81728  -24.096  -3.137  -11.314 0.0000000000
138767  -25.224  -3.472  -10.495 0.0000000000
80685  -25.737  -4.176  -9.871 0.0000000000
143559  -26.677  -4.701  -9.466 0.0000000000
78596  -20.975  -6.148  -10.661 0.0000000000
78611  -21.728  -6.240  -10.917 0.0000000000
78612  -22.466  -6.247  -10.987 0.0000000000
78599  -23.440  -6.606  -10.466 0.0000000000
79636  -23.627  -5.872  -10.674 0.0000000000
134475  -25.988  -5.957  -9.301 0.0000000000
79620  -26.739  -5.667  -9.325 0.0000000000
138148  -27.635  -6.375  -9.486 0.0000000000
78581  -28.376  -7.075  -9.884 0.0000000000
76585  -27.451  -8.704  -9.795 0.0000000000
145130  -25.845  11.269  -11.477 0.0000000000
96098  -25.875  11.250  -13.089 0.0000000000
94283  -26.205  9.745  -13.320 0.0000000000
91524  -18.030  6.266  -11.312 0.0000000000
91526  -19.072  6.531  -11.474 0.0000000000
91527  -20.042  6.293  -11.346 0.0000000000
90571  -20.054  5.669  -11.638 0.0000000000
91528  -20.468  5.808  -11.251 0.0000000000
91514  -21.933  6.175  -10.343 0.0000000000
91515  -22.929  6.418  -9.932 0.0000000000
91501  -24.535  6.279  -9.546 0.0000000000
91502  -26.140  6.432  -9.603 0.0000000000
88567  -20.402  3.392  -12.233 0.0000000000
88554  -21.506  3.634  -11.631 0.0000000000
89579  -23.319  4.353  -10.435 0.0000000000
88541  -24.341  3.382  -10.373 0.0000000000
89580  -24.078  4.162  -10.137 0.0000000000
90558  -23.813  4.914  -9.872 0.0000000000
158907  -25.010  5.261  -9.525 0.0000000000
91517  -26.898  6.609  -9.883 0.0000000000
91530  -27.605  6.634  -11.342 0.0000000000
83637  -24.912  -1.390  -11.476 0.0000000000
83639  -26.191  -1.179  -10.969 0.0000000000
83619  -27.687  -1.382  -10.310 0.0000000000
82700  -28.188  -2.222  -9.912 0.0000000000
83620  -28.765  -1.481  -10.102 0.0000000000
74563  -18.267  -10.662  -6.994 0.0000000000
72481  -20.018  -11.951  -7.371 0.0000000000
73567  -20.069  -11.169  -7.958 0.0000000000
156835  -20.770  -10.633  -8.477 0.0000000000
74592  -21.286  -10.732  -8.534 0.0000000000
74593  -22.266  -10.652  -8.554 0.0000000000
71561  -21.679  -14.016  -6.944 0.0000000000
72484  -21.970  -13.372  -7.385 0.0000000000
71573  -22.778  -12.969  -7.650 0.0000000000
142183  -23.748  -13.653  -7.787 0.0000000000
135781  -23.440  -11.071  -8.357 0.0000000000
74595  -24.233  -10.645  -8.514 0.0000000000
74596  -25.279  -11.029  -8.825 0.0000000000
71554  -19.211  -12.985  -6.297 0.0000000000
71562  -22.898  -13.688  -7.466 0.0000000000
73569  -21.745  -11.500  -8.213 0.0000000000
73570  -23.603  -11.924  -8.216 0.0000000000
74594  -23.273  -10.285  -8.587 0.0000000000
74608  -20.998  -9.967  -8.821 0.0000000000
74609  -21.822  -9.903  -8.885 0.0000000000
75609  -20.165  -9.667  -8.699 0.0000000000
75628  -24.068  -9.309  -8.765 0.0000000000
76596  -21.872  -8.103  -9.891 0.0000000000
77573  -22.117  -7.537  -10.330 0.0000000000
78595  -20.324  -6.478  -10.006 0.0000000000
78598  -22.675  -6.834  -10.668 0.0000000000
78613  -23.059  -6.258  -10.897 0.0000000000
79619  -25.851  -5.178  -9.495 0.0000000000
79634  -19.849  -5.818  -9.911 0.0000000000
79653  -23.754  -5.063  -10.903 0.0000000000
80698  -23.263  -4.645  -11.313 0.0000000000
81697  -26.692  -3.004  -9.986 0.0000000000
81699  -27.934  -3.526  -9.644 0.0000000000
81723  -19.759  -2.944  -10.978 0.0000000000
81725  -21.364  -3.521  -11.564 0.0000000000
82687  -28.958  -2.927  -9.852 0.0000000000
82696  -19.307  -2.380  -10.790 0.0000000000
82699  -27.361  -2.047  -10.175 0.0000000000
82727  -22.679  -2.178  -11.959 0.0000000000
82728  -23.950  -1.764  -11.711 0.0000000000
83616  -19.371  -1.757  -11.148 0.0000000000
83635  -19.771  -1.390  -11.598 0.0000000000
83638  -25.562  -1.466  -11.164 0.0000000000
83653  -22.185  -1.580  -12.223 0.0000000000
83655  -23.695  -1.419  -11.909 0.0000000000
84543  -28.420  -0.690  -10.272 0.0000000000
84546  -31.330  -0.792  -10.873 0.0000000000
84562  -25.903  -0.591  -11.173 0.0000000000
84572  -20.023  0.037  -12.214 0.0000000000
84577  -23.987  -0.852  -12.004 0.0000000000
85494  -17.037  0.819  -9.247 0.0000000000
85503  -25.861  0.711  -10.815 0.0000000000
85504  -27.197  0.066  -10.414 0.0000000000
85506  -29.619  0.886  -10.263 0.0000000000
85517  -18.629  0.479  -11.217 0.0000000000
85538  -22.721  0.572  -12.451 0.0000000000
86441  -16.064  1.381  -8.387 0.0000000000
86460  -17.706  1.305  -10.396 0.0000000000
86463  -28.892  1.459  -10.047 0.0000000000
86465  -30.148  2.052  -10.936 0.0000000000
86475  -18.936  1.171  -11.708 0.0000000000
86476  -23.906  1.764  -12.183 0.0000000000
86491  -20.363  1.743  -12.457 0.0000000000
86494  -23.356  1.178  -12.358 0.0000000000
87459  -16.959  2.136  -9.488 0.0000000000
87466  -17.192  2.885  -9.940 0.0000000000
87471  -26.680  2.440  -9.735 0.0000000000
87473  -29.090  2.346  -10.193 0.0000000000
87481  -18.769  2.851  -11.909 0.0000000000
87492  -19.339  2.969  -12.236 0.0000000000
87496  -22.242  2.156  -12.106 0.0000000000
88531  -26.880  4.194  -9.555 0.0000000000
88538  -17.375  3.682  -10.426 0.0000000000
88540  -23.609  3.569  -10.689 0.0000000000
88553  -18.403  3.597  -11.645 0.0000000000
88568  -21.120  3.141  -12.105 0.0000000000
89568  -24.602  4.773  -9.646 0.0000000000
89570  -26.450  4.818  -9.534 0.0000000000
89594  -21.962  4.099  -11.152 0.0000000000
89595  -28.724  4.651  -11.556 0.0000000000
89601  -19.411  4.422  -12.001 0.0000000000
90545  -24.479  5.471  -9.576 0.0000000000
90559  -27.271  5.898  -9.928 0.0000000000
90568  -17.969  5.580  -11.372 0.0000000000
90573  -21.544  4.852  -10.947 0.0000000000
91500  -23.770  6.686  -9.644 0.0000000000
91513  -20.754  6.337  -10.712 0.0000000000
91525  -18.415  6.789  -11.317 0.0000000000
91529  -27.205  7.007  -10.677 0.0000000000
92407  -24.988  7.679  -9.558 0.0000000000
92430  -27.392  7.264  -11.888 0.0000000000
93320  -26.542  8.415  -10.784 0.0000000000
94220  -24.302  9.959  -9.646 0.0000000000
94247  -26.143  9.868  -11.059 0.0000000000
95131  -25.254  10.673  -10.218 0.0000000000
95158  -25.817  10.428  -13.595 0.0000000000
96077  -23.316  11.540  -9.715 0.0000000000
96082  -24.686  11.909  -10.295 0.0000000000
96097  -25.114  12.017  -13.806 0.0000000000
97004  -23.063  12.375  -9.865 0.0000000000
97890  -25.266  13.213  -11.740 0.0000000000
133094  -19.087  5.227  -11.777 0.0000000000
133892  -23.391  -3.750  -11.438 0.0000000000
135574  -21.793  1.745  -12.381 0.0000000000
136961  -22.751  5.783  -10.175 0.0000000000
137837  -23.047  -0.286  -12.386 0.0000000000
138249  -19.628  6.241  -11.486 0.0000000000
138778  -17.449  -0.992  -9.274 0.0000000000
139062  -18.672  -0.900  -10.726 0.0000000000
139545  -25.762  9.047  -9.916 0.0000000000
142524  -26.232  1.529  -10.234 0.0000000000
142669  -26.954  -1.071  -10.671 0.0000000000
144065  -26.398  9.654  -12.651 0.0000000000
146547  -22.969  9.275  -9.601 0.0000000000
151892  -26.255  7.050  -9.701 0.0000000000
153532  -26.169  -2.610  -10.422 0.0000000000
154623  -28.589  2.804  -9.960 0.0000000000
154825  -23.676  -0.425  -12.253 0.0000000000
155019  -26.059  11.062  -12.231 0.0000000000
155869  -20.816  -6.743  -10.261 0.0000000000
156012  -28.114  -8.449  -10.152 0.0000000000
157237  -25.297  -1.908  -11.144 0.0000000000
157674  -17.298  5.117  -10.440 0.0000000000
157675  -18.166  4.113  -11.498 0.0000000000
158261  -18.496  0.078  -10.873 0.0000000000
