#!ascii label  , from subject sub-v1s4x0050704_ses-1 vox2ras=TkReg
494
75612  -29.776  -10.207  -9.330 0.0000000000
79621  -27.641  -5.344  -9.496 0.0000000000
92421  -26.646  7.576  -10.171 0.0000000000
87485  -30.035  2.906  -11.944 0.0000000000
83667  -33.825  -2.753  -14.884 0.0000000000
81682  -34.302  -4.310  -9.274 0.0000000000
94236  -26.144  9.134  -10.502 0.0000000000
86497  -31.618  1.119  -12.900 0.0000000000
84544  -29.428  -0.768  -10.190 0.0000000000
77557  -28.832  -8.309  -10.553 0.0000000000
80688  -31.100  -5.774  -12.365 0.0000000000
78565  -32.327  -7.296  -9.425 0.0000000000
69627  -24.111  -15.363  -7.145 0.0000000000
75630  -26.582  -10.406  -9.631 0.0000000000
99486  -23.494  16.021  -14.331 0.0000000000
97909  -23.102  13.358  -15.165 0.0000000000
95173  -23.642  10.923  -15.284 0.0000000000
93348  -25.744  8.376  -14.728 0.0000000000
90603  -27.014  5.908  -15.031 0.0000000000
90575  -28.233  5.327  -11.097 0.0000000000
88604  -28.889  3.227  -16.041 0.0000000000
86541  -31.718  1.446  -16.620 0.0000000000
86523  -34.076  1.352  -15.534 0.0000000000
86481  -34.104  1.129  -11.649 0.0000000000
82701  -30.781  -3.115  -10.631 0.0000000000
82719  -33.758  -3.388  -12.326 0.0000000000
144639  -28.150  0.072  -10.266 0.0000000000
147736  -25.537  -1.059  -11.317 0.0000000000
133827  -29.790  -9.899  -11.046 0.0000000000
77577  -31.485  -8.811  -11.271 0.0000000000
76567  -30.798  -9.101  -9.517 0.0000000000
66416  -23.346  -18.484  -2.416 0.0000000000
67495  -23.754  -17.687  -2.730 0.0000000000
68529  -24.258  -16.298  -4.531 0.0000000000
76584  -26.388  -8.623  -9.165 0.0000000000
75611  -24.760  -10.043  -8.631 0.0000000000
97027  -23.682  12.542  -14.918 0.0000000000
93319  -26.161  8.410  -10.006 0.0000000000
94284  -26.516  9.114  -13.040 0.0000000000
142746  -26.982  8.026  -12.942 0.0000000000
92449  -26.638  7.292  -14.371 0.0000000000
92439  -27.299  7.349  -12.885 0.0000000000
88545  -28.929  3.935  -10.993 0.0000000000
89610  -28.745  4.455  -13.584 0.0000000000
88580  -29.648  3.336  -13.669 0.0000000000
87535  -30.114  2.434  -16.232 0.0000000000
87523  -30.616  2.158  -14.994 0.0000000000
85542  -32.534  -0.722  -14.199 0.0000000000
85563  -33.146  -0.352  -15.684 0.0000000000
84608  -34.459  -0.806  -15.434 0.0000000000
86512  -34.447  1.035  -13.944 0.0000000000
84588  -34.590  -1.181  -13.960 0.0000000000
80669  -26.628  -3.770  -9.716 0.0000000000
82686  -28.223  -2.990  -9.756 0.0000000000
150826  -29.215  -4.589  -10.097 0.0000000000
79642  -33.705  -5.403  -11.110 0.0000000000
80701  -32.699  -5.199  -12.954 0.0000000000
82703  -33.766  -3.110  -10.899 0.0000000000
83624  -33.774  -1.801  -10.325 0.0000000000
150878  -33.943  -1.791  -9.002 0.0000000000
70539  -25.361  -14.513  -5.718 0.0000000000
70562  -24.841  -14.542  -7.824 0.0000000000
159576  -25.956  -13.884  -6.986 0.0000000000
72485  -26.704  -13.287  -8.508 0.0000000000
87472  -28.268  1.991  -9.817 0.0000000000
87499  -30.661  2.274  -12.435 0.0000000000
140987  -30.313  1.416  -10.727 0.0000000000
85508  -31.264  0.210  -11.047 0.0000000000
153652  -31.785  -1.279  -11.610 0.0000000000
79622  -28.572  -6.147  -9.882 0.0000000000
80686  -29.925  -5.409  -10.797 0.0000000000
145992  -30.613  -7.179  -11.701 0.0000000000
78602  -32.256  -7.225  -11.769 0.0000000000
79606  -33.599  -5.940  -9.622 0.0000000000
69609  -24.572  -15.680  -5.055 0.0000000000
78580  -26.722  -6.616  -9.247 0.0000000000
132938  -27.663  -7.541  -9.627 0.0000000000
75631  -27.967  -10.035  -10.629 0.0000000000
74614  -28.830  -10.927  -10.578 0.0000000000
101080  -22.262  18.468  -15.362 0.0000000000
99471  -24.322  15.152  -12.592 0.0000000000
138754  -22.688  15.272  -15.286 0.0000000000
97922  -21.043  13.307  -16.423 0.0000000000
96117  -21.858  11.438  -16.303 0.0000000000
94305  -22.384  9.832  -16.565 0.0000000000
95144  -26.219  10.386  -12.660 0.0000000000
94296  -24.549  9.742  -15.110 0.0000000000
93358  -23.152  8.629  -16.669 0.0000000000
92460  -24.665  7.774  -16.041 0.0000000000
91571  -25.680  5.624  -16.418 0.0000000000
89644  -26.401  4.222  -17.261 0.0000000000
91518  -27.479  6.306  -10.499 0.0000000000
90583  -28.083  5.907  -12.718 0.0000000000
89621  -27.915  4.577  -15.058 0.0000000000
88613  -27.977  3.507  -17.189 0.0000000000
87555  -30.115  2.876  -17.804 0.0000000000
88606  -32.665  3.181  -16.100 0.0000000000
86522  -31.720  1.139  -15.076 0.0000000000
86543  -33.173  1.037  -16.626 0.0000000000
83618  -26.808  -1.634  -10.543 0.0000000000
83621  -29.905  -1.712  -10.155 0.0000000000
83640  -32.070  -2.165  -12.160 0.0000000000
81714  -31.205  -4.750  -12.076 0.0000000000
81731  -32.148  -4.018  -13.041 0.0000000000
82740  -33.979  -3.331  -14.343 0.0000000000
83643  -34.301  -1.042  -12.173 0.0000000000
85509  -33.773  0.275  -10.347 0.0000000000
73582  -26.719  -12.173  -9.960 0.0000000000
158707  -27.494  -12.335  -9.988 0.0000000000
74564  -28.990  -11.017  -7.610 0.0000000000
75633  -29.472  -10.367  -10.555 0.0000000000
75613  -30.265  -9.819  -10.443 0.0000000000
75592  -30.289  -9.509  -8.742 0.0000000000
66405  -23.735  -18.953  -1.610 0.0000000000
66417  -24.016  -18.057  -1.890 0.0000000000
93327  -26.770  8.501  -11.718 0.0000000000
143942  -27.035  7.715  -11.231 0.0000000000
158002  -27.319  7.162  -11.285 0.0000000000
88546  -29.101  3.173  -10.519 0.0000000000
140444  -28.383  3.612  -10.042 0.0000000000
88558  -29.476  3.403  -11.447 0.0000000000
88557  -29.199  4.058  -12.005 0.0000000000
88571  -29.650  3.469  -12.522 0.0000000000
87508  -30.117  2.698  -14.346 0.0000000000
87498  -30.169  2.882  -13.122 0.0000000000
84587  -33.165  -1.957  -14.718 0.0000000000
142674  -33.294  -1.193  -15.235 0.0000000000
83676  -33.771  -1.987  -15.337 0.0000000000
84598  -34.512  -1.524  -15.007 0.0000000000
83678  -34.277  -2.214  -15.136 0.0000000000
80670  -27.584  -4.264  -9.543 0.0000000000
148905  -28.413  -4.193  -9.688 0.0000000000
80673  -34.090  -4.874  -10.049 0.0000000000
134248  -33.822  -4.339  -10.890 0.0000000000
150518  -34.112  -4.249  -9.965 0.0000000000
82669  -33.882  -2.374  -9.720 0.0000000000
81701  -34.095  -3.480  -9.759 0.0000000000
82670  -34.263  -2.669  -8.871 0.0000000000
81683  -34.475  -3.578  -8.689 0.0000000000
71546  -25.489  -14.352  -6.785 0.0000000000
143510  -27.249  1.702  -9.813 0.0000000000
86464  -29.645  1.827  -10.467 0.0000000000
153546  -27.902  0.945  -9.976 0.0000000000
141911  -29.083  0.041  -10.127 0.0000000000
133640  -30.017  0.007  -10.262 0.0000000000
143101  -31.736  -0.459  -11.730 0.0000000000
84545  -30.446  -0.804  -10.372 0.0000000000
78582  -29.213  -7.320  -10.508 0.0000000000
79623  -29.390  -6.541  -10.523 0.0000000000
78583  -30.104  -7.458  -11.360 0.0000000000
77559  -32.083  -8.169  -10.656 0.0000000000
77578  -31.998  -8.076  -11.513 0.0000000000
78584  -32.668  -7.391  -10.860 0.0000000000
78585  -33.225  -6.634  -10.530 0.0000000000
78566  -32.942  -6.653  -9.543 0.0000000000
149457  -33.176  -6.079  -8.694 0.0000000000
65475  -22.991  -19.445  -2.085 0.0000000000
65474  -22.294  -19.892  -2.710 0.0000000000
69598  -25.127  -15.215  -4.375 0.0000000000
140099  -26.986  -9.621  -9.763 0.0000000000
143058  -27.447  -10.701  -10.398 0.0000000000
100267  -23.419  16.804  -13.708 0.0000000000
101070  -22.900  17.745  -14.170 0.0000000000
100277  -22.855  17.282  -14.795 0.0000000000
100285  -21.778  17.998  -16.295 0.0000000000
99494  -22.374  16.679  -15.687 0.0000000000
97910  -24.028  13.443  -14.465 0.0000000000
98755  -24.249  14.307  -14.011 0.0000000000
141992  -23.421  14.240  -14.756 0.0000000000
155381  -21.573  14.961  -16.154 0.0000000000
98761  -22.363  14.196  -15.504 0.0000000000
98760  -21.215  14.157  -16.307 0.0000000000
97923  -22.008  13.319  -15.807 0.0000000000
96104  -24.305  11.670  -14.667 0.0000000000
96103  -23.168  11.625  -15.424 0.0000000000
95189  -22.685  10.669  -15.946 0.0000000000
95188  -21.714  10.402  -16.763 0.0000000000
94264  -26.349  9.800  -11.930 0.0000000000
93343  -26.158  8.998  -13.913 0.0000000000
141013  -25.793  9.742  -13.985 0.0000000000
94308  -25.349  9.274  -14.705 0.0000000000
94307  -23.874  9.033  -15.689 0.0000000000
93360  -24.869  8.515  -15.456 0.0000000000
93359  -23.982  8.239  -16.258 0.0000000000
92461  -25.433  7.574  -15.490 0.0000000000
134516  -26.648  6.619  -14.885 0.0000000000
91562  -25.508  6.538  -15.961 0.0000000000
91563  -26.218  6.158  -15.556 0.0000000000
90624  -25.876  4.753  -16.847 0.0000000000
90616  -26.418  5.293  -15.976 0.0000000000
90561  -27.967  5.010  -10.268 0.0000000000
145697  -27.315  5.116  -9.785 0.0000000000
90560  -27.752  5.629  -10.394 0.0000000000
90574  -28.076  6.010  -11.752 0.0000000000
90584  -28.496  5.335  -12.103 0.0000000000
88590  -29.003  3.469  -15.176 0.0000000000
89622  -28.562  4.184  -14.604 0.0000000000
89636  -28.322  3.857  -15.558 0.0000000000
88603  -28.106  3.603  -16.418 0.0000000000
88614  -28.808  3.160  -16.769 0.0000000000
147898  -28.758  3.286  -17.375 0.0000000000
88615  -29.537  2.782  -16.502 0.0000000000
86540  -31.109  1.796  -16.745 0.0000000000
153251  -30.874  2.039  -17.064 0.0000000000
86548  -31.543  1.832  -17.192 0.0000000000
88626  -32.038  2.602  -17.516 0.0000000000
87549  -32.573  2.139  -17.175 0.0000000000
86480  -31.237  1.498  -12.188 0.0000000000
86496  -31.238  1.718  -13.271 0.0000000000
86511  -31.682  1.097  -13.920 0.0000000000
85574  -34.131  0.343  -16.030 0.0000000000
85572  -33.035  0.295  -16.267 0.0000000000
86533  -33.671  1.060  -16.327 0.0000000000
87538  -33.603  2.085  -15.935 0.0000000000
87524  -33.852  2.243  -14.754 0.0000000000
134342  -34.489  0.878  -13.152 0.0000000000
83617  -26.020  -1.942  -10.794 0.0000000000
139342  -29.946  -2.870  -10.186 0.0000000000
139539  -29.125  -2.207  -9.958 0.0000000000
143959  -30.640  -2.399  -10.437 0.0000000000
83623  -31.610  -1.903  -11.236 0.0000000000
82702  -31.352  -2.775  -10.983 0.0000000000
79639  -30.621  -6.271  -11.775 0.0000000000
80687  -30.500  -5.117  -11.457 0.0000000000
151502  -33.138  -4.710  -13.115 0.0000000000
155275  -32.655  -4.529  -13.263 0.0000000000
135658  -33.467  -4.110  -13.241 0.0000000000
81743  -33.396  -3.828  -13.834 0.0000000000
82730  -33.964  -3.495  -13.583 0.0000000000
82731  -34.379  -2.886  -14.037 0.0000000000
83658  -34.184  -2.412  -12.605 0.0000000000
84547  -33.784  -0.751  -10.341 0.0000000000
85495  -33.626  0.439  -9.376 0.0000000000
72486  -27.376  -12.692  -8.131 0.0000000000
73572  -27.667  -12.385  -9.146 0.0000000000
73555  -28.011  -12.039  -7.797 0.0000000000
73573  -28.446  -11.623  -8.632 0.0000000000
138943  -28.512  -11.529  -7.469 0.0000000000
142025  -26.765  0.784  -10.277 0.0000000000
84541  -26.650  -0.577  -10.774 0.0000000000
84542  -27.491  -0.605  -10.485 0.0000000000
76586  -29.648  -9.462  -11.240 0.0000000000
77558  -30.072  -8.647  -11.475 0.0000000000
157772  -30.285  -9.288  -11.452 0.0000000000
76588  -30.999  -9.386  -10.959 0.0000000000
76568  -31.413  -8.676  -10.162 0.0000000000
77543  -31.725  -7.826  -9.146 0.0000000000
76550  -31.249  -8.373  -8.605 0.0000000000
76549  -30.741  -8.858  -7.977 0.0000000000
68528  -23.652  -16.827  -4.973 0.0000000000
67508  -24.184  -17.002  -3.100 0.0000000000
77555  -25.680  -7.966  -9.003 0.0000000000
76583  -25.426  -8.601  -8.890 0.0000000000
139293  -26.085  -9.426  -9.053 0.0000000000
145970  -25.716  -10.197  -8.952 0.0000000000
132412  -23.885  15.905  -13.186 0.0000000000
97028  -24.561  12.683  -14.153 0.0000000000
96105  -25.258  11.153  -14.054 0.0000000000
94248  -26.431  9.150  -11.347 0.0000000000
93336  -26.774  8.539  -12.587 0.0000000000
93349  -26.382  8.108  -14.130 0.0000000000
92448  -26.091  7.692  -14.768 0.0000000000
138204  -26.850  7.732  -13.578 0.0000000000
91541  -27.117  7.123  -13.719 0.0000000000
91542  -27.565  6.501  -13.423 0.0000000000
89583  -28.401  4.501  -10.587 0.0000000000
89604  -28.837  4.628  -12.550 0.0000000000
89595  -28.724  4.651  -11.556 0.0000000000
88570  -29.223  3.983  -13.067 0.0000000000
88591  -29.587  3.096  -14.786 0.0000000000
88605  -29.545  2.879  -15.727 0.0000000000
87522  -30.091  2.531  -15.408 0.0000000000
87536  -30.592  2.103  -15.918 0.0000000000
86531  -31.082  1.741  -16.272 0.0000000000
85541  -31.979  0.362  -13.383 0.0000000000
85553  -32.292  0.243  -14.716 0.0000000000
156512  -32.767  -0.516  -14.973 0.0000000000
84607  -34.107  -0.602  -15.995 0.0000000000
158092  -34.392  -0.147  -15.657 0.0000000000
87525  -34.227  1.643  -14.420 0.0000000000
85564  -34.584  0.073  -14.804 0.0000000000
85554  -34.556  0.267  -13.749 0.0000000000
85543  -34.495  0.276  -12.895 0.0000000000
82685  -27.464  -2.767  -9.865 0.0000000000
81698  -27.250  -3.445  -9.698 0.0000000000
81700  -28.734  -3.650  -9.791 0.0000000000
81712  -29.571  -3.764  -10.197 0.0000000000
79641  -33.038  -5.957  -12.186 0.0000000000
80700  -31.917  -5.562  -12.823 0.0000000000
80689  -33.344  -5.130  -12.255 0.0000000000
81715  -33.573  -4.241  -12.152 0.0000000000
131946  -33.838  -2.415  -11.418 0.0000000000
83604  -33.736  -1.073  -9.440 0.0000000000
84523  -33.769  -0.257  -7.965 0.0000000000
83592  -33.888  -1.057  -8.467 0.0000000000
70553  -24.935  -14.898  -6.672 0.0000000000
70552  -24.546  -14.988  -7.277 0.0000000000
149482  -25.091  -14.658  -7.371 0.0000000000
71557  -25.566  -14.218  -7.819 0.0000000000
71565  -25.953  -13.711  -8.647 0.0000000000
72504  -26.500  -13.153  -9.257 0.0000000000
71558  -26.283  -13.652  -7.732 0.0000000000
72475  -26.940  -12.977  -7.275 0.0000000000
154349  -27.770  2.677  -9.696 0.0000000000
87474  -29.729  2.640  -10.927 0.0000000000
87486  -30.262  2.376  -11.482 0.0000000000
86479  -30.631  1.817  -11.444 0.0000000000
85522  -31.029  1.080  -11.253 0.0000000000
85505  -28.747  0.691  -10.072 0.0000000000
85507  -30.527  0.614  -10.605 0.0000000000
85523  -31.639  0.554  -12.109 0.0000000000
84578  -32.101  -0.473  -12.841 0.0000000000
84579  -32.495  -1.612  -13.620 0.0000000000
80672  -29.255  -5.645  -10.275 0.0000000000
79638  -29.979  -6.396  -11.062 0.0000000000
77576  -31.104  -8.314  -11.716 0.0000000000
78601  -31.451  -7.388  -11.895 0.0000000000
157766  -31.462  -6.691  -12.195 0.0000000000
78603  -32.938  -6.732  -11.519 0.0000000000
79624  -33.511  -6.118  -10.906 0.0000000000
79625  -33.886  -5.508  -10.159 0.0000000000
79607  -34.110  -5.018  -9.130 0.0000000000
141997  -33.628  -5.439  -8.417 0.0000000000
78553  -32.065  -7.226  -8.358 0.0000000000
64524  -22.797  -20.589  -2.158 0.0000000000
69619  -23.720  -15.750  -6.733 0.0000000000
68546  -24.012  -16.299  -5.332 0.0000000000
68559  -24.052  -15.914  -6.039 0.0000000000
69621  -24.727  -15.249  -5.886 0.0000000000
69610  -25.068  -15.033  -5.114 0.0000000000
70529  -25.523  -14.567  -4.669 0.0000000000
79620  -26.739  -5.667  -9.325 0.0000000000
138148  -27.635  -6.375  -9.486 0.0000000000
78581  -28.376  -7.075  -9.884 0.0000000000
76585  -27.451  -8.704  -9.795 0.0000000000
149308  -28.534  -9.343  -10.754 0.0000000000
75632  -28.979  -10.233  -10.968 0.0000000000
74598  -29.233  -10.842  -9.687 0.0000000000
101858  -22.293  18.697  -14.599 0.0000000000
159047  -23.716  14.986  -14.374 0.0000000000
99493  -21.342  16.078  -16.515 0.0000000000
97043  -22.574  12.448  -15.572 0.0000000000
97042  -21.454  12.478  -16.289 0.0000000000
146610  -20.420  11.934  -17.157 0.0000000000
96116  -20.984  11.080  -17.057 0.0000000000
95201  -21.630  10.268  -17.144 0.0000000000
94317  -22.046  9.696  -17.220 0.0000000000
96098  -25.875  11.250  -13.089 0.0000000000
94283  -26.205  9.745  -13.320 0.0000000000
95175  -25.259  10.189  -14.418 0.0000000000
95174  -24.441  10.629  -14.869 0.0000000000
95190  -23.465  9.978  -15.586 0.0000000000
94306  -23.025  9.290  -16.292 0.0000000000
94318  -22.499  9.092  -17.077 0.0000000000
93366  -22.816  8.416  -17.587 0.0000000000
91569  -24.475  6.906  -17.448 0.0000000000
92471  -24.911  7.085  -16.440 0.0000000000
90546  -25.398  5.855  -9.518 0.0000000000
91517  -26.898  6.609  -9.883 0.0000000000
91530  -27.605  6.634  -11.342 0.0000000000
91536  -27.702  6.636  -12.344 0.0000000000
90591  -27.942  5.657  -13.689 0.0000000000
90592  -28.439  5.173  -13.100 0.0000000000
90605  -28.225  4.908  -14.094 0.0000000000
90604  -27.652  5.348  -14.603 0.0000000000
90617  -27.219  4.988  -15.523 0.0000000000
89645  -27.239  3.897  -16.848 0.0000000000
87547  -30.206  2.421  -16.990 0.0000000000
87562  -31.189  2.936  -18.009 0.0000000000
89647  -31.570  4.064  -16.916 0.0000000000
89648  -32.112  3.583  -16.521 0.0000000000
87509  -30.693  2.279  -13.804 0.0000000000
86510  -31.195  1.719  -14.449 0.0000000000
86532  -31.650  1.281  -15.987 0.0000000000
85562  -32.352  0.598  -15.749 0.0000000000
85571  -32.307  0.968  -16.342 0.0000000000
86542  -32.467  1.512  -16.971 0.0000000000
87537  -33.004  2.431  -16.573 0.0000000000
87511  -34.254  1.819  -13.568 0.0000000000
83639  -26.191  -1.179  -10.969 0.0000000000
83619  -27.687  -1.382  -10.310 0.0000000000
82700  -28.188  -2.222  -9.912 0.0000000000
83620  -28.765  -1.481  -10.102 0.0000000000
83622  -31.001  -1.689  -10.541 0.0000000000
83641  -32.425  -2.445  -13.271 0.0000000000
151844  -29.953  -4.562  -10.613 0.0000000000
135468  -31.128  -3.668  -11.234 0.0000000000
81730  -31.970  -4.766  -12.930 0.0000000000
141810  -31.626  -3.874  -12.083 0.0000000000
82718  -32.323  -3.250  -13.076 0.0000000000
82729  -32.831  -3.446  -13.860 0.0000000000
82741  -34.188  -2.750  -14.757 0.0000000000
83668  -34.486  -2.195  -14.502 0.0000000000
83659  -34.487  -1.760  -13.355 0.0000000000
85525  -34.291  0.161  -12.010 0.0000000000
83642  -33.980  -1.428  -11.288 0.0000000000
84564  -34.047  -0.353  -11.191 0.0000000000
85524  -34.027  0.494  -11.181 0.0000000000
74610  -26.216  -11.199  -9.477 0.0000000000
74611  -27.006  -11.412  -10.253 0.0000000000
72511  -27.044  -12.721  -9.844 0.0000000000
138955  -27.337  -12.069  -10.241 0.0000000000
74612  -27.739  -11.415  -10.455 0.0000000000
73583  -27.996  -11.891  -10.023 0.0000000000
74597  -28.688  -11.362  -9.830 0.0000000000
74578  -28.987  -11.085  -8.795 0.0000000000
64510  -23.578  -19.978  -1.420 0.0000000000
67507  -23.637  -17.424  -3.546 0.0000000000
68515  -23.919  -16.874  -4.022 0.0000000000
69620  -24.342  -15.422  -6.723 0.0000000000
72505  -27.072  -12.986  -9.146 0.0000000000
74613  -28.333  -11.366  -10.501 0.0000000000
76587  -30.380  -9.557  -11.240 0.0000000000
76597  -30.814  -9.197  -11.493 0.0000000000
79640  -32.207  -6.442  -12.320 0.0000000000
80671  -28.488  -5.016  -9.752 0.0000000000
80702  -33.096  -4.287  -13.478 0.0000000000
81699  -27.934  -3.526  -9.644 0.0000000000
81713  -30.467  -3.971  -10.842 0.0000000000
81742  -32.707  -4.016  -13.575 0.0000000000
82687  -28.958  -2.927  -9.852 0.0000000000
82699  -27.361  -2.047  -10.175 0.0000000000
82717  -31.902  -2.982  -11.977 0.0000000000
82739  -33.451  -3.328  -14.268 0.0000000000
83657  -32.978  -2.784  -14.296 0.0000000000
83677  -34.080  -2.130  -15.339 0.0000000000
84543  -28.420  -0.690  -10.272 0.0000000000
84546  -31.330  -0.792  -10.873 0.0000000000
84563  -32.118  -1.353  -12.446 0.0000000000
84580  -34.497  -0.608  -12.915 0.0000000000
84596  -33.919  -1.277  -15.819 0.0000000000
84597  -34.195  -1.509  -15.530 0.0000000000
84606  -33.703  -0.386  -16.131 0.0000000000
85504  -27.197  0.066  -10.414 0.0000000000
85506  -29.619  0.886  -10.263 0.0000000000
85573  -33.594  0.317  -16.293 0.0000000000
85580  -32.881  0.867  -16.636 0.0000000000
86463  -28.892  1.459  -10.047 0.0000000000
86465  -30.148  2.052  -10.936 0.0000000000
86482  -34.341  1.000  -12.442 0.0000000000
86521  -31.114  1.707  -15.536 0.0000000000
86524  -34.393  0.723  -15.126 0.0000000000
87473  -29.090  2.346  -10.193 0.0000000000
87510  -33.969  2.358  -13.742 0.0000000000
87546  -29.450  2.887  -17.191 0.0000000000
87548  -30.655  2.095  -16.549 0.0000000000
87550  -33.172  1.691  -16.744 0.0000000000
87556  -30.839  2.478  -17.645 0.0000000000
87558  -32.070  2.046  -17.429 0.0000000000
88579  -29.138  3.775  -14.153 0.0000000000
88616  -31.878  3.287  -17.410 0.0000000000
88617  -32.449  2.842  -17.022 0.0000000000
88623  -29.343  3.364  -17.864 0.0000000000
88624  -30.736  3.081  -18.136 0.0000000000
89570  -26.450  4.818  -9.534 0.0000000000
89635  -27.553  4.190  -15.982 0.0000000000
89654  -27.199  3.940  -17.578 0.0000000000
90559  -27.271  5.898  -9.928 0.0000000000
90625  -26.724  4.495  -16.441 0.0000000000
91529  -27.205  7.007  -10.677 0.0000000000
91549  -27.116  6.615  -14.293 0.0000000000
91550  -27.494  6.040  -14.227 0.0000000000
92430  -27.392  7.264  -11.888 0.0000000000
92438  -27.102  7.934  -12.216 0.0000000000
92462  -26.135  7.011  -15.192 0.0000000000
93320  -26.542  8.415  -10.784 0.0000000000
93344  -26.631  8.430  -13.377 0.0000000000
94247  -26.143  9.868  -11.059 0.0000000000
94265  -26.555  9.137  -12.213 0.0000000000
95158  -25.817  10.428  -13.595 0.0000000000
96132  -20.400  12.117  -17.454 0.0000000000
96133  -20.714  11.634  -17.287 0.0000000000
97057  -20.762  11.793  -16.804 0.0000000000
98747  -24.153  15.130  -13.574 0.0000000000
134475  -25.988  -5.957  -9.301 0.0000000000
134527  -33.671  -0.264  -9.652 0.0000000000
139152  -34.608  -0.580  -14.426 0.0000000000
139783  -28.246  -10.846  -10.685 0.0000000000
142669  -26.954  -1.071  -10.671 0.0000000000
144065  -26.398  9.654  -12.651 0.0000000000
146772  -34.568  -0.328  -13.535 0.0000000000
149167  -31.716  4.199  -16.057 0.0000000000
151892  -26.255  7.050  -9.701 0.0000000000
152884  -21.781  9.967  -16.995 0.0000000000
154623  -28.589  2.804  -9.960 0.0000000000
154970  -27.867  5.995  -11.014 0.0000000000
155168  -32.325  1.197  -16.654 0.0000000000
155831  -31.167  2.115  -17.361 0.0000000000
156012  -28.114  -8.449  -10.152 0.0000000000
157237  -25.297  -1.908  -11.144 0.0000000000
157645  -30.759  -0.106  -10.552 0.0000000000
158349  -34.133  -2.516  -15.067 0.0000000000
158500  -33.785  -1.727  -9.593 0.0000000000
159201  -24.685  9.168  -15.255 0.0000000000
