#!ascii label  , from subject sub-v1s4x0050704_ses-1 vox2ras=TkReg
1313
64524  -22.797  -20.589  -2.158 0.4285714328
66415  -22.631  -18.958  -2.955 0.2857142985
65475  -22.991  -19.445  -2.085 0.4285714328
66416  -23.346  -18.484  -2.416 0.4285714328
66417  -24.016  -18.057  -1.890 0.4285714328
67519  -23.229  -17.507  -4.431 0.2857142985
67495  -23.754  -17.687  -2.730 0.4285714328
67508  -24.184  -17.002  -3.100 0.4285714328
68546  -24.012  -16.299  -5.332 0.4285714328
68529  -24.258  -16.298  -4.531 0.4285714328
69621  -24.727  -15.249  -5.886 0.4285714328
70539  -25.361  -14.513  -5.718 0.4285714328
70562  -24.841  -14.542  -7.824 0.5714285970
149482  -25.091  -14.658  -7.371 0.5714285970
71546  -25.489  -14.352  -6.785 0.4285714328
141140  -26.448  -13.348  -6.550 0.2857142985
71565  -25.953  -13.711  -8.647 0.7142857313
71558  -26.283  -13.652  -7.732 0.7142857313
73555  -28.011  -12.039  -7.797 0.7142857313
138943  -28.512  -11.529  -7.469 0.4285714328
72485  -26.704  -13.287  -8.508 0.7142857313
72486  -27.376  -12.692  -8.131 0.5714285970
74578  -28.987  -11.085  -8.795 0.5714285970
158707  -27.494  -12.335  -9.988 0.5714285970
74597  -28.688  -11.362  -9.830 0.5714285970
74598  -29.233  -10.842  -9.687 0.5714285970
75612  -29.776  -10.207  -9.330 0.5714285970
73583  -27.996  -11.891  -10.023 0.5714285970
75592  -30.289  -9.509  -8.742 0.4285714328
75613  -30.265  -9.819  -10.443 0.5714285970
76568  -31.413  -8.676  -10.162 0.5714285970
75632  -28.979  -10.233  -10.968 0.7142857313
76588  -30.999  -9.386  -10.959 0.7142857313
77559  -32.083  -8.169  -10.656 0.7142857313
78565  -32.327  -7.296  -9.425 0.5714285970
133827  -29.790  -9.899  -11.046 0.5714285970
140099  -26.986  -9.621  -9.763 0.5714285970
77558  -30.072  -8.647  -11.475 0.8571428657
78584  -32.668  -7.391  -10.860 0.7142857313
78566  -32.942  -6.653  -9.543 0.5714285970
77557  -28.832  -8.309  -10.553 0.7142857313
78603  -32.938  -6.732  -11.519 0.7142857313
79606  -33.599  -5.940  -9.622 0.5714285970
77576  -31.104  -8.314  -11.716 0.7142857313
78602  -32.256  -7.225  -11.769 0.7142857313
79642  -33.705  -5.403  -11.110 0.5714285970
78601  -31.451  -7.388  -11.895 0.7142857313
80673  -34.090  -4.874  -10.049 0.5714285970
145992  -30.613  -7.179  -11.701 0.5714285970
79639  -30.621  -6.271  -11.775 0.7142857313
79641  -33.038  -5.957  -12.186 0.7142857313
81715  -33.573  -4.241  -12.152 0.7142857313
134248  -33.822  -4.339  -10.890 0.7142857313
80688  -31.100  -5.774  -12.365 0.7142857313
80700  -31.917  -5.562  -12.823 0.7142857313
80701  -32.699  -5.199  -12.954 0.7142857313
82719  -33.758  -3.388  -12.326 0.7142857313
81730  -31.970  -4.766  -12.930 0.7142857313
80686  -29.925  -5.409  -10.797 0.5714285970
83658  -34.184  -2.412  -12.605 0.5714285970
83643  -34.301  -1.042  -12.173 0.5714285970
81714  -31.205  -4.750  -12.076 0.8571428657
82731  -34.379  -2.886  -14.037 0.7142857313
82740  -33.979  -3.331  -14.343 0.7142857313
81731  -32.148  -4.018  -13.041 0.8571428657
81743  -33.396  -3.828  -13.834 0.7142857313
83676  -33.771  -1.987  -15.337 0.8571428657
84588  -34.590  -1.181  -13.960 0.5714285970
82741  -34.188  -2.750  -14.757 0.8571428657
83641  -32.425  -2.445  -13.271 0.8571428657
82718  -32.323  -3.250  -13.076 0.8571428657
82729  -32.831  -3.446  -13.860 0.8571428657
156512  -32.767  -0.516  -14.973 0.8571428657
85563  -33.146  -0.352  -15.684 0.8571428657
86522  -31.720  1.139  -15.076 0.8571428657
83667  -33.825  -2.753  -14.884 0.8571428657
85553  -32.292  0.243  -14.716 0.8571428657
86480  -31.237  1.498  -12.188 1.0000000000
86511  -31.682  1.097  -13.920 1.0000000000
85542  -32.534  -0.722  -14.199 0.8571428657
86496  -31.238  1.718  -13.271 1.0000000000
86497  -31.618  1.119  -12.900 1.0000000000
87498  -30.169  2.882  -13.122 1.0000000000
88545  -28.929  3.935  -10.993 0.7142857313
87509  -30.693  2.279  -13.804 1.0000000000
87499  -30.661  2.274  -12.435 1.0000000000
88571  -29.650  3.469  -12.522 1.0000000000
91536  -27.702  6.636  -12.344 1.0000000000
91530  -27.605  6.634  -11.342 0.8571428657
142746  -26.982  8.026  -12.942 0.8571428657
92439  -27.299  7.349  -12.885 1.0000000000
95174  -24.441  10.629  -14.869 0.8571428657
141013  -25.793  9.742  -13.985 0.8571428657
93343  -26.158  8.998  -13.913 1.0000000000
96103  -23.168  11.625  -15.424 0.8571428657
95189  -22.685  10.669  -15.946 0.8571428657
97043  -22.574  12.448  -15.572 0.7142857313
97028  -24.561  12.683  -14.153 0.5714285970
98761  -22.363  14.196  -15.504 0.7142857313
98760  -21.215  14.157  -16.307 0.5714285970
159047  -23.716  14.986  -14.374 0.5714285970
97910  -24.028  13.443  -14.465 0.5714285970
99486  -23.494  16.021  -14.331 0.4285714328
100277  -22.855  17.282  -14.795 0.4285714328
100285  -21.778  17.998  -16.295 0.4285714328
101057  -22.067  17.850  -12.663 0.2857142985
155439  -20.927  18.193  -12.163 0.2857142985
101058  -23.132  17.396  -13.245 0.2857142985
142271  -20.927  18.428  -11.709 0.2857142985
66429  -23.085  -18.095  -3.467 0.2857142985
75633  -29.472  -10.367  -10.555 0.5714285970
78585  -33.225  -6.634  -10.530 0.5714285970
83659  -34.487  -1.760  -13.355 0.5714285970
135658  -33.467  -4.110  -13.241 0.7142857313
82730  -33.964  -3.495  -13.583 0.7142857313
83678  -34.277  -2.214  -15.136 0.8571428657
84608  -34.459  -0.806  -15.434 0.8571428657
84607  -34.107  -0.602  -15.995 0.8571428657
85562  -32.352  0.598  -15.749 0.8571428657
89595  -28.724  4.651  -11.556 0.8571428657
101832  -22.746  18.849  -10.350 0.1428571492
66443  -22.648  -18.086  -4.327 0.2857142985
67507  -23.637  -17.424  -3.546 0.2857142985
69598  -25.127  -15.215  -4.375 0.4285714328
68545  -23.411  -16.541  -5.874 0.2857142985
70553  -24.935  -14.898  -6.672 0.4285714328
68528  -23.652  -16.827  -4.973 0.4285714328
70529  -25.523  -14.567  -4.669 0.4285714328
69627  -24.111  -15.363  -7.145 0.5714285970
71557  -25.566  -14.218  -7.819 0.5714285970
72475  -26.940  -12.977  -7.275 0.4285714328
152604  -26.019  -13.359  -9.190 0.2857142985
72504  -26.500  -13.153  -9.257 0.7142857313
73572  -27.667  -12.385  -9.146 0.7142857313
73573  -28.446  -11.623  -8.632 0.4285714328
74612  -27.739  -11.415  -10.455 0.5714285970
76549  -30.741  -8.858  -7.977 0.4285714328
143058  -27.447  -10.701  -10.398 0.7142857313
75631  -27.967  -10.035  -10.629 0.7142857313
76567  -30.798  -9.101  -9.517 0.5714285970
76550  -31.249  -8.373  -8.605 0.4285714328
77577  -31.485  -8.811  -11.271 0.7142857313
77578  -31.998  -8.076  -11.513 0.7142857313
76585  -27.451  -8.704  -9.795 0.5714285970
149308  -28.534  -9.343  -10.754 0.5714285970
150518  -34.112  -4.249  -9.965 0.5714285970
78582  -29.213  -7.320  -10.508 0.5714285970
79625  -33.886  -5.508  -10.159 0.5714285970
157766  -31.462  -6.691  -12.195 0.7142857313
82703  -33.766  -3.110  -10.899 0.5714285970
79638  -29.979  -6.396  -11.062 0.8571428657
155275  -32.655  -4.529  -13.263 0.7142857313
84598  -34.512  -1.524  -15.007 0.5714285970
84579  -32.495  -1.612  -13.620 1.0000000000
86510  -31.195  1.719  -14.449 1.0000000000
85522  -31.029  1.080  -11.253 1.0000000000
88558  -29.476  3.403  -11.447 0.8571428657
90575  -28.233  5.327  -11.097 0.7142857313
89604  -28.837  4.628  -12.550 1.0000000000
89610  -28.745  4.455  -13.584 1.0000000000
90574  -28.076  6.010  -11.752 0.7142857313
90592  -28.439  5.173  -13.100 1.0000000000
90560  -27.752  5.629  -10.394 0.7142857313
95175  -25.259  10.189  -14.418 0.8571428657
93349  -26.382  8.108  -14.130 1.0000000000
138204  -26.850  7.732  -13.578 1.0000000000
97027  -23.682  12.542  -14.918 0.7142857313
141992  -23.421  14.240  -14.756 0.7142857313
155381  -21.573  14.961  -16.154 0.7142857313
99471  -24.322  15.152  -12.592 0.4285714328
101069  -22.531  18.139  -13.656 0.2857142985
101070  -22.900  17.745  -14.170 0.4285714328
99493  -21.342  16.078  -16.515 0.4285714328
101080  -22.262  18.468  -15.362 0.4285714328
146077  -20.456  19.014  -12.545 0.2857142985
101858  -22.293  18.697  -14.599 0.4285714328
73582  -26.719  -12.173  -9.960 0.4285714328
74611  -27.006  -11.412  -10.253 0.4285714328
100267  -23.419  16.804  -13.708 0.4285714328
101847  -21.251  18.422  -13.037 0.2857142985
65474  -22.294  -19.892  -2.710 0.4285714328
66428  -22.367  -18.661  -3.909 0.2857142985
65484  -22.035  -19.461  -3.549 0.2857142985
66405  -23.735  -18.953  -1.610 0.4285714328
156586  -23.532  -16.123  -6.331 0.2857142985
68559  -24.052  -15.914  -6.039 0.4285714328
69609  -24.572  -15.680  -5.055 0.4285714328
69610  -25.068  -15.033  -5.114 0.4285714328
69619  -23.720  -15.750  -6.733 0.4285714328
70552  -24.546  -14.988  -7.277 0.4285714328
71575  -25.334  -14.112  -8.320 0.2857142985
159576  -25.956  -13.884  -6.986 0.4285714328
72511  -27.044  -12.721  -9.844 0.5714285970
138955  -27.337  -12.069  -10.241 0.5714285970
74614  -28.830  -10.927  -10.578 0.5714285970
157772  -30.285  -9.288  -11.452 0.7142857313
77543  -31.725  -7.826  -9.146 0.5714285970
76586  -29.648  -9.462  -11.240 0.7142857313
78583  -30.104  -7.458  -11.360 0.5714285970
79624  -33.511  -6.118  -10.906 0.5714285970
80689  -33.344  -5.130  -12.255 0.7142857313
79623  -29.390  -6.541  -10.523 0.7142857313
151502  -33.138  -4.710  -13.115 0.7142857313
80687  -30.500  -5.117  -11.457 0.8571428657
83668  -34.486  -2.195  -14.502 0.8571428657
84587  -33.165  -1.957  -14.718 0.8571428657
142674  -33.294  -1.193  -15.235 0.8571428657
83640  -32.070  -2.165  -12.160 0.8571428657
85541  -31.979  0.362  -13.383 1.0000000000
87485  -30.035  2.906  -11.944 1.0000000000
89583  -28.401  4.501  -10.587 0.8571428657
95173  -23.642  10.923  -15.284 0.8571428657
96104  -24.305  11.670  -14.667 0.8571428657
97923  -22.008  13.319  -15.807 0.7142857313
97909  -23.102  13.358  -15.165 0.5714285970
138754  -22.688  15.272  -15.286 0.5714285970
98755  -24.249  14.307  -14.011 0.5714285970
132412  -23.885  15.905  -13.186 0.4285714328
99494  -22.374  16.679  -15.687 0.4285714328
101048  -21.670  17.829  -11.423 0.2857142985
100257  -23.493  16.588  -12.748 0.2857142985
101831  -21.871  18.397  -10.736 0.1428571492
67533  -23.001  -17.234  -5.412 0.2857142985
72510  -26.367  -12.838  -9.549 0.2857142985
90584  -28.496  5.335  -12.103 1.0000000000
103461  -22.834  20.896  -15.934 0.2857142985
157103  -23.074  21.958  -15.100 0.1428571492
102669  -22.157  19.863  -16.401 0.2857142985
157258  -22.991  19.959  -16.726 0.2857142985
104249  -22.543  21.522  -14.661 0.1428571492
105080  -23.361  22.970  -13.302 0.1428571492
101856  -21.132  19.326  -13.452 0.1428571492
101868  -21.943  19.531  -15.986 0.2857142985
102643  -21.555  20.197  -14.167 0.1428571492
101101  -22.295  18.427  -17.720 0.2857142985
150514  -22.479  19.734  -16.833 0.2857142985
139076  -23.983  14.178  -16.756 0.2857142985
99504  -22.631  16.035  -17.702 0.2857142985
105079  -22.150  22.417  -12.615 0.1428571492
101091  -21.586  18.954  -16.883 0.2857142985
146761  -20.142  14.393  -18.269 0.2857142985
100300  -21.514  18.266  -18.174 0.2857142985
101880  -21.899  19.424  -16.959 0.2857142985
96152  -22.389  10.905  -17.578 0.1428571492
140827  -21.039  14.695  -18.411 0.2857142985
99514  -20.693  17.028  -18.374 0.2857142985
104245  -21.460  21.702  -13.291 0.1428571492
99513  -20.158  16.716  -18.062 0.2857142985
101100  -21.543  18.607  -17.579 0.2857142985
94330  -25.449  9.605  -18.376 0.1428571492
96153  -23.275  10.584  -17.496 0.1428571492
97074  -21.527  12.589  -17.904 0.4285714328
98773  -19.828  14.580  -17.681 0.2857142985
145640  -23.660  7.378  -17.699 0.2857142985
95201  -21.630  10.268  -17.144 0.4285714328
97041  -20.325  12.709  -16.909 0.2857142985
100284  -20.966  17.343  -16.961 0.2857142985
91587  -25.229  6.371  -18.058 0.1428571492
149048  -22.504  9.087  -17.632 0.2857142985
146610  -20.420  11.934  -17.157 0.4285714328
94306  -23.025  9.290  -16.292 0.5714285970
96117  -21.858  11.438  -16.303 0.7142857313
90634  -25.837  4.650  -17.610 0.1428571492
91579  -25.162  6.178  -17.563 0.1428571492
95188  -21.714  10.402  -16.763 0.7142857313
97922  -21.043  13.307  -16.423 0.4285714328
93359  -23.982  8.239  -16.258 0.4285714328
89654  -27.199  3.940  -17.578 0.2857142985
89644  -26.401  4.222  -17.261 0.7142857313
95190  -23.465  9.978  -15.586 0.7142857313
91541  -27.117  7.123  -13.719 0.8571428657
91562  -25.508  6.538  -15.961 0.8571428657
93360  -24.869  8.515  -15.456 0.5714285970
88631  -30.151  3.666  -18.304 0.2857142985
88622  -28.326  3.779  -17.931 0.2857142985
92461  -25.433  7.574  -15.490 0.7142857313
95144  -26.219  10.386  -12.660 0.5714285970
93348  -25.744  8.376  -14.728 0.8571428657
89664  -30.899  3.539  -18.140 0.1428571492
90617  -27.219  4.988  -15.523 0.7142857313
89656  -31.312  3.779  -17.806 0.1428571492
142025  -26.765  0.784  -10.277 0.5714285970
87486  -30.262  2.376  -11.482 0.8571428657
87474  -29.729  2.640  -10.927 0.8571428657
87472  -28.268  1.991  -9.817 0.4285714328
88546  -29.101  3.173  -10.519 0.5714285970
90583  -28.083  5.907  -12.718 0.8571428657
88591  -29.587  3.096  -14.786 0.8571428657
90591  -27.942  5.657  -13.689 0.8571428657
88625  -31.503  3.073  -17.854 0.2857142985
89636  -28.322  3.857  -15.558 0.8571428657
90604  -27.652  5.348  -14.603 0.8571428657
92448  -26.091  7.692  -14.768 0.8571428657
89648  -32.112  3.583  -16.521 0.4285714328
88615  -29.537  2.782  -16.502 0.7142857313
88603  -28.106  3.603  -16.418 0.7142857313
85521  -26.316  0.025  -10.843 0.2857142985
140987  -30.313  1.416  -10.727 0.5714285970
153546  -27.902  0.945  -9.976 0.5714285970
88580  -29.648  3.336  -13.669 0.8571428657
88570  -29.223  3.983  -13.067 0.8571428657
88590  -29.003  3.469  -15.176 0.8571428657
89622  -28.562  4.184  -14.604 0.8571428657
86548  -31.543  1.832  -17.192 0.4285714328
87535  -30.114  2.434  -16.232 0.8571428657
88604  -28.889  3.227  -16.041 0.8571428657
88606  -32.665  3.181  -16.100 0.4285714328
148905  -28.413  -4.193  -9.688 0.7142857313
82685  -27.464  -2.767  -9.865 0.4285714328
150826  -29.215  -4.589  -10.097 0.7142857313
143959  -30.640  -2.399  -10.437 0.8571428657
83620  -28.765  -1.481  -10.102 0.5714285970
84542  -27.491  -0.605  -10.485 0.5714285970
147736  -25.537  -1.059  -11.317 0.4285714328
83622  -31.001  -1.689  -10.541 0.8571428657
84544  -29.428  -0.768  -10.190 0.5714285970
144639  -28.150  0.072  -10.266 0.5714285970
84578  -32.101  -0.473  -12.841 0.8571428657
85508  -31.264  0.210  -11.047 0.7142857313
141911  -29.083  0.041  -10.127 0.5714285970
85572  -33.035  0.295  -16.267 0.7142857313
85571  -32.307  0.968  -16.342 0.7142857313
86531  -31.082  1.741  -16.272 0.7142857313
87536  -30.592  2.103  -15.918 0.8571428657
88582  -33.565  2.928  -14.000 0.2857142985
87538  -33.603  2.085  -15.935 0.4285714328
87537  -33.004  2.431  -16.573 0.5714285970
79622  -28.572  -6.147  -9.882 0.4285714328
79621  -27.641  -5.344  -9.496 0.4285714328
80669  -26.628  -3.770  -9.716 0.4285714328
141810  -31.626  -3.874  -12.083 0.7142857313
82701  -30.781  -3.115  -10.631 0.7142857313
82702  -31.352  -2.775  -10.983 0.7142857313
153652  -31.785  -1.279  -11.610 0.8571428657
158092  -34.392  -0.147  -15.657 0.7142857313
87510  -33.969  2.358  -13.742 0.2857142985
86523  -34.076  1.352  -15.534 0.5714285970
85574  -34.131  0.343  -16.030 0.5714285970
78581  -28.376  -7.075  -9.884 0.4285714328
78580  -26.722  -6.616  -9.247 0.5714285970
80672  -29.255  -5.645  -10.275 0.5714285970
135468  -31.128  -3.668  -11.234 0.7142857313
85543  -34.495  0.276  -12.895 0.4285714328
86512  -34.447  1.035  -13.944 0.4285714328
87511  -34.254  1.819  -13.568 0.4285714328
87525  -34.227  1.643  -14.420 0.4285714328
141997  -33.628  -5.439  -8.417 0.4285714328
81682  -34.302  -4.310  -9.274 0.4285714328
84547  -33.784  -0.751  -10.341 0.4285714328
131946  -33.838  -2.415  -11.418 0.4285714328
85509  -33.773  0.275  -10.347 0.4285714328
85525  -34.291  0.161  -12.010 0.4285714328
70540  -25.911  -13.876  -5.063 0.1428571492
82669  -33.882  -2.374  -9.720 0.4285714328
83624  -33.774  -1.801  -10.325 0.4285714328
72462  -27.121  -12.647  -6.012 0.1428571492
142562  -27.976  -12.060  -6.012 0.1428571492
75591  -29.892  -9.883  -7.883 0.2857142985
79589  -33.073  -5.782  -6.791 0.2857142985
81668  -35.206  -3.022  -6.550 0.2857142985
80647  -34.588  -3.957  -7.403 0.2857142985
78553  -32.065  -7.226  -8.358 0.4285714328
82661  -34.895  -2.557  -7.297 0.2857142985
141582  -34.679  -3.628  -7.958 0.2857142985
83593  -34.420  -1.959  -8.055 0.2857142985
82670  -34.263  -2.669  -8.871 0.4285714328
71548  -27.112  -12.874  -4.940 0.1428571492
135500  -25.900  -13.807  -6.045 0.1428571492
132480  -28.774  -11.496  -5.957 0.2857142985
73545  -29.269  -10.918  -6.462 0.2857142985
76525  -31.156  -8.686  -5.716 0.2857142985
78546  -32.632  -6.469  -6.292 0.2857142985
77528  -32.114  -7.239  -6.217 0.2857142985
76538  -31.283  -8.247  -7.160 0.2857142985
148096  -32.688  -6.313  -7.256 0.2857142985
72450  -27.877  -12.707  -4.444 0.1428571492
74540  -31.027  -10.863  -4.718 0.2857142985
73520  -29.220  -11.686  -4.996 0.2857142985
74553  -30.549  -9.995  -5.634 0.2857142985
73534  -29.621  -11.092  -5.573 0.2857142985
73544  -28.274  -11.762  -6.780 0.2857142985
150670  -30.688  -9.310  -5.950 0.2857142985
67496  -24.415  -17.307  -2.222 0.2857142985
70522  -25.668  -14.813  -3.782 0.1428571492
69597  -24.718  -15.756  -4.187 0.2857142985
70523  -26.380  -14.465  -3.359 0.1428571492
156209  -23.430  -20.670  -1.655 0.2857142985
63436  -23.394  -21.478  -2.123 0.2857142985
63450  -22.296  -21.865  -3.179 0.2857142985
68517  -25.200  -15.913  -2.899 0.2857142985
64511  -24.030  -20.741  -1.277 0.1428571492
138537  -23.110  -22.618  -3.340 0.2857142985
62174  -22.226  -23.163  -3.990 0.1428571492
150918  -28.438  -11.943  -5.362 0.1428571492
132961  -30.022  -11.371  -4.948 0.2857142985
79577  -33.167  -5.802  -5.869 0.2857142985
148381  -31.758  -7.599  -6.883 0.2857142985
80639  -34.083  -4.541  -6.882 0.2857142985
149457  -33.176  -6.079  -8.694 0.4285714328
79607  -34.110  -5.018  -9.130 0.4285714328
135270  -34.699  -2.950  -8.042 0.2857142985
83580  -34.157  -1.032  -7.569 0.2857142985
82686  -28.223  -2.990  -9.756 0.7142857313
83604  -33.736  -1.073  -9.440 0.4285714328
133640  -30.017  0.007  -10.262 0.5714285970
83642  -33.980  -1.428  -11.288 0.4285714328
85554  -34.556  0.267  -13.749 0.4285714328
87500  -34.064  2.230  -12.934 0.2857142985
88573  -33.655  2.998  -13.009 0.2857142985
87524  -33.852  2.243  -14.754 0.5714285970
93336  -26.774  8.539  -12.587 0.7142857313
86541  -31.718  1.446  -16.620 0.7142857313
91542  -27.565  6.501  -13.423 0.8571428657
96105  -25.258  11.153  -14.054 0.5714285970
94296  -24.549  9.742  -15.110 0.7142857313
88592  -32.824  3.378  -15.139 0.2857142985
90603  -27.014  5.908  -15.031 0.8571428657
94308  -25.349  9.274  -14.705 0.8571428657
88613  -27.977  3.507  -17.189 0.5714285970
98774  -20.252  15.239  -17.202 0.2857142985
91569  -24.475  6.906  -17.448 0.4285714328
93366  -22.816  8.416  -17.587 0.4285714328
105065  -21.935  22.479  -12.066 0.1428571492
146998  -21.145  11.895  -17.828 0.2857142985
95213  -22.259  10.143  -17.535 0.1428571492
100292  -22.004  17.873  -18.196 0.2857142985
67479  -24.739  -17.752  -1.542 0.1428571492
69587  -25.174  -15.500  -3.570 0.1428571492
68516  -24.585  -16.244  -3.534 0.2857142985
71526  -26.795  -13.805  -3.770 0.1428571492
71542  -28.077  -13.161  -3.748 0.1428571492
72439  -29.529  -12.571  -3.882 0.1428571492
74564  -28.990  -11.017  -7.610 0.2857142985
74552  -29.919  -10.427  -6.034 0.2857142985
157843  -31.165  -8.411  -6.357 0.2857142985
159539  -32.892  -6.355  -5.374 0.2857142985
142970  -30.371  -9.347  -7.528 0.2857142985
79590  -33.578  -5.180  -6.368 0.2857142985
138148  -27.635  -6.375  -9.486 0.5714285970
77533  -31.679  -7.669  -7.865 0.2857142985
80685  -25.737  -4.176  -9.871 0.2857142985
84492  -34.307  -0.991  -6.706 0.2857142985
85470  -33.536  0.455  -7.429 0.2857142985
81700  -28.734  -3.650  -9.791 0.7142857313
81712  -29.571  -3.764  -10.197 0.5714285970
83617  -26.020  -1.942  -10.794 0.4285714328
82700  -28.188  -2.222  -9.912 0.5714285970
84523  -33.769  -0.257  -7.965 0.4285714328
85520  -25.560  0.019  -11.354 0.2857142985
84541  -26.650  -0.577  -10.774 0.5714285970
84529  -33.680  -0.255  -8.870 0.2857142985
86454  -33.641  1.125  -9.918 0.1428571492
86481  -34.104  1.129  -11.649 0.4285714328
87475  -33.656  2.612  -10.779 0.1428571492
87508  -30.117  2.698  -14.346 0.8571428657
133340  -33.841  2.586  -12.167 0.1428571492
86533  -33.671  1.060  -16.327 0.5714285970
88593  -33.366  2.850  -14.952 0.2857142985
87549  -32.573  2.139  -17.175 0.5714285970
87547  -30.206  2.421  -16.990 0.7142857313
134516  -26.648  6.619  -14.885 0.8571428657
90627  -31.113  4.846  -16.094 0.2857142985
89646  -30.973  4.640  -17.234 0.1428571492
101857  -22.048  18.874  -13.885 0.2857142985
87555  -30.115  2.876  -17.804 0.4285714328
89647  -31.570  4.064  -16.916 0.4285714328
89663  -30.245  4.403  -18.308 0.1428571492
91571  -25.680  5.624  -16.418 0.5714285970
89662  -29.622  4.526  -18.553 0.1428571492
89653  -26.455  4.304  -17.844 0.1428571492
91588  -26.179  5.984  -18.470 0.1428571492
103443  -20.742  20.876  -13.232 0.1428571492
92460  -24.665  7.774  -16.041 0.5714285970
90639  -26.294  4.883  -18.173 0.1428571492
91578  -24.557  6.743  -17.917 0.1428571492
96150  -20.786  11.834  -17.663 0.2857142985
95212  -21.943  10.237  -17.462 0.2857142985
93375  -22.804  8.216  -17.994 0.2857142985
93383  -23.261  8.262  -18.293 0.1428571492
94340  -24.772  9.122  -18.745 0.1428571492
94329  -24.320  9.488  -18.203 0.1428571492
97951  -22.053  13.569  -17.847 0.2857142985
97938  -23.464  13.434  -17.139 0.2857142985
97059  -24.191  12.330  -16.767 0.1428571492
96135  -24.429  11.164  -16.914 0.1428571492
144557  -26.046  -18.993  -0.457 0.1428571492
70524  -27.222  -14.140  -3.123 0.1428571492
80640  -34.737  -3.847  -6.409 0.2857142985
136735  -33.249  3.445  -13.507 0.2857142985
95202  -25.090  10.593  -16.947 0.1428571492
97939  -24.624  13.384  -16.495 0.2857142985
64523  -21.968  -20.819  -3.015 0.2857142985
147928  -24.206  -20.028  -0.952 0.1428571492
134415  -25.099  -18.940  -0.675 0.1428571492
68502  -24.830  -16.560  -2.566 0.1428571492
71547  -26.478  -13.297  -5.495 0.1428571492
72476  -27.623  -12.340  -6.956 0.2857142985
145553  -28.762  -11.310  -6.809 0.2857142985
74579  -29.400  -10.529  -8.349 0.2857142985
84564  -34.047  -0.353  -11.191 0.4285714328
151844  -29.953  -4.562  -10.613 0.7142857313
86532  -31.650  1.281  -15.987 0.7142857313
86479  -30.631  1.817  -11.444 0.8571428657
85523  -31.639  0.554  -12.109 0.8571428657
87523  -30.616  2.158  -14.994 0.8571428657
88557  -29.199  4.058  -12.005 0.8571428657
97042  -21.454  12.478  -16.289 0.5714285970
97921  -20.145  13.905  -16.970 0.2857142985
100291  -20.840  18.046  -17.612 0.2857142985
85564  -34.584  0.073  -14.804 0.4285714328
70530  -26.093  -14.119  -4.156 0.1428571492
75630  -26.582  -10.406  -9.631 0.5714285970
75565  -30.752  -8.899  -6.688 0.2857142985
81701  -34.095  -3.480  -9.759 0.4285714328
85507  -30.527  0.614  -10.605 0.5714285970
90605  -28.225  4.908  -14.094 0.8571428657
92449  -26.638  7.292  -14.371 0.8571428657
99503  -20.194  16.867  -17.734 0.2857142985
135687  -21.981  19.618  -14.618 0.2857142985
83623  -31.610  -1.903  -11.236 0.8571428657
104250  -23.184  21.549  -15.557 0.1428571492
103450  -22.543  21.063  -15.341 0.2857142985
104246  -23.033  22.099  -14.031 0.1428571492
102657  -22.060  19.953  -15.500 0.2857142985
101891  -22.313  19.250  -17.285 0.2857142985
103449  -21.914  20.895  -14.353 0.1428571492
98775  -22.649  14.705  -17.632 0.2857142985
144048  -22.567  16.979  -17.702 0.2857142985
98787  -21.364  15.991  -18.370 0.2857142985
98785  -19.810  14.965  -18.024 0.2857142985
97950  -20.799  13.495  -18.288 0.2857142985
97949  -20.111  13.330  -18.115 0.2857142985
101099  -21.064  18.123  -18.106 0.2857142985
100299  -21.156  17.881  -18.335 0.2857142985
95200  -21.336  10.863  -17.322 0.2857142985
96134  -23.263  11.506  -17.373 0.1428571492
99502  -19.829  15.751  -17.984 0.2857142985
95214  -24.228  10.278  -17.460 0.1428571492
94328  -23.131  9.568  -17.848 0.1428571492
97058  -22.842  12.504  -17.487 0.1428571492
92478  -23.706  7.186  -18.032 0.1428571492
94305  -22.384  9.832  -16.565 0.5714285970
94317  -22.046  9.696  -17.220 0.4285714328
96116  -20.984  11.080  -17.057 0.5714285970
141482  -25.478  6.962  -18.480 0.1428571492
90623  -25.421  5.301  -17.213 0.1428571492
94327  -22.424  9.500  -17.532 0.2857142985
93374  -22.797  8.823  -18.055 0.2857142985
94318  -22.499  9.092  -17.077 0.4285714328
93358  -23.152  8.629  -16.669 0.5714285970
94307  -23.874  9.033  -15.689 0.7142857313
90624  -25.876  4.753  -16.847 0.4285714328
92471  -24.911  7.085  -16.440 0.5714285970
89645  -27.239  3.897  -16.848 0.5714285970
90616  -26.418  5.293  -15.976 0.7142857313
91563  -26.218  6.158  -15.556 0.7142857313
147898  -28.758  3.286  -17.375 0.5714285970
87562  -31.189  2.936  -18.009 0.4285714328
89621  -27.915  4.577  -15.058 0.8571428657
85505  -28.747  0.691  -10.072 0.5714285970
86464  -29.645  1.827  -10.467 0.5714285970
154349  -27.770  2.677  -9.696 0.4285714328
143510  -27.249  1.702  -9.813 0.4285714328
87522  -30.091  2.531  -15.408 0.8571428657
88605  -29.545  2.879  -15.727 0.8571428657
153251  -30.874  2.039  -17.064 0.4285714328
88626  -32.038  2.602  -17.516 0.5714285970
88614  -28.808  3.160  -16.769 0.8571428657
86540  -31.109  1.796  -16.745 0.7142857313
80670  -27.584  -4.264  -9.543 0.5714285970
81698  -27.250  -3.445  -9.698 0.4285714328
139342  -29.946  -2.870  -10.186 0.7142857313
139539  -29.125  -2.207  -9.958 0.7142857313
83621  -29.905  -1.712  -10.155 0.7142857313
83618  -26.808  -1.634  -10.543 0.4285714328
83619  -27.687  -1.382  -10.310 0.5714285970
83639  -26.191  -1.179  -10.969 0.4285714328
83637  -24.912  -1.390  -11.476 0.2857142985
84545  -30.446  -0.804  -10.372 0.7142857313
143101  -31.736  -0.459  -11.730 0.8571428657
86543  -33.173  1.037  -16.626 0.5714285970
86542  -32.467  1.512  -16.971 0.7142857313
79620  -26.739  -5.667  -9.325 0.5714285970
134342  -34.489  0.878  -13.152 0.4285714328
80646  -34.102  -4.687  -7.948 0.2857142985
81683  -34.475  -3.578  -8.689 0.4285714328
85495  -33.626  0.439  -9.376 0.4285714328
85524  -34.027  0.494  -11.181 0.4285714328
150878  -33.943  -1.791  -9.002 0.4285714328
74565  -29.586  -10.367  -7.100 0.2857142985
74566  -30.232  -9.725  -6.641 0.2857142985
79596  -33.560  -5.222  -7.348 0.2857142985
79595  -33.092  -5.878  -7.768 0.2857142985
81676  -34.885  -3.277  -7.363 0.2857142985
78554  -32.602  -6.589  -8.295 0.2857142985
77534  -32.222  -7.003  -7.276 0.2857142985
83592  -33.888  -1.057  -8.467 0.4285714328
71527  -27.504  -13.609  -3.538 0.1428571492
71541  -27.300  -13.249  -4.128 0.1428571492
72438  -28.695  -12.636  -4.068 0.1428571492
73535  -30.426  -10.765  -5.184 0.2857142985
151401  -31.050  -10.272  -4.980 0.2857142985
63437  -24.387  -21.673  -1.677 0.1428571492
63451  -23.954  -22.261  -2.542 0.1428571492
63425  -24.868  -21.050  -0.973 0.1428571492
86498  -34.115  1.784  -12.239 0.2857142985
104238  -20.952  22.020  -12.195 0.1428571492
64497  -24.604  -20.374  -0.834 0.1428571492
66395  -25.792  -18.309  -0.804 0.1428571492
103442  -20.092  20.693  -12.325 0.1428571492
94248  -26.431  9.150  -11.347 0.5714285970
92421  -26.646  7.576  -10.171 0.4285714328
93319  -26.161  8.410  -10.006 0.4285714328
93327  -26.770  8.501  -11.718 0.5714285970
94284  -26.516  9.114  -13.040 0.4285714328
145697  -27.315  5.116  -9.785 0.4285714328
91518  -27.479  6.306  -10.499 0.4285714328
90546  -25.398  5.855  -9.518 0.4285714328
91517  -26.898  6.609  -9.883 0.5714285970
158002  -27.319  7.162  -11.285 0.5714285970
143942  -27.035  7.715  -11.231 0.5714285970
140444  -28.383  3.612  -10.042 0.5714285970
83544  -34.897  -1.849  -4.757 0.1428571492
83564  -34.814  -1.666  -6.346 0.1428571492
84477  -34.398  -1.024  -5.891 0.1428571492
71564  -24.154  -14.471  -7.722 0.2857142985
159420  -34.861  -3.505  -6.927 0.1428571492
82601  -34.933  -2.409  -2.358 0.1428571492
82615  -35.349  -2.538  -4.638 0.1428571492
83530  -34.529  -1.477  -2.439 0.1428571492
83538  -34.820  -1.791  -4.009 0.1428571492
83526  -34.534  -0.821  -1.656 0.1428571492
70561  -24.203  -15.006  -7.467 0.2857142985
79578  -33.887  -5.341  -4.752 0.1428571492
80611  -35.534  -3.713  -4.268 0.1428571492
79579  -34.275  -4.737  -5.087 0.1428571492
82616  -35.628  -3.019  -4.196 0.1428571492
82595  -35.175  -2.727  -0.841 0.1428571492
82609  -35.375  -2.794  -3.396 0.1428571492
83507  -37.517  -1.920  0.135 0.1428571492
83518  -35.604  -1.342  -0.478 0.1428571492
159355  -36.642  -0.385  -0.573 0.1428571492
69626  -23.684  -15.355  -7.157 0.2857142985
69618  -22.983  -15.135  -7.057 0.2857142985
76513  -32.344  -8.435  -4.409 0.1428571492
77511  -32.781  -7.648  -4.205 0.1428571492
77512  -33.054  -6.769  -4.478 0.1428571492
76512  -31.763  -8.144  -5.187 0.1428571492
78539  -33.368  -5.876  -4.964 0.1428571492
145830  -35.746  -4.991  -3.334 0.1428571492
78493  -34.605  -6.332  -3.557 0.1428571492
132916  -35.576  -3.846  -2.065 0.1428571492
80597  -35.241  -4.621  -3.949 0.1428571492
134223  -35.497  -4.009  -0.627 0.1428571492
81557  -36.485  -4.082  0.659 0.1428571492
82560  -37.672  -2.733  0.423 0.1428571492
82559  -36.696  -2.542  0.350 0.1428571492
151336  -23.242  -15.641  -6.842 0.2857142985
68557  -22.210  -16.103  -6.208 0.2857142985
74541  -31.562  -10.533  -4.472 0.1428571492
75552  -32.146  -9.502  -4.281 0.1428571492
143671  -32.830  -8.988  -3.776 0.1428571492
155421  -33.416  -7.397  -3.767 0.1428571492
78494  -35.726  -5.947  -3.238 0.1428571492
78492  -33.789  -6.693  -3.793 0.1428571492
79494  -35.919  -5.243  -1.069 0.1428571492
80525  -36.052  -4.487  0.363 0.1428571492
135219  -38.763  -1.742  -0.484 0.1428571492
82582  -38.310  -2.138  -0.005 0.1428571492
73521  -30.653  -11.369  -4.626 0.1428571492
73497  -31.620  -11.740  -3.894 0.1428571492
75527  -33.481  -9.342  -3.312 0.1428571492
74514  -32.550  -10.635  -3.589 0.1428571492
76465  -36.226  -8.068  -2.990 0.1428571492
76483  -33.075  -8.184  -3.776 0.1428571492
78477  -36.632  -6.872  -2.544 0.1428571492
77463  -35.029  -7.854  -3.115 0.1428571492
78465  -36.697  -6.420  -1.987 0.1428571492
80526  -37.207  -4.158  0.950 0.1428571492
79481  -36.057  -5.752  -0.386 0.1428571492
141102  -38.186  -4.287  0.893 0.1428571492
72441  -31.259  -12.493  -3.591 0.1428571492
72452  -30.028  -11.944  -4.394 0.1428571492
73470  -33.657  -11.506  -2.778 0.1428571492
158489  -32.917  -11.720  -3.091 0.1428571492
73498  -32.341  -11.501  -3.524 0.1428571492
75495  -34.386  -9.676  -2.907 0.1428571492
74515  -33.340  -10.184  -3.167 0.1428571492
74542  -32.118  -10.276  -4.087 0.1428571492
76466  -37.101  -8.356  -2.818 0.1428571492
75497  -36.475  -8.923  -3.109 0.1428571492
76456  -37.208  -8.075  -2.200 0.1428571492
77443  -36.593  -7.270  -0.876 0.1428571492
77465  -36.826  -7.616  -2.607 0.1428571492
80518  -36.555  -4.815  0.810 0.1428571492
140598  -36.588  -6.715  -1.404 0.1428571492
72416  -34.045  -12.918  -2.548 0.1428571492
151386  -33.257  -12.361  -2.821 0.1428571492
72415  -32.459  -12.218  -3.225 0.1428571492
73500  -36.120  -11.257  -3.353 0.1428571492
140354  -35.113  -11.761  -2.680 0.1428571492
74487  -37.248  -9.513  -3.556 0.1428571492
73473  -36.532  -10.198  -3.511 0.1428571492
77432  -36.470  -7.078  0.138 0.1428571492
76457  -37.368  -8.553  -1.776 0.1428571492
73471  -34.595  -11.217  -2.640 0.1428571492
75526  -32.700  -9.815  -3.661 0.1428571492
75496  -35.255  -8.783  -2.978 0.1428571492
77480  -35.338  -6.872  -3.242 0.1428571492
78538  -32.476  -6.966  -5.421 0.1428571492
80542  -38.790  -3.807  0.515 0.1428571492
134126  -39.252  -2.488  -0.389 0.1428571492
81571  -36.930  -3.404  0.677 0.1428571492
81611  -35.194  -3.047  -1.741 0.1428571492
82558  -35.925  -2.704  0.149 0.1428571492
81653  -35.231  -3.414  -5.709 0.1428571492
84460  -34.410  -1.104  -5.086 0.1428571492
68544  -22.643  -16.766  -5.944 0.2857142985
78442  -36.787  -6.723  0.942 0.1428571492
79459  -37.863  -5.617  1.294 0.1428571492
81592  -39.529  -3.539  -0.055 0.1428571492
158962  -39.915  -2.346  -1.037 0.1428571492
90561  -27.967  5.010  -10.268 0.4285714328
83522  -38.794  -1.121  -0.920 0.1428571492
153266  -36.864  -1.726  0.108 0.1428571492
83521  -38.126  -1.460  -0.303 0.1428571492
84429  -35.375  -0.628  -0.804 0.1428571492
84431  -37.264  -0.587  -0.519 0.1428571492
84476  -33.950  -0.425  -5.415 0.1428571492
84511  -33.817  -0.306  -7.075 0.1428571492
94264  -26.349  9.800  -11.930 0.4285714328
96098  -25.875  11.250  -13.089 0.4285714328
97940  -25.384  13.336  -16.102 0.1428571492
94283  -26.205  9.745  -13.320 0.4285714328
68558  -23.059  -16.177  -6.485 0.2857142985
82646  -35.218  -2.348  -6.061 0.1428571492
75551  -31.607  -8.985  -4.873 0.1428571492
73522  -31.317  -11.272  -4.355 0.1428571492
148388  -31.555  -9.824  -4.706 0.1428571492
148275  -33.692  -5.239  -5.484 0.1428571492
85484  -33.561  0.620  -8.416 0.1428571492
81643  -35.281  -3.686  -5.035 0.1428571492
82630  -35.531  -3.089  -5.016 0.1428571492
83554  -34.877  -1.726  -5.579 0.1428571492
82608  -35.236  -2.399  -4.002 0.1428571492
136011  -34.424  -1.226  -3.361 0.1428571492
81626  -35.475  -3.282  -2.702 0.1428571492
151843  -34.708  -1.676  -1.549 0.1428571492
84450  -34.395  -1.134  -4.247 0.1428571492
146164  -33.937  0.299  -2.619 0.1428571492
83517  -34.946  -1.075  -0.964 0.1428571492
79533  -33.917  -5.897  -4.110 0.1428571492
79554  -34.483  -5.048  -4.329 0.1428571492
80610  -34.965  -4.303  -4.684 0.1428571492
80598  -35.746  -4.230  -3.507 0.1428571492
82581  -35.560  -2.303  -0.307 0.1428571492
81589  -35.521  -3.261  -0.207 0.1428571492
80582  -35.866  -4.022  -2.928 0.1428571492
83519  -36.550  -1.091  -0.249 0.1428571492
157205  -31.853  -10.058  -4.395 0.1428571492
137484  -32.369  -7.568  -4.844 0.1428571492
79534  -34.903  -5.462  -3.704 0.1428571492
79513  -36.227  -5.261  -2.668 0.1428571492
77479  -34.318  -7.197  -3.430 0.1428571492
80562  -35.696  -4.430  -1.405 0.1428571492
134531  -36.197  -5.016  -1.933 0.1428571492
79467  -35.769  -4.945  -0.139 0.1428571492
140990  -33.906  -8.010  -3.400 0.1428571492
76484  -33.493  -8.661  -3.466 0.1428571492
150473  -36.425  -6.121  -2.603 0.1428571492
147368  -36.128  -7.299  -3.026 0.1428571492
79495  -36.323  -6.073  -1.251 0.1428571492
79468  -36.163  -5.336  0.379 0.1428571492
73496  -30.914  -11.920  -4.149 0.1428571492
72442  -31.920  -12.149  -3.543 0.1428571492
74484  -34.007  -10.662  -2.782 0.1428571492
75528  -34.254  -8.731  -3.151 0.1428571492
145162  -34.248  -12.062  -2.597 0.1428571492
74485  -34.922  -10.335  -2.732 0.1428571492
76467  -37.496  -8.759  -2.497 0.1428571492
76445  -36.926  -8.060  -1.188 0.1428571492
157578  -36.895  -8.458  -0.277 0.1428571492
139756  -35.331  -9.529  -2.923 0.1428571492
73472  -35.458  -10.805  -2.875 0.1428571492
63462  -20.875  -22.662  -3.901 0.1428571492
146651  -21.343  -21.754  -3.671 0.1428571492
64531  -19.731  -20.780  -3.294 0.1428571492
64534  -21.310  -20.792  -3.544 0.1428571492
65483  -21.386  -19.832  -3.685 0.1428571492
65493  -21.785  -18.998  -4.142 0.1428571492
66441  -21.560  -18.513  -4.494 0.1428571492
67531  -21.830  -17.783  -5.072 0.1428571492
66442  -22.099  -18.366  -4.638 0.1428571492
150925  -22.358  -17.288  -5.456 0.1428571492
66439  -20.428  -18.197  -4.264 0.1428571492
67530  -21.131  -17.231  -5.038 0.1428571492
68543  -21.808  -16.795  -5.615 0.1428571492
156195  -20.860  -15.776  -5.582 0.1428571492
69607  -20.663  -15.182  -5.762 0.1428571492
70551  -22.155  -14.788  -6.761 0.1428571492
69617  -21.777  -15.293  -6.375 0.1428571492
71561  -21.679  -14.016  -6.944 0.2857142985
70559  -22.643  -14.304  -7.199 0.1428571492
71563  -23.405  -14.206  -7.510 0.1428571492
71574  -24.723  -14.059  -8.183 0.1428571492
72484  -21.970  -13.372  -7.385 0.2857142985
72503  -25.518  -12.677  -9.030 0.2857142985
77555  -25.680  -7.966  -9.003 0.4285714328
132938  -27.663  -7.541  -9.627 0.4285714328
88544  -27.330  3.433  -9.620 0.2857142985
88530  -25.842  4.062  -9.532 0.2857142985
89582  -27.799  4.347  -9.858 0.2857142985
92406  -23.883  7.575  -9.596 0.2857142985
93306  -25.454  8.446  -9.678 0.2857142985
94236  -26.144  9.134  -10.502 0.2857142985
148825  -22.579  -15.552  -6.637 0.1428571492
156647  -21.265  -13.380  -7.084 0.1428571492
71573  -22.778  -12.969  -7.650 0.2857142985
131629  -25.336  -13.572  -8.650 0.1428571492
65482  -20.779  -19.711  -3.811 0.1428571492
67518  -20.587  -17.540  -4.598 0.1428571492
68541  -20.417  -15.858  -5.287 0.1428571492
69616  -21.153  -14.986  -6.147 0.1428571492
70550  -21.367  -14.515  -6.523 0.1428571492
150711  -20.996  -13.779  -6.707 0.1428571492
72500  -21.827  -12.408  -7.736 0.2857142985
72501  -23.649  -12.744  -7.963 0.2857142985
131722  -22.686  -12.132  -7.966 0.2857142985
72502  -24.542  -12.651  -8.422 0.2857142985
158534  -25.326  -11.797  -8.900 0.2857142985
145970  -25.716  -10.197  -8.952 0.4285714328
139293  -26.085  -9.426  -9.053 0.4285714328
136685  -24.790  -7.874  -9.109 0.2857142985
87469  -24.610  2.570  -10.680 0.2857142985
88543  -26.210  3.237  -9.627 0.2857142985
88541  -24.341  3.382  -10.373 0.2857142985
89581  -24.877  4.055  -9.756 0.2857142985
90547  -26.495  5.691  -9.609 0.2857142985
91501  -24.535  6.279  -9.546 0.2857142985
91515  -22.929  6.418  -9.932 0.2857142985
92408  -25.895  7.688  -9.687 0.2857142985
73571  -24.589  -11.659  -8.546 0.2857142985
87470  -25.531  2.261  -10.254 0.2857142985
88542  -25.165  3.211  -9.932 0.2857142985
89580  -24.078  4.162  -10.137 0.2857142985
90557  -23.028  5.130  -10.246 0.2857142985
89569  -25.526  4.930  -9.503 0.2857142985
158907  -25.010  5.261  -9.525 0.2857142985
91516  -23.588  5.793  -9.747 0.2857142985
91502  -26.140  6.432  -9.603 0.2857142985
88539  -22.825  3.803  -10.886 0.2857142985
89579  -23.319  4.353  -10.435 0.2857142985
90558  -23.813  4.914  -9.872 0.2857142985
76584  -26.388  -8.623  -9.165 0.4285714328
74610  -26.216  -11.199  -9.477 0.4285714328
146597  -25.422  6.864  -9.561 0.2857142985
142183  -23.748  -13.653  -7.787 0.1428571492
69608  -21.353  -15.774  -5.872 0.1428571492
145559  -20.681  -21.550  -3.683 0.1428571492
65491  -20.942  -18.809  -4.283 0.1428571492
66440  -21.120  -18.028  -4.642 0.1428571492
68527  -20.320  -16.726  -4.776 0.1428571492
68542  -20.978  -16.372  -5.396 0.1428571492
72483  -21.169  -12.723  -7.417 0.2857142985
76583  -25.426  -8.601  -8.890 0.4285714328
143778  -24.539  7.020  -9.568 0.2857142985
75611  -24.760  -10.043  -8.631 0.4285714328
89578  -22.469  4.577  -10.666 0.2857142985
79618  -25.074  -5.831  -9.638 0.2857142985
78579  -25.677  -6.641  -9.267 0.2857142985
143559  -26.677  -4.701  -9.466 0.2857142985
101870  -26.346  18.291  -14.053 0.1428571492
101082  -26.248  17.539  -14.283 0.1428571492
100287  -24.809  16.878  -15.830 0.1428571492
145347  -24.493  16.076  -16.318 0.1428571492
98776  -23.850  15.112  -16.819 0.1428571492
101859  -26.864  18.529  -13.458 0.1428571492
100286  -24.172  16.789  -16.442 0.1428571492
101892  -23.192  18.641  -16.948 0.1428571492
105087  -25.181  22.242  -15.231 0.1428571492
134475  -25.988  -5.957  -9.301 0.2857142985
80684  -25.046  -4.882  -9.977 0.2857142985
136953  -25.373  15.141  -15.642 0.1428571492
100268  -26.614  16.733  -13.967 0.1428571492
134520  -25.016  16.066  -15.827 0.1428571492
98762  -24.658  15.454  -16.239 0.1428571492
101102  -23.387  17.745  -16.905 0.1428571492
101882  -25.126  18.399  -15.314 0.1428571492
103451  -25.353  20.701  -15.033 0.1428571492
144061  -24.217  19.122  -15.940 0.1428571492
103462  -23.624  20.958  -15.995 0.1428571492
104253  -24.005  21.823  -15.760 0.1428571492
102671  -23.683  19.996  -16.212 0.1428571492
99505  -23.705  16.205  -16.873 0.1428571492
100293  -23.046  17.373  -17.390 0.1428571492
77556  -26.485  -7.617  -9.166 0.2857142985
101081  -25.641  17.498  -14.916 0.1428571492
147936  -26.424  18.968  -13.917 0.1428571492
100278  -25.511  16.661  -15.234 0.1428571492
101092  -24.167  17.622  -16.271 0.1428571492
102644  -26.892  19.506  -13.477 0.1428571492
101881  -24.160  18.427  -16.103 0.1428571492
99487  -25.703  15.726  -15.183 0.1428571492
87482  -22.752  2.636  -11.712 0.1428571492
87468  -23.879  2.818  -11.041 0.1428571492
88556  -23.217  3.091  -11.264 0.1428571492
90556  -22.140  5.336  -10.508 0.1428571492
90570  -19.419  5.832  -11.643 0.1428571492
91527  -20.042  6.293  -11.346 0.1428571492
86462  -24.837  1.742  -11.098 0.1428571492
90555  -21.180  5.583  -10.807 0.1428571492
92417  -19.831  7.518  -10.871 0.1428571492
92404  -21.635  7.734  -10.135 0.1428571492
93318  -20.495  8.086  -10.423 0.2857142985
82698  -26.743  -2.315  -10.293 0.2857142985
81729  -24.672  -2.278  -11.303 0.1428571492
134563  -24.573  0.581  -12.054 0.1428571492
86478  -25.096  0.813  -11.457 0.1428571492
87484  -24.215  2.165  -11.628 0.1428571492
89638  -32.185  3.912  -15.456 0.1428571492
88555  -22.378  3.346  -11.404 0.1428571492
92420  -23.144  7.068  -9.752 0.1428571492
93304  -23.404  8.450  -9.607 0.1428571492
93303  -22.320  8.569  -9.780 0.1428571492
95128  -24.579  10.671  -9.810 0.2857142985
97887  -24.400  13.707  -10.865 0.2857142985
97007  -22.952  13.200  -10.070 0.2857142985
99462  -24.212  15.111  -11.742 0.2857142985
101028  -22.129  16.935  -9.957 0.1428571492
94235  -25.644  9.841  -10.248 0.2857142985
153732  -23.531  9.829  -9.567 0.2857142985
96083  -25.358  11.468  -10.704 0.2857142985
97019  -25.603  12.046  -13.050 0.2857142985
97010  -25.105  12.366  -10.868 0.2857142985
96081  -23.928  12.147  -9.986 0.2857142985
97902  -24.689  13.548  -13.580 0.2857142985
97009  -24.412  12.816  -10.464 0.2857142985
97008  -23.662  12.816  -10.116 0.2857142985
98748  -24.629  14.395  -13.039 0.2857142985
100247  -23.218  16.456  -11.800 0.1428571492
98723  -22.135  14.467  -10.034 0.2857142985
101839  -20.322  18.960  -11.994 0.1428571492
102614  -21.843  19.320  -11.026 0.1428571492
97003  -22.048  12.773  -9.797 0.1428571492
96075  -21.296  12.110  -9.681 0.1428571492
93302  -21.213  8.746  -10.059 0.2857142985
97885  -22.944  14.020  -10.295 0.2857142985
99461  -23.575  15.639  -11.423 0.1428571492
99452  -23.223  15.263  -10.793 0.2857142985
100246  -22.448  17.134  -11.450 0.1428571492
99451  -22.325  15.361  -10.174 0.1428571492
137654  -18.408  7.999  -11.012 0.2857142985
98716  -20.899  14.204  -9.426 0.1428571492
100219  -21.934  15.932  -8.856 0.1428571492
98717  -21.194  14.821  -9.275 0.1428571492
91499  -16.486  6.909  -9.332 0.1428571492
89637  -31.534  4.626  -15.300 0.1428571492
88572  -33.130  3.740  -12.824 0.1428571492
85519  -24.892  -0.063  -11.822 0.1428571492
86493  -22.481  1.431  -12.345 0.1428571492
89623  -31.891  4.440  -14.701 0.1428571492
87497  -23.069  1.940  -12.051 0.1428571492
88567  -20.402  3.392  -12.233 0.1428571492
89603  -20.710  3.970  -11.873 0.1428571492
89593  -21.092  4.453  -11.486 0.1428571492
90571  -20.054  5.669  -11.638 0.1428571492
91514  -21.933  6.175  -10.343 0.1428571492
92428  -18.751  7.292  -11.269 0.1428571492
92419  -22.344  6.997  -10.061 0.1428571492
93317  -19.494  8.436  -10.718 0.2857142985
94219  -22.752  10.097  -9.597 0.1428571492
95127  -23.637  10.630  -9.615 0.1428571492
96078  -24.212  11.367  -9.828 0.2857142985
96076  -22.314  11.808  -9.686 0.1428571492
98713  -20.601  14.301  -9.006 0.1428571492
97881  -20.835  13.559  -9.520 0.2857142985
98722  -21.562  14.727  -9.692 0.1428571492
99459  -22.276  16.219  -10.258 0.1428571492
100256  -22.845  17.231  -12.275 0.1428571492
100232  -22.077  16.073  -9.490 0.1428571492
100238  -22.179  16.626  -10.096 0.1428571492
89612  -32.685  4.033  -13.551 0.1428571492
89624  -32.460  3.969  -14.485 0.1428571492
89611  -31.994  4.598  -13.955 0.1428571492
97016  -25.215  12.802  -13.254 0.2857142985
101039  -22.080  17.531  -10.618 0.1428571492
98741  -24.691  14.466  -12.076 0.2857142985
98730  -23.901  14.998  -11.159 0.2857142985
99470  -23.881  15.817  -12.225 0.2857142985
100245  -22.261  17.039  -10.744 0.1428571492
101830  -20.900  18.948  -11.487 0.1428571492
95135  -26.136  10.525  -11.673 0.2857142985
84561  -25.218  -0.672  -11.541 0.1428571492
84560  -24.581  -0.762  -11.821 0.1428571492
158276  -25.470  11.623  -13.514 0.2857142985
159518  -25.466  1.390  -10.769 0.1428571492
137357  -33.447  3.425  -11.995 0.1428571492
145130  -25.845  11.269  -11.477 0.2857142985
93305  -24.468  8.437  -9.546 0.1428571492
94221  -25.002  9.311  -9.650 0.1428571492
87483  -23.594  2.435  -11.728 0.1428571492
88554  -21.506  3.634  -11.631 0.1428571492
89592  -20.357  4.836  -11.751 0.1428571492
88569  -21.902  2.861  -11.850 0.1428571492
87495  -21.486  2.373  -12.263 0.1428571492
90572  -20.716  5.222  -11.387 0.1428571492
91528  -20.468  5.808  -11.251 0.1428571492
91512  -20.088  6.819  -10.988 0.1428571492
153863  -21.458  6.869  -10.348 0.1428571492
86477  -24.461  1.384  -11.951 0.1428571492
92418  -20.676  7.187  -10.535 0.1428571492
92405  -22.796  7.721  -9.775 0.1428571492
86495  -24.089  0.892  -12.335 0.1428571492
141983  -23.957  9.207  -9.547 0.2857142985
94218  -21.842  9.569  -9.784 0.2857142985
148658  -24.870  11.234  -10.110 0.2857142985
95132  -25.797  10.632  -10.850 0.2857142985
94234  -24.991  10.102  -9.838 0.2857142985
98731  -24.364  14.448  -11.297 0.2857142985
97889  -24.885  13.799  -11.553 0.2857142985
97002  -21.024  12.880  -9.668 0.1428571492
98724  -23.716  14.418  -10.718 0.2857142985
101014  -22.341  16.482  -9.280 0.1428571492
96090  -25.829  11.748  -12.258 0.2857142985
96086  -25.553  12.050  -11.455 0.2857142985
97012  -24.965  13.125  -11.100 0.2857142985
97013  -25.344  12.698  -11.439 0.2857142985
97895  -25.124  13.609  -12.494 0.2857142985
99460  -22.758  16.233  -10.886 0.1428571492
102626  -20.827  19.992  -11.572 0.1428571492
95126  -22.585  10.937  -9.614 0.2857142985
72482  -20.577  -12.319  -7.394 0.1428571492
141280  -22.708  -11.437  -8.240 0.1428571492
73567  -20.069  -11.169  -7.958 0.1428571492
74590  -20.117  -10.413  -8.375 0.1428571492
74607  -20.514  -9.571  -8.840 0.1428571492
74592  -21.286  -10.732  -8.534 0.1428571492
75625  -20.792  -9.103  -9.197 0.1428571492
157305  -21.522  -10.317  -8.710 0.1428571492
74595  -24.233  -10.645  -8.514 0.1428571492
76579  -21.240  -8.473  -9.626 0.1428571492
147512  -23.206  -8.737  -9.261 0.1428571492
75629  -25.111  -9.328  -8.749 0.1428571492
77554  -23.766  -7.802  -9.528 0.1428571492
76582  -24.344  -8.553  -8.976 0.1428571492
76578  -20.583  -8.456  -9.409 0.1428571492
76595  -21.458  -7.852  -9.929 0.1428571492
149895  -24.491  -7.317  -9.479 0.1428571492
78600  -24.195  -6.240  -10.108 0.1428571492
156862  -24.971  -4.151  -10.324 0.1428571492
138767  -25.224  -3.472  -10.495 0.1428571492
93301  -20.145  9.038  -10.346 0.1428571492
74593  -22.266  -10.652  -8.554 0.1428571492
74596  -25.279  -11.029  -8.825 0.1428571492
72474  -20.233  -12.744  -6.910 0.1428571492
72481  -20.018  -11.951  -7.371 0.1428571492
156835  -20.770  -10.633  -8.477 0.1428571492
97882  -21.465  13.406  -9.759 0.1428571492
141817  -25.967  -3.250  -10.190 0.1428571492
148256  -25.275  -7.301  -9.209 0.1428571492
72499  -20.965  -11.846  -7.903 0.1428571492
135781  -23.440  -11.071  -8.357 0.1428571492
75610  -23.920  -9.939  -8.598 0.1428571492
78578  -24.744  -6.698  -9.592 0.1428571492
72498  -20.420  -11.656  -7.771 0.1428571492
73568  -20.966  -11.174  -8.305 0.1428571492
141709  -20.506  -11.020  -8.203 0.1428571492
74577  -19.675  -10.550  -8.107 0.1428571492
74591  -20.467  -10.215  -8.564 0.1428571492
75626  -21.494  -9.243  -9.257 0.1428571492
76580  -22.109  -8.677  -9.588 0.1428571492
134447  -22.404  -9.356  -9.146 0.1428571492
156545  -22.596  -9.949  -8.804 0.1428571492
76581  -22.684  -8.030  -9.847 0.1428571492
76594  -20.921  -7.885  -9.764 0.1428571492
75627  -23.243  -9.581  -8.853 0.1428571492
77574  -23.111  -7.332  -10.221 0.1428571492
76577  -20.056  -8.405  -9.185 0.1428571492
72473  -19.640  -12.551  -6.777 0.1428571492
64510  -23.578  -19.978  -1.420 0.4285714328
64533  -20.906  -20.529  -3.693 0.1428571492
65463  -24.275  -19.364  -1.037 0.1428571492
65492  -21.304  -19.166  -4.119 0.1428571492
66406  -24.473  -18.528  -1.275 0.1428571492
66407  -25.120  -18.212  -1.059 0.1428571492
67497  -25.156  -17.019  -1.808 0.1428571492
67532  -22.517  -17.763  -4.978 0.2857142985
68515  -23.919  -16.874  -4.022 0.4285714328
69620  -24.342  -15.422  -6.723 0.5714285970
70560  -23.555  -14.820  -7.378 0.2857142985
71540  -26.577  -13.503  -4.562 0.1428571492
71562  -22.898  -13.688  -7.466 0.1428571492
72414  -31.941  -12.747  -3.249 0.1428571492
72417  -34.761  -12.529  -2.567 0.1428571492
72418  -35.475  -12.405  -2.873 0.1428571492
72451  -28.542  -12.237  -4.717 0.1428571492
72463  -27.796  -12.365  -5.223 0.1428571492
72505  -27.072  -12.986  -9.146 0.5714285970
73499  -33.096  -11.027  -3.120 0.1428571492
73569  -21.745  -11.500  -8.213 0.1428571492
73570  -23.603  -11.924  -8.216 0.2857142985
73581  -25.928  -12.010  -9.356 0.2857142985
74486  -35.922  -9.835  -3.100 0.1428571492
74513  -31.921  -11.007  -4.012 0.1428571492
74594  -23.273  -10.285  -8.587 0.1428571492
74608  -20.998  -9.967  -8.821 0.1428571492
74609  -21.822  -9.903  -8.885 0.1428571492
74613  -28.333  -11.366  -10.501 0.5714285970
75498  -37.540  -9.013  -3.118 0.1428571492
75566  -31.079  -9.513  -5.272 0.2857142985
75628  -24.068  -9.309  -8.765 0.1428571492
76433  -36.670  -7.858  -0.119 0.1428571492
76587  -30.380  -9.557  -11.240 0.7142857313
76596  -21.872  -8.103  -9.891 0.1428571492
76597  -30.814  -9.197  -11.493 0.7142857313
77454  -36.944  -7.234  -1.933 0.1428571492
77464  -36.150  -6.626  -3.004 0.1428571492
77523  -32.028  -7.547  -5.526 0.2857142985
77527  -31.536  -7.923  -6.087 0.2857142985
77573  -22.117  -7.537  -10.330 0.1428571492
78432  -37.442  -6.303  1.299 0.1428571492
78441  -36.330  -6.215  0.339 0.1428571492
78454  -36.324  -6.543  -0.587 0.1428571492
78464  -36.427  -5.669  -1.956 0.1428571492
79469  -37.449  -4.934  1.158 0.1428571492
79619  -25.851  -5.178  -9.495 0.2857142985
79640  -32.207  -6.442  -12.320 0.7142857313
80541  -35.649  -4.572  -0.619 0.1428571492
80624  -34.151  -4.584  -5.935 0.2857142985
80625  -34.803  -4.076  -5.475 0.1428571492
80655  -34.425  -4.223  -8.378 0.2857142985
80671  -28.488  -5.016  -9.752 0.5714285970
80702  -33.096  -4.287  -13.478 0.7142857313
81570  -36.085  -3.518  0.362 0.1428571492
81590  -37.914  -3.550  0.684 0.1428571492
81591  -38.604  -3.012  0.269 0.1428571492
81612  -35.334  -3.585  -1.120 0.1428571492
81636  -35.676  -3.514  -3.538 0.1428571492
81697  -26.692  -3.004  -9.986 0.1428571492
81699  -27.934  -3.526  -9.644 0.4285714328
81713  -30.467  -3.971  -10.842 0.5714285970
81742  -32.707  -4.016  -13.575 0.7142857313
82580  -35.051  -1.890  -0.817 0.1428571492
82583  -39.427  -1.766  -0.955 0.1428571492
82629  -35.287  -2.445  -5.324 0.1428571492
82687  -28.958  -2.927  -9.852 0.7142857313
82699  -27.361  -2.047  -10.175 0.5714285970
82717  -31.902  -2.982  -11.977 0.7142857313
82739  -33.451  -3.328  -14.268 0.7142857313
83506  -36.139  -1.945  0.023 0.1428571492
83520  -37.404  -1.252  -0.189 0.1428571492
83581  -34.684  -1.729  -7.122 0.2857142985
83638  -25.562  -1.466  -11.164 0.2857142985
83657  -32.978  -2.784  -14.296 0.8571428657
83677  -34.080  -2.130  -15.339 0.8571428657
84491  -33.894  -0.335  -6.224 0.1428571492
84543  -28.420  -0.690  -10.272 0.5714285970
84546  -31.330  -0.792  -10.873 0.7142857313
84562  -25.903  -0.591  -11.173 0.1428571492
84563  -32.118  -1.353  -12.446 1.0000000000
84580  -34.497  -0.608  -12.915 0.5714285970
84596  -33.919  -1.277  -15.819 0.8571428657
84597  -34.195  -1.509  -15.530 0.8571428657
84606  -33.703  -0.386  -16.131 0.8571428657
85503  -25.861  0.711  -10.815 0.2857142985
85504  -27.197  0.066  -10.414 0.5714285970
85506  -29.619  0.886  -10.263 0.5714285970
85573  -33.594  0.317  -16.293 0.7142857313
85580  -32.881  0.867  -16.636 0.7142857313
86463  -28.892  1.459  -10.047 0.5714285970
86465  -30.148  2.052  -10.936 0.8571428657
86476  -23.906  1.764  -12.183 0.1428571492
86482  -34.341  1.000  -12.442 0.4285714328
86494  -23.356  1.178  -12.358 0.1428571492
86499  -34.340  1.519  -13.009 0.2857142985
86521  -31.114  1.707  -15.536 1.0000000000
86524  -34.393  0.723  -15.126 0.4285714328
87471  -26.680  2.440  -9.735 0.2857142985
87473  -29.090  2.346  -10.193 0.4285714328
87487  -33.886  2.014  -11.358 0.1428571492
87496  -22.242  2.156  -12.106 0.1428571492
87546  -29.450  2.887  -17.191 0.7142857313
87548  -30.655  2.095  -16.549 0.7142857313
87550  -33.172  1.691  -16.744 0.5714285970
87556  -30.839  2.478  -17.645 0.4285714328
87557  -31.521  2.428  -17.618 0.2857142985
87558  -32.070  2.046  -17.429 0.4285714328
88531  -26.880  4.194  -9.555 0.2857142985
88540  -23.609  3.569  -10.689 0.2857142985
88568  -21.120  3.141  -12.105 0.1428571492
88579  -29.138  3.775  -14.153 0.8571428657
88581  -33.049  3.452  -14.244 0.1428571492
88607  -33.136  2.808  -15.755 0.2857142985
88616  -31.878  3.287  -17.410 0.4285714328
88617  -32.449  2.842  -17.022 0.4285714328
88623  -29.343  3.364  -17.864 0.5714285970
88624  -30.736  3.081  -18.136 0.4285714328
88630  -29.266  3.936  -18.323 0.2857142985
89568  -24.602  4.773  -9.646 0.2857142985
89570  -26.450  4.818  -9.534 0.4285714328
89594  -21.962  4.099  -11.152 0.1428571492
89635  -27.553  4.190  -15.982 0.7142857313
90545  -24.479  5.471  -9.576 0.2857142985
90559  -27.271  5.898  -9.928 0.7142857313
90573  -21.544  4.852  -10.947 0.1428571492
90625  -26.724  4.495  -16.441 0.7142857313
90633  -25.613  5.419  -17.889 0.1428571492
91500  -23.770  6.686  -9.644 0.2857142985
91513  -20.754  6.337  -10.712 0.1428571492
91529  -27.205  7.007  -10.677 0.5714285970
91549  -27.116  6.615  -14.293 0.8571428657
91550  -27.494  6.040  -14.227 0.8571428657
91570  -25.151  6.193  -16.847 0.1428571492
91586  -24.466  7.026  -18.191 0.1428571492
92407  -24.988  7.679  -9.558 0.2857142985
92416  -19.059  7.825  -11.098 0.2857142985
92430  -27.392  7.264  -11.888 0.5714285970
92438  -27.102  7.934  -12.216 0.8571428657
92462  -26.135  7.011  -15.192 0.8571428657
92469  -23.398  7.944  -17.193 0.2857142985
92470  -24.175  7.544  -16.838 0.2857142985
92477  -23.102  7.684  -17.958 0.2857142985
92483  -23.163  7.665  -18.054 0.1428571492
93320  -26.542  8.415  -10.784 0.4285714328
93344  -26.631  8.430  -13.377 1.0000000000
93384  -24.205  8.502  -18.661 0.1428571492
94220  -24.302  9.959  -9.646 0.2857142985
94247  -26.143  9.868  -11.059 0.4285714328
94265  -26.555  9.137  -12.213 0.4285714328
94316  -22.006  9.888  -17.348 0.2857142985
94339  -23.643  8.990  -18.482 0.2857142985
95131  -25.254  10.673  -10.218 0.2857142985
95158  -25.817  10.428  -13.595 0.5714285970
95203  -25.900  10.485  -16.844 0.1428571492
96077  -23.316  11.540  -9.715 0.1428571492
96082  -24.686  11.909  -10.295 0.2857142985
96097  -25.114  12.017  -13.806 0.2857142985
96132  -20.400  12.117  -17.454 0.4285714328
96133  -20.714  11.634  -17.287 0.5714285970
96151  -21.547  11.027  -17.573 0.1428571492
97004  -23.063  12.375  -9.865 0.1428571492
97017  -25.532  12.639  -12.251 0.2857142985
97056  -20.126  12.632  -17.410 0.2857142985
97057  -20.762  11.793  -16.804 0.4285714328
97072  -20.272  12.589  -17.762 0.2857142985
97073  -20.640  12.566  -18.051 0.2857142985
97884  -21.433  14.046  -9.729 0.2857142985
97886  -23.745  13.512  -10.391 0.2857142985
97890  -25.266  13.213  -11.740 0.2857142985
97924  -25.862  13.548  -15.651 0.1428571492
97936  -19.958  13.190  -17.752 0.2857142985
97937  -19.891  13.491  -17.437 0.2857142985
98747  -24.153  15.130  -13.574 0.5714285970
98772  -19.846  14.000  -17.898 0.2857142985
98786  -20.173  15.755  -18.295 0.2857142985
99450  -21.924  15.542  -9.644 0.1428571492
99515  -21.670  17.122  -18.262 0.2857142985
100279  -26.033  16.911  -14.595 0.1428571492
100290  -20.603  17.581  -18.073 0.2857142985
101049  -21.830  17.651  -11.928 0.1428571492
101093  -24.949  17.528  -15.587 0.1428571492
102659  -26.200  19.650  -14.169 0.1428571492
102670  -22.794  20.301  -16.421 0.2857142985
103460  -22.281  20.430  -15.565 0.2857142985
104244  -20.453  21.428  -12.485 0.1428571492
104251  -25.309  21.496  -15.137 0.1428571492
134527  -33.671  -0.264  -9.652 0.4285714328
135574  -21.793  1.745  -12.381 0.1428571492
136961  -22.751  5.783  -10.175 0.2857142985
138249  -19.628  6.241  -11.486 0.1428571492
138451  -27.127  20.321  -13.291 0.1428571492
138927  -26.124  16.186  -14.620 0.1428571492
139152  -34.608  -0.580  -14.426 0.5714285970
139308  -25.866  18.122  -14.601 0.1428571492
139545  -25.762  9.047  -9.916 0.1428571492
139783  -28.246  -10.846  -10.685 0.5714285970
141197  -21.775  -20.181  -3.273 0.2857142985
141744  -24.432  -13.365  -8.217 0.1428571492
142214  -35.653  -4.138  -0.022 0.1428571492
142524  -26.232  1.529  -10.234 0.1428571492
142601  -34.846  -2.031  -3.263 0.1428571492
142669  -26.954  -1.071  -10.671 0.4285714328
144065  -26.398  9.654  -12.651 0.4285714328
144641  -35.080  -2.154  -4.362 0.1428571492
144895  -22.061  11.681  -17.679 0.2857142985
144899  -22.135  13.671  -9.967 0.2857142985
146547  -22.969  9.275  -9.601 0.2857142985
146772  -34.568  -0.328  -13.535 0.4285714328
148558  -22.861  14.743  -10.422 0.2857142985
149167  -31.716  4.199  -16.057 0.4285714328
150527  -35.058  -2.279  -6.688 0.2857142985
151892  -26.255  7.050  -9.701 0.4285714328
152884  -21.781  9.967  -16.995 0.4285714328
153056  -35.999  -4.553  -2.377 0.1428571492
153698  -34.936  -2.350  -1.414 0.1428571492
153731  -33.555  1.127  -9.125 0.1428571492
154410  -35.396  -2.879  -5.750 0.1428571492
154623  -28.589  2.804  -9.960 0.4285714328
154970  -27.867  5.995  -11.014 0.7142857313
155019  -26.059  11.062  -12.231 0.2857142985
155168  -32.325  1.197  -16.654 0.7142857313
155831  -31.167  2.115  -17.361 0.4285714328
156012  -28.114  -8.449  -10.152 0.5714285970
156149  -36.034  -4.611  -2.995 0.1428571492
156539  -29.224  -12.207  -4.398 0.1428571492
157237  -25.297  -1.908  -11.144 0.4285714328
157645  -30.759  -0.106  -10.552 0.5714285970
158349  -34.133  -2.516  -15.067 0.8571428657
158500  -33.785  -1.727  -9.593 0.4285714328
158964  -32.570  -12.839  -2.993 0.1428571492
159170  -23.220  19.438  -16.715 0.1428571492
159201  -24.685  9.168  -15.255 0.7142857313
159649  -33.713  2.818  -11.482 0.1428571492
