#Insight Transform File V1.0
#Transform 0
Transform: AffineTransform_float_3_3
Parameters: 1 -9.83931e-07 -5.01722e-07 9.83938e-07 1 9.93881e-06 5.01701e-07 -9.93883e-06 1 0.00338296 0.0241635 0.0464927
FixedParameters: 0 0 0

#Transform 1
Transform: AffineTransform_float_3_3
Parameters: 1 -4.69395e-05 4.09362e-05 4.68618e-05 0.999999 0.000947236 -4.10253e-05 -0.000947235 0.999999 -0.000980818 -0.12636 0.020736
FixedParameters: 0 0 0

#Transform 2
Transform: AffineTransform_float_3_3
Parameters: 1 3.93575e-07 2.00683e-07 -3.93572e-07 1 -3.97552e-06 -2.00686e-07 3.97553e-06 1 -0.0146798 -0.0870908 -0.0314092
FixedParameters: 0 0 0

#Transform 3
Transform: AffineTransform_float_3_3
Parameters: 1 -0.00012438 -0.000179025 0.000124528 1 0.000414287 0.000178922 -0.000414333 1 0.00477052 -0.0715289 -0.0501568
FixedParameters: 0 0 0

#Transform 4
Transform: AffineTransform_float_3_3
Parameters: 1 1.59411e-05 8.12517e-06 -1.59384e-05 1 -0.000161009 -8.13029e-06 0.000161009 1 -0.0115424 -0.0602014 -0.0609711
FixedParameters: 0 0 0

#Transform 5
Transform: AffineTransform_float_3_3
Parameters: 1 -2.84316e-05 -1.45077e-05 2.84398e-05 1 0.000287231 1.44913e-05 -0.000287233 1 -0.016427 -0.0612046 -0.0481758
FixedParameters: 0 0 0

#Transform 6
Transform: AffineTransform_float_3_3
Parameters: 1 -1.91849e-05 -9.78711e-06 1.91886e-05 1 0.000193807 9.77965e-06 -0.000193807 1 -0.0100498 -0.0655726 -0.0308881
FixedParameters: 0 0 0

#Transform 7
Transform: AffineTransform_float_3_3
Parameters: 1 -5.4115e-06 -2.75971e-06 5.41178e-06 1 5.46634e-05 2.75912e-06 -5.46636e-05 1 -0.0320996 -0.0474312 -0.0379793
FixedParameters: 0 0 0

#Transform 8
Transform: AffineTransform_float_3_3
Parameters: 1 9.65409e-05 -6.98276e-05 -9.6514e-05 1 0.000192176 6.98648e-05 -0.000192163 1 -0.0144953 -0.107376 -0.00846495
FixedParameters: 0 0 0

#Transform 9
Transform: AffineTransform_float_3_3
Parameters: 1 1.67271e-06 8.52883e-07 -1.67267e-06 1 -1.6896e-05 -8.52937e-07 1.6896e-05 1 -0.0358724 -0.0551369 -0.0516521
FixedParameters: 0 0 0

#Transform 10
Transform: AffineTransform_float_3_3
Parameters: 1 -4.0628e-05 -2.07374e-05 4.06449e-05 1 0.000410472 2.0704e-05 -0.000410475 1 -0.0206313 -0.0740957 -0.00639789
FixedParameters: 0 0 0

#Transform 11
Transform: AffineTransform_float_3_3
Parameters: 1 9.60719e-05 -0.000308321 -9.62215e-05 1 -0.000242461 0.000308275 0.000242521 1 -0.0384224 -0.0411163 -0.0363186
FixedParameters: 0 0 0

#Transform 12
Transform: AffineTransform_float_3_3
Parameters: 1 -0.000446332 -0.0010409 0.000447156 1 0.000319726 0.00104053 -0.000319845 1 0.00992991 -0.104204 0.00600182
FixedParameters: 0 0 0

#Transform 13
Transform: AffineTransform_float_3_3
Parameters: 1 -0.000232144 -0.000416318 0.000232287 1 0.000172224 0.000416238 -0.000172417 1 -0.00892937 -0.085649 -0.127817
FixedParameters: 0 0 0

#Transform 14
Transform: AffineTransform_float_3_3
Parameters: 1 0.000285339 -0.000269519 -0.000285519 1 -0.000335408 0.000269328 0.000335563 1 -0.0214321 -0.0373431 -0.12691
FixedParameters: 0 0 0

#Transform 15
Transform: AffineTransform_float_3_3
Parameters: 1 0.000187901 -0.000501011 -0.000188457 1 -0.000554916 0.000500803 0.000555106 0.999999 0.0407213 -0.117667 -0.0502965
FixedParameters: 0 0 0

#Transform 16
Transform: AffineTransform_float_3_3
Parameters: 0.999999 0.000707898 -0.000446898 -0.000707879 0.999999 -0.000500521 0.000447061 0.000501154 0.999999 0.0212889 0.0124699 0.129819
FixedParameters: 0 0 0

#Transform 17
Transform: AffineTransform_float_3_3
Parameters: 1 0.000470892 -0.000145911 -0.000470574 1 -0.000509059 0.000146303 0.000509197 1 0.0134221 -0.048807 0.101135
FixedParameters: 0 0 0

#Transform 18
Transform: AffineTransform_float_3_3
Parameters: 1 0.000332357 -0.000213593 -0.000332329 1 6.5454e-05 0.000213637 -6.53121e-05 1 -0.0360792 -0.0422947 -0.0704731
FixedParameters: 0 0 0

#Transform 19
Transform: AffineTransform_float_3_3
Parameters: 1 1.61186e-05 7.18463e-05 -1.61123e-05 1 -4.30743e-05 -7.18477e-05 4.30721e-05 1 -0.0383742 -0.0742263 -0.0169533
FixedParameters: 0 0 0

#Transform 20
Transform: AffineTransform_float_3_3
Parameters: 1 0.000275245 -8.17472e-05 -0.000275221 1 0.000140862 8.18251e-05 -0.000140817 1 -0.0416669 -0.0506022 -0.0555891
FixedParameters: 0 0 0

#Transform 21
Transform: AffineTransform_float_3_3
Parameters: 1 0.00018703 -0.00029443 -0.000186229 1 -9.87847e-05 0.000294055 9.82194e-05 1 -0.0269138 -0.082848 -0.010171
FixedParameters: 0 0 0

#Transform 22
Transform: AffineTransform_float_3_3
Parameters: 1 8.38461e-05 -0.000237886 -8.38747e-05 1 -6.00308e-05 0.000237876 6.00709e-05 1 -0.0302184 -0.0710322 -0.0296357
FixedParameters: 0 0 0

#Transform 23
Transform: AffineTransform_float_3_3
Parameters: 1 2.58673e-05 7.68103e-05 -2.58455e-05 1 -0.000141469 -7.68176e-05 0.000141466 1 -0.0381974 -0.0753333 -0.0157328
FixedParameters: 0 0 0

#Transform 24
Transform: AffineTransform_float_3_3
Parameters: 1 -1.76638e-06 -0.000470742 1.53221e-06 1 -0.000248299 0.000470743 0.000248299 1 -0.0315571 -0.039035 -0.0321307
FixedParameters: 0 0 0

#Transform 25
Transform: AffineTransform_float_3_3
Parameters: 1 0.000232615 -8.96973e-05 -0.000232536 1 0.000437073 8.99009e-05 -0.000437032 1 -0.0359234 -0.0852811 -0.0142028
FixedParameters: 0 0 0

#Transform 26
Transform: AffineTransform_float_3_3
Parameters: 1 0.000285503 3.04281e-05 -0.000285541 1 -0.00101357 -3.0811e-05 0.00101357 1 -0.0336324 -0.0189824 0.0482043
FixedParameters: 0 0 0

#Transform 27
Transform: AffineTransform_float_3_3
Parameters: 1 0.000299866 -9.20936e-05 -0.000299844 1 0.000116622 9.21639e-05 -0.000116567 1 -0.0368114 -0.0719589 -0.0191426
FixedParameters: 0 0 0

#Transform 28
Transform: AffineTransform_float_3_3
Parameters: 1 2.4326e-06 6.48734e-05 -2.44488e-06 1 9.50761e-05 -6.4873e-05 -9.50767e-05 1 -0.0352053 -0.0536927 -0.0175993
FixedParameters: 0 0 0

#Transform 29
Transform: AffineTransform_float_3_3
Parameters: 1 0.000170124 -2.36259e-05 -0.000170119 1 0.000107212 2.36625e-05 -0.000107205 1 -0.0388928 -0.0600921 -0.02526
FixedParameters: 0 0 0

#Transform 30
Transform: AffineTransform_float_3_3
Parameters: 1 -1.48408e-06 -0.000203775 1.47349e-06 1 -2.55256e-05 0.000203775 2.5525e-05 1 -0.0311497 -0.0707603 -0.00381063
FixedParameters: 0 0 0

#Transform 31
Transform: AffineTransform_float_3_3
Parameters: 1 8.31799e-05 3.36868e-05 -8.3179e-05 1 -1.11968e-05 -3.36887e-05 1.11912e-05 1 -0.0415881 -0.0390931 -0.0354089
FixedParameters: 0 0 0

#Transform 32
Transform: AffineTransform_float_3_3
Parameters: 1 2.4326e-06 6.48734e-05 -2.44488e-06 1 9.50761e-05 -6.4873e-05 -9.50767e-05 1 -0.00977366 -0.0708613 0.00312677
FixedParameters: 0 0 0

#Transform 33
Transform: AffineTransform_float_3_3
Parameters: 1 -3.8505e-05 -3.12808e-05 3.85023e-05 1 -4.06076e-05 3.1284e-05 4.06053e-05 1 -0.02637 -0.0538586 -0.0357179
FixedParameters: 0 0 0

#Transform 34
Transform: AffineTransform_float_3_3
Parameters: 1 2.91171e-05 7.84645e-05 -2.90896e-05 1 -0.000174268 -7.84747e-05 0.000174264 1 -0.00692323 -0.0359445 0.0669517
FixedParameters: 0 0 0

#Transform 35
Transform: AffineTransform_float_3_3
Parameters: 1 0.000100049 0.000114504 -9.98444e-05 0.999999 -0.00088987 -0.000114682 0.00088985 0.999999 -0.0154345 0.0186998 0.0438645
FixedParameters: 0 0 0

#Transform 36
Transform: AffineTransform_float_3_3
Parameters: 1 2.94125e-05 7.86149e-05 -2.93845e-05 1 -0.000177249 -7.86253e-05 0.000177245 1 -0.0193262 -0.0415043 0.0617225
FixedParameters: 0 0 0

#Transform 37
Transform: AffineTransform_float_3_3
Parameters: 1 0.00010951 0.000119301 -0.000109274 0.999999 -0.000985284 -0.000119517 0.000985261 0.999999 -0.0321009 0.0182554 -0.00628205
FixedParameters: 0 0 0

#Transform 38
Transform: AffineTransform_float_3_3
Parameters: 1 5.52044e-05 0.000160577 -5.52247e-05 1 6.38708e-05 -0.00016057 -6.38887e-05 1 -0.0205133 -0.0539098 0.0830267
FixedParameters: 0 0 0

#Transform 39
Transform: AffineTransform_float_3_3
Parameters: 1 2.16329e-05 7.46544e-05 -2.1618e-05 1 -9.87321e-05 -7.46588e-05 9.87291e-05 1 -0.0243166 0.0165403 0.0567937
FixedParameters: 0 0 0

#Transform 40
Transform: AffineTransform_float_3_3
Parameters: 1 0.000160516 0.0002686 -0.000160192 1 -0.000600457 -0.000268793 0.000600372 1 -0.0349309 -0.00725106 0.0475661
FixedParameters: 0 0 0

#Transform 41
Transform: AffineTransform_float_3_3
Parameters: 1 0.000127006 0.00012829 -0.000126807 1 -0.00116219 -0.000128389 0.00116218 1 -0.0382288 0.000612281 0.022639
FixedParameters: 0 0 0

#Transform 42
Transform: AffineTransform_float_3_3
Parameters: 1 0.000128356 -0.000575524 -0.000128146 1 0.000182935 0.000575571 -0.000182788 1 -0.0176851 -0.0682105 -0.00296838
FixedParameters: 0 0 0

#Transform 43
Transform: AffineTransform_float_3_3
Parameters: 1 0.000142188 0.000135977 -0.00014193 0.999999 -0.00131526 -0.000136155 0.00131523 0.999999 -0.049523 0.0168959 0.013587
FixedParameters: 0 0 0

#Transform 44
Transform: AffineTransform_float_3_3
Parameters: 1 0.000374747 0.000381397 -0.00037471 1 -4.74253e-05 -0.000381432 4.71396e-05 1 -0.0407576 -0.0254853 0.0900703
FixedParameters: 0 0 0

#Transform 45
Transform: AffineTransform_float_3_3
Parameters: 1 0.000149904 3.74209e-05 -0.000149875 1 -0.000388755 -3.75373e-05 0.000388745 1 -0.0352293 -0.00561195 0.0433427
FixedParameters: 0 0 0

#Transform 46
Transform: AffineTransform_float_3_3
Parameters: 0.999999 0.000640612 0.00048056 -0.000640664 1 5.41685e-05 -0.00048049 -5.47843e-05 1 -0.0580951 -0.0224207 0.0799392
FixedParameters: 0 0 0

#Transform 47
Transform: AffineTransform_float_3_3
Parameters: 1 0.000443596 0.000262349 -0.00044348 0.999999 -0.00118753 -0.000261888 0.00118742 0.999999 -0.0507547 0.000413848 0.00428902
FixedParameters: 0 0 0

#Transform 48
Transform: AffineTransform_float_3_3
Parameters: 1 0.000531603 0.000299965 -0.00053172 1 0.000195393 -0.000299757 -0.000195712 1 -0.0475545 -0.0121061 0.083652
FixedParameters: 0 0 0

#Transform 49
Transform: AffineTransform_float_3_3
Parameters: 1 0.000229344 0.000310004 -0.000228669 0.999999 -0.0012466 -0.00031038 0.00124647 0.999999 -0.0558014 0.0299915 0.0335065
FixedParameters: 0 0 0

#Transform 50
Transform: AffineTransform_float_3_3
Parameters: 1 -0.000288838 -0.0010278 0.00028707 0.999999 -0.000936528 0.00102826 0.000936751 0.999999 -0.0163252 -0.0989842 0.0606737
FixedParameters: 0 0 0

#Transform 51
Transform: AffineTransform_float_3_3
Parameters: 1 0.000809568 0.000728303 -0.000809706 1 0.000215113 -0.000728147 -0.000214915 1 -0.0802679 0.0126576 0.0539201
FixedParameters: 0 0 0

#Transform 52
Transform: AffineTransform_float_3_3
Parameters: 1 0.000399607 -0.000275811 -0.000399712 1 -0.000190566 0.000275659 0.000190787 1 -0.043388 -0.044067 -0.0540495
FixedParameters: 0 0 0

#Transform 53
Transform: AffineTransform_float_3_3
Parameters: 1 0.000572761 0.000328985 -0.000573311 1 -0.000468323 -0.000329182 0.000468622 0.999999 -0.0548208 -0.0308395 0.0797782
FixedParameters: 0 0 0

#Transform 54
Transform: AffineTransform_float_3_3
Parameters: 1 0.0003804 -0.000318885 -0.000380423 1 -3.56657e-05 0.000318858 3.59084e-05 1 -0.0386053 -0.0512901 -0.0297956
FixedParameters: 0 0 0

#Transform 55
Transform: AffineTransform_float_3_3
Parameters: 1 -1.28424e-05 -0.000568524 1.27425e-05 1 -8.73236e-05 0.000568527 8.73093e-05 1 -0.0224949 -0.0927983 0.0109411
FixedParameters: 0 0 0

#Transform 56
Transform: AffineTransform_float_3_3
Parameters: 1 0.000227241 -0.000511903 -0.000227889 1 0.000220212 0.000512453 -0.000219869 1 -0.0195829 -0.067937 -0.0328314
FixedParameters: 0 0 0

#Transform 57
Transform: AffineTransform_float_3_3
Parameters: 1 0.000380518 -0.000146528 -0.000380523 1 -1.69587e-05 0.000146515 1.70703e-05 1 -0.0388512 -0.0501766 -0.016247
FixedParameters: 0 0 0

#Transform 58
Transform: AffineTransform_float_3_3
Parameters: 1 0.000329783 -5.2098e-05 -0.000329771 1 0.000104489 5.21673e-05 -0.000104454 1 -0.0331913 -0.0528214 -0.0370455
FixedParameters: 0 0 0

#Transform 59
Transform: AffineTransform_float_3_3
Parameters: 1 0.00051617 0.000267357 -0.000516094 1 -0.000139791 -0.000267501 0.000139515 1 -0.0165742 -0.0740881 0.0882153
FixedParameters: 0 0 0

#Transform 60
Transform: AffineTransform_float_3_3
Parameters: 1 5.44135e-05 -0.000558917 -5.51265e-05 1 -0.000637519 0.000558848 0.000637582 0.999999 -0.00504957 -0.0420224 -0.0246135
FixedParameters: 0 0 0

#Transform 61
Transform: AffineTransform_float_3_3
Parameters: 1 0.000359069 -1.44454e-05 -0.00035908 1 -0.000415925 1.41471e-05 0.000415937 1 -0.0111178 -0.0486784 0.084217
FixedParameters: 0 0 0

#Transform 62
Transform: AffineTransform_float_3_3
Parameters: 1 0.00027548 -0.000150859 -0.000275637 0.999999 0.00135488 0.00015093 -0.00135479 0.999999 -0.00775816 -0.0773314 0.0280619
FixedParameters: 0 0 0

#Transform 63
Transform: AffineTransform_float_3_3
Parameters: 1 0.000347338 9.37566e-05 -0.000348044 0.999999 -0.00141873 -9.40992e-05 0.00141879 0.999999 -0.0185735 -0.0349732 0.0569436
FixedParameters: 0 0 0

#Transform 64
Transform: AffineTransform_float_3_3
Parameters: 1 -0.000137724 -0.000378622 0.000137991 0.999999 -0.000801563 0.000378396 0.000801351 0.999999 -0.0407394 -0.152998 -0.0581854
FixedParameters: 0 0 0

#Transform 65
Transform: AffineTransform_float_3_3
Parameters: 1 0.000114156 0.00018755 -0.0001141 1 -0.000146276 -0.000187584 0.000146234 1 -0.040021 -0.132304 -0.0801017
FixedParameters: 0 0 0

#Transform 66
Transform: AffineTransform_float_3_3
Parameters: 1 0.000518044 -0.000143019 -0.000518019 1 3.48651e-05 0.000142947 -3.41516e-05 1 -0.0336332 0.0192623 -0.0993767
FixedParameters: 0 0 0

#Transform 67
Transform: AffineTransform_float_3_3
Parameters: 1 -0.000147122 -0.000484112 0.000146759 1 -0.000374108 0.000484223 0.000373967 1 -0.000328139 -0.0391785 -0.0400493
FixedParameters: 0 0 0

#Transform 68
Transform: AffineTransform_float_3_3
Parameters: 1 -0.000134621 -0.000569364 0.00013472 1 8.76441e-05 0.000569341 -8.77976e-05 1 0.00182446 -0.0716552 -0.0478729
FixedParameters: 0 0 0

#Transform 69
Transform: AffineTransform_float_3_3
Parameters: 1 0.000186019 -0.000235955 -0.000185983 1 7.69769e-05 0.000235985 -7.68893e-05 1 -0.00457793 -0.0768593 -0.0774371
FixedParameters: 0 0 0

#Transform 70
Transform: AffineTransform_float_3_3
Parameters: 1 0.000127525 -0.000434815 -0.000127472 1 6.11586e-05 0.000434832 -6.10478e-05 1 0.0015162 -0.0829095 -0.0788794
FixedParameters: 0 0 0

#Transform 71
Transform: AffineTransform_float_3_3
Parameters: 1 0.000173231 -0.000368022 -0.000173293 1 -8.38651e-05 0.000367994 8.39929e-05 1 0.00391483 -0.0772275 -0.0819855
FixedParameters: 0 0 0

#Transform 72
Transform: AffineTransform_float_3_3
Parameters: 1 0.00021913 -0.000298558 -0.000219256 1 -0.000211639 0.000298466 0.00021177 1 -0.000638184 -0.0997943 -0.0554476
FixedParameters: 0 0 0

#Transform 73
Transform: AffineTransform_float_3_3
Parameters: 1 8.01564e-05 -0.00052129 -8.09414e-05 1 8.5379e-05 0.000521752 -8.51852e-05 1 0.00214652 -0.0869337 -0.0953975
FixedParameters: 0 0 0

#Transform 74
Transform: AffineTransform_float_3_3
Parameters: 1 0.000113718 -0.000512539 -0.000114044 1 -0.000317391 0.000512467 0.000317509 1 0.00370513 -0.0766537 -0.0644723
FixedParameters: 0 0 0

#Transform 75
Transform: AffineTransform_float_3_3
Parameters: 0.999999 -6.64047e-05 -0.000683858 6.6953e-05 1 -0.000237413 0.000683442 0.000237212 1 0.00501375 -0.0767527 -0.0585075
FixedParameters: 0 0 0

#Transform 76
Transform: AffineTransform_float_3_3
Parameters: 1 0.00011693 -0.000522506 -0.0001174 0.999999 -0.000436074 0.000522514 0.000435632 1 0.000344004 -0.0828549 -0.0411019
FixedParameters: 0 0 0

#Transform 77
Transform: AffineTransform_float_3_3
Parameters: 1 0.000175884 -0.000356287 -0.000175909 1 -3.4718e-05 0.000356276 3.48435e-05 1 -0.0112026 -0.0587836 -0.0722877
FixedParameters: 0 0 0

#Transform 78
Transform: AffineTransform_float_3_3
Parameters: 1 0.000220485 -0.000323777 -0.000220768 0.999999 -0.000415787 0.000323703 0.000415366 1 -0.0120892 -0.0486223 -0.0710366
FixedParameters: 0 0 0

#Transform 79
Transform: AffineTransform_float_3_3
Parameters: 1 0.000118801 -0.000601111 -0.00011897 1 -0.000140247 0.000601078 0.00014039 1 -0.00311042 -0.0467886 -0.0760176
FixedParameters: 0 0 0

#Transform 80
Transform: AffineTransform_float_3_3
Parameters: 0.999999 -3.63131e-05 -0.000841777 3.52591e-05 0.999999 -0.000652152 0.000842047 0.00065235 1 0.0135825 -0.0658839 -0.0288326
FixedParameters: 0 0 0

#Transform 81
Transform: AffineTransform_float_3_3
Parameters: 0.999999 0.000147397 -0.000713209 -0.000148158 0.999999 -0.00106648 0.000712752 0.00106603 1 0.00364089 -0.0402842 -0.0633809
FixedParameters: 0 0 0

#Transform 82
Transform: AffineTransform_float_3_3
Parameters: 0.999999 -0.00015693 -0.000927375 0.000157241 1 -0.000295767 0.00092713 0.000294801 1 0.0217131 -0.0607406 -0.019782
FixedParameters: 0 0 0

#Transform 83
Transform: AffineTransform_float_3_3
Parameters: 1 0.000495863 1.89874e-05 -0.000495442 0.999999 -0.00140185 -1.93101e-05 0.00140184 0.999999 -0.0277033 0.00908316 -0.00799388
FixedParameters: 0 0 0

#Transform 84
Transform: AffineTransform_float_3_3
Parameters: 1 7.12e-05 -0.000632929 -7.14345e-05 1 -0.000184823 0.000632904 0.000184913 1 0.000804268 -0.0512782 -0.0128011
FixedParameters: 0 0 0

#Transform 85
Transform: AffineTransform_float_3_3
Parameters: 1 0.00020469 -0.000497776 -0.000204659 0.999999 -0.000905904 0.000497071 0.000906822 1 -0.0124703 -0.0108238 0.0154849
FixedParameters: 0 0 0

#Transform 86
Transform: AffineTransform_float_3_3
Parameters: 0.999999 -1.64846e-06 -0.000755518 1.3482e-06 1 -0.000198266 0.00075552 0.000198265 0.999999 0.00276312 -0.0501343 -0.0120905
FixedParameters: 0 0 0

#Transform 87
Transform: AffineTransform_float_3_3
Parameters: 0.999999 3.20853e-05 -0.000809843 -3.2322e-05 1 -0.000137058 0.000809945 0.000136545 1 0.00588922 -0.0597295 -0.00730054
FixedParameters: 0 0 0

#Transform 88
Transform: AffineTransform_float_3_3
Parameters: 1 0.000351769 -0.000322144 -0.000352359 0.999999 -0.00148448 0.000322166 0.00148472 0.999999 -0.0133036 0.0197378 -0.0249615
FixedParameters: 0 0 0

#Transform 89
Transform: AffineTransform_float_3_3
Parameters: 1 0.000295637 0.000198287 -0.00029575 1 0.00028774 -0.000198117 -0.000287858 1 -0.0170805 -0.0453523 0.084238
FixedParameters: 0 0 0

#Transform 90
Transform: AffineTransform_float_3_3
Parameters: 1 0.000140521 -0.00028956 -0.000141521 0.999999 -0.00155511 0.000289318 0.00155521 0.999998 -0.00548894 0.0340554 0.0110557
FixedParameters: 0 0 0

#Transform 91
Transform: AffineTransform_float_3_3
Parameters: 1 -0.000113738 -0.000498518 0.000113622 0.999999 0.00077475 0.0004989 -0.00077532 1 0.0101498 -0.0481128 0.0527918
FixedParameters: 0 0 0

#Transform 92
Transform: AffineTransform_float_3_3
Parameters: 1 0.000217899 -0.000190671 -0.000218157 0.999999 -0.000676201 0.000190377 0.000676286 1 0.00990571 -0.00473463 0.0642056
FixedParameters: 0 0 0

#Transform 93
Transform: AffineTransform_float_3_3
Parameters: 1 0.000543198 0.000292433 -0.000543933 1 -0.000235393 -0.000292241 0.000235186 1 -0.0234045 0.0228909 0.0513684
FixedParameters: 0 0 0

#Transform 94
Transform: AffineTransform_float_3_3
Parameters: 0.999999 -6.65608e-05 -0.000966567 6.64197e-05 1 -7.25438e-05 0.000966578 7.24156e-05 0.999999 0.0163779 -0.057106 -0.0220314
FixedParameters: 0 0 0

#Transform 95
Transform: AffineTransform_float_3_3
Parameters: 1 0.000428459 0.000243347 -0.00042776 1 -0.000478712 -0.000242885 0.000478503 1 -0.022833 0.00472587 0.0610612
FixedParameters: 0 0 0

#Transform 96
Transform: AffineTransform_float_3_3
Parameters: 0.999999 -0.0002829 -0.000780521 0.000283395 1 0.000317708 0.000780342 -0.000318151 0.999999 0.0239945 -0.038134 -0.0443116
FixedParameters: 0 0 0

#Transform 97
Transform: AffineTransform_float_3_3
Parameters: 1 0.000238515 -0.000409408 -0.000238543 1 -0.000980001 0.000408688 0.000980098 1 0.00914737 -0.00700295 0.0297551
FixedParameters: 0 0 0

#Transform 98
Transform: AffineTransform_float_3_3
Parameters: 1 0.000187821 -0.000313938 -0.000187821 1 -2.13001e-07 0.000313939 3.30974e-07 1 0.00506294 -0.0473468 -0.0262198
FixedParameters: 0 0 0

#Transform 99
Transform: AffineTransform_float_3_3
Parameters: 1 8.19966e-05 -0.000438363 -8.2829e-05 0.999999 -0.00101666 0.000438309 0.00101755 1 0.0172292 -0.00102844 0.0239345
FixedParameters: 0 0 0

#Transform 100
Transform: AffineTransform_float_3_3
Parameters: 1 0.000271334 -0.000107458 -0.000271278 1 0.000257906 0.000107599 -0.000257849 1 -0.00928983 -0.014495 0.0732333
FixedParameters: 0 0 0

#Transform 101
Transform: AffineTransform_float_3_3
Parameters: 1 0.000237059 0.000115081 -0.000237031 1 -0.000118654 -0.000115138 0.0001186 1 -0.0107597 -0.0335562 0.0842906
FixedParameters: 0 0 0

#Transform 102
Transform: AffineTransform_float_3_3
Parameters: 1 0.000517364 0.000359884 -0.00051762 1 0.000357969 -0.000359514 -0.000358342 1 -0.0295676 -0.00410753 0.0603485
FixedParameters: 0 0 0

#Transform 103
Transform: AffineTransform_float_3_3
Parameters: 1 0.000253741 0.000127076 -0.000253837 1 0.000378626 -0.000126884 -0.000378691 1 -0.0135458 -0.0260725 0.104158
FixedParameters: 0 0 0

#Transform 104
Transform: AffineTransform_float_3_3
Parameters: 1 0.000559869 0.000400344 -0.000559662 1 -0.000257628 -0.000400632 0.000257181 1 -0.0297042 0.0214308 0.073213
FixedParameters: 0 0 0

#Transform 105
Transform: AffineTransform_float_3_3
Parameters: 1 -1.46521e-05 -0.000237973 1.52075e-05 0.999999 0.00171065 0.0002382 -0.00171146 0.999998 -0.00123783 -0.0453529 0.080662
FixedParameters: 0 0 0

#Transform 106
Transform: AffineTransform_float_3_3
Parameters: 1 0.000398132 0.000312333 -0.000398104 1 -4.45529e-05 -0.000312369 4.43043e-05 1 -0.0251965 0.0206914 0.0767131
FixedParameters: 0 0 0

#Transform 107
Transform: AffineTransform_float_3_3
Parameters: 1 0.000325115 -0.000169475 -0.000325061 1 0.000158505 0.000169578 -0.000158396 1 -0.00917894 0.0073329 0.0688853
FixedParameters: 0 0 0

#Transform 108
Transform: AffineTransform_float_3_3
Parameters: 1 0.000653605 4.34487e-05 -0.000653623 1 -0.000914099 -4.44474e-05 0.000914054 1 -0.0181242 0.0217898 0.0636974
FixedParameters: 0 0 0

#Transform 109
Transform: AffineTransform_float_3_3
Parameters: 1 0.000271034 -0.000172275 -0.000270874 1 0.000462888 0.000172526 -0.000462796 1 -0.0160853 0.00595926 0.0897509
FixedParameters: 0 0 0

#Transform 110
Transform: AffineTransform_float_3_3
Parameters: 1 0.000330676 -0.000196809 -0.000330519 1 0.000399154 0.000197074 -0.000399025 1 -0.00222574 -0.000326823 0.0925145
FixedParameters: 0 0 0

#Transform 111
Transform: AffineTransform_float_3_3
Parameters: 1 0.000278416 0.000123504 -0.000278311 1 -0.000424036 -0.00012374 0.000423969 1 -0.0307728 0.0126456 0.0908903
FixedParameters: 0 0 0

#Transform 112
Transform: AffineTransform_float_3_3
Parameters: 1 0.000385602 7.86041e-05 -0.000385631 1 0.000192027 -7.84558e-05 -0.000192088 1 -0.0434617 0.0193641 0.0839355
FixedParameters: 0 0 0

#Transform 113
Transform: AffineTransform_float_3_3
Parameters: 1 0.000461892 0.00042627 -0.000461626 1 -0.000311272 -0.000426557 0.000310879 1 -0.0529562 -0.00581111 0.109008
FixedParameters: 0 0 0

#Transform 114
Transform: AffineTransform_float_3_3
Parameters: 0.999999 -0.000168215 -0.00143983 0.000167715 1 -0.0005319 0.00143947 0.000532121 0.999998 0.0111725 -0.0136233 -0.0190695
FixedParameters: 0 0 0

#Transform 115
Transform: AffineTransform_float_3_3
Parameters: 1 0.000287587 -5.6586e-05 -0.000287608 1 -0.000314661 5.62963e-05 0.00031526 0.999999 -0.0230314 -2.41451e-05 0.110042
FixedParameters: 0 0 0

#Transform 116
Transform: AffineTransform_float_3_3
Parameters: 1 0.000442373 0.00026516 -0.000442481 1 0.000203962 -0.000264979 -0.000204197 1 -0.0301592 0.0042027 0.101043
FixedParameters: 0 0 0

#Transform 117
Transform: AffineTransform_float_3_3
Parameters: 0.999999 -0.000486745 -0.00150914 0.000487171 1 0.000378414 0.00150914 -0.000378962 0.999998 0.00690004 -0.0378994 0.0533961
FixedParameters: 0 0 0

#Transform 118
Transform: AffineTransform_float_3_3
Parameters: 0.999999 0.000115388 -0.000785414 -0.000116373 0.999999 -0.000960398 0.000786176 0.000961404 0.999999 -0.00769899 -0.00371401 0.00429504
FixedParameters: 0 0 0

#Transform 119
Transform: AffineTransform_float_3_3
Parameters: 0.999999 -0.000128864 -0.00148649 0.000128407 1 -0.000363267 0.00148738 0.000363696 0.999998 0.01084 -0.0508445 0.00692724
FixedParameters: 0 0 0

#Transform 120
Transform: AffineTransform_float_3_3
Parameters: 1 0.00026433 -0.000492536 -0.000264204 1 -0.00113055 0.000492558 0.00113071 0.999999 -0.0147913 0.00520085 0.0419055
FixedParameters: 0 0 0

#Transform 121
Transform: AffineTransform_float_3_3
Parameters: 1 0.000437127 6.76614e-05 -0.000437633 1 0.000292204 -6.82763e-05 -0.000292263 1 -0.0222696 -0.0197387 0.0887696
FixedParameters: 0 0 0

#Transform 122
Transform: AffineTransform_float_3_3
Parameters: 1 0.000252588 -0.000168186 -0.000252721 1 -0.000395953 0.000167986 0.000396039 1 -0.00495186 -0.00708235 0.109454
FixedParameters: 0 0 0

#Transform 123
Transform: AffineTransform_float_3_3
Parameters: 1 -8.70829e-06 -0.000536191 8.7973e-06 0.999999 0.000897767 0.000536624 -0.000897669 0.999999 0.0160807 -0.0137857 0.0776917
FixedParameters: 0 0 0

#Transform 124
Transform: AffineTransform_float_3_3
Parameters: 1 -9.72804e-05 1.95908e-05 9.72871e-05 1 -0.000172644 -1.95573e-05 0.000172648 1 -0.00740539 -0.0192579 0.14014
FixedParameters: 0 0 0

#Transform 125
Transform: AffineTransform_float_3_3
Parameters: 1 0.000199185 -0.000461758 -0.000198836 0.999999 0.000394129 0.000462025 -0.000394511 1 0.00731831 -0.0022806 0.0826582
FixedParameters: 0 0 0

#Transform 126
Transform: AffineTransform_float_3_3
Parameters: 1 0.000269684 -9.92374e-06 -0.000269681 1 0.000130838 9.99455e-06 -0.000130833 1 -0.0174926 -0.00436926 0.109639
FixedParameters: 0 0 0

#Transform 127
Transform: AffineTransform_float_3_3
Parameters: 1 0.00035582 2.84258e-06 -0.000354948 1 0.00041057 -2.99858e-06 -0.000410683 1 -0.00519596 0.00638878 0.0854716
FixedParameters: 0 0 0

#Transform 128
Transform: AffineTransform_float_3_3
Parameters: 0.999999 -0.000640579 -0.00171458 0.000640481 1 -0.00037568 0.00171445 0.000375 0.999999 0.0628394 -0.0744643 0.0545097
FixedParameters: 0 0 0

#Transform 129
Transform: AffineTransform_float_3_3
Parameters: 1 0.000237202 -0.000106016 -0.000237101 1 0.000473933 0.000106241 -0.000473884 1 -0.00395488 0.0483214 0.0719706
FixedParameters: 0 0 0

#Transform 130
Transform: AffineTransform_float_3_3
Parameters: 0.999999 -0.000186115 -0.00153145 0.00018499 1 -0.000418532 0.00153152 0.000418777 0.999998 0.0139144 -0.0352368 0.0281018
FixedParameters: 0 0 0

#Transform 131
Transform: AffineTransform_float_3_3
Parameters: 1 0.000488231 1.35175e-05 -0.000488247 0.999999 0.000630552 -1.29014e-05 -0.000630567 1 -0.0206003 -0.00995404 0.095308
FixedParameters: 0 0 0

#Transform 132
Transform: AffineTransform_float_3_3
Parameters: 1 0.000224236 0.000165869 -0.000224274 1 0.000115053 -0.000165817 -0.000115127 1 -0.0167112 -0.0263868 0.0903405
FixedParameters: 0 0 0

#Transform 133
Transform: AffineTransform_float_3_3
Parameters: 0.999999 -0.000360977 -0.000924813 0.000360585 1 -0.000211527 0.000924967 0.00021086 0.999999 0.0363009 -0.160841 -0.0039102
FixedParameters: 0 0 0

#Transform 134
Transform: AffineTransform_float_3_3
Parameters: 0.999999 -0.000175045 -0.000819782 0.000175969 1 0.000563912 0.000819585 -0.000564202 0.999999 0.0193968 -0.0444132 -0.0355819
FixedParameters: 0 0 0

#Transform 135
Transform: AffineTransform_float_3_3
Parameters: 0.999999 -0.000559794 -0.0012841 0.000560317 1 0.000142033 0.00128386 -0.000142659 0.999999 0.0291584 -0.00761538 -0.0467412
FixedParameters: 0 0 0

#Transform 136
Transform: AffineTransform_float_3_3
Parameters: 0.999999 -0.000465212 -0.000925647 0.000465839 1 0.000307621 0.000925474 -0.000307661 1 0.0253147 -0.0520583 -0.0278912
FixedParameters: 0 0 0

#Transform 137
Transform: AffineTransform_float_3_3
Parameters: 1 -0.000350138 -0.00107875 0.000350967 1 0.000311325 0.00107845 -0.00031127 1 0.0268762 -0.0593555 -0.0552677
FixedParameters: 0 0 0

#Transform 138
Transform: AffineTransform_float_3_3
Parameters: 0.999999 -0.000570501 -0.00117793 0.000570908 1 0.000476458 0.00117775 -0.000476881 0.999999 0.0422845 -0.0805184 -0.033431
FixedParameters: 0 0 0

#Transform 139
Transform: AffineTransform_float_3_3
Parameters: 0.999999 -0.000559702 -0.00133853 0.000559891 0.999999 0.000342791 0.00133863 -0.000343934 0.999999 0.043148 -0.0834776 -0.0563226
FixedParameters: 0 0 0

#Transform 140
Transform: AffineTransform_float_3_3
Parameters: 0.999999 -0.000732564 -0.00108329 0.000733115 1 0.000175021 0.00108284 -0.000175231 0.999999 0.0368316 -0.0804836 -0.0579363
FixedParameters: 0 0 0

#Transform 141
Transform: AffineTransform_float_3_3
Parameters: 0.999999 -0.000936482 -0.00113567 0.000936599 1 -2.41437e-05 0.00113552 2.33945e-05 0.999999 0.0469839 -0.0776913 -0.0457504
FixedParameters: 0 0 0

#Transform 142
Transform: AffineTransform_float_3_3
Parameters: 0.999999 -0.000656065 -0.00121577 0.000656932 0.999999 0.000651068 0.00121528 -0.000651743 0.999999 0.0519634 -0.0779351 -0.0174062
FixedParameters: 0 0 0

#Transform 143
Transform: AffineTransform_float_3_3
Parameters: 0.999999 -0.000865747 -0.00105229 0.000865059 0.999999 -0.00040192 0.0010529 0.000400911 1 0.039051 -0.0797961 -0.0113071
FixedParameters: 0 0 0

#Transform 144
Transform: AffineTransform_float_3_3
Parameters: 1 -0.000613503 -0.00093992 0.000613525 1 0.000392768 0.000939804 -0.000393 1 0.0472328 -0.0501141 -0.04872
FixedParameters: 0 0 0

#Transform 145
Transform: AffineTransform_float_3_3
Parameters: 1 -0.000636271 -0.000837349 0.000636416 1 -7.79446e-06 0.000837276 7.54131e-06 1 0.0574094 -0.0843696 -0.0157666
FixedParameters: 0 0 0

#Transform 146
Transform: AffineTransform_float_3_3
Parameters: 0.999999 -0.000413651 -0.000968943 0.000413874 1 0.000536016 0.000969061 -0.000535887 1 0.0460388 -0.0702 -0.0396141
FixedParameters: 0 0 0

#Transform 147
Transform: AffineTransform_float_3_3
Parameters: 0.999999 -0.000353014 -0.000831904 0.000352906 1 -6.41519e-05 0.00083195 6.35649e-05 0.999999 0.0407289 -0.0618473 -0.0301482
FixedParameters: 0 0 0

#Transform 148
Transform: AffineTransform_float_3_3
Parameters: 1 -0.000382193 -0.00113369 0.000382105 1 -0.000108168 0.00113369 0.000108114 0.999999 0.0460202 -0.0417098 -0.0644043
FixedParameters: 0 0 0

#Transform 149
Transform: AffineTransform_float_3_3
Parameters: 0.999999 -0.000788926 -0.0017275 0.000789371 0.999999 0.000542566 0.00172738 -0.000543449 0.999998 0.0511008 -0.066463 -0.0109406
FixedParameters: 0 0 0

#Transform 150
Transform: AffineTransform_float_3_3
Parameters: 0.999999 -0.000484645 -0.00120402 0.000484679 0.999999 0.000316937 0.00120419 -0.000317748 1 0.0591453 -0.0650059 -0.0392932
FixedParameters: 0 0 0

#Transform 151
Transform: AffineTransform_float_3_3
Parameters: 0.999998 -0.000556798 -0.00166664 0.000557146 1 0.000305607 0.00166689 -0.000306285 0.999999 0.0746965 -0.0755743 -0.0495451
FixedParameters: 0 0 0

#Transform 152
Transform: AffineTransform_float_3_3
Parameters: 0.999999 -0.000539391 -0.00130256 0.000538543 0.999999 -0.000380797 0.00130299 0.00037964 0.999999 0.0562992 -0.0447522 -0.0430375
FixedParameters: 0 0 0

#Transform 153
Transform: AffineTransform_float_3_3
Parameters: 1 -0.0004175 -0.00112848 0.000417831 1 7.66952e-05 0.00112834 -7.68255e-05 1 0.0492954 -0.0580466 -0.0478396
FixedParameters: 0 0 0

#Transform 154
Transform: AffineTransform_float_3_3
Parameters: 0.999998 -0.000588582 -0.00153616 0.000589252 0.999999 0.000720628 0.00153635 -0.00072115 0.999999 0.0737995 -0.0897741 -0.0145773
FixedParameters: 0 0 0

#Transform 155
Transform: AffineTransform_float_3_3
Parameters: 0.999998 -0.000637333 -0.00153343 0.000637562 1 0.000307715 0.00153341 -0.000308748 0.999998 0.0817794 -0.0617688 -0.0268725
FixedParameters: 0 0 0

#Transform 156
Transform: AffineTransform_float_3_3
Parameters: 1 -0.00057232 -0.000173496 0.000571927 0.999998 0.00197207 0.000172078 -0.00197214 0.999998 0.0286061 -0.0577181 0.0382014
FixedParameters: 0 0 0

#Transform 157
Transform: AffineTransform_float_3_3
Parameters: 0.999999 -0.000340089 -0.000807374 0.000341189 0.999999 0.00128463 0.000807143 -0.00128506 0.999999 0.0353293 -0.0656148 0.0297385
FixedParameters: 0 0 0

#Transform 158
Transform: AffineTransform_float_3_3
Parameters: 0.999999 -0.000793462 -0.00173613 0.000794252 0.999999 0.00063925 0.00173585 -0.000640163 0.999998 0.0593046 -0.0443662 -0.0337444
FixedParameters: 0 0 0

#Transform 159
Transform: AffineTransform_float_3_3
Parameters: 0.999999 -0.000442136 -0.000830596 0.000443357 0.999999 0.00132156 0.00083007 -0.00132217 0.999999 0.0395019 -0.0596965 0.0852717
FixedParameters: 0 0 0

#Transform 160
Transform: AffineTransform_float_3_3
Parameters: 0.999998 -0.000666118 -0.00174713 0.000666762 1 9.72395e-05 0.00174694 -9.85088e-05 0.999999 0.0503321 -0.0252186 -0.0558639
FixedParameters: 0 0 0

#Transform 161
Transform: AffineTransform_float_3_3
Parameters: 0.999999 -0.00063684 -0.00172245 0.000637508 0.999999 0.000494936 0.00172134 -0.00049596 0.999999 0.0602449 -0.0358369 0.0309425
FixedParameters: 0 0 0

#Transform 162
Transform: AffineTransform_float_3_3
Parameters: 0.999999 -0.000916111 -0.0016108 0.000915671 1 3.56755e-05 0.00161102 -3.68915e-05 0.999999 0.0485277 -0.00487082 -0.0424343
FixedParameters: 0 0 0

#Transform 163
Transform: AffineTransform_float_3_3
Parameters: 0.999999 -0.000578514 -0.000808633 0.000579566 0.999998 0.00185548 0.000807771 -0.00185618 0.999998 0.0385231 -0.0628065 0.0768458
FixedParameters: 0 0 0

#Transform 164
Transform: AffineTransform_float_3_3
Parameters: 0.999999 -0.000985319 -0.00156067 0.000984443 0.999999 -0.000102511 0.00156116 0.000101171 0.999999 0.0474838 -0.0426552 -0.019761
FixedParameters: 0 0 0

#Transform 165
Transform: AffineTransform_float_3_3
Parameters: 0.999998 -0.00098955 -0.00131079 0.000990254 0.999999 0.000541333 0.00131009 -0.000543007 0.999999 0.0446175 -0.0375532 -0.0527905
FixedParameters: 0 0 0

#Transform 166
Transform: AffineTransform_float_3_3
Parameters: 0.999999 -0.000849763 -0.00162703 0.000849613 1 -0.000143681 0.00162711 0.000142542 0.999999 0.0620556 -0.0624509 0.00319444
FixedParameters: 0 0 0

#Transform 167
Transform: AffineTransform_float_3_3
Parameters: 0.999999 -0.000789371 -0.00164556 0.000789922 0.999999 0.000340621 0.00164541 -0.000342052 0.999999 0.0502096 -0.0164605 -0.0539257
FixedParameters: 0 0 0

#Transform 168
Transform: AffineTransform_float_3_3
Parameters: 0.999999 -0.00100179 -0.00115781 0.00100324 0.999999 0.000734069 0.00115757 -0.000735472 0.999999 0.0473746 -0.0417968 0.0415204
FixedParameters: 0 0 0

#Transform 169
Transform: AffineTransform_float_3_3
Parameters: 0.999998 -0.00093826 -0.00170076 0.000940174 0.999999 0.00102951 0.00169964 -0.00103167 0.999998 0.0655555 -0.0354485 0.00674421
FixedParameters: 0 0 0

#Transform 170
Transform: AffineTransform_float_3_3
Parameters: 0.999999 -0.000961829 -0.0016387 0.000962175 0.999999 0.000541802 0.00163839 -0.000543111 0.999999 0.0527256 -0.0241256 -0.00971214
FixedParameters: 0 0 0

#Transform 171
Transform: AffineTransform_float_3_3
Parameters: 0.999999 -0.000769783 -0.0012788 0.000769996 1 -0.000325749 0.00127866 0.000325049 0.999999 0.0488234 -0.0381472 -0.0479353
FixedParameters: 0 0 0

#Transform 172
Transform: AffineTransform_float_3_3
Parameters: 0.999998 -0.000694491 -0.00148452 0.000694905 1 8.60762e-05 0.00148432 -8.73263e-05 0.999999 0.0570012 -0.0702084 -0.0373464
FixedParameters: 0 0 0

#Transform 173
Transform: AffineTransform_float_3_3
Parameters: 0.999999 -0.000686639 -0.000831256 0.000686872 0.999999 0.00125194 0.000830628 -0.00125286 0.999999 0.050017 -0.0394873 0.0907662
FixedParameters: 0 0 0

#Transform 174
Transform: AffineTransform_float_3_3
Parameters: 0.999998 -0.00101113 -0.00165074 0.00101255 0.999999 0.000910068 0.00164971 -0.000912377 0.999998 0.0628126 -0.0202536 0.0331739
FixedParameters: 0 0 0

#Transform 175
Transform: AffineTransform_float_3_3
Parameters: 0.999999 -0.000610453 -0.000521109 0.000611223 0.999998 0.00177137 0.000519784 -0.00177188 0.999999 0.0335922 -0.0396484 0.100733
FixedParameters: 0 0 0

#Transform 176
Transform: AffineTransform_float_3_3
Parameters: 0.999999 -0.000931681 -0.0009537 0.000932792 0.999998 0.00146909 0.00095197 -0.00146983 0.999999 0.0657326 -0.0577005 0.0795573
FixedParameters: 0 0 0

#Transform 177
Transform: AffineTransform_float_3_3
Parameters: 0.999999 -0.000784785 -0.00110758 0.000787773 0.999997 0.00223002 0.00110536 -0.00223152 0.999997 0.0638048 -0.0307423 0.0853454
FixedParameters: 0 0 0

#Transform 178
Transform: AffineTransform_float_3_3
Parameters: 1 3.52569e-05 0.000380327 -3.58616e-05 0.999999 0.00079543 -0.000380271 -0.000795459 0.999999 0.00239559 -0.014183 0.133255
FixedParameters: 0 0 0

#Transform 179
Transform: AffineTransform_float_3_3
Parameters: 1 -0.000197229 6.63533e-05 0.000196952 0.999999 0.0013301 -6.66824e-05 -0.00133007 0.999999 0.0162753 0.0112918 0.124202
FixedParameters: 0 0 0

#Transform 180
Transform: AffineTransform_float_3_3
Parameters: 1 -0.000128966 0.000263691 0.000129608 1 0.00113342 -0.000263366 -0.00113345 1 0.0111685 0.00776242 0.13584
FixedParameters: 0 0 0

#Transform 181
Transform: AffineTransform_float_3_3
Parameters: 1 -0.000199655 -2.66882e-05 0.00019963 0.999999 0.00142273 2.63155e-05 -0.00142273 0.999999 0.0199873 0.0247697 0.110559
FixedParameters: 0 0 0

#Transform 182
Transform: AffineTransform_float_3_3
Parameters: 0.999999 -0.00067649 -0.000657781 0.000677267 0.999998 0.00214926 0.000656354 -0.00214991 0.999998 0.0361305 -0.0339847 0.0975357
FixedParameters: 0 0 0

#Transform 183
Transform: AffineTransform_float_3_3
Parameters: 0.999999 -0.000832887 -0.00103452 0.000834674 0.999998 0.00175812 0.00103268 -0.00175961 0.999998 0.0528683 -0.0183701 0.0901757
FixedParameters: 0 0 0

#Transform 184
Transform: AffineTransform_float_3_3
Parameters: 0.999999 -0.000493662 -0.000674637 0.000495159 0.999998 0.00190693 0.000673591 -0.00190747 0.999998 0.0362197 -0.036359 0.0836947
FixedParameters: 0 0 0

#Transform 185
Transform: AffineTransform_float_3_3
Parameters: 0.999999 -0.00085147 -0.00110543 0.000854175 0.999997 0.00254751 0.00110301 -0.00254904 0.999996 0.0466269 -0.0408618 0.105364
FixedParameters: 0 0 0

#Transform 186
Transform: AffineTransform_float_3_3
Parameters: 1 -0.000669347 -0.00101211 0.000670572 0.999999 0.00143998 0.00101119 -0.00144029 0.999999 0.0419031 -0.0262962 0.0852509
FixedParameters: 0 0 0

#Transform 187
Transform: AffineTransform_float_3_3
Parameters: 1 -0.000304994 -0.000176272 0.000305447 0.999998 0.00157271 0.000175507 -0.00157282 0.999998 0.00768196 -0.0276366 0.0623997
FixedParameters: 0 0 0

#Transform 188
Transform: AffineTransform_float_3_3
Parameters: 1 -0.000403226 -0.000492202 0.00040341 0.999999 0.0011777 0.000491896 -0.00117798 0.999999 0.0372784 -0.0488237 0.0903353
FixedParameters: 0 0 0

#Transform 189
Transform: AffineTransform_float_3_3
Parameters: 0.999997 -0.00106335 -0.00196324 0.00106478 0.999999 0.000713435 0.00196256 -0.000714947 0.999998 0.072975 -0.00214592 0.030204
FixedParameters: 0 0 0

#Transform 190
Transform: AffineTransform_float_3_3
Parameters: 0.999999 -0.00056905 -0.000828822 0.000570766 0.999997 0.00227192 0.000827716 -0.00227262 0.999997 0.0352012 -0.0501881 0.10169
FixedParameters: 0 0 0

#Transform 191
Transform: AffineTransform_float_3_3
Parameters: 0.999998 -0.000945723 -0.00204659 0.000945828 1 -9.10053e-05 0.00204651 8.95718e-05 0.999998 0.0646795 0.00180564 0.0098991
FixedParameters: 0 0 0

#Transform 192
Transform: AffineTransform_float_3_3
Parameters: 1 -0.000479484 -0.000582681 0.000481329 0.999996 0.00254228 0.000581386 -0.00254188 0.999997 0.0311954 -0.022472 0.116865
FixedParameters: 0 0 0

#Transform 193
Transform: AffineTransform_float_3_3
Parameters: 1 -0.000674681 -0.000903016 0.000676391 0.999998 0.00193904 0.000901601 -0.00193921 0.999998 0.0396328 -0.0329304 0.108501
FixedParameters: 0 0 0

#Transform 194
Transform: AffineTransform_float_3_3
Parameters: 1 -0.000315475 -0.000624824 0.000316581 0.999999 0.0017441 0.000624561 -0.00174437 0.999999 0.0281323 -0.015365 0.129983
FixedParameters: 0 0 0

#Transform 195
Transform: AffineTransform_float_3_3
Parameters: 0.999999 -0.000616029 -0.000895286 0.000617915 0.999997 0.00210929 0.000894084 -0.00210933 0.999997 0.0266258 -0.0578286 0.127688
FixedParameters: 0 0 0

#Transform 196
Transform: AffineTransform_float_3_3
Parameters: 1 -0.000372133 -0.000497273 0.000373425 0.999999 0.00140179 0.000496424 -0.00140215 0.999999 0.0188051 0.0103587 0.125484
FixedParameters: 0 0 0

#Transform 197
Transform: AffineTransform_float_3_3
Parameters: 1 -0.00033219 -0.000596325 0.000333765 0.999997 0.00217189 0.000595831 -0.00217134 0.999998 0.0248479 -0.0291367 0.108301
FixedParameters: 0 0 0

#Transform 198
Transform: AffineTransform_float_3_3
Parameters: 1 -0.000165195 -0.000417334 0.000165922 0.999999 0.00087305 0.000417045 -0.00087319 0.999999 0.0169374 0.0110167 0.131468
FixedParameters: 0 0 0

#Transform 199
Transform: AffineTransform_float_3_3
Parameters: 1 -0.000301941 -0.000558627 0.000302866 0.999998 0.0016476 0.000558387 -0.001647 0.999999 0.0279798 -0.0305116 0.140407
FixedParameters: 0 0 0

#Transform 200
Transform: AffineTransform_float_3_3
Parameters: 1 -0.000199569 -0.000156793 0.000199838 1 0.00117867 0.000156517 -0.00117873 1 0.015834 -0.0250824 0.152801
FixedParameters: 0 0 0

#Transform 201
Transform: AffineTransform_float_3_3
Parameters: 1 -7.19966e-05 -0.000126885 7.08247e-05 1 0.00105714 0.000126507 -0.00105704 1 0.0068111 0.0286959 0.109642
FixedParameters: 0 0 0

#Transform 202
Transform: AffineTransform_float_3_3
Parameters: 1 -0.000290364 -0.000582973 0.00029142 0.999999 0.00182721 0.00058275 -0.00182742 0.999998 0.0390487 -0.0527013 0.146265
FixedParameters: 0 0 0

#Transform 203
Transform: AffineTransform_float_3_3
Parameters: 1 -0.000204632 -0.000552565 0.000205738 1 0.00109166 0.000552313 -0.00109188 0.999999 0.0231009 0.0185041 0.114321
FixedParameters: 0 0 0

#Transform 204
Transform: AffineTransform_float_3_3
Parameters: 1 -0.00014292 -0.000127174 0.00014317 0.999999 0.000987573 0.000126891 -0.000987612 0.999999 0.0160449 -0.0171728 0.135938
FixedParameters: 0 0 0

#Transform 205
Transform: AffineTransform_float_3_3
Parameters: 1 -0.000127633 -0.000488868 0.000127937 0.999999 0.00130688 0.000489178 -0.00130689 0.999999 0.0336028 0.00464891 0.12579
FixedParameters: 0 0 0

#Transform 206
Transform: AffineTransform_float_3_3
Parameters: 0.999999 -0.00065879 -0.00100415 0.000660887 0.999998 0.00198574 0.00100293 -0.00198601 0.999998 0.0461638 -0.0394459 0.0905112
FixedParameters: 0 0 0

#Transform 207
Transform: AffineTransform_float_3_3
Parameters: 1 -0.000296352 -0.000482121 0.000297247 0.999999 0.000868195 0.000481719 -0.000867661 1 0.022237 0.0183455 0.112119
FixedParameters: 0 0 0

#Transform 208
Transform: AffineTransform_float_3_3
Parameters: 1 -0.000667094 -0.00108284 0.000669775 0.999997 0.00258823 0.00108131 -0.00258933 0.999996 0.0446354 -0.0508378 0.108439
FixedParameters: 0 0 0

#Transform 209
Transform: AffineTransform_float_3_3
Parameters: 1 -0.000168988 -0.000529715 0.00016884 0.999999 0.000684953 0.000529932 -0.000685024 0.999999 0.0301999 0.000928301 0.11396
FixedParameters: 0 0 0

#Transform 210
Transform: AffineTransform_float_3_3
Parameters: 0.999999 -0.000670501 -0.00100318 0.000673001 0.999997 0.00226794 0.00100161 -0.00226904 0.999997 0.0543019 -0.0375994 0.102034
FixedParameters: 0 0 0

#Transform 211
Transform: AffineTransform_float_3_3
Parameters: 1 -0.000152341 -0.000151239 0.000152531 1 0.000628238 0.000151047 -0.000628286 1 0.0116213 -0.00378263 0.112552
FixedParameters: 0 0 0

#Transform 212
Transform: AffineTransform_float_3_3
Parameters: 1 -0.000588917 -0.00112175 0.000592401 0.999997 0.00239617 0.00112032 -0.00239643 0.999997 0.0522131 -0.0457793 0.0839252
FixedParameters: 0 0 0

#Transform 213
Transform: AffineTransform_float_3_3
Parameters: 1 -5.88979e-05 -2.93574e-05 5.89394e-05 0.999999 0.000710073 2.92737e-05 -0.000710078 0.999999 0.0178806 0.00172852 0.11025
FixedParameters: 0 0 0

#Transform 214
Transform: AffineTransform_float_3_3
Parameters: 1 -0.000188026 -0.000555906 0.000189067 0.999999 0.00104004 0.000555818 -0.00104081 1 0.0258537 -0.00510254 0.128988
FixedParameters: 0 0 0

#Transform 215
Transform: AffineTransform_float_3_3
Parameters: 1 -0.000197479 -4.38868e-05 0.00019751 0.999999 0.00150256 4.34886e-05 -0.00150257 0.999999 0.0194609 -0.0342133 0.136839
FixedParameters: 0 0 0

#Transform 216
Transform: AffineTransform_float_3_3
Parameters: 1 -7.71193e-05 -3.31118e-05 7.71819e-05 0.999999 0.000950562 3.2965e-05 -0.00095057 0.999999 0.0220758 0.0200857 0.129519
FixedParameters: 0 0 0

#Transform 217
Transform: AffineTransform_float_3_3
Parameters: 1 -0.000344191 -0.000545396 0.000345006 0.999999 0.00173221 0.000545041 -0.00173246 0.999999 0.037522 -0.0121467 0.12746
FixedParameters: 0 0 0

#Transform 218
Transform: AffineTransform_float_3_3
Parameters: 1 -0.000227139 -0.000314004 0.000227803 0.999999 0.000964107 0.000313679 -0.00096343 1 0.0184623 -0.00593576 0.128399
FixedParameters: 0 0 0

#Transform 219
Transform: AffineTransform_float_3_3
Parameters: 1 -0.000311452 -0.000557088 0.000313282 0.999998 0.00168086 0.000556347 -0.00168038 0.999999 0.0360849 -0.0225401 0.0757628
FixedParameters: 0 0 0

#Transform 220
Transform: AffineTransform_float_3_3
Parameters: 0.999999 -0.000749485 -0.00133484 0.00075282 0.999997 0.00228472 0.00133326 -0.00228556 0.999997 0.0536101 -0.0552731 0.0961148
FixedParameters: 0 0 0

#Transform 221
Transform: AffineTransform_float_3_3
Parameters: 1 -0.00061881 -0.00103142 0.000621097 0.999997 0.00244921 0.00103023 -0.00244932 0.999997 0.0461564 -0.0205976 0.085097
FixedParameters: 0 0 0

#Transform 222
Transform: AffineTransform_float_3_3
Parameters: 0.999999 -0.000756236 -0.00108364 0.000758255 0.999998 0.00149599 0.00108325 -0.00149659 0.999998 0.0446126 -0.0367872 0.101701
FixedParameters: 0 0 0

#Transform 223
Transform: AffineTransform_float_3_3
Parameters: 1 -0.000176964 -0.000115744 0.000177217 0.999999 0.0015261 0.000115399 -0.00152613 0.999999 0.00995752 0.0106965 0.137599
FixedParameters: 0 0 0

#Transform 224
Transform: AffineTransform_float_3_3
Parameters: 1 -0.00052361 -0.00118813 0.000525322 0.999998 0.00203825 0.00118677 -0.00203833 0.999997 0.0401623 -0.0245949 0.082729
FixedParameters: 0 0 0

#Transform 225
Transform: AffineTransform_float_3_3
Parameters: 1 -0.000285454 -0.000382171 0.000285538 0.999999 0.00138516 0.000382024 -0.00138526 0.999999 0.0294685 -0.0283866 0.144139
FixedParameters: 0 0 0

#Transform 226
Transform: AffineTransform_float_3_3
Parameters: 0.999999 -0.000687305 -0.0012723 0.000690275 0.999998 0.00225393 0.00127104 -0.00225451 0.999997 0.0500062 -0.0130284 0.0661186
FixedParameters: 0 0 0

#Transform 227
Transform: AffineTransform_float_3_3
Parameters: 0.999999 -0.00052719 -0.000864731 0.00052837 0.999999 0.00124593 0.00086406 -0.00124672 0.999999 0.0581733 -0.0369999 0.133645
FixedParameters: 0 0 0

#Transform 228
Transform: AffineTransform_float_3_3
Parameters: 0.999999 -0.000589855 -0.000945396 0.00059226 0.999997 0.00235643 0.000944093 -0.0023573 0.999996 0.04441 -0.0166589 0.0912465
FixedParameters: 0 0 0

#Transform 229
Transform: AffineTransform_float_3_3
Parameters: 0.999999 -0.000477823 -0.00100349 0.000479633 0.999997 0.00235768 0.00100317 -0.00235829 0.999996 0.0524205 -0.0595081 0.143256
FixedParameters: 0 0 0

#Transform 230
Transform: AffineTransform_float_3_3
Parameters: 1 -5.78442e-05 -8.01975e-07 5.78454e-05 0.999999 0.000934989 6.93676e-07 -0.000934992 0.999999 0.0166653 0.0192005 0.102521
FixedParameters: 0 0 0

#Transform 231
Transform: AffineTransform_float_3_3
Parameters: 0.999999 -0.00062826 -0.000664637 0.000629699 0.999996 0.00258172 0.000662985 -0.00258149 0.999997 0.046808 -0.0923563 0.152977
FixedParameters: 0 0 0

#Transform 232
Transform: AffineTransform_float_3_3
Parameters: 1 -0.000106092 -0.000345739 0.000106846 0.999999 0.00123571 0.000345672 -0.00123577 0.999999 0.0261517 0.0273057 0.125947
FixedParameters: 0 0 0

#Transform 233
Transform: AffineTransform_float_3_3
Parameters: 0.999999 -0.000892147 -0.00127119 0.000895619 0.999997 0.00251678 0.00126862 -0.0025187 0.999996 0.0643849 -0.0641531 0.138756
FixedParameters: 0 0 0

#Transform 234
Transform: AffineTransform_float_3_3
Parameters: 0.999999 -0.000682171 -0.000874353 0.000683944 0.999997 0.00209571 0.000872891 -0.00209585 0.999998 0.0521193 0.0114651 0.102604
FixedParameters: 0 0 0

#Transform 235
Transform: AffineTransform_float_3_3
Parameters: 0.999999 -0.00097615 -0.00124577 0.000979589 0.999996 0.00269424 0.00124386 -0.00269539 0.999996 0.0747323 -0.0635683 0.129531
FixedParameters: 0 0 0

#Transform 236
Transform: AffineTransform_float_3_3
Parameters: 0.999999 -0.000811552 -0.00118518 0.000814098 0.999997 0.00224094 0.00118339 -0.0022417 0.999997 0.066913 -0.00753918 0.0845125
FixedParameters: 0 0 0

#Transform 237
Transform: AffineTransform_float_3_3
Parameters: 0.999999 -0.000784723 -0.000922704 0.000787554 0.999996 0.00270135 0.000920135 -0.00270255 0.999996 0.0678822 -0.0611166 0.124212
FixedParameters: 0 0 0

#Transform 238
Transform: AffineTransform_float_3_3
Parameters: 0.999999 -0.000887956 -0.00110917 0.000890167 0.999998 0.002238 0.00110693 -0.00223824 0.999997 0.0642084 -0.0408678 0.100126
FixedParameters: 0 0 0

#Transform 239
Transform: AffineTransform_float_3_3
Parameters: 1 -0.000256976 -0.000251477 0.000256695 0.999999 0.00137854 0.000251412 -0.00137855 0.999999 0.0387115 0.0220775 0.127952
FixedParameters: 0 0 0

#Transform 240
Transform: AffineTransform_float_3_3
Parameters: 0.999999 -0.00065729 -0.000936187 0.000659438 0.999997 0.00224252 0.000934717 -0.00224351 0.999997 0.0613784 -0.0439295 0.131886
FixedParameters: 0 0 0

#Transform 241
Transform: AffineTransform_float_3_3
Parameters: 0.999999 -0.000598583 -0.000724847 0.000599416 0.999999 0.00124697 0.000723997 -0.00124772 0.999999 0.0392716 0.024169 0.124546
FixedParameters: 0 0 0

#Transform 242
Transform: AffineTransform_float_3_3
Parameters: 0.999999 -0.00107362 -0.00107792 0.00107651 0.999997 0.00248443 0.00107537 -0.00248639 0.999996 0.0651452 -0.0470543 0.111904
FixedParameters: 0 0 0

#Transform 243
Transform: AffineTransform_float_3_3
Parameters: 1 -0.000879591 -0.00100652 0.000882028 0.999997 0.00235297 0.00100509 -0.00235357 0.999997 0.0875838 -0.060397 0.124779
FixedParameters: 0 0 0

#Transform 244
Transform: AffineTransform_float_3_3
Parameters: 0.999998 -0.0010381 -0.00144248 0.0010416 0.999997 0.00250989 0.00143975 -0.0025116 0.999996 0.076736 -0.0413616 0.0988804
FixedParameters: 0 0 0

#Transform 245
Transform: AffineTransform_float_3_3
Parameters: 0.999999 -0.000925058 -0.00130017 0.000928057 0.999996 0.00259196 0.00129785 -0.00259308 0.999996 0.0648666 -0.0329672 0.122621
FixedParameters: 0 0 0

#Transform 246
Transform: AffineTransform_float_3_3
Parameters: 0.999999 -0.000695102 -0.000918589 0.000696984 0.999998 0.00214004 0.000917093 -0.00214108 0.999997 0.0509168 -0.000725664 0.0776997
FixedParameters: 0 0 0

#Transform 247
Transform: AffineTransform_float_3_3
Parameters: 0.999999 -0.000879388 -0.00121319 0.000882222 0.999996 0.00270443 0.00121081 -0.00270472 0.999995 0.0739318 -0.0329763 0.128221
FixedParameters: 0 0 0

#Transform 248
Transform: AffineTransform_float_3_3
Parameters: 1 -0.000795161 -0.00100304 0.000797512 0.999998 0.00214482 0.00100091 -0.00214618 0.999997 0.0612478 -0.0256125 0.085627
FixedParameters: 0 0 0

#Transform 249
Transform: AffineTransform_float_3_3
Parameters: 0.999998 -0.00101731 -0.00158866 0.00102124 0.999997 0.00236396 0.00158625 -0.0023651 0.999996 0.081731 -0.0241462 0.0922782
FixedParameters: 0 0 0
