#!ascii label  , from subject sub-v1s4x0050703_ses-1 vox2ras=TkReg
293
78963  28.046  -5.099  -12.325 0.0000000000
71399  26.369  -12.396  -8.596 0.0000000000
83728  26.763  -0.084  -9.769 0.0000000000
94063  29.394  12.314  -10.470 0.0000000000
147081  24.892  -15.240  -7.787 0.0000000000
85519  29.228  1.922  -11.419 0.0000000000
87226  29.744  4.774  -9.928 0.0000000000
136041  26.139  -7.288  -12.414 0.0000000000
74246  27.375  -9.636  -11.856 0.0000000000
77081  28.929  -6.871  -13.244 0.0000000000
130373  28.579  -3.100  -13.936 0.0000000000
78961  30.259  -4.667  -13.555 0.0000000000
80869  27.256  -2.941  -10.638 0.0000000000
129501  28.595  -0.718  -11.612 0.0000000000
136896  28.159  8.172  -9.400 0.0000000000
90707  30.299  8.530  -12.400 0.0000000000
73268  27.749  -10.263  -8.508 0.0000000000
86355  28.010  3.242  -8.971 0.0000000000
136683  28.030  4.911  -8.836 0.0000000000
78006  26.735  -5.976  -11.841 0.0000000000
76153  28.097  -7.246  -12.960 0.0000000000
78019  28.215  -6.397  -13.248 0.0000000000
70360  25.767  -13.776  -7.793 0.0000000000
81788  26.100  -1.526  -10.309 0.0000000000
81786  28.073  -1.541  -10.640 0.0000000000
128986  28.465  -0.330  -10.569 0.0000000000
86387  28.686  3.152  -12.985 0.0000000000
84652  28.580  1.598  -12.617 0.0000000000
93167  27.471  11.375  -9.575 0.0000000000
131180  26.305  8.321  -9.568 0.0000000000
92334  29.523  10.504  -10.008 0.0000000000
94978  30.708  13.705  -16.227 0.0000000000
93234  29.821  11.446  -15.429 0.0000000000
91521  30.592  10.300  -12.972 0.0000000000
152948  29.789  9.881  -14.330 0.0000000000
90714  29.223  8.052  -14.132 0.0000000000
75198  28.461  -8.543  -10.734 0.0000000000
74234  27.665  -9.789  -10.404 0.0000000000
68075  24.435  -15.647  -7.469 0.0000000000
83717  28.170  0.853  -9.637 0.0000000000
85495  28.585  2.205  -9.501 0.0000000000
86379  29.774  3.673  -11.038 0.0000000000
87241  29.292  4.590  -12.828 0.0000000000
131776  26.299  -9.322  -12.385 0.0000000000
75224  26.771  -8.523  -12.532 0.0000000000
75222  28.280  -8.301  -12.229 0.0000000000
76120  29.146  -7.305  -11.274 0.0000000000
79912  28.561  -3.831  -13.306 0.0000000000
78974  28.840  -5.206  -14.083 0.0000000000
79931  29.511  -4.170  -14.400 0.0000000000
78950  26.340  -4.570  -11.074 0.0000000000
130347  25.468  -3.815  -10.851 0.0000000000
78949  27.502  -4.426  -11.386 0.0000000000
79897  28.454  -3.296  -11.975 0.0000000000
150793  28.458  -1.994  -12.263 0.0000000000
81819  28.016  -1.482  -14.334 0.0000000000
126706  28.943  0.679  -10.876 0.0000000000
148607  28.004  -0.156  -13.482 0.0000000000
88971  27.151  6.356  -9.082 0.0000000000
139595  30.634  12.097  -11.982 0.0000000000
92345  30.503  10.683  -11.184 0.0000000000
90687  30.059  8.755  -10.327 0.0000000000
88988  29.130  6.442  -9.493 0.0000000000
88999  30.174  6.373  -11.067 0.0000000000
89005  29.589  6.134  -12.969 0.0000000000
71413  26.111  -12.300  -9.920 0.0000000000
73305  26.305  -10.571  -11.804 0.0000000000
78003  29.420  -6.299  -13.216 0.0000000000
77064  29.729  -6.435  -10.891 0.0000000000
78005  27.682  -5.896  -12.490 0.0000000000
78004  28.411  -5.682  -13.393 0.0000000000
65867  23.691  -16.875  -5.898 0.0000000000
66998  24.143  -16.392  -6.357 0.0000000000
70371  26.099  -13.061  -8.142 0.0000000000
82763  26.573  -0.859  -10.049 0.0000000000
82762  27.712  -0.781  -10.154 0.0000000000
87242  28.435  3.896  -13.444 0.0000000000
86392  27.775  2.884  -13.754 0.0000000000
93179  28.892  11.830  -9.969 0.0000000000
92336  27.836  10.555  -9.539 0.0000000000
91489  28.278  9.757  -9.514 0.0000000000
93178  29.657  11.396  -10.345 0.0000000000
92377  29.492  10.739  -15.163 0.0000000000
92369  29.278  10.030  -14.886 0.0000000000
75191  28.695  -8.347  -9.753 0.0000000000
74221  28.208  -9.107  -10.060 0.0000000000
69287  24.812  -13.680  -9.708 0.0000000000
84618  27.521  1.479  -9.362 0.0000000000
85497  26.678  2.137  -9.249 0.0000000000
87211  29.379  4.026  -9.609 0.0000000000
86354  28.924  3.292  -9.414 0.0000000000
133501  29.787  4.051  -10.240 0.0000000000
87239  29.699  4.128  -11.984 0.0000000000
135966  29.875  4.829  -12.000 0.0000000000
94949  28.783  13.969  -11.114 0.0000000000
132088  25.960  -7.967  -12.609 0.0000000000
76142  26.734  -7.818  -12.569 0.0000000000
150546  28.532  -7.172  -13.015 0.0000000000
76140  28.199  -7.785  -12.712 0.0000000000
76129  28.731  -7.514  -12.454 0.0000000000
76130  28.650  -8.047  -11.481 0.0000000000
68063  24.543  -15.832  -6.691 0.0000000000
130985  28.734  -4.431  -14.078 0.0000000000
79932  29.079  -3.569  -14.531 0.0000000000
152339  25.306  -5.350  -11.718 0.0000000000
80859  25.605  -2.252  -10.545 0.0000000000
144861  26.153  -3.002  -10.561 0.0000000000
79899  26.765  -3.747  -10.770 0.0000000000
79898  27.867  -3.570  -11.218 0.0000000000
80868  28.156  -2.755  -11.128 0.0000000000
81809  28.380  -1.592  -12.811 0.0000000000
82789  28.240  -0.794  -13.094 0.0000000000
83716  28.813  1.102  -10.055 0.0000000000
84627  29.127  1.465  -10.649 0.0000000000
83757  28.274  0.667  -13.043 0.0000000000
83765  27.235  0.214  -14.460 0.0000000000
134583  27.129  8.260  -9.418 0.0000000000
89806  26.492  7.628  -9.458 0.0000000000
137882  26.640  6.959  -9.315 0.0000000000
89805  27.500  7.329  -9.263 0.0000000000
94115  30.881  12.955  -15.281 0.0000000000
139201  30.917  13.730  -15.448 0.0000000000
135043  30.756  12.456  -12.627 0.0000000000
137331  30.755  11.571  -12.562 0.0000000000
149797  30.407  9.066  -12.399 0.0000000000
90686  30.374  9.360  -10.820 0.0000000000
89820  30.384  8.676  -10.906 0.0000000000
89821  29.746  7.956  -9.927 0.0000000000
128852  30.010  7.198  -10.378 0.0000000000
88987  29.787  6.383  -10.068 0.0000000000
89835  30.291  7.348  -11.297 0.0000000000
136765  28.450  7.878  -14.702 0.0000000000
89844  29.539  7.469  -13.540 0.0000000000
89845  28.856  7.282  -14.241 0.0000000000
143521  28.833  5.909  -13.803 0.0000000000
141633  25.473  -12.620  -10.350 0.0000000000
74261  26.717  -9.919  -12.151 0.0000000000
143978  27.412  -10.277  -9.938 0.0000000000
73290  27.108  -10.475  -10.783 0.0000000000
131183  27.362  -10.515  -9.252 0.0000000000
72308  26.890  -11.180  -9.215 0.0000000000
78002  29.606  -5.270  -13.955 0.0000000000
143442  29.335  -5.874  -13.800 0.0000000000
77991  30.022  -5.478  -13.077 0.0000000000
135949  27.082  2.965  -8.931 0.0000000000
138994  27.600  3.998  -8.771 0.0000000000
87212  28.576  4.039  -9.056 0.0000000000
87227  29.092  4.833  -9.289 0.0000000000
77083  26.424  -6.630  -12.130 0.0000000000
76141  27.205  -7.219  -12.580 0.0000000000
77082  27.404  -6.561  -12.526 0.0000000000
77095  27.971  -6.883  -13.073 0.0000000000
77094  28.580  -6.722  -13.407 0.0000000000
151079  25.382  -14.280  -8.318 0.0000000000
130308  25.384  -14.612  -7.538 0.0000000000
70348  25.936  -13.926  -6.943 0.0000000000
70347  26.493  -13.398  -6.480 0.0000000000
80889  28.538  -2.460  -14.475 0.0000000000
80898  29.046  -2.834  -14.731 0.0000000000
80858  26.664  -2.249  -10.429 0.0000000000
80857  27.635  -2.186  -10.626 0.0000000000
81787  27.160  -1.539  -10.279 0.0000000000
82761  28.484  -0.998  -10.821 0.0000000000
85528  28.988  2.514  -12.290 0.0000000000
85534  28.166  2.232  -13.339 0.0000000000
90673  27.702  9.006  -9.454 0.0000000000
90672  28.712  8.942  -9.523 0.0000000000
94116  30.325  12.251  -15.594 0.0000000000
144658  30.467  11.801  -14.943 0.0000000000
93209  30.780  11.335  -13.381 0.0000000000
92363  30.316  10.184  -13.781 0.0000000000
133502  30.231  9.038  -13.119 0.0000000000
90713  29.853  8.247  -13.296 0.0000000000
90720  29.594  8.792  -13.970 0.0000000000
149369  28.849  8.666  -14.664 0.0000000000
74233  27.956  -9.282  -11.174 0.0000000000
131463  27.433  -9.909  -11.198 0.0000000000
74222  27.864  -9.748  -9.351 0.0000000000
67011  23.965  -16.155  -7.085 0.0000000000
68092  24.383  -15.325  -8.190 0.0000000000
69260  24.955  -14.852  -8.373 0.0000000000
69272  25.042  -14.246  -9.068 0.0000000000
70372  25.626  -13.684  -8.644 0.0000000000
71400  25.939  -13.050  -8.988 0.0000000000
83719  26.089  0.835  -9.673 0.0000000000
83718  27.228  0.732  -9.545 0.0000000000
84617  28.374  1.602  -9.521 0.0000000000
85508  28.976  1.843  -9.901 0.0000000000
138205  28.506  2.723  -9.347 0.0000000000
85494  29.064  2.577  -9.734 0.0000000000
85518  29.529  2.796  -11.143 0.0000000000
86386  29.387  3.340  -12.056 0.0000000000
87240  29.141  3.834  -12.704 0.0000000000
137868  28.646  4.702  -13.500 0.0000000000
94046  28.048  12.081  -9.704 0.0000000000
94064  28.567  12.677  -10.164 0.0000000000
75225  25.726  -8.628  -12.519 0.0000000000
74260  27.189  -9.216  -12.329 0.0000000000
131156  27.540  -7.881  -12.644 0.0000000000
75223  27.720  -8.485  -12.457 0.0000000000
75211  27.887  -9.019  -12.090 0.0000000000
75210  28.285  -8.686  -11.616 0.0000000000
76121  28.900  -7.825  -10.450 0.0000000000
78962  28.510  -4.805  -13.360 0.0000000000
78973  29.234  -4.945  -14.290 0.0000000000
78972  29.855  -4.642  -14.153 0.0000000000
80897  29.651  -3.347  -14.489 0.0000000000
79923  30.302  -3.908  -14.031 0.0000000000
79911  30.715  -3.891  -12.985 0.0000000000
78007  25.759  -5.962  -11.837 0.0000000000
77994  26.077  -5.313  -11.454 0.0000000000
77993  27.123  -5.259  -11.576 0.0000000000
78948  28.329  -4.184  -12.161 0.0000000000
132111  28.510  -3.033  -12.781 0.0000000000
81799  28.265  -2.081  -11.116 0.0000000000
80867  28.465  -2.435  -11.899 0.0000000000
80875  28.428  -2.404  -13.164 0.0000000000
144962  28.231  -1.987  -14.097 0.0000000000
83727  27.919  0.086  -9.854 0.0000000000
147296  28.799  0.034  -11.012 0.0000000000
83744  28.644  0.118  -12.028 0.0000000000
84640  28.904  1.068  -11.712 0.0000000000
94078  29.895  12.700  -11.026 0.0000000000
94947  30.369  12.874  -11.868 0.0000000000
149518  29.970  11.993  -10.787 0.0000000000
93177  30.290  11.384  -10.906 0.0000000000
92346  30.113  10.621  -10.539 0.0000000000
91501  29.932  9.695  -10.239 0.0000000000
140034  30.651  10.644  -12.133 0.0000000000
142030  29.095  8.141  -9.586 0.0000000000
135342  28.723  7.334  -9.441 0.0000000000
88970  28.204  6.500  -9.158 0.0000000000
146104  27.865  5.781  -8.927 0.0000000000
88093  28.697  5.683  -9.175 0.0000000000
88107  29.469  5.612  -9.678 0.0000000000
88106  29.950  5.544  -10.478 0.0000000000
89840  30.124  7.631  -12.462 0.0000000000
140167  30.139  6.723  -12.139 0.0000000000
89002  30.038  6.010  -12.032 0.0000000000
88120  29.721  5.392  -12.478 0.0000000000
88123  29.117  5.321  -13.295 0.0000000000
71414  25.739  -12.902  -9.682 0.0000000000
135613  26.147  -12.529  -9.298 0.0000000000
129774  26.600  -10.821  -11.337 0.0000000000
73304  26.968  -10.279  -11.622 0.0000000000
73291  26.550  -11.235  -10.779 0.0000000000
72322  26.517  -11.586  -9.984 0.0000000000
128898  26.482  -11.913  -9.225 0.0000000000
78018  28.796  -6.091  -13.812 0.0000000000
77093  28.987  -6.330  -13.787 0.0000000000
77992  29.931  -5.997  -12.073 0.0000000000
77074  29.353  -6.812  -12.316 0.0000000000
74262  25.871  -10.037  -12.170 0.0000000000
78017  29.055  -5.701  -14.124 0.0000000000
78980  28.966  -4.375  -14.358 0.0000000000
79924  28.806  -3.731  -14.301 0.0000000000
80899  28.848  -2.992  -14.607 0.0000000000
81798  28.454  -1.593  -11.537 0.0000000000
83726  28.601  0.392  -10.277 0.0000000000
85496  27.845  2.312  -9.174 0.0000000000
85507  29.324  2.289  -10.402 0.0000000000
86367  29.557  3.214  -10.098 0.0000000000
87237  29.997  4.622  -10.988 0.0000000000
88118  30.059  5.460  -11.495 0.0000000000
89006  29.205  6.687  -13.727 0.0000000000
89822  29.504  7.147  -9.775 0.0000000000
90671  29.530  8.860  -9.819 0.0000000000
90700  30.462  9.060  -11.672 0.0000000000
90701  30.376  8.205  -11.508 0.0000000000
91488  29.202  9.711  -9.706 0.0000000000
91500  30.369  10.061  -10.778 0.0000000000
91511  30.537  9.916  -11.459 0.0000000000
91516  30.517  9.669  -12.418 0.0000000000
91522  30.374  9.710  -13.249 0.0000000000
91528  29.980  9.469  -13.860 0.0000000000
91529  29.330  9.365  -14.520 0.0000000000
92335  28.759  10.489  -9.660 0.0000000000
92357  30.706  10.924  -12.870 0.0000000000
92362  30.603  10.730  -13.397 0.0000000000
92368  29.984  10.458  -14.505 0.0000000000
93165  29.088  11.108  -9.861 0.0000000000
93166  28.375  11.257  -9.673 0.0000000000
93221  30.819  11.762  -14.164 0.0000000000
93233  30.843  12.447  -14.759 0.0000000000
94062  30.335  12.097  -11.334 0.0000000000
94125  30.571  13.042  -15.987 0.0000000000
94953  30.608  13.259  -12.797 0.0000000000
129812  28.751  -2.424  -14.831 0.0000000000
138300  30.226  8.018  -10.618 0.0000000000
142891  29.775  6.926  -13.007 0.0000000000
145097  29.309  7.633  -9.671 0.0000000000
147080  27.321  3.481  -8.835 0.0000000000
150066  26.112  -0.394  -10.023 0.0000000000
