#!ascii label  , from subject sub-v1s4x0050702_ses-1 vox2ras=TkReg
497
83072  -20.156  -2.904  -13.496 0.0000000000
157947  -17.058  -8.022  -9.555 0.0000000000
79460  -23.679  -6.546  -11.355 0.0000000000
74206  -20.336  -12.625  -9.357 0.0000000000
94017  -24.087  9.108  -16.926 0.0000000000
90501  -25.052  5.186  -14.664 0.0000000000
87059  -16.637  1.289  -12.811 0.0000000000
70111  -20.003  -16.352  -6.662 0.0000000000
75976  -19.221  -10.511  -9.932 0.0000000000
74177  -17.800  -12.685  -7.839 0.0000000000
92256  -25.437  7.426  -15.455 0.0000000000
89679  -19.252  4.409  -15.448 0.0000000000
140569  -16.724  -2.761  -11.226 0.0000000000
142694  -13.356  -0.200  -10.580 0.0000000000
84997  -18.287  -1.217  -13.258 0.0000000000
86074  -21.392  0.588  -15.342 0.0000000000
84998  -24.016  -0.640  -13.718 0.0000000000
83077  -25.843  -2.032  -13.037 0.0000000000
79440  -15.218  -6.783  -9.218 0.0000000000
80341  -18.283  -5.165  -11.494 0.0000000000
80369  -21.897  -4.787  -12.905 0.0000000000
78590  -19.643  -7.096  -11.463 0.0000000000
76859  -22.251  -9.722  -10.402 0.0000000000
74218  -23.923  -12.057  -9.918 0.0000000000
88825  -14.768  3.691  -11.357 0.0000000000
88028  -20.746  2.525  -15.954 0.0000000000
88869  -27.243  3.622  -14.182 0.0000000000
140784  -18.338  -14.265  -6.720 0.0000000000
72176  -20.286  -14.583  -7.909 0.0000000000
75089  -17.028  -11.569  -8.227 0.0000000000
74159  -17.411  -12.838  -7.040 0.0000000000
90513  -19.412  5.393  -15.570 0.0000000000
148328  -16.545  5.090  -13.319 0.0000000000
135977  -18.042  -3.114  -12.328 0.0000000000
84062  -17.118  -1.585  -11.952 0.0000000000
84072  -19.244  -2.128  -13.382 0.0000000000
143544  -21.086  -0.707  -14.673 0.0000000000
137351  -21.319  -2.115  -13.924 0.0000000000
84074  -24.381  -1.282  -13.449 0.0000000000
83074  -22.382  -2.706  -13.518 0.0000000000
78575  -15.889  -7.612  -9.088 0.0000000000
80337  -16.864  -5.277  -10.333 0.0000000000
79442  -17.686  -6.470  -10.494 0.0000000000
79458  -19.083  -6.001  -11.674 0.0000000000
143528  -18.824  -7.280  -11.017 0.0000000000
141445  -19.571  -11.298  -9.702 0.0000000000
75989  -20.233  -10.264  -10.168 0.0000000000
75990  -20.857  -10.658  -10.037 0.0000000000
147121  -23.034  -10.961  -10.276 0.0000000000
74207  -21.847  -12.147  -9.732 0.0000000000
93171  -21.955  8.115  -16.775 0.0000000000
94015  -22.305  9.489  -17.246 0.0000000000
94960  -23.769  9.820  -17.207 0.0000000000
96643  -24.127  11.719  -17.599 0.0000000000
94018  -25.690  9.580  -16.221 0.0000000000
91362  -25.887  6.744  -15.014 0.0000000000
86032  -15.479  0.614  -11.289 0.0000000000
87964  -14.211  1.997  -10.652 0.0000000000
145413  -15.272  2.900  -11.732 0.0000000000
145410  -17.131  3.136  -13.634 0.0000000000
87069  -17.762  1.838  -13.902 0.0000000000
87061  -25.404  1.507  -13.833 0.0000000000
88005  -24.353  2.420  -14.544 0.0000000000
141736  -27.478  2.699  -13.970 0.0000000000
79473  -23.054  -5.889  -11.907 0.0000000000
81221  -24.399  -4.482  -12.170 0.0000000000
142207  -18.353  -16.481  -6.007 0.0000000000
71101  -19.149  -15.557  -6.821 0.0000000000
72174  -18.931  -14.419  -7.254 0.0000000000
71102  -19.799  -15.655  -7.082 0.0000000000
76842  -16.590  -9.740  -8.920 0.0000000000
76847  -18.220  -9.538  -9.995 0.0000000000
75104  -17.753  -10.700  -9.394 0.0000000000
75091  -18.277  -12.034  -9.094 0.0000000000
74191  -18.900  -12.522  -8.997 0.0000000000
92267  -22.772  7.479  -16.700 0.0000000000
93163  -25.087  8.041  -15.783 0.0000000000
145720  -21.764  6.261  -16.235 0.0000000000
90532  -22.166  5.486  -16.106 0.0000000000
89681  -23.040  4.760  -15.624 0.0000000000
82093  -14.657  -3.071  -9.866 0.0000000000
84036  -15.178  -1.272  -10.453 0.0000000000
84985  -16.560  -0.819  -11.759 0.0000000000
152191  -17.455  0.330  -13.206 0.0000000000
87080  -19.493  1.020  -14.792 0.0000000000
86072  -19.938  0.195  -14.717 0.0000000000
86060  -22.638  0.110  -14.681 0.0000000000
86047  -25.604  0.747  -13.596 0.0000000000
85001  -26.648  -0.373  -13.355 0.0000000000
70093  -20.434  -16.790  -5.987 0.0000000000
70112  -20.892  -16.124  -6.312 0.0000000000
81200  -15.365  -4.307  -9.785 0.0000000000
81209  -17.599  -4.094  -11.472 0.0000000000
82118  -19.013  -3.837  -12.699 0.0000000000
81232  -20.809  -3.910  -13.329 0.0000000000
80367  -20.123  -4.966  -12.660 0.0000000000
79471  -21.178  -6.151  -12.332 0.0000000000
78592  -21.689  -7.150  -11.657 0.0000000000
76856  -19.399  -9.143  -10.568 0.0000000000
77697  -21.235  -8.205  -11.077 0.0000000000
77699  -22.986  -8.063  -10.769 0.0000000000
153116  -24.068  -9.339  -10.433 0.0000000000
144424  -24.778  -10.644  -10.484 0.0000000000
94006  -27.325  8.981  -15.635 0.0000000000
88856  -16.686  4.183  -13.416 0.0000000000
88882  -19.551  3.425  -15.561 0.0000000000
88883  -22.595  3.514  -15.802 0.0000000000
87082  -21.252  1.843  -15.833 0.0000000000
88866  -24.180  3.198  -14.748 0.0000000000
89671  -26.603  4.447  -14.318 0.0000000000
82119  -23.458  -3.378  -12.785 0.0000000000
83062  -26.188  -2.788  -12.711 0.0000000000
138617  -17.658  -13.245  -6.097 0.0000000000
73226  -18.477  -13.753  -7.325 0.0000000000
73227  -19.143  -13.870  -7.700 0.0000000000
74193  -20.474  -13.395  -8.949 0.0000000000
71117  -21.191  -15.217  -7.423 0.0000000000
72192  -21.542  -14.307  -8.496 0.0000000000
73240  -22.049  -13.869  -8.940 0.0000000000
90477  -16.139  5.566  -12.857 0.0000000000
82129  -18.956  -3.151  -12.906 0.0000000000
83058  -18.117  -2.469  -12.621 0.0000000000
140767  -19.440  -2.766  -13.272 0.0000000000
83087  -19.990  -2.316  -13.619 0.0000000000
83088  -20.618  -2.455  -13.725 0.0000000000
83089  -22.092  -2.071  -13.843 0.0000000000
83073  -21.647  -2.782  -13.661 0.0000000000
77679  -16.257  -8.307  -9.048 0.0000000000
78576  -17.104  -7.388  -9.720 0.0000000000
79441  -16.634  -6.671  -9.630 0.0000000000
78583  -18.195  -7.073  -10.650 0.0000000000
77680  -17.700  -7.933  -9.974 0.0000000000
75106  -20.295  -11.802  -9.626 0.0000000000
75120  -20.300  -10.991  -9.862 0.0000000000
75121  -20.961  -11.484  -9.789 0.0000000000
75107  -20.963  -12.279  -9.560 0.0000000000
93173  -23.551  8.523  -17.058 0.0000000000
94016  -23.100  9.107  -17.324 0.0000000000
146670  -24.470  10.538  -16.901 0.0000000000
94961  -25.517  10.540  -16.478 0.0000000000
151249  -24.831  9.097  -16.457 0.0000000000
90519  -25.417  5.991  -14.803 0.0000000000
91363  -26.958  6.638  -14.966 0.0000000000
141587  -27.705  6.007  -15.092 0.0000000000
90520  -27.003  5.758  -14.697 0.0000000000
86033  -16.246  0.683  -12.152 0.0000000000
87036  -14.846  1.277  -10.839 0.0000000000
87049  -15.618  1.340  -11.715 0.0000000000
87965  -15.070  2.049  -11.286 0.0000000000
87985  -15.725  2.112  -12.108 0.0000000000
87996  -16.981  2.121  -13.350 0.0000000000
88007  -27.197  1.906  -13.705 0.0000000000
87998  -26.174  2.182  -13.776 0.0000000000
80343  -24.100  -5.804  -11.631 0.0000000000
80358  -24.483  -5.168  -11.815 0.0000000000
80344  -25.241  -5.763  -11.435 0.0000000000
70092  -19.517  -16.980  -6.200 0.0000000000
69090  -18.808  -17.075  -6.071 0.0000000000
70110  -19.172  -16.300  -6.515 0.0000000000
71083  -18.570  -15.657  -6.407 0.0000000000
75964  -16.408  -10.345  -8.420 0.0000000000
75974  -17.124  -10.194  -9.157 0.0000000000
145329  -17.043  -10.914  -8.753 0.0000000000
74190  -17.630  -12.122  -8.414 0.0000000000
75090  -17.648  -11.484  -9.013 0.0000000000
158201  -18.246  -12.550  -8.538 0.0000000000
74204  -18.975  -11.890  -9.436 0.0000000000
91359  -21.051  6.723  -16.165 0.0000000000
146687  -22.369  6.785  -16.266 0.0000000000
90531  -21.510  5.501  -16.237 0.0000000000
90530  -20.906  5.011  -16.242 0.0000000000
90516  -22.822  5.431  -15.793 0.0000000000
159193  -20.710  4.416  -16.167 0.0000000000
83030  -15.782  -2.698  -10.471 0.0000000000
83047  -16.202  -2.078  -10.995 0.0000000000
84063  -17.662  -1.751  -12.515 0.0000000000
84986  -17.213  -0.943  -12.360 0.0000000000
133875  -16.714  -0.166  -12.281 0.0000000000
84995  -17.324  -0.284  -12.787 0.0000000000
156986  -17.792  0.263  -13.453 0.0000000000
85010  -18.601  -0.509  -13.699 0.0000000000
136715  -22.413  -0.701  -14.437 0.0000000000
85013  -22.061  -0.161  -14.829 0.0000000000
85014  -23.262  -0.397  -14.182 0.0000000000
86046  -24.784  0.856  -13.930 0.0000000000
132576  -25.025  0.255  -13.635 0.0000000000
86048  -26.513  0.476  -13.436 0.0000000000
84999  -24.910  -0.503  -13.489 0.0000000000
83076  -24.816  -1.978  -13.087 0.0000000000
84076  -26.583  -1.303  -13.258 0.0000000000
83078  -26.927  -2.209  -13.090 0.0000000000
69074  -20.032  -17.503  -5.701 0.0000000000
69075  -20.964  -17.237  -5.399 0.0000000000
79439  -15.097  -5.804  -9.351 0.0000000000
80318  -15.066  -5.085  -9.479 0.0000000000
158294  -15.524  -5.480  -9.530 0.0000000000
80338  -17.629  -5.213  -10.991 0.0000000000
81202  -17.110  -4.566  -10.840 0.0000000000
138568  -17.846  -4.690  -11.404 0.0000000000
82116  -18.286  -3.768  -12.203 0.0000000000
146325  -18.712  -4.689  -12.008 0.0000000000
80366  -19.379  -4.530  -12.543 0.0000000000
80352  -19.106  -5.039  -12.110 0.0000000000
78603  -19.341  -6.250  -11.692 0.0000000000
145290  -19.601  -6.026  -11.901 0.0000000000
78604  -19.918  -6.542  -11.813 0.0000000000
78606  -21.677  -6.578  -12.011 0.0000000000
149400  -20.314  -7.148  -11.648 0.0000000000
76855  -18.700  -8.919  -10.418 0.0000000000
75987  -18.977  -9.755  -10.237 0.0000000000
76857  -20.732  -9.875  -10.358 0.0000000000
76872  -20.706  -8.920  -10.776 0.0000000000
77684  -21.681  -8.904  -10.666 0.0000000000
77698  -22.084  -8.189  -10.896 0.0000000000
77685  -22.635  -8.839  -10.567 0.0000000000
77686  -23.579  -8.723  -10.485 0.0000000000
76860  -23.275  -9.493  -10.415 0.0000000000
75123  -23.444  -11.515  -10.187 0.0000000000
75993  -23.803  -10.864  -10.421 0.0000000000
141031  -24.346  -11.414  -10.271 0.0000000000
75124  -25.242  -11.249  -10.288 0.0000000000
146049  -24.505  7.530  -15.776 0.0000000000
93164  -25.921  8.128  -15.574 0.0000000000
84034  -13.090  -1.429  -10.329 0.0000000000
89623  -13.644  4.587  -10.594 0.0000000000
89624  -14.380  4.364  -10.895 0.0000000000
89644  -15.775  4.749  -12.478 0.0000000000
88844  -16.160  3.965  -12.803 0.0000000000
88016  -19.126  2.863  -15.162 0.0000000000
88003  -18.492  3.112  -14.720 0.0000000000
88897  -20.285  3.238  -15.923 0.0000000000
88899  -21.819  3.385  -16.169 0.0000000000
88030  -22.181  2.819  -15.964 0.0000000000
86073  -20.306  0.984  -15.273 0.0000000000
152196  -21.671  1.209  -15.549 0.0000000000
133491  -25.050  3.012  -14.348 0.0000000000
88004  -23.553  2.556  -14.989 0.0000000000
88868  -25.966  3.593  -14.194 0.0000000000
88867  -24.897  3.811  -14.515 0.0000000000
89672  -27.537  4.491  -14.537 0.0000000000
89684  -28.153  4.583  -15.063 0.0000000000
143554  -21.354  -4.260  -13.213 0.0000000000
82134  -22.620  -3.343  -13.210 0.0000000000
156534  -22.847  -3.889  -12.868 0.0000000000
82121  -25.450  -3.408  -12.444 0.0000000000
72141  -18.178  -14.849  -6.162 0.0000000000
72159  -17.888  -14.009  -6.027 0.0000000000
73211  -17.935  -13.547  -6.773 0.0000000000
72175  -19.599  -14.467  -7.638 0.0000000000
72190  -19.806  -13.829  -8.297 0.0000000000
72191  -20.737  -14.149  -8.506 0.0000000000
71103  -20.595  -15.727  -7.000 0.0000000000
75075  -17.159  -12.138  -7.612 0.0000000000
152918  -18.880  6.029  -15.248 0.0000000000
91356  -18.234  6.094  -14.722 0.0000000000
90500  -17.846  5.372  -14.482 0.0000000000
89668  -18.367  4.553  -14.765 0.0000000000
83049  -17.416  -2.926  -11.836 0.0000000000
83048  -16.943  -2.204  -11.626 0.0000000000
83057  -17.569  -2.368  -12.184 0.0000000000
84071  -18.653  -1.880  -13.203 0.0000000000
84084  -18.954  -1.361  -13.584 0.0000000000
84085  -19.770  -1.501  -13.846 0.0000000000
156854  -21.366  -1.336  -14.363 0.0000000000
155519  -22.867  -0.908  -14.098 0.0000000000
84073  -23.362  -1.207  -13.743 0.0000000000
134408  -23.828  -1.980  -13.340 0.0000000000
142214  -15.605  -7.013  -9.208 0.0000000000
80319  -16.050  -5.956  -9.512 0.0000000000
79451  -17.218  -5.857  -10.332 0.0000000000
79456  -17.986  -5.829  -10.991 0.0000000000
79468  -18.958  -5.631  -11.755 0.0000000000
79452  -18.458  -6.244  -11.176 0.0000000000
78589  -18.717  -6.613  -11.207 0.0000000000
152344  -19.267  -7.455  -11.181 0.0000000000
75988  -19.651  -9.974  -10.273 0.0000000000
75119  -19.838  -10.589  -9.979 0.0000000000
138072  -21.483  -10.275  -10.260 0.0000000000
75991  -22.324  -10.653  -10.266 0.0000000000
138058  -21.626  -11.121  -10.057 0.0000000000
75122  -22.532  -11.441  -10.091 0.0000000000
74217  -22.989  -12.155  -9.880 0.0000000000
93162  -21.248  8.965  -16.428 0.0000000000
154667  -23.326  9.954  -17.487 0.0000000000
95801  -24.240  11.128  -17.223 0.0000000000
94962  -26.565  10.714  -16.281 0.0000000000
148508  -24.773  6.670  -15.349 0.0000000000
92257  -26.422  7.437  -15.270 0.0000000000
87947  -11.827  1.967  -10.666 0.0000000000
144633  -13.690  2.671  -10.636 0.0000000000
145414  -14.495  2.803  -10.984 0.0000000000
145411  -16.544  3.080  -13.100 0.0000000000
145409  -15.940  2.985  -12.477 0.0000000000
157859  -17.429  2.501  -13.771 0.0000000000
151289  -19.332  2.209  -15.158 0.0000000000
137199  -23.566  1.267  -14.642 0.0000000000
155889  -23.769  1.923  -14.740 0.0000000000
87997  -25.190  2.259  -14.119 0.0000000000
88006  -26.579  2.893  -13.973 0.0000000000
88870  -27.968  3.208  -14.317 0.0000000000
80356  -22.483  -5.328  -12.470 0.0000000000
138636  -23.559  -4.160  -12.511 0.0000000000
80357  -23.530  -5.071  -12.200 0.0000000000
81211  -25.317  -4.814  -11.824 0.0000000000
72160  -18.755  -14.976  -6.777 0.0000000000
72161  -19.370  -15.052  -7.204 0.0000000000
71115  -19.920  -15.027  -7.488 0.0000000000
76845  -16.397  -9.114  -8.960 0.0000000000
132598  -17.118  -8.570  -9.514 0.0000000000
76854  -17.925  -8.748  -10.050 0.0000000000
76846  -17.320  -9.408  -9.482 0.0000000000
154583  -17.791  -10.021  -9.605 0.0000000000
75975  -18.459  -10.286  -9.825 0.0000000000
75105  -18.561  -11.184  -9.542 0.0000000000
74205  -19.616  -12.217  -9.417 0.0000000000
93160  -19.840  8.549  -15.486 0.0000000000
148070  -20.996  8.163  -16.223 0.0000000000
145206  -23.428  7.987  -16.907 0.0000000000
92269  -24.305  8.314  -16.402 0.0000000000
92268  -23.672  7.513  -16.184 0.0000000000
92255  -23.951  6.988  -15.721 0.0000000000
90515  -20.929  5.968  -16.186 0.0000000000
91373  -22.564  6.164  -15.975 0.0000000000
91361  -23.826  6.280  -15.526 0.0000000000
90517  -23.551  5.413  -15.387 0.0000000000
89683  -24.162  4.956  -14.880 0.0000000000
84953  -14.694  -0.894  -10.393 0.0000000000
84054  -16.408  -1.483  -11.390 0.0000000000
84971  -15.637  -0.755  -10.925 0.0000000000
84970  -14.579  -0.330  -10.531 0.0000000000
135288  -15.311  0.017  -10.896 0.0000000000
86044  -16.926  0.478  -12.780 0.0000000000
87060  -17.222  1.116  -13.307 0.0000000000
86058  -18.243  0.278  -13.753 0.0000000000
86059  -19.026  0.255  -14.265 0.0000000000
85024  -20.819  0.194  -15.108 0.0000000000
85012  -20.320  -0.693  -14.472 0.0000000000
85025  -21.518  -0.033  -14.999 0.0000000000
86075  -22.049  0.527  -15.188 0.0000000000
132599  -24.086  0.866  -14.278 0.0000000000
87062  -26.349  1.323  -13.570 0.0000000000
87072  -28.012  1.442  -13.845 0.0000000000
87063  -27.330  0.993  -13.565 0.0000000000
86063  -28.132  0.580  -13.837 0.0000000000
155653  -25.827  -0.707  -13.323 0.0000000000
78594  -24.394  -7.217  -10.771 0.0000000000
82073  -14.710  -3.847  -9.716 0.0000000000
82094  -15.611  -3.510  -10.158 0.0000000000
80336  -16.068  -4.937  -9.920 0.0000000000
81201  -16.328  -4.052  -10.429 0.0000000000
82109  -17.224  -3.421  -11.425 0.0000000000
82110  -17.838  -3.633  -11.909 0.0000000000
82117  -18.560  -3.495  -12.523 0.0000000000
82130  -19.573  -3.286  -13.171 0.0000000000
82131  -20.368  -3.445  -13.386 0.0000000000
145390  -19.666  -3.814  -13.011 0.0000000000
153474  -20.723  -4.434  -13.078 0.0000000000
80368  -21.076  -4.957  -12.878 0.0000000000
79469  -19.278  -5.663  -11.920 0.0000000000
80354  -20.638  -5.600  -12.499 0.0000000000
80355  -21.585  -5.504  -12.608 0.0000000000
79472  -22.104  -6.046  -12.227 0.0000000000
79459  -22.552  -6.692  -11.621 0.0000000000
77682  -18.456  -7.991  -10.494 0.0000000000
77683  -19.079  -8.195  -10.822 0.0000000000
76871  -19.774  -8.338  -10.987 0.0000000000
144639  -20.060  -9.469  -10.553 0.0000000000
77696  -20.404  -7.887  -11.278 0.0000000000
137087  -21.672  -7.710  -11.273 0.0000000000
139834  -22.382  -7.505  -11.219 0.0000000000
78593  -23.310  -7.299  -11.036 0.0000000000
78584  -23.973  -7.956  -10.546 0.0000000000
77687  -24.548  -8.749  -10.440 0.0000000000
75992  -23.113  -10.291  -10.338 0.0000000000
76861  -24.000  -10.081  -10.470 0.0000000000
93174  -25.364  8.691  -15.982 0.0000000000
93175  -26.346  8.919  -15.732 0.0000000000
93165  -26.871  8.192  -15.479 0.0000000000
148332  -15.533  5.452  -12.132 0.0000000000
89660  -16.986  4.894  -13.670 0.0000000000
88864  -17.340  3.967  -13.954 0.0000000000
88865  -18.041  3.820  -14.520 0.0000000000
88896  -19.947  3.912  -15.830 0.0000000000
89693  -21.278  4.122  -16.236 0.0000000000
153906  -22.684  4.246  -15.815 0.0000000000
89669  -24.714  4.508  -14.645 0.0000000000
150701  -18.559  1.163  -14.301 0.0000000000
141538  -19.795  1.698  -15.294 0.0000000000
88019  -22.984  1.793  -15.174 0.0000000000
88018  -22.109  2.015  -15.717 0.0000000000
88884  -23.370  3.347  -15.246 0.0000000000
89670  -25.557  4.481  -14.439 0.0000000000
90502  -26.145  5.314  -14.519 0.0000000000
90521  -27.670  5.237  -14.861 0.0000000000
82133  -21.989  -3.310  -13.497 0.0000000000
83075  -23.238  -2.680  -13.213 0.0000000000
83060  -24.248  -2.723  -12.801 0.0000000000
82120  -24.430  -3.605  -12.469 0.0000000000
156619  -24.843  -3.074  -12.574 0.0000000000
73225  -18.000  -13.214  -7.402 0.0000000000
73238  -18.790  -13.138  -8.082 0.0000000000
74192  -19.664  -12.970  -8.902 0.0000000000
71116  -20.470  -15.193  -7.507 0.0000000000
72177  -21.033  -14.778  -8.009 0.0000000000
73239  -21.273  -13.676  -8.986 0.0000000000
73251  -21.029  -12.990  -9.340 0.0000000000
73252  -21.813  -13.142  -9.368 0.0000000000
76858  -21.331  -9.557  -10.480 0.0000000000
77695  -19.089  -6.584  -11.453 0.0000000000
78591  -21.003  -7.519  -11.557 0.0000000000
78605  -20.829  -6.787  -11.981 0.0000000000
79457  -18.878  -6.080  -11.527 0.0000000000
79470  -20.248  -6.134  -12.124 0.0000000000
80342  -18.710  -5.146  -11.784 0.0000000000
80353  -19.417  -5.243  -12.208 0.0000000000
81208  -17.013  -3.862  -11.021 0.0000000000
81210  -18.285  -4.426  -11.842 0.0000000000
81218  -18.605  -4.131  -12.262 0.0000000000
81219  -18.884  -4.483  -12.277 0.0000000000
81220  -22.710  -4.550  -12.694 0.0000000000
81231  -20.166  -4.152  -13.045 0.0000000000
81233  -22.086  -3.995  -13.231 0.0000000000
82095  -16.514  -3.340  -10.789 0.0000000000
82132  -21.306  -3.518  -13.499 0.0000000000
82143  -20.897  -2.909  -13.666 0.0000000000
83029  -15.267  -1.940  -10.374 0.0000000000
83059  -18.494  -2.965  -12.674 0.0000000000
83061  -25.226  -2.633  -12.716 0.0000000000
83071  -18.726  -2.512  -12.995 0.0000000000
84053  -15.791  -1.484  -10.829 0.0000000000
84070  -18.186  -1.867  -12.911 0.0000000000
84075  -25.377  -1.310  -13.249 0.0000000000
84086  -20.661  -1.642  -14.116 0.0000000000
84087  -21.916  -1.406  -14.277 0.0000000000
84088  -22.546  -1.369  -14.000 0.0000000000
84952  -13.622  -0.866  -10.421 0.0000000000
84984  -16.018  -0.074  -11.596 0.0000000000
84996  -17.746  -1.087  -12.858 0.0000000000
85000  -25.730  -0.012  -13.430 0.0000000000
85011  -19.420  -0.618  -14.128 0.0000000000
86045  -17.870  -0.336  -13.286 0.0000000000
86049  -27.504  0.097  -13.502 0.0000000000
86057  -17.796  0.818  -13.652 0.0000000000
86061  -23.421  0.482  -14.455 0.0000000000
86062  -24.195  0.147  -13.913 0.0000000000
87035  -13.705  1.237  -10.597 0.0000000000
87050  -16.139  1.467  -12.335 0.0000000000
87070  -18.603  2.259  -14.647 0.0000000000
87071  -24.446  1.582  -14.315 0.0000000000
87081  -20.509  1.761  -15.658 0.0000000000
87083  -22.315  1.285  -15.350 0.0000000000
87084  -22.787  0.920  -14.896 0.0000000000
87948  -13.093  2.009  -10.643 0.0000000000
87986  -16.355  2.136  -12.716 0.0000000000
88017  -19.895  2.515  -15.619 0.0000000000
88029  -21.539  2.625  -16.055 0.0000000000
88808  -12.700  3.013  -10.659 0.0000000000
88843  -15.480  3.836  -12.145 0.0000000000
88881  -18.808  3.689  -15.059 0.0000000000
88885  -23.971  4.087  -14.899 0.0000000000
88886  -28.065  3.849  -14.628 0.0000000000
88898  -21.043  3.277  -16.172 0.0000000000
89645  -16.292  4.786  -13.033 0.0000000000
89667  -17.572  4.693  -14.242 0.0000000000
89680  -20.121  4.661  -15.952 0.0000000000
89682  -23.560  4.661  -15.232 0.0000000000
89692  -20.557  3.919  -16.082 0.0000000000
89694  -22.447  4.800  -15.968 0.0000000000
90503  -27.044  5.079  -14.502 0.0000000000
90512  -18.651  5.313  -15.030 0.0000000000
90514  -20.164  5.666  -15.977 0.0000000000
90518  -24.440  5.760  -15.075 0.0000000000
90522  -28.302  5.413  -15.472 0.0000000000
91357  -19.512  6.317  -15.567 0.0000000000
91360  -23.173  6.029  -15.708 0.0000000000
91374  -23.148  6.797  -15.926 0.0000000000
92266  -21.659  7.262  -16.403 0.0000000000
93166  -27.756  8.230  -15.491 0.0000000000
93172  -22.894  8.277  -17.189 0.0000000000
133078  -20.982  1.064  -15.574 0.0000000000
133344  -22.794  2.664  -15.512 0.0000000000
136283  -19.775  -5.651  -12.180 0.0000000000
144531  -18.644  -5.680  -11.530 0.0000000000
144693  -23.198  4.091  -15.465 0.0000000000
145412  -17.788  2.938  -14.230 0.0000000000
146688  -21.753  4.830  -16.213 0.0000000000
148569  -22.123  4.130  -16.113 0.0000000000
148752  -26.295  6.109  -14.750 0.0000000000
149844  -22.880  -1.996  -13.613 0.0000000000
151696  -25.090  -4.084  -12.198 0.0000000000
152942  -20.221  8.194  -15.905 0.0000000000
153872  -26.168  10.163  -16.252 0.0000000000
153930  -21.729  -0.714  -14.629 0.0000000000
155895  -21.398  -12.641  -9.495 0.0000000000
156154  -26.849  2.433  -13.803 0.0000000000
156713  -19.167  1.686  -14.856 0.0000000000
159049  -25.783  2.792  -14.068 0.0000000000
