#!ascii label  , from subject sub-v1s4x0050702_ses-1 vox2ras=TkReg
1480
56235  17.379  -27.937  82.508 0.0000000000
48633  11.183  -34.845  67.123 0.0000000000
157355  9.444  -36.432  80.948 0.0000000000
59299  11.082  -25.603  79.635 0.0000000000
62243  15.194  -21.741  72.700 0.0000000000
54160  13.165  -30.566  84.531 0.0000000000
157441  12.420  -25.196  83.889 0.0000000000
51927  19.909  -30.131  84.708 0.0000000000
149853  14.913  -34.386  83.159 0.0000000000
44589  10.894  -39.312  79.260 0.0000000000
64228  14.306  -19.696  81.817 0.0000000000
60256  13.956  -23.777  76.896 0.0000000000
66301  16.473  -17.370  78.156 0.0000000000
155656  8.292  -41.315  76.235 0.0000000000
49353  9.590  -35.206  75.649 0.0000000000
134333  9.618  -31.175  80.746 0.0000000000
62160  12.069  -21.719  83.451 0.0000000000
53182  11.821  -30.605  73.660 0.0000000000
150647  9.235  -27.395  70.099 0.0000000000
59428  10.185  -24.131  66.151 0.0000000000
63281  10.132  -19.956  70.972 0.0000000000
54190  14.843  -29.601  84.030 0.0000000000
56238  13.941  -27.446  82.475 0.0000000000
136716  19.086  -27.873  85.435 0.0000000000
50089  17.295  -31.948  84.618 0.0000000000
54150  16.480  -29.933  85.945 0.0000000000
49310  13.579  -33.295  85.727 0.0000000000
64232  16.194  -18.880  79.869 0.0000000000
44605  8.591  -39.745  78.330 0.0000000000
48543  9.006  -35.982  78.187 0.0000000000
139968  9.426  -33.788  80.709 0.0000000000
60193  13.717  -22.814  84.324 0.0000000000
155244  12.314  -23.145  84.234 0.0000000000
44573  9.781  -38.414  80.713 0.0000000000
42346  9.697  -40.903  78.745 0.0000000000
42348  8.867  -41.002  78.576 0.0000000000
40604  8.383  -42.594  77.862 0.0000000000
151624  10.553  -30.006  77.677 0.0000000000
139759  11.855  -32.557  75.691 0.0000000000
144167  10.603  -29.187  75.658 0.0000000000
156250  15.431  -23.355  74.818 0.0000000000
59369  11.187  -25.218  73.803 0.0000000000
58337  13.171  -24.933  71.975 0.0000000000
152101  9.158  -25.764  68.801 0.0000000000
60322  13.684  -23.763  69.333 0.0000000000
49321  10.885  -33.466  84.104 0.0000000000
146610  9.579  -30.992  83.927 0.0000000000
56221  11.979  -27.485  83.729 0.0000000000
58247  13.447  -25.087  83.277 0.0000000000
53096  20.047  -29.958  82.141 0.0000000000
51967  18.313  -30.786  79.464 0.0000000000
50104  17.330  -32.222  81.314 0.0000000000
49334  15.510  -34.168  81.376 0.0000000000
45662  12.234  -37.006  81.093 0.0000000000
46660  11.264  -36.068  83.094 0.0000000000
62187  12.815  -21.916  80.848 0.0000000000
59304  11.833  -25.023  78.332 0.0000000000
62190  14.048  -21.563  79.703 0.0000000000
63232  15.771  -21.057  78.220 0.0000000000
148998  16.433  -19.841  75.726 0.0000000000
57240  19.444  -26.705  82.288 0.0000000000
136524  22.332  -28.694  80.190 0.0000000000
53079  24.518  -28.833  82.154 0.0000000000
135018  21.841  -29.156  84.901 0.0000000000
57221  21.072  -26.695  85.016 0.0000000000
41428  7.872  -42.498  74.625 0.0000000000
43562  8.708  -40.434  73.657 0.0000000000
45726  8.822  -37.750  75.350 0.0000000000
50940  9.719  -33.353  78.676 0.0000000000
156490  9.743  -27.935  79.744 0.0000000000
56223  9.483  -27.468  82.961 0.0000000000
59265  10.364  -24.993  82.684 0.0000000000
61145  11.497  -23.069  82.067 0.0000000000
63203  12.749  -20.745  82.509 0.0000000000
46820  9.566  -37.589  72.856 0.0000000000
49375  11.399  -34.794  71.682 0.0000000000
50193  13.348  -32.935  70.025 0.0000000000
58317  10.396  -26.618  74.274 0.0000000000
53207  10.223  -29.980  71.662 0.0000000000
52079  11.894  -30.983  67.799 0.0000000000
54351  9.386  -28.612  67.177 0.0000000000
155165  8.249  -27.214  65.405 0.0000000000
67268  14.482  -16.526  76.688 0.0000000000
65322  13.399  -18.450  74.436 0.0000000000
66344  10.803  -17.664  74.070 0.0000000000
63278  12.242  -20.794  71.780 0.0000000000
62283  11.942  -22.159  68.818 0.0000000000
55260  16.071  -28.670  82.850 0.0000000000
56236  15.798  -28.046  82.140 0.0000000000
56243  16.587  -27.559  81.695 0.0000000000
56227  18.576  -27.758  84.126 0.0000000000
55222  17.662  -28.773  85.490 0.0000000000
55250  17.271  -28.550  84.439 0.0000000000
54179  16.045  -29.456  85.180 0.0000000000
48635  9.456  -35.816  66.269 0.0000000000
49412  10.493  -34.171  66.701 0.0000000000
143975  8.713  -38.609  78.859 0.0000000000
47696  9.100  -36.455  79.508 0.0000000000
49335  9.452  -35.122  80.915 0.0000000000
53132  19.134  -29.839  78.549 0.0000000000
44574  9.027  -38.586  79.954 0.0000000000
139576  9.175  -39.684  79.449 0.0000000000
44581  8.976  -39.089  79.646 0.0000000000
43475  8.615  -40.135  78.471 0.0000000000
142114  10.095  -28.253  78.091 0.0000000000
54239  10.565  -29.386  76.569 0.0000000000
56259  10.293  -27.303  77.135 0.0000000000
137549  15.729  -22.584  73.666 0.0000000000
59366  14.540  -24.263  73.645 0.0000000000
60294  14.869  -23.814  72.241 0.0000000000
59396  13.930  -24.553  70.816 0.0000000000
61209  14.790  -22.865  71.410 0.0000000000
50905  11.514  -32.190  84.709 0.0000000000
54163  11.344  -30.368  84.429 0.0000000000
54170  12.517  -29.918  84.257 0.0000000000
58257  13.395  -25.991  82.766 0.0000000000
60210  14.469  -23.687  83.397 0.0000000000
51935  19.472  -30.480  83.415 0.0000000000
51947  18.905  -30.743  82.226 0.0000000000
50915  18.699  -30.960  82.959 0.0000000000
49323  16.094  -33.171  83.705 0.0000000000
49330  16.293  -33.324  82.346 0.0000000000
142431  15.321  -34.280  82.113 0.0000000000
46671  13.451  -35.662  82.311 0.0000000000
51921  13.632  -31.653  85.488 0.0000000000
47661  12.196  -34.613  84.289 0.0000000000
50083  12.270  -32.818  85.166 0.0000000000
47671  10.818  -34.791  83.408 0.0000000000
63211  13.592  -20.703  81.062 0.0000000000
154066  13.312  -22.105  80.024 0.0000000000
63215  14.048  -20.846  80.378 0.0000000000
64237  16.513  -18.847  78.961 0.0000000000
63221  15.951  -20.357  78.760 0.0000000000
159642  16.529  -19.512  77.835 0.0000000000
62205  16.487  -20.519  76.953 0.0000000000
65306  16.435  -18.505  76.927 0.0000000000
53071  22.150  -29.299  83.493 0.0000000000
141034  8.068  -41.876  75.077 0.0000000000
145381  8.281  -41.230  74.757 0.0000000000
44635  8.462  -39.739  76.078 0.0000000000
138016  9.478  -33.104  79.914 0.0000000000
50113  9.387  -34.660  78.493 0.0000000000
51980  9.769  -32.225  79.619 0.0000000000
53135  10.108  -30.684  79.330 0.0000000000
133584  9.658  -29.470  80.144 0.0000000000
56210  11.168  -27.318  84.160 0.0000000000
54184  9.420  -29.253  83.343 0.0000000000
57225  10.264  -26.092  83.949 0.0000000000
61118  11.832  -22.419  83.612 0.0000000000
61119  11.500  -23.296  83.496 0.0000000000
61126  11.386  -23.025  82.960 0.0000000000
60212  10.723  -24.355  82.423 0.0000000000
61125  11.717  -22.310  82.893 0.0000000000
62178  12.124  -21.769  82.107 0.0000000000
62167  12.373  -21.176  83.357 0.0000000000
159502  17.248  -31.959  79.089 0.0000000000
50939  17.294  -31.887  78.356 0.0000000000
44588  11.437  -38.876  79.037 0.0000000000
43486  11.285  -40.113  77.691 0.0000000000
43487  10.732  -40.432  78.243 0.0000000000
41400  9.435  -41.675  78.482 0.0000000000
41404  10.390  -41.994  77.903 0.0000000000
42383  8.240  -41.674  76.826 0.0000000000
41418  7.892  -42.545  76.536 0.0000000000
148098  9.350  -36.924  74.230 0.0000000000
44658  9.247  -39.077  72.970 0.0000000000
48559  9.547  -36.038  73.978 0.0000000000
50990  12.412  -32.341  74.072 0.0000000000
50161  11.472  -33.874  73.451 0.0000000000
50172  12.634  -33.112  72.345 0.0000000000
49374  12.277  -34.326  71.133 0.0000000000
52047  13.144  -31.449  71.681 0.0000000000
60247  13.006  -23.996  78.196 0.0000000000
59329  10.963  -25.800  76.260 0.0000000000
154459  11.656  -24.865  76.074 0.0000000000
58341  9.811  -25.889  71.741 0.0000000000
56288  9.407  -27.700  71.881 0.0000000000
55340  9.593  -28.601  70.790 0.0000000000
53231  11.628  -30.168  69.491 0.0000000000
53232  10.633  -29.639  69.210 0.0000000000
54339  10.565  -29.772  67.304 0.0000000000
54331  9.365  -28.512  68.996 0.0000000000
133730  10.479  -25.434  67.519 0.0000000000
141578  9.151  -26.495  67.210 0.0000000000
58396  9.190  -25.081  66.158 0.0000000000
67270  12.290  -16.443  76.640 0.0000000000
66330  13.389  -17.340  75.416 0.0000000000
66331  11.897  -17.194  75.410 0.0000000000
65346  9.242  -18.193  71.492 0.0000000000
64294  10.373  -18.979  72.044 0.0000000000
64292  11.478  -19.396  72.678 0.0000000000
63289  10.926  -20.918  71.057 0.0000000000
62264  12.252  -21.748  70.422 0.0000000000
148855  10.791  -21.553  69.697 0.0000000000
54182  13.899  -29.926  84.471 0.0000000000
55254  13.184  -28.550  83.518 0.0000000000
55262  14.313  -28.108  82.661 0.0000000000
54154  19.091  -29.077  85.975 0.0000000000
50906  18.597  -30.924  84.694 0.0000000000
51923  18.003  -30.655  85.969 0.0000000000
50904  17.012  -31.573  85.893 0.0000000000
49319  15.534  -33.402  84.345 0.0000000000
48518  14.268  -34.310  84.172 0.0000000000
50073  15.302  -31.657  86.311 0.0000000000
153427  15.193  -30.518  86.047 0.0000000000
65276  14.886  -19.044  82.045 0.0000000000
64227  15.123  -19.349  81.247 0.0000000000
157434  16.243  -17.853  81.009 0.0000000000
147127  16.506  -17.426  79.866 0.0000000000
158735  16.472  -16.640  79.266 0.0000000000
136870  8.503  -40.345  77.538 0.0000000000
155924  8.568  -39.057  76.761 0.0000000000
46705  8.751  -37.437  78.465 0.0000000000
50111  9.272  -34.796  79.757 0.0000000000
51958  9.514  -32.300  80.862 0.0000000000
59249  13.275  -23.647  84.061 0.0000000000
59250  12.568  -23.778  84.165 0.0000000000
60194  12.941  -23.014  84.376 0.0000000000
140301  13.121  -22.368  84.577 0.0000000000
63184  12.817  -21.038  84.425 0.0000000000
63187  12.732  -20.723  83.900 0.0000000000
43457  10.079  -38.810  80.370 0.0000000000
43473  10.008  -40.195  79.185 0.0000000000
42340  9.490  -40.241  79.177 0.0000000000
42347  9.183  -40.873  78.781 0.0000000000
41401  9.174  -41.824  78.434 0.0000000000
41407  8.775  -42.536  78.250 0.0000000000
42356  8.607  -41.840  78.093 0.0000000000
43488  8.518  -40.636  77.916 0.0000000000
50954  10.308  -32.712  77.934 0.0000000000
149701  10.513  -34.291  75.101 0.0000000000
50969  11.229  -32.275  76.891 0.0000000000
139807  10.869  -30.142  76.139 0.0000000000
53172  10.937  -30.032  75.121 0.0000000000
60255  14.925  -23.270  76.534 0.0000000000
137276  13.130  -24.460  75.356 0.0000000000
59353  13.502  -24.490  74.670 0.0000000000
58324  12.917  -24.972  72.986 0.0000000000
134235  9.761  -25.422  70.966 0.0000000000
58369  9.037  -26.339  69.416 0.0000000000
133354  10.912  -25.423  69.789 0.0000000000
153813  11.888  -25.436  68.784 0.0000000000
59420  12.321  -24.522  67.746 0.0000000000
149054  9.325  -18.487  70.181 0.0000000000
63311  10.064  -20.436  69.179 0.0000000000
64326  10.224  -19.157  68.751 0.0000000000
47681  9.871  -35.694  82.125 0.0000000000
49329  9.823  -34.335  82.229 0.0000000000
50913  9.941  -32.361  83.870 0.0000000000
55234  11.199  -29.012  84.345 0.0000000000
155646  11.978  -26.545  83.708 0.0000000000
56230  12.720  -27.406  83.288 0.0000000000
57234  12.713  -26.123  83.252 0.0000000000
58248  12.815  -25.147  83.683 0.0000000000
60203  13.873  -23.581  83.846 0.0000000000
53107  19.739  -29.888  81.431 0.0000000000
51956  18.908  -30.177  80.041 0.0000000000
51946  18.996  -30.412  80.976 0.0000000000
50097  17.412  -32.149  83.148 0.0000000000
50105  16.810  -32.768  81.937 0.0000000000
49340  15.767  -33.737  79.548 0.0000000000
44578  11.802  -38.162  79.594 0.0000000000
44579  11.569  -37.929  80.295 0.0000000000
47673  13.261  -35.235  83.393 0.0000000000
45654  11.526  -37.110  81.769 0.0000000000
44571  11.080  -37.620  81.333 0.0000000000
44566  10.189  -37.599  81.610 0.0000000000
46663  10.184  -35.921  82.623 0.0000000000
60226  11.612  -23.926  80.928 0.0000000000
59297  11.614  -24.947  79.364 0.0000000000
60231  12.427  -23.563  79.883 0.0000000000
61155  13.079  -22.971  79.556 0.0000000000
61159  14.191  -22.702  78.357 0.0000000000
63213  15.343  -20.342  79.599 0.0000000000
62196  15.119  -21.587  78.538 0.0000000000
60245  14.662  -22.925  77.419 0.0000000000
62216  16.080  -21.807  76.441 0.0000000000
62223  16.379  -21.342  75.722 0.0000000000
63249  16.164  -20.615  74.576 0.0000000000
133498  18.582  -27.170  82.036 0.0000000000
54206  20.700  -28.881  80.338 0.0000000000
133112  25.796  -29.340  80.631 0.0000000000
53078  25.423  -29.145  81.981 0.0000000000
53115  24.653  -29.045  80.961 0.0000000000
54197  23.733  -28.914  81.310 0.0000000000
54199  22.025  -28.959  81.505 0.0000000000
53116  20.906  -29.150  81.191 0.0000000000
53083  20.882  -29.731  83.438 0.0000000000
53073  20.659  -29.825  84.301 0.0000000000
57210  21.240  -27.432  85.767 0.0000000000
55219  20.185  -28.136  85.998 0.0000000000
57215  19.834  -27.531  85.306 0.0000000000
56226  19.388  -27.353  84.119 0.0000000000
44651  8.589  -39.696  74.213 0.0000000000
48557  9.306  -36.261  75.532 0.0000000000
47717  8.903  -36.394  76.946 0.0000000000
49349  9.259  -35.542  76.799 0.0000000000
50126  9.691  -34.657  76.913 0.0000000000
51978  10.050  -32.344  78.679 0.0000000000
54222  10.273  -29.502  78.531 0.0000000000
58280  10.341  -26.559  79.445 0.0000000000
50920  9.654  -32.770  82.178 0.0000000000
51948  9.524  -31.588  82.001 0.0000000000
159417  9.455  -29.428  81.816 0.0000000000
59252  10.571  -24.912  83.471 0.0000000000
58250  9.717  -26.256  83.024 0.0000000000
56245  9.544  -27.693  81.887 0.0000000000
58268  9.932  -26.180  81.730 0.0000000000
59284  10.652  -25.026  81.578 0.0000000000
60228  11.033  -24.674  81.242 0.0000000000
61143  12.225  -22.349  81.401 0.0000000000
62177  12.603  -21.115  82.010 0.0000000000
64229  13.600  -20.017  82.345 0.0000000000
63186  13.006  -20.301  83.597 0.0000000000
64220  13.388  -19.896  83.280 0.0000000000
64219  14.117  -19.447  82.799 0.0000000000
42382  11.695  -41.210  76.458 0.0000000000
42353  10.600  -41.185  77.960 0.0000000000
50162  10.543  -34.515  73.569 0.0000000000
48572  10.427  -35.802  72.272 0.0000000000
49392  12.761  -34.386  68.584 0.0000000000
144681  10.522  -26.666  76.652 0.0000000000
56273  10.104  -27.474  75.008 0.0000000000
54272  9.878  -29.191  73.433 0.0000000000
59356  10.884  -25.677  74.148 0.0000000000
55323  9.604  -28.389  72.741 0.0000000000
53194  10.594  -29.995  72.519 0.0000000000
142119  12.824  -30.731  71.056 0.0000000000
51048  13.047  -31.863  68.651 0.0000000000
50217  12.028  -33.135  67.397 0.0000000000
52092  11.372  -31.544  67.004 0.0000000000
55387  8.972  -27.910  68.302 0.0000000000
55396  8.962  -28.262  66.736 0.0000000000
67257  16.027  -16.091  78.290 0.0000000000
68241  14.232  -15.648  77.811 0.0000000000
66306  15.558  -16.691  77.101 0.0000000000
66328  15.417  -17.881  75.679 0.0000000000
64265  15.534  -19.000  74.711 0.0000000000
63256  14.898  -20.367  73.257 0.0000000000
65331  11.945  -18.413  74.089 0.0000000000
64290  13.003  -19.909  72.998 0.0000000000
62245  13.950  -21.255  71.922 0.0000000000
158010  13.817  -22.152  70.716 0.0000000000
61242  12.760  -22.746  68.704 0.0000000000
60332  11.608  -23.510  66.737 0.0000000000
137538  11.344  -21.965  66.618 0.0000000000
143783  16.597  -28.171  82.435 0.0000000000
56242  17.676  -27.431  81.777 0.0000000000
133617  17.853  -28.004  83.371 0.0000000000
56228  17.789  -28.184  84.085 0.0000000000
55259  17.086  -28.396  83.324 0.0000000000
55251  16.424  -28.947  83.838 0.0000000000
47840  10.015  -36.751  67.012 0.0000000000
48634  9.940  -36.053  66.746 0.0000000000
49414  9.725  -35.251  66.436 0.0000000000
49413  10.213  -34.807  66.674 0.0000000000
154439  8.933  -38.010  79.710 0.0000000000
46687  9.174  -37.138  79.960 0.0000000000
48534  9.485  -35.853  81.046 0.0000000000
53123  19.872  -29.177  79.882 0.0000000000
53131  19.708  -29.215  78.993 0.0000000000
46680  9.416  -37.366  80.896 0.0000000000
44575  8.996  -38.564  79.817 0.0000000000
44582  8.836  -38.956  79.449 0.0000000000
57262  10.116  -27.049  78.626 0.0000000000
56255  10.175  -27.217  78.023 0.0000000000
57266  10.202  -27.107  77.999 0.0000000000
62236  15.708  -21.778  73.524 0.0000000000
151438  15.257  -23.332  72.764 0.0000000000
150820  15.427  -22.605  72.878 0.0000000000
60307  14.805  -23.477  71.590 0.0000000000
61201  14.995  -22.359  72.064 0.0000000000
152321  12.167  -31.125  84.509 0.0000000000
54161  12.227  -30.495  84.380 0.0000000000
51932  19.361  -30.509  84.277 0.0000000000
49327  15.474  -33.843  83.253 0.0000000000
48530  15.123  -34.337  82.743 0.0000000000
47686  14.408  -35.164  81.720 0.0000000000
47678  14.561  -34.747  82.846 0.0000000000
46678  13.789  -35.684  81.672 0.0000000000
47683  14.099  -35.214  82.413 0.0000000000
53057  13.329  -31.498  85.107 0.0000000000
138717  12.598  -32.454  85.197 0.0000000000
153708  12.704  -31.980  85.014 0.0000000000
50902  11.823  -32.489  84.875 0.0000000000
63201  13.845  -20.223  81.476 0.0000000000
63210  14.080  -20.407  80.852 0.0000000000
65292  16.597  -18.065  78.547 0.0000000000
64245  16.606  -18.864  78.153 0.0000000000
140637  16.582  -18.999  77.450 0.0000000000
65298  16.559  -18.208  77.717 0.0000000000
145382  8.268  -41.288  75.564 0.0000000000
43522  8.375  -40.756  76.143 0.0000000000
51968  9.586  -32.269  80.277 0.0000000000
50942  9.516  -33.495  79.423 0.0000000000
135452  9.762  -31.355  80.021 0.0000000000
53125  9.740  -30.387  80.049 0.0000000000
156687  9.545  -30.120  80.742 0.0000000000
57223  12.000  -25.776  83.877 0.0000000000
137832  10.936  -26.340  84.153 0.0000000000
58238  11.466  -25.641  84.022 0.0000000000
62155  12.216  -21.793  84.035 0.0000000000
62168  12.033  -21.705  82.782 0.0000000000
43471  11.080  -39.668  78.550 0.0000000000
41406  9.081  -42.526  78.427 0.0000000000
41405  9.735  -42.312  78.296 0.0000000000
149592  8.383  -41.034  76.705 0.0000000000
140259  8.109  -41.874  75.947 0.0000000000
47732  9.416  -36.438  74.696 0.0000000000
48565  9.457  -36.493  74.134 0.0000000000
49359  9.583  -35.436  75.023 0.0000000000
52032  12.226  -31.314  74.254 0.0000000000
52031  12.432  -31.378  73.428 0.0000000000
139766  12.995  -32.131  72.291 0.0000000000
52040  12.725  -31.385  72.579 0.0000000000
60257  13.231  -24.063  77.481 0.0000000000
59313  12.478  -24.561  77.550 0.0000000000
59326  12.899  -24.451  76.810 0.0000000000
58361  9.186  -26.296  70.534 0.0000000000
56291  9.392  -27.530  70.994 0.0000000000
54291  9.649  -28.810  70.199 0.0000000000
54303  9.726  -29.483  69.740 0.0000000000
54320  9.355  -28.937  69.931 0.0000000000
141425  9.564  -28.863  69.420 0.0000000000
55365  9.469  -28.330  69.370 0.0000000000
58387  9.693  -25.010  66.551 0.0000000000
58395  9.272  -24.943  66.208 0.0000000000
59429  8.469  -24.066  65.414 0.0000000000
68245  11.093  -15.711  77.435 0.0000000000
67264  11.263  -16.136  76.978 0.0000000000
66317  12.057  -16.780  76.055 0.0000000000
145628  11.266  -16.475  76.425 0.0000000000
64301  10.002  -19.309  71.340 0.0000000000
65345  9.799  -18.716  71.767 0.0000000000
64300  10.537  -19.582  71.606 0.0000000000
63280  10.665  -20.276  71.265 0.0000000000
62265  11.063  -21.416  70.422 0.0000000000
63290  10.280  -20.719  70.575 0.0000000000
54181  14.508  -29.908  84.595 0.0000000000
55243  13.917  -29.415  83.842 0.0000000000
55253  14.256  -28.850  83.252 0.0000000000
56244  15.610  -27.317  81.653 0.0000000000
56202  19.228  -28.158  85.863 0.0000000000
51922  18.743  -30.292  85.711 0.0000000000
54155  18.285  -29.031  86.016 0.0000000000
145675  17.227  -29.230  85.817 0.0000000000
53052  17.116  -30.237  86.202 0.0000000000
50897  16.623  -31.212  86.281 0.0000000000
50085  16.600  -32.191  85.450 0.0000000000
50077  16.371  -31.882  86.089 0.0000000000
50078  15.652  -32.158  86.164 0.0000000000
51913  16.038  -30.787  86.374 0.0000000000
54180  15.380  -29.788  84.979 0.0000000000
54158  15.419  -30.198  85.768 0.0000000000
54168  14.904  -30.162  85.231 0.0000000000
140596  14.803  -30.451  85.568 0.0000000000
65275  15.779  -18.516  81.361 0.0000000000
66290  16.470  -17.216  80.664 0.0000000000
148946  16.516  -16.684  79.858 0.0000000000
67253  16.408  -16.159  79.461 0.0000000000
44617  8.544  -39.807  77.797 0.0000000000
151226  8.631  -39.334  78.125 0.0000000000
49338  9.314  -34.941  80.292 0.0000000000
159682  9.217  -35.534  79.425 0.0000000000
50109  9.356  -34.310  80.274 0.0000000000
50923  9.404  -33.755  80.370 0.0000000000
50922  9.453  -33.151  80.822 0.0000000000
62154  12.822  -21.681  84.511 0.0000000000
43458  9.795  -39.018  80.177 0.0000000000
43464  10.148  -39.709  79.457 0.0000000000
43465  9.378  -39.597  79.559 0.0000000000
42342  8.946  -40.275  79.039 0.0000000000
42341  9.153  -40.138  79.212 0.0000000000
42355  8.801  -41.694  78.308 0.0000000000
152333  8.518  -40.159  77.997 0.0000000000
43506  8.434  -41.006  77.355 0.0000000000
51991  10.354  -31.934  78.232 0.0000000000
51990  10.764  -31.700  77.591 0.0000000000
53142  10.569  -30.763  77.791 0.0000000000
54240  10.518  -28.925  76.405 0.0000000000
53152  10.532  -29.580  76.302 0.0000000000
54253  10.514  -29.338  75.430 0.0000000000
53163  10.404  -29.427  75.307 0.0000000000
60265  15.272  -23.349  75.635 0.0000000000
59341  13.997  -24.244  75.267 0.0000000000
60266  14.837  -23.852  75.050 0.0000000000
59384  13.845  -24.709  72.442 0.0000000000
59367  13.852  -24.675  73.310 0.0000000000
58338  12.255  -25.099  72.177 0.0000000000
141183  10.491  -25.297  71.604 0.0000000000
58346  11.711  -25.228  71.334 0.0000000000
58358  10.743  -25.317  70.697 0.0000000000
137079  12.588  -25.164  70.781 0.0000000000
59402  13.827  -24.469  70.043 0.0000000000
58355  13.305  -24.917  69.618 0.0000000000
59409  13.261  -24.702  69.024 0.0000000000
58375  12.144  -25.204  68.282 0.0000000000
59413  13.373  -24.138  68.774 0.0000000000
65354  9.058  -18.082  70.646 0.0000000000
65360  9.197  -17.906  69.965 0.0000000000
64317  9.792  -19.125  69.396 0.0000000000
65373  9.888  -18.500  69.120 0.0000000000
49325  10.525  -34.619  83.112 0.0000000000
49328  10.150  -34.482  82.777 0.0000000000
50093  10.640  -32.989  84.139 0.0000000000
55233  12.166  -29.045  84.058 0.0000000000
54172  11.465  -29.690  84.350 0.0000000000
137021  11.619  -28.980  84.223 0.0000000000
55246  11.715  -28.085  83.946 0.0000000000
56229  13.496  -27.933  82.946 0.0000000000
57243  13.256  -26.898  82.748 0.0000000000
59263  13.337  -24.322  83.737 0.0000000000
59262  13.844  -24.211  83.496 0.0000000000
136949  19.334  -30.366  81.816 0.0000000000
50919  18.299  -31.284  82.217 0.0000000000
157210  18.655  -30.860  81.598 0.0000000000
50921  17.993  -31.493  81.478 0.0000000000
50912  17.988  -31.480  84.329 0.0000000000
50916  18.012  -31.521  83.539 0.0000000000
50094  17.348  -32.064  83.916 0.0000000000
150695  15.870  -33.772  81.918 0.0000000000
158267  16.357  -33.315  81.738 0.0000000000
49333  16.082  -33.580  81.187 0.0000000000
145243  16.654  -32.897  81.164 0.0000000000
49337  15.668  -33.958  80.523 0.0000000000
48538  15.231  -34.464  79.884 0.0000000000
150578  13.933  -36.013  79.188 0.0000000000
45661  12.772  -36.774  80.705 0.0000000000
45671  12.208  -37.459  80.256 0.0000000000
45663  11.706  -37.490  80.867 0.0000000000
151608  13.820  -34.289  84.664 0.0000000000
47665  13.699  -34.832  83.775 0.0000000000
48519  13.402  -34.693  84.230 0.0000000000
47668  12.096  -35.175  83.898 0.0000000000
46654  12.239  -35.607  83.340 0.0000000000
45637  11.447  -36.412  82.747 0.0000000000
44564  11.073  -37.357  81.771 0.0000000000
44565  10.450  -37.695  81.477 0.0000000000
45638  11.068  -36.628  82.673 0.0000000000
151802  10.980  -33.801  83.971 0.0000000000
47676  10.702  -35.468  83.090 0.0000000000
47677  10.424  -35.376  82.857 0.0000000000
143539  10.014  -35.905  82.399 0.0000000000
157631  12.480  -22.507  80.835 0.0000000000
61152  12.157  -23.198  80.762 0.0000000000
62192  12.709  -22.683  80.324 0.0000000000
62198  13.789  -22.431  79.219 0.0000000000
60236  13.444  -23.222  78.708 0.0000000000
147683  14.479  -22.019  78.866 0.0000000000
64233  15.409  -19.676  80.340 0.0000000000
62207  14.927  -22.212  78.049 0.0000000000
62206  15.503  -21.681  77.853 0.0000000000
61167  15.501  -22.220  77.184 0.0000000000
139207  16.097  -21.268  77.291 0.0000000000
64259  16.562  -19.825  76.508 0.0000000000
63244  16.506  -20.563  76.135 0.0000000000
63248  16.423  -20.580  75.331 0.0000000000
62229  16.380  -21.193  74.979 0.0000000000
64270  16.155  -19.832  74.940 0.0000000000
155247  18.723  -26.605  81.415 0.0000000000
58254  20.055  -26.048  81.820 0.0000000000
54219  22.431  -28.503  79.282 0.0000000000
54205  21.698  -28.830  80.718 0.0000000000
54187  24.953  -28.890  82.456 0.0000000000
135886  25.704  -29.171  82.393 0.0000000000
53091  25.021  -29.007  81.558 0.0000000000
53104  24.304  -28.911  81.454 0.0000000000
149806  22.370  -29.010  82.088 0.0000000000
53105  21.372  -29.245  81.939 0.0000000000
54178  21.826  -29.385  84.256 0.0000000000
53072  21.421  -29.573  83.872 0.0000000000
53065  21.141  -29.465  84.825 0.0000000000
57213  21.093  -26.989  85.467 0.0000000000
56200  20.619  -27.836  85.906 0.0000000000
57214  20.528  -27.256  85.384 0.0000000000
56207  20.050  -27.691  85.718 0.0000000000
57222  20.537  -26.965  84.914 0.0000000000
57239  20.317  -26.456  82.956 0.0000000000
57232  20.383  -26.710  83.856 0.0000000000
137746  19.811  -26.956  83.534 0.0000000000
57241  19.066  -27.298  83.164 0.0000000000
41434  8.084  -42.317  73.991 0.0000000000
138838  8.141  -41.775  74.326 0.0000000000
44643  8.464  -39.748  74.951 0.0000000000
43542  8.431  -40.524  74.496 0.0000000000
146756  8.632  -38.982  74.533 0.0000000000
45740  8.884  -38.082  74.556 0.0000000000
46754  9.009  -37.136  75.542 0.0000000000
152607  8.812  -36.660  77.743 0.0000000000
45713  8.596  -38.086  76.836 0.0000000000
134621  8.985  -36.031  77.400 0.0000000000
50941  9.517  -33.899  78.862 0.0000000000
49345  9.266  -35.358  77.429 0.0000000000
50117  9.416  -34.892  77.830 0.0000000000
50127  9.494  -35.059  76.847 0.0000000000
50116  9.666  -34.416  77.679 0.0000000000
50955  9.935  -33.268  78.253 0.0000000000
135834  9.978  -29.568  79.342 0.0000000000
54215  9.823  -28.747  79.429 0.0000000000
55279  9.925  -28.105  78.685 0.0000000000
57259  9.976  -27.011  79.749 0.0000000000
50914  9.714  -32.368  83.344 0.0000000000
50917  9.611  -32.331  82.805 0.0000000000
51936  9.466  -31.656  83.156 0.0000000000
55248  9.448  -28.199  83.189 0.0000000000
53097  9.431  -30.364  82.653 0.0000000000
54194  9.415  -29.632  82.768 0.0000000000
133813  9.444  -29.884  82.345 0.0000000000
141472  9.455  -28.261  82.793 0.0000000000
139586  11.777  -23.787  84.070 0.0000000000
59251  11.224  -24.757  83.992 0.0000000000
60205  10.643  -24.423  82.759 0.0000000000
60197  10.646  -24.458  83.099 0.0000000000
59266  10.088  -25.532  82.922 0.0000000000
57244  9.616  -26.760  82.858 0.0000000000
144784  9.758  -26.381  82.397 0.0000000000
58267  9.990  -25.830  82.366 0.0000000000
60216  11.127  -23.711  82.208 0.0000000000
60217  10.838  -24.384  81.943 0.0000000000
60227  11.288  -23.884  81.608 0.0000000000
61153  11.755  -23.154  81.515 0.0000000000
61144  11.821  -22.498  81.937 0.0000000000
137334  12.405  -21.164  82.642 0.0000000000
63202  13.169  -20.580  81.931 0.0000000000
51966  18.709  -30.279  79.029 0.0000000000
42345  10.239  -40.750  78.599 0.0000000000
42354  10.042  -41.509  78.407 0.0000000000
40623  7.814  -43.167  74.182 0.0000000000
45755  9.422  -38.395  72.865 0.0000000000
149283  9.143  -39.760  72.985 0.0000000000
44668  9.507  -39.011  72.633 0.0000000000
45765  9.819  -38.221  72.418 0.0000000000
50137  11.313  -33.479  75.623 0.0000000000
50151  10.156  -34.734  74.374 0.0000000000
50150  11.184  -33.909  74.439 0.0000000000
49369  11.060  -34.567  72.334 0.0000000000
49376  10.618  -35.196  72.274 0.0000000000
47780  10.688  -36.906  71.634 0.0000000000
156780  11.664  -35.669  70.843 0.0000000000
50194  12.931  -33.707  70.563 0.0000000000
49382  12.569  -34.566  70.266 0.0000000000
50202  13.044  -33.874  69.520 0.0000000000
48603  12.538  -35.274  68.662 0.0000000000
59305  11.403  -25.484  78.449 0.0000000000
59317  11.061  -26.054  77.893 0.0000000000
59316  11.302  -25.749  77.651 0.0000000000
59345  10.957  -25.861  75.463 0.0000000000
58299  10.508  -26.588  75.771 0.0000000000
55317  9.869  -27.993  74.255 0.0000000000
55316  10.151  -28.579  74.414 0.0000000000
55322  9.783  -28.462  73.457 0.0000000000
59355  11.480  -25.016  74.584 0.0000000000
154421  11.258  -25.126  74.958 0.0000000000
59370  10.761  -25.527  73.563 0.0000000000
55339  9.651  -28.859  71.560 0.0000000000
55333  9.554  -28.361  72.077 0.0000000000
54281  9.722  -29.168  71.994 0.0000000000
54280  9.706  -29.273  72.481 0.0000000000
53195  9.760  -29.567  72.119 0.0000000000
53206  11.283  -30.251  71.910 0.0000000000
154636  11.899  -30.362  71.197 0.0000000000
53242  12.226  -30.666  68.682 0.0000000000
145264  12.636  -30.674  69.502 0.0000000000
52078  12.503  -31.280  68.299 0.0000000000
51049  12.785  -32.785  68.155 0.0000000000
52091  12.202  -31.990  67.656 0.0000000000
51059  11.281  -32.516  66.826 0.0000000000
54350  9.798  -29.417  66.371 0.0000000000
58379  9.045  -25.955  69.224 0.0000000000
57327  9.029  -26.940  68.938 0.0000000000
58380  9.196  -26.362  68.769 0.0000000000
151634  8.756  -26.276  66.577 0.0000000000
56334  8.825  -26.918  67.329 0.0000000000
154431  8.586  -27.842  65.934 0.0000000000
135871  8.895  -28.522  65.118 0.0000000000
68242  13.053  -15.716  77.757 0.0000000000
67261  13.708  -16.084  77.208 0.0000000000
138630  14.879  -16.090  77.333 0.0000000000
66314  15.302  -17.221  76.246 0.0000000000
65316  13.953  -17.980  74.933 0.0000000000
65315  15.021  -18.203  75.075 0.0000000000
65321  14.486  -18.604  74.466 0.0000000000
64271  14.929  -19.262  74.000 0.0000000000
64272  13.931  -19.043  73.969 0.0000000000
66345  10.173  -17.482  73.632 0.0000000000
66339  10.525  -17.126  74.455 0.0000000000
66338  11.013  -17.227  74.921 0.0000000000
65324  11.803  -17.782  74.642 0.0000000000
65332  11.505  -18.278  73.910 0.0000000000
63268  11.767  -20.093  72.234 0.0000000000
64291  12.137  -19.663  72.924 0.0000000000
63267  12.590  -20.326  72.414 0.0000000000
63266  13.554  -20.567  72.481 0.0000000000
63277  13.088  -20.918  71.981 0.0000000000
62253  14.364  -22.030  71.359 0.0000000000
62254  13.135  -21.494  71.179 0.0000000000
61236  12.736  -22.297  69.632 0.0000000000
61250  12.633  -23.180  67.949 0.0000000000
61251  11.966  -22.816  67.124 0.0000000000
62285  10.632  -20.954  68.456 0.0000000000
55252  15.407  -29.136  83.424 0.0000000000
55261  15.102  -28.497  82.658 0.0000000000
57250  15.966  -26.563  81.160 0.0000000000
56218  18.697  -27.845  84.975 0.0000000000
56209  18.453  -28.037  85.403 0.0000000000
56219  17.965  -28.153  84.746 0.0000000000
55240  17.403  -28.621  85.030 0.0000000000
55230  17.073  -28.994  85.463 0.0000000000
160117  16.285  -29.809  85.741 0.0000000000
55241  16.748  -28.958  84.861 0.0000000000
55242  15.860  -29.396  84.424 0.0000000000
49423  9.762  -34.464  66.321 0.0000000000
50219  10.064  -33.640  66.363 0.0000000000
141190  8.673  -39.085  78.684 0.0000000000
45679  8.733  -38.051  78.854 0.0000000000
45672  8.915  -37.953  79.693 0.0000000000
132780  9.313  -35.686  80.335 0.0000000000
50106  9.440  -34.281  80.938 0.0000000000
160267  9.388  -38.624  80.285 0.0000000000
43459  9.323  -39.045  79.985 0.0000000000
156712  8.918  -39.166  79.988 0.0000000000
43466  8.911  -39.646  79.307 0.0000000000
43474  8.747  -40.267  78.779 0.0000000000
43467  8.781  -39.616  79.098 0.0000000000
44590  8.693  -39.469  78.903 0.0000000000
139794  10.259  -28.704  77.885 0.0000000000
54228  10.461  -29.270  77.514 0.0000000000
54229  10.412  -28.531  77.099 0.0000000000
55296  10.434  -28.314  76.231 0.0000000000
60274  15.715  -23.022  74.235 0.0000000000
60275  15.156  -23.724  74.114 0.0000000000
60282  15.485  -23.214  73.461 0.0000000000
60283  15.055  -23.812  73.156 0.0000000000
150881  14.397  -24.362  72.069 0.0000000000
147066  13.287  -24.919  71.180 0.0000000000
59395  14.478  -24.074  71.360 0.0000000000
59401  14.219  -24.009  70.462 0.0000000000
60317  14.034  -23.420  70.101 0.0000000000
50088  10.885  -32.926  84.420 0.0000000000
50909  10.800  -32.539  84.460 0.0000000000
53063  11.719  -30.794  84.433 0.0000000000
54171  11.877  -29.723  84.279 0.0000000000
55245  12.257  -28.576  83.873 0.0000000000
58256  14.017  -25.493  82.549 0.0000000000
59274  14.201  -24.585  82.960 0.0000000000
59273  14.935  -24.207  82.573 0.0000000000
50918  19.491  -30.397  82.579 0.0000000000
50095  16.685  -32.541  84.164 0.0000000000
50098  16.725  -32.659  83.477 0.0000000000
49326  16.173  -33.286  83.040 0.0000000000
49331  15.686  -33.816  82.592 0.0000000000
145653  13.288  -36.239  81.174 0.0000000000
46679  12.742  -36.473  81.477 0.0000000000
160026  13.954  -32.072  85.999 0.0000000000
48508  13.079  -33.963  85.252 0.0000000000
49312  12.439  -33.077  85.267 0.0000000000
48510  12.078  -33.552  84.934 0.0000000000
48515  11.987  -34.091  84.798 0.0000000000
46657  11.236  -35.216  83.478 0.0000000000
48516  11.680  -33.863  84.514 0.0000000000
50087  11.498  -32.718  84.758 0.0000000000
62186  13.027  -21.164  81.323 0.0000000000
62191  13.467  -21.333  80.545 0.0000000000
65285  16.516  -18.063  79.437 0.0000000000
64238  16.066  -19.641  79.347 0.0000000000
64246  16.398  -19.591  78.469 0.0000000000
63231  16.327  -20.316  77.832 0.0000000000
64252  16.566  -19.752  77.254 0.0000000000
155381  16.550  -19.210  76.850 0.0000000000
65313  16.381  -19.013  76.141 0.0000000000
54212  23.251  -28.732  80.015 0.0000000000
54188  24.123  -28.822  82.795 0.0000000000
53094  21.611  -29.304  82.459 0.0000000000
135581  22.432  -29.213  84.113 0.0000000000
54164  22.535  -28.847  84.852 0.0000000000
145033  20.632  -26.715  84.337 0.0000000000
43534  8.379  -40.606  75.329 0.0000000000
135613  8.587  -38.737  75.215 0.0000000000
50114  9.250  -34.982  78.753 0.0000000000
48546  9.041  -35.805  77.930 0.0000000000
133725  9.369  -34.379  79.107 0.0000000000
51979  9.737  -32.852  79.075 0.0000000000
150732  10.133  -31.572  79.000 0.0000000000
143158  9.623  -28.747  80.261 0.0000000000
55235  10.559  -28.918  84.341 0.0000000000
53075  9.408  -30.188  83.427 0.0000000000
56212  10.020  -27.917  84.133 0.0000000000
57217  9.985  -27.088  83.992 0.0000000000
57226  9.864  -26.353  83.578 0.0000000000
60195  11.909  -22.946  84.027 0.0000000000
60204  11.001  -23.795  83.019 0.0000000000
60211  11.057  -23.708  82.609 0.0000000000
61135  11.438  -23.012  82.500 0.0000000000
61134  11.753  -22.366  82.369 0.0000000000
63195  12.681  -20.689  83.155 0.0000000000
145250  17.948  -31.251  79.831 0.0000000000
50929  17.724  -31.384  78.991 0.0000000000
44604  11.711  -39.184  78.154 0.0000000000
157287  10.898  -40.722  77.773 0.0000000000
42367  8.380  -41.776  77.600 0.0000000000
41413  8.117  -42.391  77.286 0.0000000000
41423  7.809  -42.582  75.538 0.0000000000
45757  9.008  -38.751  73.599 0.0000000000
44659  8.978  -39.535  73.383 0.0000000000
153093  9.193  -38.091  73.576 0.0000000000
46798  9.343  -37.728  73.364 0.0000000000
46797  9.527  -37.135  73.229 0.0000000000
52021  12.139  -31.795  75.191 0.0000000000
50995  12.018  -33.302  74.066 0.0000000000
50160  12.290  -33.180  73.294 0.0000000000
50183  11.999  -34.082  71.913 0.0000000000
50182  12.760  -33.472  71.419 0.0000000000
51011  13.144  -32.530  71.647 0.0000000000
51010  13.423  -32.018  71.107 0.0000000000
59303  12.228  -24.562  78.357 0.0000000000
59315  11.347  -25.494  77.377 0.0000000000
59314  11.989  -24.992  77.485 0.0000000000
140954  11.640  -25.022  76.611 0.0000000000
135360  11.018  -25.562  75.425 0.0000000000
59386  10.270  -25.681  72.331 0.0000000000
58327  9.971  -26.165  72.364 0.0000000000
58342  9.770  -26.236  71.867 0.0000000000
138060  9.473  -28.218  71.329 0.0000000000
141514  9.597  -29.502  71.119 0.0000000000
53220  11.231  -30.123  70.515 0.0000000000
54304  9.532  -29.457  70.690 0.0000000000
147660  10.581  -29.839  70.023 0.0000000000
53243  11.427  -30.198  68.396 0.0000000000
53255  11.151  -30.511  67.321 0.0000000000
53244  10.690  -29.624  68.191 0.0000000000
54329  10.108  -29.165  68.150 0.0000000000
54341  9.308  -28.431  68.305 0.0000000000
58388  9.600  -25.701  67.534 0.0000000000
160205  9.551  -26.172  68.068 0.0000000000
142798  9.716  -25.708  67.272 0.0000000000
58397  8.846  -25.540  66.180 0.0000000000
57353  8.185  -25.901  65.702 0.0000000000
68244  11.570  -15.809  77.514 0.0000000000
67269  13.231  -16.461  76.620 0.0000000000
66315  13.950  -16.903  75.994 0.0000000000
66316  12.820  -16.805  76.013 0.0000000000
141716  12.484  -17.209  75.438 0.0000000000
65317  12.921  -17.807  74.907 0.0000000000
66351  9.830  -17.867  72.841 0.0000000000
64285  10.701  -18.621  72.815 0.0000000000
64284  11.228  -18.764  73.149 0.0000000000
64293  10.903  -19.180  72.349 0.0000000000
63269  11.119  -19.819  71.908 0.0000000000
63279  11.363  -20.541  71.559 0.0000000000
62255  11.767  -21.206  71.138 0.0000000000
134767  11.609  -21.851  69.665 0.0000000000
62277  11.009  -21.659  68.985 0.0000000000
137399  13.297  -30.238  84.478 0.0000000000
55231  13.400  -29.883  84.308 0.0000000000
57242  14.048  -26.557  82.219 0.0000000000
53067  19.536  -29.962  85.452 0.0000000000
51928  19.131  -30.453  85.076 0.0000000000
51929  18.368  -30.841  85.391 0.0000000000
50907  17.904  -31.420  85.046 0.0000000000
54148  17.730  -29.622  86.125 0.0000000000
50903  17.669  -31.241  85.677 0.0000000000
50908  17.216  -31.808  85.273 0.0000000000
50090  16.674  -32.393  84.797 0.0000000000
49318  16.093  -32.992  84.294 0.0000000000
48526  14.949  -34.191  83.537 0.0000000000
48527  14.459  -34.656  83.284 0.0000000000
49320  14.990  -33.758  84.400 0.0000000000
49309  15.186  -32.952  85.679 0.0000000000
50074  14.464  -32.036  86.182 0.0000000000
54151  15.956  -30.162  85.996 0.0000000000
138728  15.556  -30.462  86.158 0.0000000000
50895  14.491  -31.656  86.153 0.0000000000
53061  14.691  -30.725  85.722 0.0000000000
54159  14.107  -30.583  84.987 0.0000000000
64234  14.515  -19.981  81.019 0.0000000000
65279  15.815  -18.943  80.684 0.0000000000
65278  16.285  -18.116  80.412 0.0000000000
66296  16.536  -17.218  79.082 0.0000000000
139622  16.360  -16.556  78.711 0.0000000000
144053  8.461  -40.472  76.862 0.0000000000
44627  8.533  -39.802  77.134 0.0000000000
45705  8.640  -38.978  77.524 0.0000000000
46714  8.656  -37.762  77.622 0.0000000000
47704  8.923  -36.528  78.733 0.0000000000
133370  9.212  -35.241  79.200 0.0000000000
158948  9.292  -34.739  79.317 0.0000000000
133634  9.449  -33.174  80.349 0.0000000000
59264  12.796  -24.473  83.946 0.0000000000
58237  12.076  -24.766  84.123 0.0000000000
61117  12.417  -22.429  84.271 0.0000000000
62159  12.426  -21.257  83.991 0.0000000000
43463  10.380  -39.307  79.702 0.0000000000
43472  10.497  -39.983  78.917 0.0000000000
42349  8.624  -40.990  78.301 0.0000000000
153064  8.461  -41.154  77.761 0.0000000000
50125  10.200  -34.037  76.800 0.0000000000
50152  9.805  -34.931  75.215 0.0000000000
50981  10.974  -33.340  76.583 0.0000000000
50980  11.514  -32.690  76.264 0.0000000000
53151  10.726  -30.416  77.075 0.0000000000
52010  11.167  -31.189  76.691 0.0000000000
52009  11.678  -31.889  76.150 0.0000000000
53162  11.529  -30.937  75.763 0.0000000000
53171  11.737  -30.710  74.745 0.0000000000
53183  10.938  -30.041  74.109 0.0000000000
59325  13.465  -24.269  76.051 0.0000000000
59368  12.154  -24.977  73.900 0.0000000000
148558  13.913  -24.531  74.030 0.0000000000
134635  13.152  -24.761  73.971 0.0000000000
58325  11.725  -25.134  73.058 0.0000000000
58340  10.317  -25.433  72.402 0.0000000000
58347  9.425  -25.802  71.064 0.0000000000
58360  9.013  -25.985  70.475 0.0000000000
57322  9.076  -27.067  69.415 0.0000000000
58359  9.187  -25.667  70.345 0.0000000000
133353  9.793  -25.389  70.122 0.0000000000
58366  9.886  -25.475  69.150 0.0000000000
58356  12.636  -25.272  69.940 0.0000000000
136199  11.892  -25.451  69.468 0.0000000000
58377  10.560  -25.536  68.378 0.0000000000
58376  11.360  -25.434  68.220 0.0000000000
58386  11.528  -25.067  67.550 0.0000000000
59422  10.860  -24.801  66.802 0.0000000000
65353  9.479  -18.825  70.875 0.0000000000
144335  9.777  -19.509  70.695 0.0000000000
63291  9.819  -20.046  70.291 0.0000000000
63304  9.821  -19.881  69.657 0.0000000000
65372  10.305  -18.514  68.720 0.0000000000
135224  10.879  -36.329  67.287 0.0000000000
48531  9.684  -35.768  81.670 0.0000000000
49332  9.649  -35.172  81.578 0.0000000000
48529  9.830  -35.008  82.067 0.0000000000
50096  9.976  -32.922  83.323 0.0000000000
51933  9.942  -31.761  84.213 0.0000000000
148356  10.550  -31.911  84.499 0.0000000000
53068  10.776  -30.563  84.484 0.0000000000
54173  10.299  -29.645  84.345 0.0000000000
138910  11.264  -28.246  84.199 0.0000000000
57224  11.632  -26.752  83.854 0.0000000000
55232  12.726  -29.497  84.085 0.0000000000
56220  12.411  -28.050  83.640 0.0000000000
57235  12.202  -26.898  83.534 0.0000000000
144201  12.277  -25.898  83.657 0.0000000000
146095  20.109  -29.488  81.166 0.0000000000
150828  19.477  -29.630  80.171 0.0000000000
53118  19.525  -29.809  80.735 0.0000000000
51957  18.404  -30.852  80.311 0.0000000000
150652  18.384  -31.022  80.970 0.0000000000
50930  17.472  -31.820  79.759 0.0000000000
49339  16.358  -33.023  79.175 0.0000000000
50911  18.702  -30.950  83.881 0.0000000000
145244  17.967  -31.577  82.832 0.0000000000
50101  17.514  -32.052  82.242 0.0000000000
50102  16.800  -32.719  82.716 0.0000000000
49336  16.375  -33.169  80.247 0.0000000000
48536  14.699  -35.024  80.184 0.0000000000
45678  12.441  -37.751  79.317 0.0000000000
44580  11.092  -38.601  79.904 0.0000000000
47672  13.924  -34.954  83.388 0.0000000000
47680  13.614  -35.239  83.095 0.0000000000
46672  12.758  -36.134  82.168 0.0000000000
47674  12.732  -35.328  83.521 0.0000000000
46665  12.425  -36.011  82.685 0.0000000000
45653  12.175  -36.724  81.713 0.0000000000
160383  11.396  -37.466  81.274 0.0000000000
132839  11.079  -37.972  80.767 0.0000000000
148123  10.557  -38.564  80.392 0.0000000000
44572  10.443  -38.133  80.951 0.0000000000
148027  10.174  -38.128  81.152 0.0000000000
44567  9.882  -37.939  81.264 0.0000000000
47675  10.973  -35.466  83.277 0.0000000000
45647  10.101  -36.923  82.177 0.0000000000
45656  9.905  -37.553  81.519 0.0000000000
45657  9.633  -37.557  81.202 0.0000000000
46673  9.652  -36.956  81.520 0.0000000000
60233  11.496  -24.660  80.273 0.0000000000
59298  11.360  -25.322  79.457 0.0000000000
60232  11.884  -24.179  80.142 0.0000000000
60238  12.035  -24.421  79.242 0.0000000000
60237  12.697  -23.818  79.027 0.0000000000
60246  13.753  -23.421  77.844 0.0000000000
63209  14.639  -20.377  80.353 0.0000000000
63214  14.654  -20.910  79.699 0.0000000000
63222  15.273  -20.974  79.012 0.0000000000
62197  14.722  -21.432  79.182 0.0000000000
158272  15.224  -22.794  76.863 0.0000000000
61174  15.656  -22.653  76.220 0.0000000000
62215  16.370  -21.125  76.522 0.0000000000
62224  16.102  -22.093  75.689 0.0000000000
61181  15.889  -22.708  75.117 0.0000000000
61180  16.259  -21.861  75.001 0.0000000000
62230  16.120  -21.417  74.342 0.0000000000
56234  18.243  -27.661  82.793 0.0000000000
53102  25.797  -29.295  81.032 0.0000000000
54203  24.120  -28.914  80.556 0.0000000000
54204  22.877  -28.852  80.917 0.0000000000
142236  23.355  -28.855  81.844 0.0000000000
53082  21.716  -29.409  83.024 0.0000000000
140201  21.061  -29.579  82.822 0.0000000000
51939  20.298  -29.998  82.935 0.0000000000
51931  20.146  -30.174  83.847 0.0000000000
53066  20.305  -29.683  85.129 0.0000000000
56204  22.771  -27.778  85.487 0.0000000000
55226  22.265  -28.215  85.595 0.0000000000
57212  21.746  -26.853  85.572 0.0000000000
55218  21.475  -27.962  85.928 0.0000000000
54165  21.130  -28.973  85.511 0.0000000000
155279  20.574  -29.256  85.475 0.0000000000
54153  20.387  -28.734  85.888 0.0000000000
133007  19.640  -28.502  85.965 0.0000000000
56208  19.377  -27.886  85.608 0.0000000000
57233  20.011  -27.145  84.505 0.0000000000
56217  19.259  -27.571  84.769 0.0000000000
42472  8.375  -41.064  74.042 0.0000000000
43550  8.567  -40.324  73.953 0.0000000000
44660  8.788  -39.607  73.729 0.0000000000
144644  8.770  -38.779  74.169 0.0000000000
46775  9.191  -37.404  74.343 0.0000000000
48556  9.486  -35.926  75.120 0.0000000000
138393  8.582  -38.408  76.051 0.0000000000
133602  8.758  -37.396  76.121 0.0000000000
49346  9.170  -35.490  77.777 0.0000000000
48549  9.061  -36.077  76.658 0.0000000000
46735  8.999  -36.569  76.216 0.0000000000
48553  9.152  -36.243  76.049 0.0000000000
49354  9.364  -35.548  76.138 0.0000000000
50971  10.057  -33.739  77.579 0.0000000000
53133  10.422  -31.104  78.396 0.0000000000
53134  10.404  -30.301  78.460 0.0000000000
56251  9.995  -27.421  78.714 0.0000000000
59300  10.743  -25.862  79.913 0.0000000000
134877  9.588  -34.582  81.486 0.0000000000
50103  9.648  -33.762  81.813 0.0000000000
138409  9.528  -33.231  81.361 0.0000000000
141056  9.411  -31.015  82.804 0.0000000000
137054  9.477  -31.038  82.473 0.0000000000
141384  9.531  -32.357  81.394 0.0000000000
132781  9.540  -31.411  81.485 0.0000000000
53119  9.486  -30.287  81.558 0.0000000000
58239  10.669  -25.536  83.954 0.0000000000
58240  10.124  -25.658  83.428 0.0000000000
60196  11.078  -24.125  83.498 0.0000000000
57236  9.574  -26.828  83.000 0.0000000000
143088  9.482  -28.261  82.319 0.0000000000
55267  9.471  -28.676  81.888 0.0000000000
54207  9.477  -29.295  81.101 0.0000000000
55271  9.547  -28.292  80.958 0.0000000000
56248  9.699  -27.394  80.744 0.0000000000
59275  10.471  -24.905  82.272 0.0000000000
58275  10.198  -25.875  81.391 0.0000000000
58276  10.094  -26.430  80.680 0.0000000000
59294  10.528  -25.593  81.005 0.0000000000
59293  10.883  -25.316  80.656 0.0000000000
59292  11.210  -25.035  80.399 0.0000000000
142046  12.535  -21.615  81.563 0.0000000000
63194  13.042  -20.324  82.810 0.0000000000
57248  17.987  -26.799  81.158 0.0000000000
53124  19.266  -29.719  79.474 0.0000000000
51976  18.626  -30.392  78.010 0.0000000000
51977  18.197  -30.858  78.483 0.0000000000
42366  10.837  -41.685  77.401 0.0000000000
49358  9.703  -35.320  74.478 0.0000000000
49363  9.913  -35.153  73.767 0.0000000000
48564  9.684  -36.136  73.380 0.0000000000
48563  10.034  -35.660  72.872 0.0000000000
47759  9.879  -36.858  72.675 0.0000000000
46819  10.150  -37.507  72.169 0.0000000000
46839  10.791  -37.587  71.419 0.0000000000
49383  11.874  -35.070  70.931 0.0000000000
48616  12.203  -34.747  67.744 0.0000000000
58291  10.722  -26.382  78.094 0.0000000000
57272  10.309  -27.048  77.169 0.0000000000
157233  10.279  -27.548  76.152 0.0000000000
157243  11.150  -25.740  76.988 0.0000000000
149603  10.149  -27.140  76.162 0.0000000000
55305  10.210  -28.129  75.273 0.0000000000
54254  10.433  -29.109  74.736 0.0000000000
53173  10.209  -29.452  74.305 0.0000000000
59342  12.341  -24.617  75.938 0.0000000000
59344  10.910  -25.504  74.721 0.0000000000
58316  10.823  -26.131  74.028 0.0000000000
155043  9.872  -26.705  72.856 0.0000000000
149395  9.611  -27.436  73.218 0.0000000000
145177  9.593  -27.929  73.358 0.0000000000
159400  9.729  -28.714  72.896 0.0000000000
53184  10.075  -29.611  73.214 0.0000000000
53193  11.608  -30.382  72.742 0.0000000000
53205  12.349  -30.670  72.032 0.0000000000
52046  13.337  -31.317  70.782 0.0000000000
51020  13.482  -32.090  70.435 0.0000000000
53219  12.319  -30.448  70.347 0.0000000000
53230  13.193  -31.256  69.476 0.0000000000
51036  13.437  -32.070  69.607 0.0000000000
50210  12.920  -33.546  68.502 0.0000000000
158080  12.604  -33.338  67.960 0.0000000000
49411  11.586  -34.044  67.198 0.0000000000
50218  10.917  -33.404  66.727 0.0000000000
51060  10.455  -32.968  66.410 0.0000000000
56313  9.173  -27.622  69.040 0.0000000000
55377  9.250  -28.316  68.653 0.0000000000
55386  9.009  -28.157  67.838 0.0000000000
57335  9.029  -26.887  68.226 0.0000000000
55397  8.746  -27.639  67.290 0.0000000000
54360  9.496  -29.608  65.612 0.0000000000
68230  16.189  -15.840  79.024 0.0000000000
154342  16.172  -16.750  77.848 0.0000000000
68240  15.287  -15.762  77.987 0.0000000000
158924  15.666  -16.269  77.685 0.0000000000
66305  16.207  -17.539  77.168 0.0000000000
65307  16.053  -18.077  76.240 0.0000000000
65314  15.824  -18.536  75.504 0.0000000000
66329  14.542  -17.544  75.495 0.0000000000
158168  16.144  -19.225  75.375 0.0000000000
142425  15.648  -19.861  74.230 0.0000000000
63255  15.654  -20.708  73.777 0.0000000000
63264  15.257  -21.097  73.165 0.0000000000
65323  12.450  -18.273  74.418 0.0000000000
64283  11.840  -18.937  73.483 0.0000000000
139327  12.555  -19.280  73.505 0.0000000000
64282  13.451  -19.475  73.508 0.0000000000
63257  14.014  -20.116  73.032 0.0000000000
63265  14.567  -20.934  72.627 0.0000000000
62244  14.666  -21.667  72.108 0.0000000000
61223  14.297  -22.743  70.745 0.0000000000
62263  13.164  -22.057  70.409 0.0000000000
61235  13.443  -23.040  69.386 0.0000000000
60325  13.207  -23.487  68.670 0.0000000000
60326  12.903  -23.934  68.102 0.0000000000
60331  12.280  -23.701  67.411 0.0000000000
59427  11.128  -24.075  66.524 0.0000000000
62278  10.324  -21.174  69.358 0.0000000000
153985  11.697  -22.116  67.307 0.0000000000
60338  9.581  -23.097  65.598 0.0000000000
44560  10.005  -37.398  81.774 0.0000000000
44568  9.576  -38.140  80.826 0.0000000000
45639  10.877  -36.724  82.579 0.0000000000
45640  10.391  -36.323  82.665 0.0000000000
45643  12.038  -36.530  82.204 0.0000000000
45644  11.519  -36.907  82.077 0.0000000000
45645  11.028  -37.073  82.208 0.0000000000
45646  10.491  -37.105  82.163 0.0000000000
45648  9.877  -37.073  81.853 0.0000000000
45655  10.542  -37.337  81.920 0.0000000000
45664  9.302  -37.905  80.618 0.0000000000
45665  9.144  -37.813  80.262 0.0000000000
45693  8.687  -38.502  78.249 0.0000000000
45748  9.041  -38.001  74.082 0.0000000000
45756  9.170  -38.571  73.323 0.0000000000
46655  11.807  -35.536  83.453 0.0000000000
46656  11.416  -35.444  83.435 0.0000000000
46658  12.657  -35.614  83.137 0.0000000000
46659  11.842  -36.033  83.010 0.0000000000
46661  10.909  -36.033  83.096 0.0000000000
46662  10.658  -36.009  82.992 0.0000000000
46664  13.124  -35.584  82.817 0.0000000000
46666  12.066  -35.999  82.986 0.0000000000
46667  9.893  -36.611  82.118 0.0000000000
46668  9.933  -36.513  82.109 0.0000000000
46674  9.505  -36.731  81.180 0.0000000000
46681  9.345  -36.907  80.589 0.0000000000
46695  8.919  -37.244  79.290 0.0000000000
46724  8.709  -37.052  76.892 0.0000000000
46774  9.281  -37.503  73.827 0.0000000000
47662  11.898  -34.460  84.262 0.0000000000
47663  11.688  -34.374  84.172 0.0000000000
47664  11.236  -34.062  84.046 0.0000000000
47666  13.012  -35.047  83.858 0.0000000000
47667  12.355  -35.141  83.807 0.0000000000
47669  11.903  -35.040  83.891 0.0000000000
47670  11.376  -34.860  83.687 0.0000000000
47679  14.066  -35.063  83.000 0.0000000000
47682  14.740  -34.743  82.270 0.0000000000
47684  9.736  -36.299  81.777 0.0000000000
47685  9.563  -36.251  81.320 0.0000000000
47687  9.377  -36.274  80.607 0.0000000000
47690  9.257  -36.381  80.133 0.0000000000
47695  14.305  -35.538  79.640 0.0000000000
47727  9.236  -36.456  75.565 0.0000000000
47733  9.278  -36.797  74.898 0.0000000000
47742  9.623  -36.626  73.288 0.0000000000
47743  9.442  -36.978  73.680 0.0000000000
47758  10.312  -36.333  72.257 0.0000000000
48509  12.366  -33.687  85.065 0.0000000000
48511  14.580  -33.748  84.988 0.0000000000
48512  13.734  -33.903  85.259 0.0000000000
48513  12.468  -34.283  84.740 0.0000000000
48514  12.123  -34.099  84.708 0.0000000000
48517  11.384  -33.761  84.310 0.0000000000
48520  12.883  -34.905  84.167 0.0000000000
48521  10.942  -33.936  83.810 0.0000000000
48522  10.857  -34.072  83.664 0.0000000000
48523  14.946  -33.979  83.958 0.0000000000
48524  14.393  -34.483  83.700 0.0000000000
48525  10.757  -34.694  83.301 0.0000000000
48528  10.064  -35.070  82.463 0.0000000000
48537  9.195  -35.842  79.707 0.0000000000
48540  9.107  -35.822  79.032 0.0000000000
48552  9.318  -35.920  75.745 0.0000000000
48560  9.483  -36.082  74.619 0.0000000000
48571  11.104  -35.431  71.612 0.0000000000
48573  9.909  -36.213  72.833 0.0000000000
49311  12.893  -33.158  85.521 0.0000000000
49313  12.128  -33.054  85.086 0.0000000000
49314  11.919  -33.044  84.979 0.0000000000
49315  15.448  -33.233  84.947 0.0000000000
49316  12.007  -33.389  84.960 0.0000000000
49317  11.645  -33.270  84.755 0.0000000000
49322  10.486  -33.668  83.510 0.0000000000
49324  15.502  -33.601  83.843 0.0000000000
49350  9.130  -35.710  77.169 0.0000000000
49355  9.197  -35.837  76.400 0.0000000000
49360  9.464  -35.731  75.260 0.0000000000
49364  9.656  -35.612  74.044 0.0000000000
49365  9.562  -35.728  74.559 0.0000000000
49370  10.272  -34.977  72.951 0.0000000000
49371  9.795  -35.623  73.487 0.0000000000
49401  12.440  -33.892  67.842 0.0000000000
50075  13.932  -32.219  85.981 0.0000000000
50076  13.519  -32.230  85.691 0.0000000000
50079  14.848  -32.457  86.108 0.0000000000
50080  13.822  -33.068  86.021 0.0000000000
50081  13.247  -32.687  85.655 0.0000000000
50082  12.723  -32.607  85.335 0.0000000000
50084  11.870  -32.810  84.948 0.0000000000
50086  15.963  -32.567  85.578 0.0000000000
50091  16.094  -32.813  84.888 0.0000000000
50092  10.941  -33.001  84.405 0.0000000000
50099  9.972  -33.748  82.830 0.0000000000
50100  9.829  -33.195  82.698 0.0000000000
50118  9.268  -35.182  78.103 0.0000000000
50138  10.370  -34.207  75.922 0.0000000000
50139  9.723  -34.794  76.123 0.0000000000
50140  9.503  -35.154  76.323 0.0000000000
50173  11.745  -33.889  72.663 0.0000000000
50174  10.944  -34.367  72.911 0.0000000000
50201  13.272  -32.866  69.045 0.0000000000
50893  15.674  -31.081  86.416 0.0000000000
50894  15.117  -31.394  86.325 0.0000000000
50896  17.296  -30.966  86.156 0.0000000000
50898  16.252  -31.491  86.392 0.0000000000
50899  14.036  -31.868  85.960 0.0000000000
50900  13.001  -31.905  85.154 0.0000000000
50901  12.223  -32.522  85.045 0.0000000000
50910  10.342  -32.408  84.230 0.0000000000
50931  9.371  -34.038  79.809 0.0000000000
50956  9.588  -34.173  78.326 0.0000000000
50970  10.635  -32.992  77.381 0.0000000000
50991  11.993  -32.958  74.912 0.0000000000
51003  12.692  -32.254  73.025 0.0000000000
51021  13.258  -32.820  70.880 0.0000000000
51914  15.477  -31.131  86.443 0.0000000000
51915  14.820  -31.097  86.307 0.0000000000
51916  17.488  -30.360  86.175 0.0000000000
51917  16.823  -30.674  86.252 0.0000000000
51918  16.217  -30.907  86.369 0.0000000000
51919  14.852  -31.127  86.218 0.0000000000
51920  14.367  -31.390  85.966 0.0000000000
51924  12.478  -31.614  84.771 0.0000000000
51925  12.148  -31.952  84.827 0.0000000000
51926  11.478  -31.772  84.629 0.0000000000
51930  10.936  -31.459  84.560 0.0000000000
51934  9.598  -31.678  83.731 0.0000000000
51940  9.514  -31.784  82.502 0.0000000000
52055  13.391  -31.448  70.116 0.0000000000
53049  15.411  -30.777  86.300 0.0000000000
53050  18.278  -29.443  86.028 0.0000000000
53051  17.820  -29.987  86.206 0.0000000000
53053  16.383  -30.402  86.183 0.0000000000
53054  15.949  -30.406  86.143 0.0000000000
53055  14.856  -30.901  86.072 0.0000000000
53056  14.209  -31.111  85.596 0.0000000000
53058  19.817  -29.287  85.808 0.0000000000
53059  18.986  -29.691  85.943 0.0000000000
53060  18.239  -30.064  86.121 0.0000000000
53062  13.827  -30.847  84.969 0.0000000000
53064  11.349  -31.089  84.511 0.0000000000
53069  10.020  -30.239  84.347 0.0000000000
53074  9.683  -30.186  83.986 0.0000000000
53084  9.358  -30.227  83.029 0.0000000000
53108  9.489  -30.729  82.149 0.0000000000
53181  12.220  -30.831  72.890 0.0000000000
53208  9.536  -29.578  71.320 0.0000000000
53218  13.079  -30.852  70.230 0.0000000000
53221  10.032  -29.923  70.794 0.0000000000
54149  17.031  -29.776  86.032 0.0000000000
54152  20.926  -28.345  85.935 0.0000000000
54156  17.626  -29.181  85.854 0.0000000000
54157  16.735  -29.450  85.594 0.0000000000
54162  11.679  -30.215  84.366 0.0000000000
54166  16.607  -29.454  85.604 0.0000000000
54167  15.897  -29.899  85.703 0.0000000000
54169  14.134  -30.271  84.808 0.0000000000
54183  9.717  -29.455  83.908 0.0000000000
54191  9.396  -29.489  83.154 0.0000000000
54223  10.074  -28.768  78.631 0.0000000000
54263  10.224  -29.197  74.415 0.0000000000
54264  9.959  -28.913  73.644 0.0000000000
54273  9.720  -28.995  72.736 0.0000000000
54289  9.626  -29.380  71.678 0.0000000000
54290  9.566  -29.120  71.264 0.0000000000
54305  9.463  -29.327  70.455 0.0000000000
54318  10.062  -29.211  68.844 0.0000000000
54319  9.643  -29.291  69.967 0.0000000000
54330  9.610  -28.968  68.892 0.0000000000
54340  9.914  -29.068  67.474 0.0000000000
55220  19.170  -28.377  85.923 0.0000000000
55221  18.410  -28.569  85.821 0.0000000000
55223  17.132  -29.068  85.553 0.0000000000
55227  21.718  -28.586  85.534 0.0000000000
55228  18.302  -28.069  85.035 0.0000000000
55229  17.750  -28.575  85.355 0.0000000000
55236  9.852  -28.719  84.007 0.0000000000
55244  13.008  -29.202  83.937 0.0000000000
55247  9.503  -28.506  83.460 0.0000000000
55255  9.392  -28.678  82.944 0.0000000000
55263  9.446  -29.013  82.509 0.0000000000
55287  10.138  -27.716  77.856 0.0000000000
55304  10.467  -28.739  75.442 0.0000000000
55332  9.697  -28.780  72.292 0.0000000000
55350  9.410  -28.153  70.056 0.0000000000
55364  9.274  -28.536  69.145 0.0000000000
55378  9.045  -27.866  68.804 0.0000000000
56201  19.621  -28.059  85.886 0.0000000000
56205  21.990  -27.497  85.790 0.0000000000
56206  20.654  -27.454  85.663 0.0000000000
56211  10.619  -27.612  84.224 0.0000000000
56213  9.705  -27.063  83.517 0.0000000000
56222  9.487  -27.631  83.185 0.0000000000
56231  9.510  -27.479  82.867 0.0000000000
56239  9.519  -27.551  82.677 0.0000000000
56281  9.843  -27.410  73.993 0.0000000000
56286  9.460  -27.848  72.652 0.0000000000
56304  9.256  -27.707  69.501 0.0000000000
56323  9.048  -27.527  68.595 0.0000000000
56344  8.333  -26.882  66.219 0.0000000000
57216  10.380  -26.767  84.122 0.0000000000
57227  9.693  -26.400  83.160 0.0000000000
57228  9.547  -27.006  83.080 0.0000000000
57252  9.738  -26.783  81.532 0.0000000000
57281  10.293  -27.160  76.564 0.0000000000
57289  10.086  -27.191  74.552 0.0000000000
57295  9.889  -26.929  73.557 0.0000000000
57302  9.560  -27.150  72.567 0.0000000000
57307  9.430  -27.032  71.587 0.0000000000
57310  9.283  -26.842  70.681 0.0000000000
57316  9.091  -26.623  69.942 0.0000000000
58241  9.829  -25.960  83.216 0.0000000000
58249  9.842  -25.918  83.057 0.0000000000
58258  9.925  -25.827  82.888 0.0000000000
58259  9.779  -26.149  82.822 0.0000000000
58279  10.438  -26.107  80.262 0.0000000000
58283  10.632  -26.309  79.132 0.0000000000
58284  10.414  -26.685  78.418 0.0000000000
58292  10.494  -26.693  77.559 0.0000000000
58298  10.855  -26.264  76.947 0.0000000000
58307  10.705  -26.341  74.960 0.0000000000
58326  11.162  -25.226  73.053 0.0000000000
58328  10.419  -26.192  73.277 0.0000000000
58329  10.292  -26.482  73.378 0.0000000000
58339  11.187  -25.210  72.292 0.0000000000
58343  9.691  -26.654  72.136 0.0000000000
58345  13.323  -24.961  70.387 0.0000000000
58348  9.394  -26.109  71.141 0.0000000000
58349  9.483  -26.482  71.281 0.0000000000
58357  11.798  -25.356  70.338 0.0000000000
58365  12.634  -25.234  69.065 0.0000000000
58367  9.098  -25.676  69.585 0.0000000000
58368  8.943  -25.913  69.808 0.0000000000
58378  9.718  -25.616  68.254 0.0000000000
58389  9.381  -25.904  68.517 0.0000000000
58390  9.276  -26.538  68.018 0.0000000000
59253  10.286  -25.126  83.030 0.0000000000
59254  9.994  -25.672  83.088 0.0000000000
59276  10.189  -25.414  82.616 0.0000000000
59285  10.284  -25.389  81.958 0.0000000000
59306  11.274  -25.722  78.618 0.0000000000
59307  10.928  -26.035  78.952 0.0000000000
59327  12.011  -24.874  76.799 0.0000000000
59328  11.116  -25.496  76.321 0.0000000000
59330  11.075  -25.807  76.126 0.0000000000
59331  10.786  -26.197  75.609 0.0000000000
59340  14.368  -24.224  74.473 0.0000000000
59343  11.510  -24.890  75.423 0.0000000000
59354  12.435  -24.690  74.842 0.0000000000
59357  10.909  -25.779  74.745 0.0000000000
59358  10.781  -26.105  75.029 0.0000000000
59371  10.755  -25.689  73.137 0.0000000000
59372  10.806  -25.935  74.003 0.0000000000
59383  14.511  -24.339  72.792 0.0000000000
59385  10.541  -25.560  72.867 0.0000000000
59407  13.988  -24.012  69.820 0.0000000000
59408  13.649  -24.328  69.401 0.0000000000
59414  12.853  -24.657  68.468 0.0000000000
59421  11.713  -24.327  67.056 0.0000000000
60267  14.441  -23.836  75.937 0.0000000000
60293  15.115  -23.107  72.117 0.0000000000
61187  16.005  -22.251  74.290 0.0000000000
61224  13.650  -22.629  70.155 0.0000000000
61243  12.143  -22.446  67.956 0.0000000000
63303  9.935  -20.662  69.836 0.0000000000
64273  12.950  -18.919  73.994 0.0000000000
64274  12.303  -18.773  73.919 0.0000000000
64280  15.159  -19.929  73.701 0.0000000000
64281  14.430  -19.668  73.536 0.0000000000
64308  9.553  -19.207  70.059 0.0000000000
65325  11.287  -17.716  74.427 0.0000000000
65333  11.013  -18.199  73.619 0.0000000000
65334  10.485  -18.086  73.248 0.0000000000
65340  10.140  -18.464  72.501 0.0000000000
65341  9.614  -18.219  72.192 0.0000000000
65359  9.530  -18.404  69.622 0.0000000000
66318  11.565  -16.759  75.968 0.0000000000
66352  9.142  -17.502  72.194 0.0000000000
67263  11.886  -16.136  77.141 0.0000000000
67271  11.686  -16.435  76.590 0.0000000000
67294  10.373  -16.555  74.699 0.0000000000
68226  15.859  -15.342  79.312 0.0000000000
69172  10.768  -15.320  77.382 0.0000000000
132966  14.355  -33.250  85.776 0.0000000000
133242  9.159  -35.480  78.401 0.0000000000
133352  11.153  -25.519  68.948 0.0000000000
133371  9.235  -35.333  79.771 0.0000000000
133892  10.563  -35.487  66.933 0.0000000000
134488  11.183  -25.192  75.702 0.0000000000
135052  9.842  -25.577  71.740 0.0000000000
135257  10.906  -29.835  84.411 0.0000000000
135265  9.520  -25.992  67.108 0.0000000000
135579  9.416  -28.996  82.808 0.0000000000
135701  14.514  -23.435  70.922 0.0000000000
136135  16.418  -30.524  86.201 0.0000000000
136596  10.324  -27.891  77.010 0.0000000000
136750  12.867  -31.108  84.648 0.0000000000
137914  10.419  -26.728  75.233 0.0000000000
138138  8.987  -26.174  69.979 0.0000000000
138159  11.035  -30.067  73.282 0.0000000000
141187  10.859  -26.182  77.012 0.0000000000
142879  18.894  -27.971  85.451 0.0000000000
143898  10.207  -27.219  75.639 0.0000000000
144858  9.607  -26.994  82.400 0.0000000000
145132  9.388  -30.932  83.392 0.0000000000
145548  13.126  -34.410  84.779 0.0000000000
146662  11.116  -33.083  84.456 0.0000000000
146844  9.371  -27.999  70.627 0.0000000000
147010  11.837  -31.446  84.573 0.0000000000
147414  11.313  -25.342  74.040 0.0000000000
147431  9.444  -28.031  82.883 0.0000000000
147513  10.987  -32.125  84.552 0.0000000000
147613  10.927  -30.138  71.224 0.0000000000
148150  10.806  -28.343  84.296 0.0000000000
150049  13.930  -24.637  71.621 0.0000000000
150211  9.348  -28.876  66.305 0.0000000000
150407  10.095  -26.350  72.627 0.0000000000
151315  9.444  -28.990  69.654 0.0000000000
151964  11.316  -24.417  80.944 0.0000000000
153113  10.233  -28.182  77.571 0.0000000000
153352  9.090  -37.347  74.883 0.0000000000
153365  9.572  -32.341  81.876 0.0000000000
153462  10.124  -31.067  84.432 0.0000000000
153953  9.371  -36.338  75.185 0.0000000000
154048  16.512  -16.440  80.617 0.0000000000
155438  12.844  -31.075  68.867 0.0000000000
155442  12.620  -25.064  71.487 0.0000000000
156064  10.306  -32.889  83.847 0.0000000000
156426  8.894  -27.429  68.027 0.0000000000
156866  9.545  -36.469  73.697 0.0000000000
156988  9.619  -27.924  83.616 0.0000000000
157072  15.227  -30.622  86.130 0.0000000000
157114  10.335  -21.240  69.997 0.0000000000
158036  13.219  -36.041  81.809 0.0000000000
158579  10.560  -29.876  77.145 0.0000000000
159117  12.072  -36.322  82.518 0.0000000000
159118  20.065  -27.889  85.901 0.0000000000
159520  11.187  -36.229  83.090 0.0000000000
159575  10.700  -26.361  76.259 0.0000000000
159635  9.871  -26.850  80.656 0.0000000000
159645  13.650  -35.372  82.728 0.0000000000
160070  9.682  -29.354  71.444 0.0000000000
160104  14.156  -32.755  86.048 0.0000000000
160202  11.799  -37.158  81.383 0.0000000000
160342  12.254  -17.627  74.951 0.0000000000
