#!ascii label  , from subject sub-v1s4x0050702_ses-1 vox2ras=TkReg
1133
103804  40.391  23.666  33.198 0.0000000000
99336  45.291  17.797  27.936 0.0000000000
104692  48.481  24.497  20.023 0.0000000000
93010  49.046  10.261  18.424 0.0000000000
99287  41.715  18.061  34.704 0.0000000000
106229  47.207  26.584  29.750 0.0000000000
95787  46.359  13.307  21.970 0.0000000000
103175  41.709  22.930  23.624 0.0000000000
103118  51.923  22.348  30.893 0.0000000000
101766  46.308  19.899  31.722 0.0000000000
93791  45.208  11.790  34.275 0.0000000000
106300  42.788  26.503  19.989 0.0000000000
102503  45.112  20.996  21.171 0.0000000000
103174  49.447  22.405  23.985 0.0000000000
99391  48.190  17.811  18.096 0.0000000000
105537  39.940  25.811  22.551 0.0000000000
104591  46.085  24.215  31.590 0.0000000000
103112  43.347  22.827  30.903 0.0000000000
96590  42.617  14.654  35.408 0.0000000000
105515  44.798  26.092  25.007 0.0000000000
107004  44.169  27.465  23.312 0.0000000000
140903  45.281  24.604  20.373 0.0000000000
103925  43.842  24.248  17.257 0.0000000000
158464  47.411  24.025  16.473 0.0000000000
101781  48.104  20.122  29.481 0.0000000000
103144  50.673  22.831  27.429 0.0000000000
101811  46.758  20.214  26.049 0.0000000000
94881  48.524  12.119  18.104 0.0000000000
137597  47.013  15.466  20.004 0.0000000000
95805  45.684  14.058  17.429 0.0000000000
96721  44.499  14.659  18.303 0.0000000000
92172  45.850  9.743  19.242 0.0000000000
91236  45.256  8.117  22.985 0.0000000000
102412  38.081  21.855  34.031 0.0000000000
101758  40.736  20.411  32.005 0.0000000000
105512  47.508  25.420  26.096 0.0000000000
95724  45.098  13.344  27.253 0.0000000000
148782  45.661  15.835  24.884 0.0000000000
138209  47.858  12.794  25.080 0.0000000000
95776  50.699  13.252  21.705 0.0000000000
105448  50.581  25.321  34.340 0.0000000000
159597  48.548  24.269  33.097 0.0000000000
102426  49.553  21.328  31.560 0.0000000000
100237  47.590  17.932  31.118 0.0000000000
100223  43.168  17.955  32.118 0.0000000000
97480  45.466  15.621  33.298 0.0000000000
96627  44.269  14.261  30.274 0.0000000000
142401  46.721  11.612  31.690 0.0000000000
103091  35.735  22.212  35.653 0.0000000000
108371  44.801  29.587  21.886 0.0000000000
107022  41.546  27.610  21.062 0.0000000000
104686  41.395  25.161  20.382 0.0000000000
103186  43.454  22.374  21.192 0.0000000000
100282  44.248  18.078  23.334 0.0000000000
104605  51.101  24.574  29.203 0.0000000000
152343  51.189  24.422  25.709 0.0000000000
104668  51.341  24.260  22.767 0.0000000000
139077  47.604  18.411  23.043 0.0000000000
101838  49.389  19.960  21.563 0.0000000000
103199  50.560  22.647  18.700 0.0000000000
101848  48.110  20.566  19.903 0.0000000000
98475  44.817  16.303  21.243 0.0000000000
133099  38.637  26.774  22.205 0.0000000000
107013  39.374  27.307  21.787 0.0000000000
103812  43.244  24.043  31.885 0.0000000000
103814  41.550  23.569  32.284 0.0000000000
104672  46.563  24.637  22.700 0.0000000000
105541  45.006  25.165  22.805 0.0000000000
136459  46.265  24.471  20.696 0.0000000000
104706  45.683  24.628  18.039 0.0000000000
104704  48.420  24.488  18.357 0.0000000000
157426  46.650  19.318  28.781 0.0000000000
101798  47.293  20.812  27.424 0.0000000000
101058  46.033  19.227  26.850 0.0000000000
93931  49.694  11.740  17.626 0.0000000000
139431  46.674  12.544  17.509 0.0000000000
93937  47.267  11.556  17.111 0.0000000000
141754  45.882  11.282  17.596 0.0000000000
92170  47.356  9.787  18.548 0.0000000000
91261  46.762  8.753  20.892 0.0000000000
92156  48.489  9.536  20.202 0.0000000000
101009  37.988  19.806  34.169 0.0000000000
106246  46.152  26.593  27.768 0.0000000000
105491  47.631  25.685  27.735 0.0000000000
94777  47.219  12.799  28.336 0.0000000000
145542  46.744  12.814  26.302 0.0000000000
94797  48.102  13.165  26.556 0.0000000000
95763  50.695  13.512  23.259 0.0000000000
95775  52.882  14.340  21.317 0.0000000000
94869  51.848  13.258  18.853 0.0000000000
103120  45.731  22.472  30.651 0.0000000000
103830  47.044  22.962  30.872 0.0000000000
148721  47.549  21.002  31.518 0.0000000000
101023  48.924  19.486  32.097 0.0000000000
101018  48.009  18.517  32.727 0.0000000000
100224  41.144  18.881  32.766 0.0000000000
101019  42.088  19.212  31.822 0.0000000000
99304  42.584  17.660  32.800 0.0000000000
94707  43.940  12.816  35.073 0.0000000000
97482  44.117  15.026  33.748 0.0000000000
96607  44.458  13.916  33.246 0.0000000000
97495  44.923  14.777  32.087 0.0000000000
94735  44.658  12.692  32.232 0.0000000000
94756  45.048  12.603  30.573 0.0000000000
93797  46.020  11.494  33.163 0.0000000000
94713  49.843  12.917  34.752 0.0000000000
107012  43.632  27.336  21.808 0.0000000000
107702  45.126  29.118  22.139 0.0000000000
107019  43.740  28.202  21.634 0.0000000000
108373  43.095  28.985  21.631 0.0000000000
107021  42.511  27.645  21.029 0.0000000000
106303  40.846  26.459  20.081 0.0000000000
105562  41.764  26.171  19.148 0.0000000000
103205  44.478  22.871  18.463 0.0000000000
103193  43.620  22.809  20.108 0.0000000000
102504  44.263  21.259  21.339 0.0000000000
101088  43.612  19.729  22.737 0.0000000000
101097  44.987  19.841  22.154 0.0000000000
103809  51.570  23.900  32.406 0.0000000000
105459  50.631  25.168  32.225 0.0000000000
104596  52.309  23.995  30.491 0.0000000000
103160  49.322  22.611  25.670 0.0000000000
103864  51.313  23.835  26.266 0.0000000000
103880  51.352  23.931  24.643 0.0000000000
104645  51.043  24.653  24.417 0.0000000000
103173  50.581  23.061  23.396 0.0000000000
158993  45.819  14.584  23.714 0.0000000000
99367  46.450  17.373  24.213 0.0000000000
97564  46.557  15.808  22.982 0.0000000000
98479  48.152  16.864  18.609 0.0000000000
100298  48.569  17.952  21.028 0.0000000000
100296  49.607  18.987  19.738 0.0000000000
102509  50.795  21.752  19.630 0.0000000000
101854  50.120  20.035  18.873 0.0000000000
102517  49.726  21.661  18.811 0.0000000000
140692  48.668  18.853  18.991 0.0000000000
94875  44.276  13.087  19.732 0.0000000000
159577  44.659  15.497  19.782 0.0000000000
96708  44.033  14.360  20.674 0.0000000000
96699  44.095  15.071  21.953 0.0000000000
106217  47.608  27.059  31.470 0.0000000000
105526  40.258  25.350  23.643 0.0000000000
104662  41.404  24.444  23.252 0.0000000000
152664  46.087  24.747  33.052 0.0000000000
104583  44.671  24.590  32.419 0.0000000000
103823  44.642  23.709  31.108 0.0000000000
102438  44.590  21.475  30.649 0.0000000000
136710  42.030  16.082  34.933 0.0000000000
106999  44.264  27.264  24.571 0.0000000000
105535  43.966  25.957  22.788 0.0000000000
105549  43.558  25.861  20.590 0.0000000000
105560  42.922  25.598  18.471 0.0000000000
104707  44.501  24.685  17.854 0.0000000000
103923  45.412  23.973  16.492 0.0000000000
103204  45.496  22.686  18.029 0.0000000000
102443  50.556  21.353  30.387 0.0000000000
134175  51.907  22.572  29.385 0.0000000000
102452  49.058  21.584  28.496 0.0000000000
102467  47.822  21.457  26.906 0.0000000000
102480  47.838  21.296  25.076 0.0000000000
94873  47.668  12.368  20.526 0.0000000000
96706  46.225  14.011  21.384 0.0000000000
95801  46.486  13.343  19.272 0.0000000000
96720  46.404  14.719  18.370 0.0000000000
156002  46.138  15.759  17.049 0.0000000000
98488  46.197  16.415  17.338 0.0000000000
95813  44.993  14.146  16.916 0.0000000000
93935  44.829  11.997  18.573 0.0000000000
93006  44.838  10.458  20.121 0.0000000000
91243  46.846  8.799  22.908 0.0000000000
103098  39.398  22.597  33.289 0.0000000000
103103  40.489  22.497  32.328 0.0000000000
101753  39.137  20.841  33.181 0.0000000000
156809  39.315  19.254  33.642 0.0000000000
139753  40.441  18.314  34.987 0.0000000000
106988  45.073  27.274  26.789 0.0000000000
105523  46.306  25.375  24.968 0.0000000000
136375  47.607  24.634  22.997 0.0000000000
97528  44.494  15.423  27.333 0.0000000000
98442  45.046  16.610  26.648 0.0000000000
96664  45.020  13.854  26.372 0.0000000000
95756  45.741  13.483  24.898 0.0000000000
94837  46.685  12.757  23.518 0.0000000000
95743  49.508  13.325  24.978 0.0000000000
94834  49.184  12.806  23.408 0.0000000000
94860  48.991  12.507  21.570 0.0000000000
94871  49.362  12.465  20.153 0.0000000000
94880  51.238  12.661  18.297 0.0000000000
93016  50.793  11.308  18.221 0.0000000000
93003  50.391  10.633  20.488 0.0000000000
104566  50.491  24.422  33.949 0.0000000000
103810  50.673  23.614  32.449 0.0000000000
104590  47.191  24.086  31.690 0.0000000000
138633  48.751  23.193  31.566 0.0000000000
102425  50.416  21.547  31.302 0.0000000000
153820  49.408  19.934  31.190 0.0000000000
100239  47.745  18.670  30.488 0.0000000000
100241  46.010  18.058  29.340 0.0000000000
102430  41.472  21.419  31.430 0.0000000000
101777  43.463  20.457  30.902 0.0000000000
143461  44.846  19.188  31.564 0.0000000000
98401  43.040  16.670  33.233 0.0000000000
99302  44.627  16.816  33.079 0.0000000000
100221  46.699  17.714  33.163 0.0000000000
98407  46.837  16.604  33.163 0.0000000000
98413  45.849  16.174  31.465 0.0000000000
98421  44.626  16.112  29.594 0.0000000000
95714  44.513  13.722  28.786 0.0000000000
94768  46.243  12.406  29.635 0.0000000000
94752  48.540  12.362  30.328 0.0000000000
93789  47.939  11.672  33.691 0.0000000000
94734  48.810  11.895  32.126 0.0000000000
103802  37.855  23.222  34.723 0.0000000000
103096  36.923  22.044  34.854 0.0000000000
101743  34.329  20.676  36.328 0.0000000000
108369  46.296  30.103  22.217 0.0000000000
109052  43.893  30.494  22.826 0.0000000000
106296  39.796  26.863  21.323 0.0000000000
105543  40.951  25.406  21.338 0.0000000000
152815  42.184  24.055  22.062 0.0000000000
103916  42.473  24.651  18.674 0.0000000000
103901  42.635  23.668  21.266 0.0000000000
103182  42.585  22.459  22.440 0.0000000000
105473  48.810  25.442  29.616 0.0000000000
103849  51.704  23.675  28.230 0.0000000000
104612  50.654  24.673  28.255 0.0000000000
104613  49.481  25.121  27.956 0.0000000000
104637  49.533  25.055  25.452 0.0000000000
104658  50.213  24.809  23.844 0.0000000000
152541  49.900  24.557  21.413 0.0000000000
100270  45.819  18.169  25.863 0.0000000000
101071  46.755  19.115  24.781 0.0000000000
101823  47.868  20.106  23.816 0.0000000000
98466  47.663  16.883  21.562 0.0000000000
101085  48.218  18.881  22.523 0.0000000000
102496  49.192  21.189  22.805 0.0000000000
102494  50.782  22.509  21.504 0.0000000000
103906  51.327  23.674  20.047 0.0000000000
104691  49.669  24.442  19.041 0.0000000000
103921  48.772  24.027  17.314 0.0000000000
103202  47.964  22.661  18.202 0.0000000000
102511  46.879  21.269  20.242 0.0000000000
133468  46.350  17.479  19.257 0.0000000000
99379  46.221  18.015  20.538 0.0000000000
101096  45.781  19.302  21.715 0.0000000000
144614  44.597  16.906  22.537 0.0000000000
155982  44.011  8.082  23.176 0.0000000000
107708  38.673  27.553  22.419 0.0000000000
133025  39.616  28.084  22.547 0.0000000000
103803  41.140  23.968  32.924 0.0000000000
104586  41.940  24.219  32.720 0.0000000000
103815  40.769  23.279  32.548 0.0000000000
134003  47.419  24.482  22.085 0.0000000000
104682  46.414  24.494  21.753 0.0000000000
104681  47.344  24.435  21.010 0.0000000000
104693  47.231  24.497  19.679 0.0000000000
100248  45.695  18.307  28.439 0.0000000000
146922  46.393  19.425  28.165 0.0000000000
100258  45.624  18.448  27.667 0.0000000000
93017  49.464  11.148  17.663 0.0000000000
93932  48.850  11.509  17.431 0.0000000000
93018  48.622  10.745  17.591 0.0000000000
92175  47.765  10.465  17.687 0.0000000000
93011  48.184  9.963  18.389 0.0000000000
92169  48.403  9.646  19.324 0.0000000000
93005  49.275  9.958  19.637 0.0000000000
106956  46.965  27.584  30.924 0.0000000000
106237  47.059  26.417  28.924 0.0000000000
105484  46.922  26.230  28.150 0.0000000000
105483  47.686  25.823  28.491 0.0000000000
94776  48.092  12.950  28.655 0.0000000000
154470  47.884  13.076  27.961 0.0000000000
95712  48.661  13.305  27.984 0.0000000000
96689  52.563  14.442  22.835 0.0000000000
142573  54.015  14.502  20.693 0.0000000000
95774  53.427  14.156  20.035 0.0000000000
102489  41.547  21.442  23.524 0.0000000000
102428  46.469  20.832  31.281 0.0000000000
102436  46.524  21.747  30.899 0.0000000000
101765  47.539  20.011  32.056 0.0000000000
101024  48.303  19.286  32.445 0.0000000000
101025  47.432  19.173  32.493 0.0000000000
100210  41.519  18.181  34.035 0.0000000000
99305  41.820  18.388  32.809 0.0000000000
99291  41.990  17.534  34.148 0.0000000000
94716  44.533  12.314  34.494 0.0000000000
95653  44.042  12.942  34.352 0.0000000000
94725  44.466  12.577  33.709 0.0000000000
95671  44.490  13.356  32.518 0.0000000000
153936  44.866  12.197  32.949 0.0000000000
93810  45.518  11.737  32.622 0.0000000000
93798  45.378  11.734  33.452 0.0000000000
106293  43.323  26.664  21.145 0.0000000000
107020  43.200  27.536  21.248 0.0000000000
107712  43.229  28.246  21.406 0.0000000000
106294  42.635  27.057  20.578 0.0000000000
106301  42.042  26.673  19.708 0.0000000000
106306  42.365  26.131  19.068 0.0000000000
103191  45.058  22.175  19.464 0.0000000000
103192  44.252  22.468  19.722 0.0000000000
102513  44.673  21.713  20.536 0.0000000000
101841  44.610  20.544  21.759 0.0000000000
103818  52.091  23.332  31.623 0.0000000000
104588  52.047  24.028  31.617 0.0000000000
103107  52.649  23.019  30.630 0.0000000000
103167  49.318  22.547  24.844 0.0000000000
103159  50.473  23.280  25.119 0.0000000000
103166  50.488  23.212  24.260 0.0000000000
95777  46.240  13.300  22.970 0.0000000000
96698  46.143  14.854  22.903 0.0000000000
152402  45.948  13.940  22.407 0.0000000000
99390  48.771  18.228  18.429 0.0000000000
100303  49.175  18.594  19.138 0.0000000000
100308  49.471  19.159  19.001 0.0000000000
101101  50.019  19.417  19.105 0.0000000000
100309  48.936  18.642  18.940 0.0000000000
101107  49.472  19.230  18.985 0.0000000000
100310  48.518  18.047  18.368 0.0000000000
144582  44.121  12.276  20.861 0.0000000000
95796  44.058  13.813  20.181 0.0000000000
94876  43.894  13.212  20.715 0.0000000000
94864  43.640  12.915  21.531 0.0000000000
153312  39.391  26.370  21.934 0.0000000000
139440  39.230  26.143  22.919 0.0000000000
104663  40.940  24.742  23.636 0.0000000000
105536  40.834  25.251  22.721 0.0000000000
104570  44.292  24.947  33.351 0.0000000000
103825  42.842  23.367  31.452 0.0000000000
103824  43.729  23.569  31.258 0.0000000000
103121  44.811  22.375  30.599 0.0000000000
103122  43.904  22.212  30.621 0.0000000000
106261  44.515  26.756  25.318 0.0000000000
106994  44.573  27.392  25.654 0.0000000000
104674  44.895  24.960  21.943 0.0000000000
105542  44.360  25.472  22.380 0.0000000000
104684  44.746  24.852  21.019 0.0000000000
105548  44.249  25.340  21.447 0.0000000000
104695  44.461  24.965  19.923 0.0000000000
105559  43.919  25.153  18.630 0.0000000000
140255  44.939  24.712  19.092 0.0000000000
104717  46.501  24.457  17.016 0.0000000000
104727  45.977  24.115  16.512 0.0000000000
103931  46.610  23.995  16.366 0.0000000000
103216  45.398  23.487  16.849 0.0000000000
103215  46.397  23.191  16.980 0.0000000000
101779  49.623  21.027  29.759 0.0000000000
101788  48.495  20.849  29.026 0.0000000000
101806  46.732  20.283  26.932 0.0000000000
101805  47.221  20.847  26.481 0.0000000000
102474  47.742  21.446  25.956 0.0000000000
101810  47.290  20.722  25.578 0.0000000000
134740  48.489  12.259  19.581 0.0000000000
94874  46.948  12.683  20.335 0.0000000000
133482  47.553  12.360  19.179 0.0000000000
94890  46.047  12.859  17.240 0.0000000000
138827  46.348  13.159  17.963 0.0000000000
151119  46.113  13.951  18.092 0.0000000000
96725  46.115  15.016  17.404 0.0000000000
97598  45.921  15.760  16.966 0.0000000000
95812  45.131  14.166  16.949 0.0000000000
93012  45.817  10.546  18.419 0.0000000000
93934  45.274  12.094  17.659 0.0000000000
93924  45.337  11.264  18.426 0.0000000000
93925  44.861  11.240  19.429 0.0000000000
92173  45.249  9.764  19.988 0.0000000000
92164  45.596  9.272  20.087 0.0000000000
92157  47.510  9.085  21.342 0.0000000000
91253  46.791  8.707  21.866 0.0000000000
103099  38.728  22.236  33.645 0.0000000000
102416  39.209  21.751  33.174 0.0000000000
102417  38.589  21.333  33.581 0.0000000000
101014  38.725  19.505  33.830 0.0000000000
101008  39.055  18.853  34.140 0.0000000000
100218  39.790  18.796  33.812 0.0000000000
100212  39.554  18.484  34.635 0.0000000000
105503  46.629  25.729  26.587 0.0000000000
105513  46.466  25.547  25.780 0.0000000000
104638  47.331  25.282  25.280 0.0000000000
104648  47.125  25.085  24.439 0.0000000000
104659  47.933  24.798  23.867 0.0000000000
96656  44.419  14.564  27.611 0.0000000000
96665  44.729  14.676  26.645 0.0000000000
159433  45.056  13.568  26.772 0.0000000000
94809  47.163  12.743  25.451 0.0000000000
94811  45.819  13.142  25.588 0.0000000000
147784  46.641  12.742  24.907 0.0000000000
94822  46.501  12.829  24.333 0.0000000000
94821  47.179  12.602  24.457 0.0000000000
144601  49.508  13.482  25.795 0.0000000000
95742  50.283  13.694  25.373 0.0000000000
144749  51.083  13.567  22.495 0.0000000000
134657  50.054  13.318  23.721 0.0000000000
95764  50.099  13.143  22.763 0.0000000000
94848  49.237  12.692  22.522 0.0000000000
94847  49.837  12.802  21.963 0.0000000000
94859  50.143  12.768  20.921 0.0000000000
95800  52.495  13.116  18.427 0.0000000000
94886  51.633  12.529  18.009 0.0000000000
93930  51.331  11.976  17.888 0.0000000000
93920  52.110  12.057  18.224 0.0000000000
93921  51.478  11.436  18.562 0.0000000000
133166  49.145  24.541  34.700 0.0000000000
104557  50.169  24.558  34.657 0.0000000000
104567  49.682  24.362  34.196 0.0000000000
104579  49.701  24.124  33.258 0.0000000000
104582  45.607  24.579  32.341 0.0000000000
104581  46.589  24.512  32.439 0.0000000000
103829  48.373  22.544  31.327 0.0000000000
103111  49.730  22.449  31.546 0.0000000000
101762  49.862  20.719  31.372 0.0000000000
101774  49.407  20.052  31.615 0.0000000000
100236  48.381  18.384  31.686 0.0000000000
101033  48.686  18.982  31.159 0.0000000000
100240  46.826  18.392  29.890 0.0000000000
99318  46.622  17.615  30.443 0.0000000000
102422  40.297  21.655  32.246 0.0000000000
103115  40.931  21.988  31.778 0.0000000000
101771  40.770  21.141  31.796 0.0000000000
100234  42.956  18.850  31.627 0.0000000000
101768  42.661  20.270  31.159 0.0000000000
101028  43.251  19.657  31.238 0.0000000000
101027  44.127  19.809  31.120 0.0000000000
132931  43.886  19.012  31.431 0.0000000000
97474  42.462  15.187  34.846 0.0000000000
97483  42.573  15.765  34.243 0.0000000000
98390  44.812  15.699  33.524 0.0000000000
99295  45.673  16.689  33.410 0.0000000000
100222  45.528  17.736  32.773 0.0000000000
98398  46.369  16.669  33.378 0.0000000000
99300  46.957  17.131  33.330 0.0000000000
98399  46.184  16.107  33.243 0.0000000000
97503  44.506  15.024  30.805 0.0000000000
97494  45.375  15.458  31.803 0.0000000000
97502  44.894  15.804  30.574 0.0000000000
98420  45.314  16.541  30.223 0.0000000000
138948  44.384  15.413  29.821 0.0000000000
97513  44.172  14.997  29.143 0.0000000000
96639  44.267  14.312  29.359 0.0000000000
93824  46.211  11.842  31.016 0.0000000000
94755  45.737  12.302  30.327 0.0000000000
94754  46.649  12.118  30.268 0.0000000000
94767  46.955  12.370  29.639 0.0000000000
94741  48.046  11.946  30.909 0.0000000000
152669  48.295  12.179  35.022 0.0000000000
94723  49.335  12.162  33.125 0.0000000000
94722  50.085  12.549  32.920 0.0000000000
103798  35.973  23.069  35.901 0.0000000000
103090  36.448  22.569  35.365 0.0000000000
102408  36.264  21.674  35.222 0.0000000000
101746  36.135  20.749  35.183 0.0000000000
102409  35.568  21.306  35.530 0.0000000000
107703  44.400  28.767  21.883 0.0000000000
108370  45.573  29.697  22.009 0.0000000000
109058  45.654  30.042  21.906 0.0000000000
109726  46.393  30.602  22.177 0.0000000000
158149  45.018  30.165  21.893 0.0000000000
109051  44.661  30.618  22.501 0.0000000000
109059  44.267  30.159  22.014 0.0000000000
107713  42.328  28.280  21.454 0.0000000000
107714  41.271  28.169  21.674 0.0000000000
107707  40.296  27.994  21.951 0.0000000000
107023  40.449  27.351  21.226 0.0000000000
105556  41.151  26.076  19.615 0.0000000000
105551  40.633  26.133  20.203 0.0000000000
148797  41.672  24.775  21.421 0.0000000000
104685  42.106  24.473  20.813 0.0000000000
104708  43.085  24.769  17.775 0.0000000000
104709  42.576  25.131  18.162 0.0000000000
159138  42.766  24.806  18.006 0.0000000000
103900  43.128  23.266  20.651 0.0000000000
103187  42.957  22.790  21.667 0.0000000000
103181  43.063  21.947  21.973 0.0000000000
102498  42.569  21.587  22.530 0.0000000000
102497  43.121  21.143  22.144 0.0000000000
101077  44.020  19.020  23.165 0.0000000000
106209  49.843  26.296  34.148 0.0000000000
105463  50.380  25.058  31.181 0.0000000000
105456  49.805  25.769  32.634 0.0000000000
105464  49.071  25.504  30.603 0.0000000000
105472  50.039  24.963  30.021 0.0000000000
145299  50.693  22.563  28.210 0.0000000000
103136  52.050  23.061  28.775 0.0000000000
103137  51.399  23.283  27.918 0.0000000000
104627  51.341  24.160  26.194 0.0000000000
132689  51.324  24.206  27.771 0.0000000000
104619  51.053  24.427  26.654 0.0000000000
132730  49.930  24.992  26.958 0.0000000000
105501  48.625  25.322  27.332 0.0000000000
104628  50.437  24.875  26.033 0.0000000000
104657  51.134  24.506  23.491 0.0000000000
136310  50.307  24.713  23.118 0.0000000000
104670  49.669  24.630  22.314 0.0000000000
150555  50.644  24.505  21.830 0.0000000000
97535  45.295  15.972  25.752 0.0000000000
99353  45.708  17.325  25.490 0.0000000000
98448  45.664  16.566  25.194 0.0000000000
99366  47.027  17.769  23.498 0.0000000000
151374  46.611  18.232  24.435 0.0000000000
100275  47.147  18.722  23.916 0.0000000000
101070  47.312  19.595  24.312 0.0000000000
101076  47.708  19.241  23.426 0.0000000000
145861  46.587  14.780  20.944 0.0000000000
97578  46.945  15.496  21.136 0.0000000000
98473  47.343  16.213  21.328 0.0000000000
137073  49.255  18.864  20.858 0.0000000000
100289  48.714  18.555  21.501 0.0000000000
101084  48.894  19.351  21.848 0.0000000000
101830  48.946  20.245  22.424 0.0000000000
101829  49.616  20.753  21.835 0.0000000000
102495  50.015  21.767  22.195 0.0000000000
102502  50.329  21.338  21.117 0.0000000000
102516  50.728  22.129  19.150 0.0000000000
103190  51.215  22.748  19.753 0.0000000000
103912  51.055  23.294  19.051 0.0000000000
104690  50.695  24.277  19.680 0.0000000000
103913  50.682  23.788  18.648 0.0000000000
104714  49.518  24.097  17.800 0.0000000000
103920  50.014  23.856  18.044 0.0000000000
102518  48.525  21.963  19.094 0.0000000000
102510  47.882  21.390  19.690 0.0000000000
101849  47.050  20.255  20.592 0.0000000000
97593  45.340  16.031  17.807 0.0000000000
99386  46.703  17.114  17.935 0.0000000000
142331  45.831  16.583  18.037 0.0000000000
97587  44.644  15.671  20.558 0.0000000000
98474  45.480  17.074  20.653 0.0000000000
100300  46.261  18.668  21.166 0.0000000000
99374  45.395  17.568  21.557 0.0000000000
99375  44.862  17.643  22.466 0.0000000000
98468  44.943  16.924  21.836 0.0000000000
134304  43.481  14.045  22.655 0.0000000000
97573  43.759  14.887  22.718 0.0000000000
91246  44.412  8.217  21.885 0.0000000000
91237  44.480  8.006  22.669 0.0000000000
106280  38.356  26.580  22.784 0.0000000000
106290  38.530  27.052  22.143 0.0000000000
106289  39.184  26.849  21.724 0.0000000000
104585  42.799  24.395  32.593 0.0000000000
103813  42.373  23.828  32.066 0.0000000000
103826  41.993  23.118  31.667 0.0000000000
145925  45.393  25.380  23.969 0.0000000000
105533  45.032  25.367  23.518 0.0000000000
104661  45.777  25.028  23.313 0.0000000000
104673  45.657  24.745  22.350 0.0000000000
104694  46.030  24.529  19.440 0.0000000000
104705  46.965  24.568  18.196 0.0000000000
104716  47.720  24.370  17.113 0.0000000000
101039  47.108  19.791  28.846 0.0000000000
101789  47.543  20.567  28.409 0.0000000000
101799  46.817  20.161  27.851 0.0000000000
101049  46.357  19.669  27.299 0.0000000000
101057  46.384  19.665  26.503 0.0000000000
93923  47.545  12.187  17.606 0.0000000000
93922  48.512  11.777  17.506 0.0000000000
94889  46.826  12.091  17.101 0.0000000000
151114  46.580  11.883  17.041 0.0000000000
93026  45.982  11.970  17.067 0.0000000000
93025  46.638  11.278  17.253 0.0000000000
92176  46.892  10.362  17.890 0.0000000000
92171  46.595  9.671  18.899 0.0000000000
142314  46.684  8.957  20.183 0.0000000000
140144  47.003  9.283  19.446 0.0000000000
92162  47.578  9.202  20.159 0.0000000000
92149  48.216  9.525  21.771 0.0000000000
101750  37.331  20.496  34.445 0.0000000000
102418  37.968  20.885  34.005 0.0000000000
101010  37.265  19.590  34.678 0.0000000000
106239  45.741  27.261  28.068 0.0000000000
106238  46.344  26.859  28.532 0.0000000000
105492  46.773  25.958  27.392 0.0000000000
105502  47.643  25.519  26.926 0.0000000000
94778  46.272  12.686  28.381 0.0000000000
157279  45.622  12.993  26.878 0.0000000000
155576  46.864  12.857  27.041 0.0000000000
94798  47.444  12.982  26.818 0.0000000000
94808  48.022  13.039  25.788 0.0000000000
95753  50.884  13.733  23.972 0.0000000000
95762  51.499  13.855  23.196 0.0000000000
159177  51.942  13.937  22.310 0.0000000000
136023  51.755  13.717  21.472 0.0000000000
95786  51.477  13.385  20.289 0.0000000000
95785  52.522  13.939  20.418 0.0000000000
143084  52.714  13.658  19.353 0.0000000000
135986  48.377  24.458  33.828 0.0000000000
103831  46.075  23.151  30.724 0.0000000000
103821  46.566  23.611  31.075 0.0000000000
103119  46.518  22.554  30.762 0.0000000000
102435  47.423  22.084  31.097 0.0000000000
102427  48.584  21.218  31.613 0.0000000000
101763  49.269  20.326  31.776 0.0000000000
101764  48.540  20.108  32.129 0.0000000000
156151  48.519  18.894  32.370 0.0000000000
99310  48.040  17.788  32.332 0.0000000000
100225  40.599  19.323  32.758 0.0000000000
101020  41.198  19.617  32.116 0.0000000000
160231  41.694  18.899  32.330 0.0000000000
153944  42.358  18.494  32.222 0.0000000000
95648  43.480  13.421  35.529 0.0000000000
97473  43.227  14.882  34.238 0.0000000000
95663  43.840  13.539  34.294 0.0000000000
96608  43.999  14.180  33.920 0.0000000000
97481  44.679  14.969  33.414 0.0000000000
97488  45.629  15.469  32.832 0.0000000000
97489  45.020  14.826  33.027 0.0000000000
96614  44.580  14.075  32.364 0.0000000000
96619  44.427  14.194  31.315 0.0000000000
155620  44.535  13.347  30.660 0.0000000000
94743  44.820  12.660  31.365 0.0000000000
93815  45.814  11.739  31.812 0.0000000000
93809  46.358  11.522  32.475 0.0000000000
94702  49.336  12.871  35.430 0.0000000000
95652  50.693  13.474  34.654 0.0000000000
107005  43.790  27.039  22.779 0.0000000000
107693  44.604  28.299  22.641 0.0000000000
107011  44.118  27.861  22.154 0.0000000000
107704  43.934  28.931  21.636 0.0000000000
108372  43.762  29.634  21.802 0.0000000000
107026  40.978  27.026  20.416 0.0000000000
107025  41.801  27.140  20.395 0.0000000000
106302  41.385  26.585  19.811 0.0000000000
104697  41.432  25.559  19.493 0.0000000000
103914  43.979  23.592  17.621 0.0000000000
103915  43.227  24.144  18.182 0.0000000000
103206  43.764  23.254  18.869 0.0000000000
102514  43.958  21.984  20.783 0.0000000000
102505  43.602  21.546  21.603 0.0000000000
101832  43.303  20.417  22.388 0.0000000000
101842  43.792  20.811  21.899 0.0000000000
101831  44.113  20.144  22.268 0.0000000000
101087  44.452  19.456  22.605 0.0000000000
160592  51.080  24.632  33.217 0.0000000000
105455  50.837  25.126  33.050 0.0000000000
105458  51.185  24.642  32.708 0.0000000000
105462  51.376  24.612  31.890 0.0000000000
104597  51.490  24.535  30.615 0.0000000000
103153  49.483  22.579  26.494 0.0000000000
103143  51.186  23.514  27.038 0.0000000000
103152  50.547  23.223  25.930 0.0000000000
103871  51.328  23.919  25.461 0.0000000000
143731  51.377  24.174  25.678 0.0000000000
103870  51.293  24.332  25.029 0.0000000000
103887  51.380  23.875  23.784 0.0000000000
103172  51.388  23.786  22.881 0.0000000000
97555  45.672  14.983  24.412 0.0000000000
98454  45.919  16.392  24.607 0.0000000000
152521  46.113  15.409  23.649 0.0000000000
97554  46.419  16.180  23.608 0.0000000000
149232  46.791  16.449  23.047 0.0000000000
154414  47.439  16.275  19.013 0.0000000000
98472  47.930  16.899  20.214 0.0000000000
99383  48.856  17.996  19.647 0.0000000000
100297  49.106  18.434  20.277 0.0000000000
101093  50.004  19.533  19.796 0.0000000000
101836  50.550  20.991  19.966 0.0000000000
101846  50.311  20.071  19.331 0.0000000000
101845  50.485  20.961  19.164 0.0000000000
101853  50.313  21.361  18.864 0.0000000000
103200  50.080  22.344  18.603 0.0000000000
101855  49.962  20.453  18.789 0.0000000000
101856  49.305  20.149  19.117 0.0000000000
101102  47.913  19.657  19.885 0.0000000000
156948  44.319  13.935  19.043 0.0000000000
97594  44.622  15.340  18.878 0.0000000000
96715  44.308  14.491  19.565 0.0000000000
137996  44.395  15.025  20.156 0.0000000000
96707  44.220  14.987  21.149 0.0000000000
97579  44.404  15.639  21.619 0.0000000000
96700  43.786  14.369  21.756 0.0000000000
95778  43.534  13.539  22.046 0.0000000000
106220  47.375  26.801  30.611 0.0000000000
106270  38.727  26.221  23.514 0.0000000000
104650  41.231  24.084  23.940 0.0000000000
103889  41.637  23.679  23.485 0.0000000000
104569  45.275  24.847  33.147 0.0000000000
104592  45.106  24.250  31.616 0.0000000000
104584  43.721  24.526  32.518 0.0000000000
104593  44.166  24.178  31.746 0.0000000000
103822  45.582  23.738  31.027 0.0000000000
103832  45.141  23.171  30.709 0.0000000000
102437  45.559  21.593  30.737 0.0000000000
101775  45.384  20.727  30.988 0.0000000000
98378  41.966  17.142  34.868 0.0000000000
98377  42.084  16.624  35.701 0.0000000000
97458  42.355  15.683  36.322 0.0000000000
96580  42.542  14.853  36.137 0.0000000000
95638  43.563  13.558  36.334 0.0000000000
95647  43.988  12.852  35.898 0.0000000000
94706  44.537  12.364  35.387 0.0000000000
94715  44.980  11.928  34.959 0.0000000000
93786  45.687  11.730  34.972 0.0000000000
107669  44.633  27.997  25.138 0.0000000000
106269  43.955  26.802  23.705 0.0000000000
105534  44.473  25.650  23.233 0.0000000000
106278  44.152  26.182  23.600 0.0000000000
106279  43.874  26.480  23.072 0.0000000000
106287  43.690  26.526  22.251 0.0000000000
105555  43.003  26.101  19.350 0.0000000000
105554  43.678  25.548  19.542 0.0000000000
105566  43.581  24.949  17.851 0.0000000000
104719  44.223  24.451  17.237 0.0000000000
104728  44.854  24.148  16.733 0.0000000000
103932  44.525  24.089  16.784 0.0000000000
103217  44.695  23.281  17.444 0.0000000000
102512  45.631  21.496  20.405 0.0000000000
102433  51.242  21.882  30.669 0.0000000000
139286  51.940  22.357  30.142 0.0000000000
102442  51.253  22.031  29.785 0.0000000000
102451  50.300  21.881  29.072 0.0000000000
103145  49.769  22.269  27.955 0.0000000000
102459  48.032  21.296  27.938 0.0000000000
102458  48.779  22.020  27.331 0.0000000000
102466  48.450  22.071  26.290 0.0000000000
102473  48.409  22.004  25.407 0.0000000000
102479  48.561  21.829  24.563 0.0000000000
94863  46.785  12.796  21.539 0.0000000000
95795  46.467  13.299  20.822 0.0000000000
96714  46.478  14.383  19.958 0.0000000000
94882  46.912  12.679  18.718 0.0000000000
97585  46.934  15.694  18.634 0.0000000000
97584  47.386  16.760  17.951 0.0000000000
98486  47.706  17.439  17.957 0.0000000000
99392  47.686  17.490  17.962 0.0000000000
98493  46.257  16.135  17.156 0.0000000000
97599  45.660  15.842  17.080 0.0000000000
96726  44.800  14.603  17.233 0.0000000000
94897  45.026  12.899  17.188 0.0000000000
95807  44.810  13.633  17.266 0.0000000000
149212  44.516  14.065  17.972 0.0000000000
94883  44.555  12.654  18.848 0.0000000000
143695  44.502  12.085  19.692 0.0000000000
154308  44.755  9.741  20.535 0.0000000000
91255  45.312  8.338  21.395 0.0000000000
91262  46.052  8.653  20.678 0.0000000000
91254  46.130  8.480  21.379 0.0000000000
91244  45.923  8.341  22.299 0.0000000000
103805  39.670  23.369  33.504 0.0000000000
103816  40.047  22.955  32.883 0.0000000000
103104  39.813  22.150  32.727 0.0000000000
102423  39.688  21.278  32.697 0.0000000000
101754  38.565  20.368  33.636 0.0000000000
101013  39.187  19.943  33.326 0.0000000000
101021  40.353  19.975  32.477 0.0000000000
100217  40.522  18.842  33.324 0.0000000000
100211  40.598  18.498  34.094 0.0000000000
100203  41.267  18.283  34.747 0.0000000000
106981  44.951  27.839  26.893 0.0000000000
106260  45.059  26.379  25.791 0.0000000000
106247  45.524  26.945  27.313 0.0000000000
105504  45.765  25.995  26.219 0.0000000000
105514  45.566  25.768  25.432 0.0000000000
104649  46.126  25.211  24.158 0.0000000000
104660  46.807  24.851  23.590 0.0000000000
104671  48.379  24.575  22.435 0.0000000000
98433  44.480  16.152  27.834 0.0000000000
99337  45.094  17.294  27.328 0.0000000000
147624  44.685  16.120  27.157 0.0000000000
97536  44.833  15.660  26.562 0.0000000000
97545  45.340  15.086  25.281 0.0000000000
94800  45.432  13.314  26.399 0.0000000000
95745  45.396  13.658  25.671 0.0000000000
134605  45.435  14.190  25.038 0.0000000000
96681  45.652  13.961  24.224 0.0000000000
95765  46.092  13.287  24.019 0.0000000000
94851  46.700  12.816  22.500 0.0000000000
95723  48.742  13.421  27.038 0.0000000000
95735  48.764  13.319  26.185 0.0000000000
95744  48.700  13.105  25.271 0.0000000000
133874  50.206  13.509  24.546 0.0000000000
95754  49.451  13.133  24.238 0.0000000000
94820  48.224  12.715  24.395 0.0000000000
94835  48.395  12.625  23.636 0.0000000000
152336  47.187  12.546  22.871 0.0000000000
94850  47.232  12.552  22.080 0.0000000000
94861  47.910  12.395  21.531 0.0000000000
94872  48.447  12.345  20.756 0.0000000000
94870  50.676  12.820  19.396 0.0000000000
142676  49.782  12.330  18.409 0.0000000000
94887  50.555  12.131  17.770 0.0000000000
143317  50.304  11.647  17.827 0.0000000000
93009  50.026  10.665  18.467 0.0000000000
93004  50.044  10.360  19.642 0.0000000000
93008  50.724  10.803  19.119 0.0000000000
93915  51.332  11.161  19.756 0.0000000000
104556  50.714  24.711  34.270 0.0000000000
104578  50.997  24.069  33.276 0.0000000000
103819  51.388  23.117  31.918 0.0000000000
104568  46.977  24.664  33.383 0.0000000000
136682  47.684  24.353  32.704 0.0000000000
104580  48.497  24.054  32.455 0.0000000000
103820  47.589  23.376  31.293 0.0000000000
104589  48.102  23.744  31.748 0.0000000000
103811  49.251  23.574  32.051 0.0000000000
138596  50.074  23.051  31.807 0.0000000000
103110  50.885  22.409  31.567 0.0000000000
102424  51.208  21.953  31.106 0.0000000000
102434  50.537  21.259  31.046 0.0000000000
101773  49.926  20.536  30.998 0.0000000000
101780  49.156  20.288  30.256 0.0000000000
101032  49.114  19.482  31.626 0.0000000000
101035  48.879  19.625  30.667 0.0000000000
101036  47.886  19.397  29.966 0.0000000000
101037  47.020  19.100  29.416 0.0000000000
100247  46.303  18.819  28.852 0.0000000000
99328  45.332  17.611  28.807 0.0000000000
103102  41.199  22.823  31.946 0.0000000000
103114  41.697  22.297  31.463 0.0000000000
102429  42.238  21.698  31.075 0.0000000000
101769  42.047  20.827  31.200 0.0000000000
103123  43.040  21.968  30.760 0.0000000000
102439  43.665  21.317  30.688 0.0000000000
101776  44.365  20.621  30.835 0.0000000000
101026  45.723  19.381  31.820 0.0000000000
99290  42.205  16.647  34.261 0.0000000000
99296  42.395  17.097  33.558 0.0000000000
99303  43.518  17.110  32.698 0.0000000000
98391  43.461  15.721  33.694 0.0000000000
98400  43.999  16.298  33.289 0.0000000000
134855  44.301  17.582  32.354 0.0000000000
100232  44.637  18.383  31.924 0.0000000000
100231  45.898  18.601  32.423 0.0000000000
150894  46.534  19.126  32.330 0.0000000000
100230  47.156  18.439  32.849 0.0000000000
100220  47.515  17.744  33.002 0.0000000000
99311  47.392  17.179  31.821 0.0000000000
98408  46.243  16.040  32.646 0.0000000000
98412  46.888  16.584  32.335 0.0000000000
99312  46.348  16.832  31.013 0.0000000000
99319  45.686  17.303  29.798 0.0000000000
99320  44.938  16.860  29.213 0.0000000000
99329  44.820  16.989  28.173 0.0000000000
97521  44.251  15.340  28.309 0.0000000000
96648  44.284  14.440  28.515 0.0000000000
95713  44.964  13.255  28.210 0.0000000000
147282  44.867  12.938  29.921 0.0000000000
94780  44.906  13.150  29.122 0.0000000000
94779  45.506  12.846  28.650 0.0000000000
156327  46.713  12.590  29.037 0.0000000000
148463  47.495  12.626  29.211 0.0000000000
94766  48.308  12.675  29.513 0.0000000000
154153  46.119  11.485  34.051 0.0000000000
93796  46.930  11.472  33.249 0.0000000000
151389  47.773  11.580  32.875 0.0000000000
143383  48.507  12.034  34.376 0.0000000000
94724  48.618  11.818  32.872 0.0000000000
93807  48.110  11.670  32.234 0.0000000000
94740  48.477  11.879  31.566 0.0000000000
94751  49.305  12.510  30.633 0.0000000000
104575  40.011  24.063  33.828 0.0000000000
103806  38.974  23.048  33.834 0.0000000000
103094  38.299  22.716  34.188 0.0000000000
103095  37.610  22.390  34.521 0.0000000000
103089  37.137  22.916  35.027 0.0000000000
102413  37.439  21.475  34.425 0.0000000000
102414  36.761  21.105  34.770 0.0000000000
103092  35.047  21.831  35.967 0.0000000000
102410  34.899  20.945  35.875 0.0000000000
100999  34.976  19.544  36.213 0.0000000000
140103  43.550  30.082  22.347 0.0000000000
108366  43.195  30.077  23.180 0.0000000000
157236  40.370  28.293  22.533 0.0000000000
106288  39.867  26.451  21.342 0.0000000000
106295  40.376  26.577  20.719 0.0000000000
137573  40.300  25.996  20.768 0.0000000000
105544  40.096  25.890  21.662 0.0000000000
104675  41.540  24.686  22.362 0.0000000000
103895  41.833  24.023  22.887 0.0000000000
103888  42.146  23.222  22.900 0.0000000000
105561  42.294  25.599  18.583 0.0000000000
134010  41.982  25.319  18.765 0.0000000000
104696  41.836  24.879  19.529 0.0000000000
103907  43.104  23.702  19.384 0.0000000000
103908  42.554  24.108  20.039 0.0000000000
155679  42.574  23.233  22.142 0.0000000000
142704  42.074  22.155  23.152 0.0000000000
102488  42.037  21.171  22.954 0.0000000000
106212  50.308  25.659  33.548 0.0000000000
106216  48.571  26.466  32.045 0.0000000000
106219  48.265  26.241  31.080 0.0000000000
105465  48.023  26.051  30.157 0.0000000000
103128  52.433  22.903  29.593 0.0000000000
104603  52.333  23.815  29.635 0.0000000000
104611  51.842  24.074  28.805 0.0000000000
103856  51.450  23.933  27.076 0.0000000000
157076  51.333  24.343  28.443 0.0000000000
105481  49.744  25.028  28.950 0.0000000000
105482  48.589  25.432  28.728 0.0000000000
105490  48.358  25.464  28.054 0.0000000000
104629  48.868  25.196  26.354 0.0000000000
157267  48.312  25.226  25.598 0.0000000000
104636  50.827  24.772  25.201 0.0000000000
104646  49.977  24.906  24.644 0.0000000000
104647  48.428  25.031  24.771 0.0000000000
134016  48.972  24.748  23.244 0.0000000000
104680  48.629  24.517  21.430 0.0000000000
100266  45.678  18.536  26.815 0.0000000000
100265  46.066  18.982  26.165 0.0000000000
101065  46.494  19.457  25.665 0.0000000000
99352  46.137  17.786  24.989 0.0000000000
100276  46.295  18.630  25.305 0.0000000000
101064  46.945  19.964  25.164 0.0000000000
101817  47.510  20.471  24.704 0.0000000000
101816  48.125  20.985  24.209 0.0000000000
102487  48.831  21.561  23.700 0.0000000000
139355  46.371  14.736  21.870 0.0000000000
98467  47.049  16.332  22.333 0.0000000000
157963  47.569  17.760  22.657 0.0000000000
100290  48.130  18.131  22.148 0.0000000000
101075  48.334  19.721  22.924 0.0000000000
101822  48.506  20.619  23.333 0.0000000000
102486  49.696  22.143  23.127 0.0000000000
103180  50.698  22.829  22.503 0.0000000000
103179  51.371  23.622  21.870 0.0000000000
102501  50.859  22.096  20.444 0.0000000000
103185  51.326  23.257  20.765 0.0000000000
103899  51.497  23.952  21.224 0.0000000000
104679  50.810  24.412  20.922 0.0000000000
137130  49.733  24.520  20.428 0.0000000000
104703  49.466  24.290  18.052 0.0000000000
104715  48.707  24.187  17.398 0.0000000000
103922  47.915  24.057  16.656 0.0000000000
103201  49.212  22.802  18.216 0.0000000000
103214  48.321  23.609  17.178 0.0000000000
142044  47.360  23.191  17.201 0.0000000000
103203  46.782  22.550  18.218 0.0000000000
102520  46.184  22.032  19.433 0.0000000000
100311  48.043  17.894  18.018 0.0000000000
99385  47.139  18.213  18.500 0.0000000000
100299  47.077  18.712  20.101 0.0000000000
98480  45.763  16.858  19.149 0.0000000000
101103  47.102  19.398  20.500 0.0000000000
101095  46.530  19.120  21.057 0.0000000000
101850  46.056  20.685  20.941 0.0000000000
101840  45.477  20.227  21.563 0.0000000000
101086  45.172  19.146  22.333 0.0000000000
100292  44.761  18.627  22.701 0.0000000000
99368  44.425  17.264  23.044 0.0000000000
97572  44.169  15.652  22.472 0.0000000000
98461  44.259  16.477  23.033 0.0000000000
147250  49.651  10.201  20.454 0.0000000000
92998  48.939  9.782  20.946 0.0000000000
91245  45.010  8.009  22.168 0.0000000000
92158  44.342  9.323  21.113 0.0000000000
92163  46.187  9.129  19.881 0.0000000000
92177  46.282  10.153  18.445 0.0000000000
93013  45.339  10.479  19.282 0.0000000000
93019  46.283  10.675  17.838 0.0000000000
93023  48.017  11.215  17.215 0.0000000000
93024  47.350  10.973  17.242 0.0000000000
93799  44.848  12.075  33.757 0.0000000000
93808  47.259  11.530  32.357 0.0000000000
93814  47.636  11.685  31.611 0.0000000000
93823  47.146  11.816  30.921 0.0000000000
93919  52.239  12.854  18.163 0.0000000000
93929  51.981  12.410  18.063 0.0000000000
93933  47.893  11.649  17.309 0.0000000000
94698  44.754  12.521  36.199 0.0000000000
94705  45.241  12.083  35.625 0.0000000000
94733  49.379  12.150  32.441 0.0000000000
94742  45.118  12.120  32.005 0.0000000000
94753  47.605  12.239  30.108 0.0000000000
94769  45.467  12.681  29.542 0.0000000000
94788  48.052  13.156  27.310 0.0000000000
94789  47.359  12.945  27.516 0.0000000000
94790  46.596  12.779  27.639 0.0000000000
94791  45.673  12.872  27.683 0.0000000000
94799  46.183  12.786  26.941 0.0000000000
94810  46.381  12.825  25.537 0.0000000000
94819  48.852  12.804  24.074 0.0000000000
94823  46.163  13.021  24.858 0.0000000000
94836  47.590  12.543  23.587 0.0000000000
94849  48.178  12.503  22.677 0.0000000000
94862  47.199  12.554  21.254 0.0000000000
94879  52.048  13.042  18.285 0.0000000000
94888  49.370  11.871  17.649 0.0000000000
94891  44.789  12.773  17.840 0.0000000000
94895  46.016  12.447  17.085 0.0000000000
94896  45.427  12.794  17.142 0.0000000000
95654  43.609  13.429  34.813 0.0000000000
95662  44.175  13.283  33.767 0.0000000000
95678  44.513  13.376  31.714 0.0000000000
95701  44.478  13.591  29.664 0.0000000000
95725  44.580  13.793  27.889 0.0000000000
95734  49.485  13.618  26.661 0.0000000000
95736  44.746  13.899  27.069 0.0000000000
95755  48.962  12.995  24.607 0.0000000000
95766  45.818  13.871  23.361 0.0000000000
95788  43.743  13.714  21.144 0.0000000000
95794  52.450  13.292  18.655 0.0000000000
95802  44.508  13.368  18.430 0.0000000000
95806  45.636  15.098  17.043 0.0000000000
95811  45.390  13.271  17.080 0.0000000000
96579  42.951  14.091  35.902 0.0000000000
96589  43.085  13.975  35.132 0.0000000000
96599  43.442  14.054  34.528 0.0000000000
96600  42.892  14.506  34.782 0.0000000000
96673  45.114  14.401  25.811 0.0000000000
96674  44.999  15.146  25.978 0.0000000000
96731  45.154  14.816  16.952 0.0000000000
97465  42.245  15.473  35.580 0.0000000000
97571  46.712  15.593  22.138 0.0000000000
97577  47.505  16.215  20.097 0.0000000000
97586  45.111  16.061  19.234 0.0000000000
97592  46.618  16.006  17.477 0.0000000000
97600  44.906  15.370  17.535 0.0000000000
97605  45.499  15.447  17.047 0.0000000000
97606  45.174  15.272  17.062 0.0000000000
98389  45.715  16.217  33.400 0.0000000000
98392  42.690  16.328  33.739 0.0000000000
98426  44.480  16.194  28.697 0.0000000000
98441  45.410  16.819  25.879 0.0000000000
98453  46.268  16.615  24.150 0.0000000000
98459  47.259  17.056  22.671 0.0000000000
98460  46.686  16.899  23.531 0.0000000000
98469  44.521  16.298  22.152 0.0000000000
98481  45.148  16.360  20.262 0.0000000000
98487  46.980  16.809  17.685 0.0000000000
99297  41.953  17.923  33.468 0.0000000000
99301  46.219  17.129  33.427 0.0000000000
99307  47.963  17.944  32.818 0.0000000000
99308  47.519  17.254  32.922 0.0000000000
99344  45.415  17.556  26.467 0.0000000000
99360  45.991  17.011  24.733 0.0000000000
99373  47.930  17.510  21.818 0.0000000000
99378  48.324  17.431  20.577 0.0000000000
99384  48.513  17.589  19.037 0.0000000000
100216  41.275  18.493  33.405 0.0000000000
100228  48.828  18.899  32.042 0.0000000000
100229  48.359  18.412  32.454 0.0000000000
100233  43.726  18.325  31.771 0.0000000000
100291  45.524  18.381  21.862 0.0000000000
100304  48.004  18.456  18.601 0.0000000000
101012  39.904  19.467  33.146 0.0000000000
101029  42.560  19.585  31.456 0.0000000000
101030  41.950  19.985  31.505 0.0000000000
101040  45.949  18.845  28.105 0.0000000000
101050  45.952  19.067  27.482 0.0000000000
101094  49.560  19.424  20.771 0.0000000000
101106  49.750  19.496  18.915 0.0000000000
101108  48.776  19.669  19.310 0.0000000000
101748  34.843  20.129  35.948 0.0000000000
101759  40.225  20.802  32.301 0.0000000000
101760  39.714  20.380  32.817 0.0000000000
101767  45.095  19.964  31.295 0.0000000000
101770  41.326  20.551  31.608 0.0000000000
101837  50.013  20.227  20.606 0.0000000000
101839  46.348  19.835  21.194 0.0000000000
101847  48.966  21.074  19.261 0.0000000000
102440  42.814  21.093  30.845 0.0000000000
102519  47.363  21.961  19.336 0.0000000000
103108  52.399  22.835  31.100 0.0000000000
103109  51.818  22.600  31.400 0.0000000000
103113  42.503  22.572  31.169 0.0000000000
103116  52.682  22.996  30.093 0.0000000000
103117  52.447  22.733  30.436 0.0000000000
103211  50.569  23.456  18.528 0.0000000000
103212  50.057  23.211  18.262 0.0000000000
103213  49.338  23.654  17.732 0.0000000000
103222  47.222  23.826  16.521 0.0000000000
103223  46.209  23.781  16.463 0.0000000000
103817  52.490  23.421  31.039 0.0000000000
103828  52.581  23.437  30.266 0.0000000000
103833  44.232  23.041  30.736 0.0000000000
103841  52.549  23.297  29.696 0.0000000000
103848  52.241  23.439  29.080 0.0000000000
103879  51.374  24.272  24.156 0.0000000000
103886  51.437  24.165  23.300 0.0000000000
103894  51.485  24.082  22.360 0.0000000000
103924  44.539  23.849  16.828 0.0000000000
103930  47.971  24.103  16.701 0.0000000000
103933  44.151  24.255  17.047 0.0000000000
104565  50.954  24.483  33.561 0.0000000000
104577  51.219  24.293  32.989 0.0000000000
104604  51.968  24.243  29.706 0.0000000000
104669  50.930  24.524  22.590 0.0000000000
104678  51.316  24.209  21.785 0.0000000000
104683  45.507  24.621  21.417 0.0000000000
104689  51.285  24.079  20.465 0.0000000000
104701  51.060  23.936  19.292 0.0000000000
104702  50.334  24.106  18.496 0.0000000000
104710  41.741  25.788  19.044 0.0000000000
104718  45.244  24.440  17.053 0.0000000000
104720  43.576  24.509  17.589 0.0000000000
104721  42.879  25.136  17.920 0.0000000000
104726  47.124  24.109  16.494 0.0000000000
105454  50.892  24.941  33.679 0.0000000000
105474  47.829  25.909  29.288 0.0000000000
105524  45.410  25.567  24.644 0.0000000000
105525  44.693  25.781  24.116 0.0000000000
105550  40.824  25.789  20.158 0.0000000000
106221  46.740  27.323  30.129 0.0000000000
106253  45.976  26.310  26.993 0.0000000000
106254  45.300  26.672  26.555 0.0000000000
106255  44.751  26.977  26.127 0.0000000000
106268  44.315  26.486  24.437 0.0000000000
106281  37.920  26.954  22.600 0.0000000000
109050  45.471  30.593  22.225 0.0000000000
132802  48.971  12.473  34.911 0.0000000000
132876  48.895  12.011  33.684 0.0000000000
134435  44.656  8.179  23.554 0.0000000000
136560  43.329  13.350  22.752 0.0000000000
137223  45.061  13.501  16.977 0.0000000000
137227  45.421  12.155  31.176 0.0000000000
137790  44.441  12.918  33.050 0.0000000000
138498  44.326  15.605  29.091 0.0000000000
138830  49.644  12.461  33.770 0.0000000000
139364  49.067  24.894  24.079 0.0000000000
139415  45.388  17.959  27.251 0.0000000000
140184  43.117  14.402  36.738 0.0000000000
140254  44.161  25.283  20.552 0.0000000000
140601  50.395  13.492  35.276 0.0000000000
143353  43.775  25.870  21.838 0.0000000000
143662  44.232  14.828  29.860 0.0000000000
146278  50.652  23.032  26.676 0.0000000000
147313  46.020  15.916  24.208 0.0000000000
147724  51.345  22.561  28.831 0.0000000000
149717  49.811  19.729  18.861 0.0000000000
149824  45.325  17.146  33.145 0.0000000000
149930  47.782  19.081  19.595 0.0000000000
150027  49.790  22.536  27.169 0.0000000000
150850  51.502  24.258  32.414 0.0000000000
152620  49.186  12.345  34.297 0.0000000000
153397  44.788  16.661  27.433 0.0000000000
153807  50.590  24.706  27.474 0.0000000000
153858  44.783  27.496  26.340 0.0000000000
154018  47.491  12.951  26.181 0.0000000000
154515  48.766  12.145  30.990 0.0000000000
154951  45.949  12.871  26.238 0.0000000000
155852  45.089  16.295  33.460 0.0000000000
155976  45.256  12.614  30.097 0.0000000000
156344  48.156  9.377  20.910 0.0000000000
156511  47.707  9.507  19.166 0.0000000000
158708  46.012  12.588  29.035 0.0000000000
159019  47.831  24.131  32.069 0.0000000000
