#!ascii label  , from subject sub-v1s4x0050702_ses-1 vox2ras=TkReg
2053
8386  26.185  -80.802  -14.148 0.6999999881
8379  24.876  -80.654  -13.816 0.8000000119
8365  25.087  -80.730  -12.959 0.8000000119
154511  23.647  -81.685  -12.723 0.6999999881
7674  25.866  -80.577  -15.851 0.6000000238
7654  26.060  -80.712  -15.008 0.6000000238
7655  24.191  -80.950  -13.980 0.6000000238
7687  26.344  -80.830  -16.567 0.6000000238
8364  25.942  -80.612  -12.521 0.8000000119
7626  24.469  -81.220  -12.367 0.6999999881
7614  23.843  -81.817  -10.881 0.6999999881
6929  23.028  -82.380  -10.933 0.6999999881
7653  26.722  -81.282  -14.692 0.6000000238
8378  25.668  -80.640  -13.558 0.6999999881
6946  23.345  -82.099  -11.795 0.6999999881
7699  26.693  -80.965  -17.401 0.6000000238
7711  27.518  -81.847  -18.629 0.6000000238
7700  26.227  -80.609  -18.102 0.6000000238
7055  26.111  -82.428  -19.905 0.6000000238
7727  25.560  -80.943  -19.634 0.6000000238
8347  25.911  -80.429  -11.504 0.8000000119
8328  25.452  -79.972  -10.006 0.8000000119
7591  24.158  -80.821  -9.402 0.6999999881
8307  23.594  -80.272  -8.941 0.6999999881
7593  22.545  -81.623  -8.861 0.6999999881
135385  26.506  -80.421  -11.773 0.8000000119
8348  25.258  -80.625  -10.781 0.6999999881
7604  23.037  -82.001  -9.496 0.6999999881
7625  27.169  -81.129  -12.930 0.6999999881
137643  25.221  -80.805  -11.963 0.8000000119
7603  23.785  -81.623  -9.827 0.6999999881
7637  26.856  -81.268  -13.799 0.6999999881
146353  27.394  -82.003  -16.004 0.6999999881
7014  27.965  -82.398  -17.765 0.6000000238
7002  27.629  -82.194  -16.795 0.6000000238
156022  26.952  -81.835  -19.872 0.6000000238
7713  26.326  -80.879  -19.072 0.6000000238
6295  26.689  -83.391  -19.941 0.6000000238
4849  25.818  -84.937  -18.864 0.6999999881
5553  25.657  -84.061  -19.168 0.6000000238
3611  25.500  -86.647  -17.132 0.5000000000
4839  25.565  -85.197  -18.045 0.6000000238
140768  24.860  -86.283  -15.519 0.5000000000
9192  25.782  -79.154  -9.874 0.8999999762
8305  25.015  -79.539  -9.535 0.8000000119
9167  24.515  -79.283  -9.388 0.6999999881
8345  27.301  -80.118  -11.495 0.6999999881
158521  27.132  -79.488  -10.912 0.8999999762
137830  22.836  -79.794  -8.880 0.6999999881
7624  27.858  -81.269  -12.809 0.8000000119
8362  27.772  -80.720  -12.180 0.8000000119
6964  28.997  -82.026  -13.765 0.8000000119
137568  29.074  -82.604  -15.295 0.6999999881
7652  27.405  -81.756  -14.326 0.6999999881
6991  28.477  -82.628  -15.974 0.8000000119
6247  28.915  -82.743  -16.649 0.8000000119
154311  28.477  -82.621  -18.359 0.6999999881
7027  28.042  -82.436  -18.935 0.6999999881
7053  27.339  -82.659  -19.932 0.6000000238
4857  26.208  -85.042  -19.606 0.6999999881
4209  25.718  -86.177  -18.013 0.6999999881
9190  27.175  -78.881  -10.668 0.8999999762
9931  25.637  -78.360  -9.936 0.8000000119
9911  24.238  -78.804  -9.565 0.6999999881
8361  28.671  -80.417  -12.060 0.8000000119
9200  27.758  -79.299  -11.156 0.8000000119
7622  29.076  -80.894  -12.508 0.6999999881
6990  30.438  -82.531  -15.202 0.6999999881
145691  30.207  -82.270  -14.421 0.6000000238
6978  28.618  -82.359  -14.599 0.8000000119
6246  29.665  -82.732  -16.418 0.8000000119
6257  29.485  -82.741  -17.328 0.8000000119
7026  28.656  -82.688  -19.415 0.6999999881
6293  28.239  -83.300  -20.187 0.8000000119
133748  28.025  -82.667  -19.874 0.6999999881
5578  28.513  -84.375  -20.511 0.8000000119
4235  26.404  -86.144  -19.485 0.6999999881
4868  26.690  -85.723  -19.695 0.6999999881
5565  27.385  -84.122  -20.107 0.6999999881
4216  25.725  -86.762  -19.143 0.6999999881
143907  25.896  -86.114  -19.366 0.6999999881
15014  18.709  -72.069  -15.251 0.6000000238
15931  19.332  -71.802  -15.724 0.6000000238
17739  19.364  -68.765  -14.161 0.6000000238
19659  19.515  -66.706  -13.311 0.6999999881
9929  27.033  -78.183  -10.647 0.8999999762
141993  24.973  -78.293  -9.789 0.6999999881
141105  30.241  -81.086  -13.175 0.6000000238
136062  31.011  -82.135  -14.558 0.6000000238
6976  30.679  -81.638  -13.772 0.6000000238
6989  31.269  -82.462  -15.403 0.6999999881
135375  31.805  -82.466  -17.230 0.6999999881
6999  31.536  -82.573  -16.260 0.6999999881
10757  24.339  -77.449  -14.254 0.6999999881
10739  23.250  -77.897  -13.921 0.6999999881
7012  30.321  -82.641  -17.674 0.8000000119
6245  30.187  -82.703  -16.854 0.8000000119
10778  24.488  -77.333  -15.178 0.6000000238
157262  23.039  -77.835  -14.591 0.6000000238
158311  21.701  -78.002  -14.086 0.6999999881
7013  29.728  -82.671  -18.250 0.6999999881
134319  22.000  -77.740  -15.380 0.5000000000
10760  21.511  -77.695  -14.724 0.6999999881
6303  29.058  -83.723  -20.577 0.8000000119
7039  28.648  -82.912  -20.240 0.8000000119
10779  23.621  -77.522  -15.679 0.5000000000
10780  22.663  -77.630  -16.032 0.5000000000
4234  26.961  -86.116  -19.839 0.6999999881
10798  22.371  -77.465  -17.078 0.5000000000
11649  22.697  -77.065  -18.630 0.6000000238
10820  22.141  -77.145  -18.023 0.5000000000
11620  21.020  -77.086  -16.737 0.6000000238
12452  20.049  -75.759  -15.667 0.6999999881
13241  18.980  -74.379  -15.979 0.6999999881
11652  20.947  -76.377  -18.148 0.5000000000
11638  20.559  -76.325  -17.277 0.6000000238
12453  19.421  -75.068  -16.536 0.6000000238
140560  18.865  -72.959  -16.332 0.6000000238
11650  22.117  -76.759  -18.571 0.6000000238
12470  19.487  -74.735  -17.264 0.6000000238
147374  19.623  -74.032  -17.351 0.6000000238
12489  21.683  -75.936  -18.760 0.5000000000
12479  20.527  -75.690  -17.999 0.5000000000
15029  19.481  -72.491  -16.335 0.6000000238
17750  19.898  -69.379  -14.682 0.6000000238
18713  20.353  -68.440  -14.332 0.6999999881
20654  20.111  -65.816  -12.215 0.6000000238
20656  18.977  -65.048  -11.856 0.6999999881
13269  20.072  -74.936  -17.816 0.6000000238
14130  20.597  -73.578  -17.284 0.6000000238
15930  20.158  -71.603  -15.824 0.6000000238
17749  20.748  -69.087  -14.644 0.6999999881
19657  21.063  -66.908  -13.276 0.5000000000
10691  26.233  -77.892  -10.400 0.8999999762
8376  29.776  -80.567  -12.697 0.6000000238
9198  29.137  -79.373  -12.046 0.6999999881
10705  24.884  -77.602  -11.105 0.8000000119
9933  23.239  -78.693  -10.261 0.6999999881
10706  24.042  -77.876  -11.329 0.6999999881
10723  25.308  -77.436  -11.972 0.8000000119
139047  32.101  -82.303  -15.576 0.6999999881
10737  25.026  -77.368  -13.623 0.8000000119
140361  23.763  -77.765  -12.902 0.6000000238
10756  25.337  -77.254  -14.538 0.6999999881
10777  25.365  -77.156  -15.594 0.6000000238
7051  29.989  -82.910  -20.643 0.8000000119
155023  30.835  -82.297  -19.991 0.8000000119
5576  30.229  -84.341  -20.731 0.8000000119
10796  24.479  -77.322  -16.371 0.5000000000
4879  28.780  -84.935  -20.651 0.8000000119
10797  23.359  -77.499  -16.764 0.5000000000
10839  25.316  -77.349  -19.179 0.5000000000
11663  24.650  -77.062  -19.493 0.6000000238
138865  23.967  -77.408  -17.672 0.6000000238
141185  23.870  -76.822  -19.347 0.6000000238
12488  22.786  -76.083  -19.067 0.6000000238
18667  19.908  -66.891  -11.533 0.5000000000
13286  21.191  -75.374  -18.550 0.5000000000
19628  20.726  -66.420  -12.355 0.5000000000
19630  19.318  -65.603  -11.627 0.6000000238
14148  21.178  -74.067  -17.705 0.6000000238
15028  20.502  -72.267  -16.281 0.6999999881
15929  21.222  -71.511  -15.629 0.6999999881
18712  20.954  -68.286  -14.277 0.6999999881
13266  22.710  -74.414  -18.177 0.6000000238
16824  21.170  -69.837  -14.835 0.6000000238
142336  22.635  -73.494  -16.947 0.6999999881
15027  21.557  -72.280  -16.020 0.6000000238
15916  22.064  -71.217  -15.094 0.5000000000
9942  28.830  -78.830  -11.887 0.6999999881
10701  27.914  -78.002  -11.604 0.6999999881
10702  27.248  -77.593  -11.732 0.6999999881
10722  26.350  -77.392  -12.014 0.8000000119
10736  26.411  -77.344  -13.045 0.6999999881
11607  26.127  -77.221  -14.365 0.6999999881
133478  25.869  -77.279  -13.716 0.6999999881
17687  19.532  -68.956  -10.671 0.5000000000
12497  26.683  -76.392  -19.800 0.5000000000
11673  25.236  -76.752  -19.817 0.6000000238
18652  18.703  -68.289  -10.685 0.5000000000
13298  26.397  -75.350  -19.288 0.5000000000
13279  28.066  -74.737  -18.761 0.5000000000
12499  24.890  -76.102  -19.705 0.6000000238
13285  22.138  -75.291  -18.681 0.6000000238
17738  21.559  -68.522  -13.560 0.5000000000
13280  27.012  -74.515  -18.511 0.5000000000
13299  25.498  -75.318  -19.297 0.6000000238
13265  23.859  -74.157  -18.018 0.6000000238
13282  25.169  -74.574  -18.671 0.6000000238
9969  28.864  -78.366  -12.965 0.6999999881
10734  28.242  -77.848  -13.080 0.6999999881
10721  27.039  -77.412  -12.599 0.6999999881
14128  23.326  -73.440  -16.627 0.5000000000
14158  28.520  -74.157  -18.144 0.5000000000
15026  22.531  -72.446  -15.716 0.5000000000
14143  27.114  -74.045  -17.792 0.5000000000
146957  25.180  -73.809  -17.521 0.5000000000
148730  23.141  -73.807  -17.406 0.5000000000
14108  22.637  -73.055  -16.379 0.5000000000
14106  24.185  -73.399  -15.631 0.5000000000
14088  24.308  -73.349  -14.867 0.5000000000
14103  27.104  -73.942  -16.418 0.5000000000
14105  25.602  -73.707  -16.053 0.5000000000
14107  23.388  -73.054  -15.791 0.5000000000
14124  27.696  -74.006  -16.893 0.5000000000
138479  26.302  -73.762  -16.809 0.5000000000
134902  24.697  -73.671  -17.013 0.5000000000
14142  27.926  -74.054  -17.561 0.5000000000
154849  26.548  -73.902  -17.461 0.5000000000
14085  27.183  -74.043  -15.488 0.5000000000
156569  16.518  -70.732  -9.212 0.6000000238
16751  16.520  -70.117  -9.428 0.6000000238
16750  17.771  -70.401  -9.623 0.5000000000
15826  16.535  -71.717  -8.528 0.6999999881
16728  15.321  -70.875  -8.780 0.6000000238
152679  15.044  -69.952  -9.045 0.6000000238
15806  13.566  -71.439  -7.534 0.6999999881
14918  15.660  -72.229  -7.425 0.6000000238
15804  15.255  -71.844  -7.793 0.6999999881
15829  14.053  -71.144  -8.096 0.6999999881
16730  13.565  -70.496  -8.306 0.6999999881
15788  12.743  -72.016  -6.703 0.8000000119
14897  16.338  -72.788  -6.551 0.5000000000
14933  16.946  -72.268  -8.107 0.5000000000
14920  13.990  -71.964  -7.084 0.8000000119
14919  14.877  -72.216  -7.039 0.6000000238
13949  11.095  -73.612  -4.333 0.6999999881
13985  17.012  -73.081  -6.135 0.5000000000
14916  17.282  -72.626  -7.628 0.5000000000
14885  12.529  -73.064  -5.669 0.6999999881
13986  11.528  -73.091  -5.904 0.6999999881
14900  13.283  -72.474  -6.292 0.6999999881
159127  15.206  -72.516  -6.582 0.6999999881
14848  10.044  -72.651  -3.395 0.6999999881
13948  11.979  -73.598  -3.964 0.6999999881
14882  15.687  -73.076  -5.399 0.6000000238
137066  14.132  -72.788  -5.840 0.8000000119
22510  12.287  -63.294  -6.068 0.6999999881
21588  10.942  -64.105  -6.266 0.8000000119
13928  17.592  -73.288  -3.272 0.4000000060
15752  10.122  -71.694  -3.054 0.6999999881
147912  17.547  -73.358  -4.046 0.5000000000
14830  10.684  -72.361  -2.879 0.6999999881
14881  16.210  -73.209  -4.936 0.6000000238
151159  15.387  -73.243  -4.079 0.6000000238
13966  12.735  -73.441  -4.765 0.6999999881
14883  14.959  -73.007  -5.423 0.8000000119
13930  14.020  -73.324  -3.983 0.8000000119
23946  15.958  -61.640  4.063 0.5000000000
23958  16.872  -62.002  3.200 0.5000000000
150090  17.544  -62.575  3.711 0.5000000000
21546  16.501  -64.772  -3.432 0.5000000000
22508  14.492  -63.405  -6.348 0.6000000238
22481  16.005  -64.278  -4.722 0.6000000238
21512  16.553  -65.087  -1.694 0.6000000238
136783  18.946  -65.246  2.047 0.6000000238
22483  14.022  -63.679  -5.243 0.6999999881
21547  15.557  -64.668  -3.632 0.6999999881
22484  12.936  -63.516  -5.213 0.6999999881
21549  13.650  -64.354  -3.932 0.6999999881
147681  10.569  -69.312  -3.593 0.6999999881
18579  11.166  -68.034  -4.389 0.6999999881
19543  11.296  -67.135  -5.041 0.8000000119
14823  16.943  -73.155  -2.789 0.5000000000
16642  10.561  -71.004  -2.835 0.6999999881
14865  16.092  -73.235  -4.055 0.6000000238
14829  11.361  -72.392  -2.514 0.8000000119
14846  14.181  -73.216  -2.995 0.6999999881
14813  12.044  -72.316  -2.054 0.8000000119
13932  12.439  -73.390  -3.186 0.8000000119
24674  14.405  -60.951  3.385 0.5000000000
24687  15.133  -61.377  2.666 0.6000000238
24704  15.166  -61.446  1.718 0.5000000000
24686  16.108  -61.581  2.567 0.6000000238
23957  17.932  -62.249  2.999 0.6000000238
23944  18.469  -62.926  3.410 0.6000000238
24684  18.309  -61.863  2.239 0.6000000238
23955  19.257  -62.902  2.270 0.5000000000
22480  16.992  -64.561  -4.374 0.5000000000
155220  17.664  -64.686  -2.317 0.5000000000
134575  15.861  -63.757  -6.767 0.6000000238
22449  17.760  -64.666  -1.500 0.6000000238
21493  17.146  -65.045  -0.988 0.6999999881
22422  19.389  -64.061  2.007 0.6000000238
22527  15.101  -63.616  -6.970 0.6000000238
22528  14.139  -63.450  -6.838 0.6999999881
21548  14.613  -64.502  -3.858 0.6999999881
21528  16.061  -65.044  -2.530 0.6999999881
21494  16.262  -65.284  -0.920 0.8000000119
21475  18.110  -65.104  0.423 0.6999999881
21585  14.310  -63.928  -7.053 0.6999999881
22529  13.376  -63.586  -6.792 0.6999999881
20585  13.304  -65.666  -6.199 0.6999999881
20586  11.752  -64.620  -6.448 0.8000000119
19542  12.275  -67.083  -5.184 0.8000000119
20559  11.476  -66.064  -5.799 0.8000000119
14825  15.569  -72.965  -2.539 0.5000000000
15731  14.340  -72.031  -0.879 0.6000000238
17573  11.240  -69.364  -3.360 0.8000000119
18549  11.790  -68.702  -3.723 0.8000000119
133492  14.906  -73.034  -2.817 0.6000000238
14811  14.065  -72.454  -1.496 0.6999999881
16631  11.889  -71.143  -1.894 0.8000000119
14827  13.476  -72.934  -2.230 0.6999999881
153812  12.590  -72.189  -1.661 0.6999999881
13919  12.744  -73.105  -2.589 0.8000000119
24675  13.262  -60.864  2.852 0.4000000060
24688  14.219  -61.134  2.721 0.5000000000
24717  15.812  -61.365  1.058 0.4000000060
24702  17.571  -61.417  1.675 0.5000000000
23964  19.340  -62.542  1.505 0.5000000000
22506  16.469  -64.059  -5.815 0.5000000000
22461  18.344  -64.378  -2.071 0.6000000238
22448  18.403  -64.264  -1.200 0.6000000238
23251  19.415  -63.345  1.818 0.6000000238
21584  15.531  -64.356  -7.025 0.6000000238
22431  18.226  -64.757  -0.042 0.6999999881
22430  18.852  -64.440  0.647 0.6999999881
20584  14.757  -65.407  -6.555 0.6000000238
20558  12.456  -65.943  -5.943 0.8000000119
16629  13.147  -70.724  -1.137 0.6999999881
16630  12.448  -70.962  -1.536 0.6999999881
17562  12.290  -69.701  -2.395 0.8000000119
156145  12.573  -68.420  -3.849 0.8000000119
15733  12.950  -71.621  -1.268 0.6999999881
139451  13.219  -61.124  1.970 0.4000000060
25485  12.320  -60.586  2.612 0.4000000060
25474  12.084  -60.248  3.082 0.4000000060
24718  14.615  -61.475  0.365 0.5000000000
24705  13.826  -61.352  1.196 0.4000000060
26372  12.226  -59.551  4.111 0.5000000000
24701  18.529  -61.522  1.426 0.5000000000
150896  19.577  -62.203  -0.056 0.5000000000
145821  19.450  -62.323  0.726 0.5000000000
24751  19.643  -61.221  -1.333 0.5000000000
23259  19.214  -63.583  0.161 0.6999999881
19564  14.155  -66.547  -5.743 0.6000000238
18577  13.030  -67.866  -4.457 0.8000000119
16628  13.978  -70.590  -0.660 0.6000000238
17560  13.873  -69.138  -1.846 0.6000000238
18522  14.379  -68.674  -2.588 0.6999999881
155261  13.766  -68.161  -4.080 0.6999999881
17561  13.055  -69.402  -2.119 0.6999999881
27220  11.724  -58.975  4.928 0.3000000119
24719  13.012  -61.310  -0.066 0.4000000060
24706  12.567  -61.163  0.828 0.3000000119
25493  11.637  -60.484  1.306 0.4000000060
25487  11.473  -60.234  1.828 0.4000000060
26383  11.597  -59.902  2.611 0.4000000060
139003  12.074  -59.211  3.980 0.5000000000
25510  15.887  -61.345  0.266 0.4000000060
27226  12.278  -58.749  3.937 0.3000000119
25492  16.760  -61.224  1.005 0.4000000060
23272  19.553  -63.176  -1.389 0.5000000000
24715  18.648  -61.200  0.584 0.4000000060
135875  19.580  -63.555  -2.257 0.6000000238
25509  16.863  -61.106  0.150 0.4000000060
23271  20.010  -62.685  -2.002 0.4000000060
25507  18.851  -60.945  -0.205 0.5000000000
19541  13.206  -66.915  -5.389 0.6999999881
18548  13.276  -68.465  -3.596 0.6999999881
27221  11.732  -59.146  5.250 0.4000000060
27238  11.656  -59.465  2.521 0.4000000060
28209  12.785  -57.978  3.278 0.3000000119
25511  14.904  -61.459  -0.691 0.3000000119
25529  18.328  -60.685  -0.957 0.4000000060
24764  19.705  -60.948  -2.154 0.4000000060
25528  19.113  -60.813  -0.994 0.4000000060
25513  11.610  -60.435  0.729 0.3000000119
25494  11.459  -60.221  1.222 0.3000000119
27252  11.462  -59.589  1.997 0.4000000060
27251  11.827  -58.971  2.137 0.3000000119
28210  12.570  -58.157  2.365 0.3000000119
24737  12.301  -60.817  -1.108 0.3000000119
140414  15.999  -61.250  -0.458 0.3000000119
25545  17.631  -60.600  -1.876 0.3000000119
154658  17.364  -60.778  -1.126 0.3000000119
25559  19.148  -60.462  -2.534 0.3000000119
26411  11.855  -59.596  0.977 0.3000000119
155692  13.187  -57.536  2.133 0.3000000119
26432  11.967  -60.107  -0.099 0.3000000119
136582  12.643  -58.912  1.308 0.3000000119
25546  16.086  -60.809  -2.104 0.3000000119
142641  16.803  -60.457  -2.964 0.3000000119
25560  18.117  -60.370  -2.679 0.3000000119
152977  12.250  -58.452  4.685 0.3000000119
26431  12.650  -59.751  -0.519 0.3000000119
146638  15.376  -60.242  -3.368 0.3000000119
138240  21.242  -77.364  -15.644 0.6000000238
11621  20.592  -76.599  -15.965 0.6999999881
157518  20.459  -76.277  -15.042 0.6999999881
12444  19.555  -75.103  -15.322 0.6999999881
24700  19.205  -61.785  1.025 0.4000000060
23264  19.493  -62.901  -0.463 0.6000000238
29150  13.374  -57.135  2.654 0.3000000119
8388  24.545  -80.622  -14.628 0.6999999881
156475  22.626  -82.474  -10.115 0.6999999881
6979  27.906  -82.255  -14.810 0.8000000119
133979  26.224  -83.588  -19.787 0.6000000238
5566  26.746  -84.396  -19.906 0.6999999881
7634  29.429  -81.404  -13.092 0.6000000238
9932  24.316  -78.098  -10.390 0.6999999881
7037  30.113  -82.469  -20.115 0.8000000119
154494  27.374  -84.810  -20.108 0.6999999881
4240  28.189  -85.535  -20.433 0.8000000119
19658  20.491  -66.695  -13.328 0.6999999881
10781  21.729  -77.481  -16.349 0.5000000000
13256  19.007  -74.207  -16.850 0.6000000238
19614  17.623  -65.948  -10.403 0.6000000238
14129  21.755  -73.351  -16.993 0.6999999881
140515  24.718  -77.474  -12.823 0.8000000119
10795  25.511  -77.199  -16.678 0.5000000000
10818  24.845  -77.359  -17.428 0.6000000238
12487  23.973  -75.845  -19.425 0.6000000238
16641  11.295  -70.873  -2.419 0.8000000119
1593  24.538  -91.533  -8.958 0.4000000060
1219  26.048  -93.058  -8.555 0.4000000060
2038  24.035  -89.919  -11.287 0.3000000119
2026  23.742  -90.089  -9.490 0.4000000060
1594  23.794  -91.257  -8.735 0.4000000060
1220  25.109  -93.076  -8.370 0.4000000060
156811  25.411  -91.678  -13.421 0.4000000060
1618  25.548  -91.951  -12.586 0.5000000000
1246  25.785  -92.184  -11.869 0.5000000000
1626  24.030  -91.630  -13.765 0.3000000119
135917  24.264  -91.515  -12.888 0.4000000060
1242  25.515  -92.204  -10.805 0.4000000060
1627  23.512  -91.120  -13.569 0.3000000119
153982  24.707  -91.046  -10.517 0.3000000119
1601  24.557  -90.974  -9.572 0.3000000119
2503  23.653  -89.448  -12.164 0.3000000119
1634  24.045  -91.598  -14.516 0.4000000060
2063  25.746  -91.179  -14.768 0.4000000060
1624  26.280  -91.114  -13.878 0.5000000000
2071  25.025  -91.174  -15.439 0.3000000119
2064  23.025  -90.584  -14.143 0.3000000119
3069  23.341  -88.900  -14.429 0.4000000060
2522  22.885  -89.991  -14.640 0.3000000119
3600  24.693  -86.954  -15.159 0.4000000060
134576  24.035  -87.695  -13.917 0.4000000060
3586  24.346  -86.285  -14.761 0.4000000060
2070  26.043  -90.777  -15.589 0.4000000060
2531  26.679  -90.188  -16.114 0.4000000060
2080  24.691  -90.443  -16.681 0.4000000060
2539  26.367  -90.019  -17.023 0.4000000060
3097  28.566  -88.714  -17.428 0.5000000000
2081  24.093  -90.236  -16.658 0.4000000060
2559  25.471  -89.028  -18.215 0.4000000060
3601  24.057  -88.103  -15.021 0.4000000060
3082  23.878  -88.906  -16.285 0.5000000000
2560  24.910  -88.844  -17.838 0.4000000060
3612  25.144  -87.092  -16.198 0.4000000060
5542  24.490  -84.062  -18.354 0.6000000238
4831  24.692  -85.249  -16.655 0.4000000060
3619  29.896  -88.177  -17.631 0.6000000238
3627  29.536  -87.758  -18.518 0.6000000238
3106  27.068  -88.754  -18.440 0.6000000238
3113  27.637  -87.876  -19.117 0.6000000238
3114  26.693  -87.964  -19.128 0.6000000238
3636  28.077  -87.170  -19.619 0.6999999881
3629  24.992  -88.166  -18.125 0.5000000000
3638  26.323  -87.105  -19.397 0.6000000238
4232  28.517  -86.155  -20.372 0.6999999881
143816  31.745  -86.573  -18.811 0.6999999881
4229  31.278  -85.990  -20.165 0.6999999881
3634  30.055  -87.198  -19.121 0.6000000238
4222  30.565  -86.592  -19.831 0.6999999881
141469  31.553  -84.037  -20.661 0.6999999881
146730  31.053  -83.125  -20.842 0.6999999881
7024  30.423  -82.421  -18.963 0.6999999881
4224  28.814  -86.734  -20.062 0.6999999881
4877  30.375  -85.038  -20.725 0.6999999881
4867  29.088  -85.606  -20.628 0.6999999881
5551  33.552  -84.583  -19.941 0.5000000000
6288  33.562  -83.500  -20.451 0.6000000238
158391  31.490  -85.504  -20.391 0.6999999881
6289  31.986  -83.458  -20.741 0.6000000238
7049  31.631  -82.898  -20.823 0.6999999881
7725  33.021  -81.758  -19.929 0.6999999881
4230  30.598  -86.076  -20.402 0.6999999881
7022  32.180  -82.008  -19.683 0.6999999881
7010  32.030  -82.239  -18.399 0.6000000238
7048  33.024  -82.856  -20.654 0.6000000238
7737  34.220  -81.929  -20.434 0.6000000238
7710  32.849  -81.872  -18.796 0.6000000238
7724  33.881  -81.585  -20.056 0.6000000238
137702  32.403  -81.276  -14.344 0.5000000000
6930  22.164  -82.761  -10.891 0.6000000238
6947  22.520  -82.570  -11.733 0.6000000238
7697  32.639  -82.121  -17.551 0.6000000238
157804  33.555  -81.545  -16.060 0.5000000000
7649  32.922  -81.496  -14.945 0.5000000000
6914  20.517  -82.249  -9.445 0.6000000238
6912  22.191  -82.299  -9.338 0.6000000238
150094  21.740  -82.742  -10.068 0.6000000238
7709  33.651  -81.510  -19.146 0.6000000238
7684  34.158  -81.271  -16.868 0.5000000000
7685  32.384  -82.301  -16.465 0.5000000000
8299  20.062  -79.919  -8.640 0.6000000238
9153  21.330  -79.899  -8.541 0.6000000238
8298  20.775  -80.324  -8.520 0.6000000238
133908  19.814  -81.169  -9.193 0.6000000238
7584  21.043  -81.237  -8.553 0.6000000238
8296  22.052  -80.234  -8.587 0.6000000238
9212  30.011  -79.445  -13.156 0.6000000238
7696  33.473  -81.658  -17.867 0.6000000238
9899  20.655  -78.875  -8.796 0.6000000238
9935  21.644  -78.478  -10.519 0.6000000238
9914  21.437  -79.001  -9.067 0.6000000238
9946  22.346  -78.685  -11.042 0.6000000238
9934  22.359  -78.872  -10.062 0.6000000238
9960  22.682  -78.312  -12.937 0.5000000000
9945  23.236  -78.433  -11.229 0.6000000238
10725  23.362  -78.170  -12.118 0.5000000000
9170  19.393  -79.493  -8.965 0.6999999881
9916  19.289  -78.534  -8.983 0.6000000238
9936  20.971  -78.335  -9.416 0.6000000238
9947  21.827  -78.520  -11.727 0.6000000238
9961  21.835  -78.447  -12.741 0.6000000238
13161  18.000  -74.494  -10.974 0.6000000238
9915  19.970  -78.152  -8.943 0.6000000238
10694  20.865  -77.724  -10.182 0.6000000238
10726  21.273  -77.866  -12.787 0.5000000000
154528  20.049  -76.567  -10.557 0.6000000238
12403  20.066  -75.885  -11.866 0.6000000238
12404  19.448  -75.377  -11.513 0.6000000238
13177  18.393  -74.062  -11.692 0.6000000238
11551  19.425  -77.012  -9.461 0.6000000238
10740  21.491  -78.070  -13.494 0.6000000238
11569  20.367  -76.508  -11.400 0.6000000238
154554  20.893  -77.033  -12.738 0.5000000000
12413  20.272  -75.825  -12.621 0.6000000238
12414  19.796  -75.284  -12.384 0.5000000000
13193  18.915  -74.035  -12.662 0.5000000000
11608  20.867  -77.071  -14.789 0.6000000238
158106  20.281  -75.749  -13.928 0.6000000238
12429  20.030  -75.370  -13.303 0.6000000238
13211  19.045  -74.068  -13.718 0.6000000238
14074  18.686  -73.368  -13.923 0.6999999881
15001  18.127  -71.901  -13.022 0.6999999881
15906  17.846  -71.037  -12.936 0.6999999881
16814  17.525  -70.368  -12.822 0.6999999881
153207  19.797  -75.187  -14.277 0.6000000238
13229  19.182  -74.431  -14.766 0.6999999881
15000  18.432  -72.001  -14.177 0.6999999881
15905  18.341  -71.205  -13.837 0.6999999881
17741  17.586  -69.603  -13.131 0.6000000238
14110  18.661  -73.021  -15.633 0.6000000238
153430  33.286  -79.725  -14.334 0.5000000000
8374  31.891  -80.545  -13.691 0.5000000000
148382  32.877  -78.250  -14.200 0.5000000000
9219  32.579  -79.380  -13.880 0.5000000000
9209  31.917  -79.202  -13.732 0.6000000238
10771  33.256  -76.947  -15.092 0.6000000238
10751  33.050  -77.610  -14.518 0.6000000238
9979  31.685  -78.707  -14.099 0.6000000238
9221  30.706  -79.431  -13.578 0.6000000238
9981  29.982  -79.151  -13.973 0.6000000238
157792  32.860  -76.839  -15.602 0.5000000000
10773  31.840  -77.779  -15.392 0.6000000238
9982  29.279  -78.825  -14.471 0.6000000238
10016  30.857  -78.431  -17.285 0.6000000238
10004  29.715  -78.989  -16.152 0.5000000000
9994  29.109  -78.800  -15.446 0.6000000238
133757  27.948  -77.704  -13.826 0.6000000238
135217  30.027  -78.818  -17.168 0.5000000000
159026  28.648  -78.363  -14.820 0.6000000238
11636  26.181  -77.090  -15.933 0.5000000000
10793  27.407  -77.500  -16.948 0.5000000000
11606  26.707  -77.239  -14.675 0.6000000238
10774  28.274  -77.994  -15.614 0.6000000238
3620  25.319  -87.385  -18.291 0.6000000238
3645  26.680  -86.574  -19.579 0.6999999881
9210  31.395  -79.813  -13.500 0.5000000000
155019  20.817  -77.002  -13.948 0.6000000238
14090  18.744  -73.612  -14.703 0.6999999881
9211  30.656  -79.907  -13.112 0.6000000238
10754  27.378  -77.437  -14.248 0.6000000238
11618  26.650  -77.189  -15.373 0.6000000238
143304  23.687  -89.404  -10.228 0.3000000119
1619  23.797  -90.703  -12.564 0.3000000119
1247  25.176  -91.995  -11.959 0.4000000060
2514  22.980  -89.892  -13.882 0.3000000119
2073  23.195  -90.606  -15.505 0.4000000060
2532  23.318  -89.551  -15.584 0.4000000060
2538  27.303  -89.682  -16.627 0.4000000060
2550  24.499  -89.941  -17.161 0.3000000119
2548  27.029  -89.468  -17.605 0.5000000000
3105  28.052  -88.419  -18.337 0.6000000238
3090  24.099  -89.248  -17.032 0.5000000000
3108  25.395  -88.254  -18.415 0.5000000000
3089  24.430  -88.419  -16.846 0.5000000000
3635  29.135  -87.255  -19.380 0.6000000238
5563  32.386  -84.383  -20.488 0.6999999881
10693  21.274  -77.934  -11.251 0.6000000238
17724  16.956  -68.985  -12.804 0.6000000238
10772  32.576  -77.288  -15.074 0.6000000238
10811  32.312  -77.324  -17.323 0.5000000000
9991  31.369  -78.470  -14.851 0.6000000238
9993  29.824  -79.074  -15.003 0.6000000238
10791  31.650  -77.862  -16.661 0.5000000000
10002  31.108  -78.492  -16.007 0.6000000238
10812  31.614  -77.867  -17.983 0.5000000000
10005  28.916  -78.609  -16.418 0.5000000000
10792  28.159  -77.946  -16.740 0.5000000000
331  20.855  -96.618  4.224 0.4000000060
532  21.792  -96.423  4.349 0.4000000060
340  20.495  -96.426  3.817 0.5000000000
322  18.271  -97.011  6.052 0.5000000000
315  17.192  -97.018  6.852 0.5000000000
138263  15.779  -96.501  7.750 0.5000000000
334  18.762  -96.634  5.318 0.5000000000
117  18.941  -96.845  5.622 0.5000000000
330  22.445  -96.495  3.883 0.4000000060
329  23.377  -95.851  4.353 0.4000000060
338  22.203  -96.621  3.144 0.5000000000
860  25.059  -93.963  -4.933 0.3000000119
1191  24.697  -93.263  -4.609 0.3000000119
610  24.743  -94.650  -6.180 0.3000000119
881  25.394  -93.936  -7.380 0.3000000119
98  18.711  -96.872  7.244 0.4000000060
149602  17.520  -97.545  7.516 0.5000000000
101  16.210  -97.798  8.391 0.5000000000
138560  19.159  -96.781  6.262 0.4000000060
520  19.880  -96.161  6.199 0.4000000060
153404  22.132  -95.155  5.377 0.3000000119
764  21.711  -94.114  6.675 0.3000000119
554  23.604  -95.879  1.827 0.4000000060
782  24.006  -94.574  5.676 0.3000000119
538  23.927  -95.703  3.971 0.4000000060
545  23.654  -96.010  3.114 0.5000000000
781  25.069  -94.474  5.592 0.3000000119
851  25.576  -93.040  -4.728 0.3000000119
1192  23.734  -93.009  -4.660 0.3000000119
621  25.477  -94.210  -6.554 0.3000000119
880  26.179  -93.652  -7.066 0.3000000119
886  25.292  -93.588  -7.973 0.3000000119
308  19.220  -96.193  8.133 0.3000000119
99  18.056  -97.288  7.732 0.4000000060
314  19.565  -95.960  7.448 0.3000000119
770  24.425  -93.881  6.437 0.3000000119
801  24.480  -94.147  2.954 0.4000000060
553  24.161  -95.030  2.155 0.4000000060
537  24.664  -95.169  4.199 0.4000000060
769  25.453  -93.918  6.467 0.3000000119
134321  25.826  -90.387  -3.977 0.4000000060
1553  24.843  -91.734  -4.058 0.4000000060
1971  24.599  -90.824  -3.736 0.4000000060
135367  23.937  -90.075  -3.910 0.4000000060
155222  22.984  -88.590  -4.407 0.4000000060
3507  22.143  -87.713  -4.277 0.5000000000
1562  26.360  -92.126  -5.250 0.3000000119
859  25.866  -93.665  -5.299 0.3000000119
858  26.415  -93.343  -5.827 0.3000000119
885  26.036  -93.419  -7.878 0.3000000119
1235  25.865  -92.487  -10.136 0.3000000119
301  19.341  -95.885  8.918 0.3000000119
793  25.750  -93.461  4.501 0.3000000119
800  25.044  -93.057  3.529 0.3000000119
811  24.305  -94.533  0.699 0.4000000060
816  24.177  -94.543  -0.300 0.4000000060
760  25.825  -93.678  7.302 0.3000000119
779  26.392  -93.865  5.736 0.3000000119
142248  26.329  -93.818  6.483 0.3000000119
780  25.788  -94.254  5.096 0.3000000119
136807  22.665  -89.203  -0.190 0.5000000000
2379  23.492  -89.917  0.117 0.5000000000
145288  25.579  -86.966  -4.390 0.3000000119
3505  25.674  -88.027  -3.901 0.3000000119
160403  25.754  -88.276  -4.566 0.3000000119
2431  25.585  -89.496  -3.504 0.3000000119
1962  25.292  -90.257  -3.498 0.4000000060
139962  23.801  -86.420  -1.190 0.5000000000
3462  22.138  -87.050  -1.182 0.5000000000
135093  25.995  -89.545  -4.401 0.3000000119
153724  24.153  -89.525  -3.564 0.4000000060
2951  23.829  -88.747  -3.550 0.4000000060
4044  23.145  -86.881  -2.797 0.5000000000
152452  22.795  -86.688  -2.358 0.5000000000
1572  26.761  -91.961  -6.229 0.3000000119
879  26.827  -93.136  -7.177 0.3000000119
1218  27.154  -92.760  -8.536 0.3000000119
1226  26.835  -92.789  -9.131 0.3000000119
137710  27.053  -92.669  -9.967 0.4000000060
1104  25.663  -92.162  4.039 0.3000000119
142609  24.721  -93.460  1.238 0.4000000060
142458  26.141  -93.617  8.297 0.3000000119
147522  26.964  -93.648  6.155 0.3000000119
145997  27.505  -93.367  5.935 0.3000000119
159394  24.562  -94.005  0.340 0.4000000060
759  26.626  -93.628  7.359 0.3000000119
1158  23.712  -93.321  -1.325 0.4000000060
1924  23.396  -90.980  -0.539 0.5000000000
1922  25.513  -91.275  0.227 0.4000000060
1923  24.499  -90.711  0.134 0.5000000000
139751  26.165  -84.682  -3.280 0.3000000119
135135  23.541  -88.959  0.620 0.5000000000
4059  25.359  -86.196  -2.951 0.3000000119
3445  23.932  -87.269  0.830 0.4000000060
2896  24.091  -88.319  1.024 0.5000000000
3515  25.663  -87.621  -5.105 0.3000000119
135724  25.362  -88.182  -3.015 0.4000000060
3471  25.083  -86.465  -2.150 0.4000000060
4002  24.525  -86.534  0.499 0.5000000000
3446  23.018  -87.216  0.278 0.5000000000
2448  26.204  -90.375  -4.840 0.3000000119
2949  25.268  -88.931  -2.932 0.4000000060
2950  24.680  -88.657  -2.869 0.5000000000
3473  24.282  -87.282  -2.409 0.5000000000
1995  26.668  -90.866  -6.514 0.3000000119
2000  27.533  -91.345  -7.918 0.4000000060
2007  27.970  -91.160  -8.773 0.3000000119
153170  27.699  -92.424  -8.505 0.4000000060
1225  27.601  -92.490  -9.358 0.4000000060
7730  22.549  -81.369  -19.896 0.5000000000
1241  25.826  -92.353  -11.171 0.3000000119
743  27.785  -93.635  9.874 0.3000000119
152458  27.544  -93.516  7.499 0.3000000119
1489  25.496  -91.985  2.589 0.3000000119
151155  26.944  -93.590  8.136 0.3000000119
1123  25.880  -92.366  1.571 0.3000000119
1507  25.020  -92.010  -0.373 0.5000000000
1921  26.351  -91.220  0.466 0.4000000060
1505  26.774  -92.156  0.535 0.3000000119
5372  27.292  -84.472  -3.596 0.3000000119
2376  26.278  -89.094  0.870 0.5000000000
4709  25.591  -85.457  -3.876 0.3000000119
159563  25.424  -87.097  0.959 0.4000000060
2885  26.090  -88.146  0.950 0.4000000060
4683  25.376  -85.694  -2.072 0.4000000060
4667  25.501  -85.546  -1.459 0.4000000060
4655  25.161  -85.813  -0.740 0.4000000060
4012  25.177  -86.022  0.054 0.4000000060
2986  25.831  -88.592  -5.178 0.3000000119
3001  25.911  -88.581  -6.352 0.3000000119
4042  24.575  -86.393  -1.587 0.4000000060
4027  24.401  -86.159  -0.899 0.5000000000
2470  26.691  -89.672  -7.661 0.3000000119
2478  27.643  -90.172  -8.993 0.4000000060
2015  28.249  -91.409  -9.616 0.4000000060
8455  22.931  -80.851  -19.525 0.5000000000
144273  27.632  -92.303  -10.098 0.4000000060
1599  28.244  -91.381  -10.344 0.5000000000
7058  22.961  -82.421  -20.344 0.5000000000
751  27.692  -93.549  8.693 0.3000000119
159494  19.601  -81.931  -10.248 0.5000000000
1920  27.222  -91.244  0.521 0.3000000119
1504  27.590  -92.293  0.566 0.3000000119
6933  20.015  -82.464  -10.137 0.5000000000
7606  19.089  -80.943  -10.789 0.6000000238
4697  28.464  -85.191  -3.842 0.3000000119
4682  27.578  -85.129  -2.629 0.3000000119
5381  27.098  -84.205  -4.362 0.3000000119
5343  26.964  -84.793  -2.417 0.3000000119
4665  27.213  -85.266  -1.855 0.3000000119
143139  26.808  -88.514  0.787 0.4000000060
2375  27.323  -89.298  0.634 0.4000000060
6951  22.807  -82.239  -12.569 0.5000000000
9963  17.546  -78.510  -12.201 0.5000000000
4666  25.876  -85.387  -1.156 0.3000000119
4653  26.149  -85.633  -0.551 0.3000000119
4000  26.806  -86.378  0.132 0.3000000119
3441  27.619  -87.605  0.317 0.3000000119
7640  22.911  -81.921  -13.416 0.5000000000
3527  25.653  -87.645  -6.781 0.3000000119
2471  26.226  -89.074  -7.079 0.3000000119
8389  23.905  -80.765  -15.071 0.5000000000
3015  26.379  -88.801  -7.890 0.3000000119
8417  23.292  -80.621  -16.683 0.5000000000
2485  26.863  -88.813  -9.290 0.4000000060
8428  23.524  -80.525  -17.848 0.6000000238
3041  27.456  -89.262  -9.983 0.4000000060
2490  28.156  -89.981  -10.646 0.5000000000
8439  24.145  -80.462  -18.724 0.5000000000
2494  28.029  -89.574  -11.507 0.4000000060
2036  28.107  -90.770  -11.267 0.3000000119
1608  27.682  -91.711  -11.003 0.4000000060
7740  23.893  -81.415  -20.219 0.6000000238
3572  27.699  -87.229  -13.726 0.3000000119
3061  27.563  -88.920  -13.711 0.4000000060
2055  27.909  -90.134  -12.319 0.4000000060
1616  27.089  -91.320  -12.220 0.3000000119
6297  24.606  -82.383  -19.784 0.6000000238
6298  23.446  -82.530  -20.279 0.5000000000
4177  28.451  -86.646  -14.712 0.3000000119
3585  27.684  -87.945  -14.494 0.5000000000
2513  27.410  -89.593  -13.879 0.4000000060
2062  26.481  -90.721  -14.706 0.4000000060
145490  23.698  -82.886  -20.056 0.6000000238
4176  29.345  -86.576  -14.943 0.3000000119
3584  28.150  -87.536  -15.152 0.5000000000
3067  27.826  -88.341  -15.399 0.4000000060
2069  26.819  -90.211  -15.178 0.4000000060
3583  28.991  -87.382  -15.436 0.4000000060
158302  28.135  -88.613  -15.887 0.5000000000
2530  27.294  -89.665  -15.796 0.4000000060
2529  27.932  -89.111  -16.330 0.5000000000
8330  19.359  -81.076  -9.930 0.6000000238
142199  18.386  -79.614  -11.127 0.6000000238
4077  29.279  -86.445  -4.951 0.3000000119
4058  28.783  -85.966  -3.481 0.3000000119
4041  28.636  -86.314  -2.537 0.3000000119
4664  27.933  -85.750  -2.142 0.3000000119
9193  18.607  -79.767  -10.333 0.6000000238
9937  18.114  -78.981  -10.382 0.6000000238
4708  28.641  -84.992  -4.748 0.3000000119
4025  28.296  -86.452  -1.600 0.3000000119
3461  28.579  -87.207  -1.126 0.3000000119
9949  17.492  -78.481  -10.963 0.6000000238
5412  28.211  -84.063  -6.658 0.3000000119
4026  27.587  -85.924  -1.279 0.3000000119
4010  27.239  -86.149  -0.488 0.3000000119
133690  16.471  -77.572  -11.405 0.6000000238
141643  25.657  -87.374  -7.619 0.3000000119
11563  15.818  -75.966  -10.614 0.6000000238
10710  15.878  -77.028  -11.321 0.6000000238
12406  15.009  -75.426  -11.593 0.6000000238
13181  14.776  -74.707  -11.921 0.5000000000
135519  27.618  -88.782  -11.533 0.4000000060
3055  27.792  -89.178  -12.780 0.4000000060
3597  30.973  -88.201  -15.250 0.4000000060
3078  29.693  -88.342  -16.030 0.5000000000
3526  29.539  -87.236  -5.482 0.3000000119
139023  29.398  -87.299  -4.612 0.3000000119
4070  29.145  -86.573  -4.055 0.3000000119
133143  29.318  -87.408  -3.783 0.3000000119
4040  28.822  -86.993  -1.925 0.3000000119
3460  28.977  -87.733  -1.651 0.3000000119
3450  28.787  -88.092  -0.869 0.3000000119
8309  19.586  -80.431  -9.094 0.5000000000
4716  29.084  -85.620  -5.311 0.3000000119
5413  27.685  -83.967  -5.834 0.3000000119
9917  18.539  -78.172  -9.359 0.5000000000
159999  18.229  -78.574  -9.702 0.6000000238
4728  29.168  -85.557  -6.314 0.3000000119
3451  28.233  -87.557  -0.258 0.3000000119
9938  17.749  -78.103  -9.877 0.6000000238
5411  28.802  -84.758  -6.752 0.3000000119
10696  16.669  -76.947  -10.219 0.6000000238
3561  26.488  -87.367  -10.565 0.3000000119
3556  26.194  -87.431  -9.863 0.3000000119
12397  15.413  -75.403  -10.900 0.6000000238
153845  14.735  -72.987  -12.164 0.6000000238
10695  17.418  -77.253  -9.830 0.6000000238
11552  18.726  -76.848  -9.478 0.5000000000
11560  18.210  -76.117  -9.850 0.6000000238
12396  16.090  -75.354  -10.535 0.6000000238
13164  15.694  -74.627  -10.782 0.6000000238
147012  14.758  -73.844  -11.897 0.6000000238
14968  15.429  -72.329  -11.558 0.6000000238
14047  15.328  -73.851  -11.135 0.6000000238
15878  15.093  -71.712  -11.931 0.5000000000
10681  19.153  -77.592  -9.196 0.5000000000
11559  19.328  -76.404  -9.965 0.5000000000
12395  16.922  -75.271  -10.354 0.5000000000
144122  15.805  -73.083  -11.142 0.6000000238
17726  14.103  -69.086  -12.609 0.5000000000
18682  15.522  -68.014  -12.248 0.6000000238
134744  14.735  -68.514  -12.185 0.6000000238
18683  14.025  -68.384  -11.984 0.5000000000
18669  14.818  -67.668  -11.885 0.6000000238
138110  13.372  -67.657  -11.401 0.6000000238
12393  18.914  -75.635  -10.614 0.5000000000
14966  17.267  -72.525  -11.652 0.5000000000
15876  16.316  -71.305  -11.724 0.5000000000
14967  16.296  -72.250  -11.447 0.6000000238
156178  17.602  -71.547  -12.385 0.6000000238
15893  16.321  -70.601  -12.001 0.5000000000
16800  15.147  -70.050  -12.438 0.5000000000
16798  16.787  -69.982  -12.477 0.6000000238
16827  18.743  -70.672  -14.500 0.6000000238
137295  16.231  -69.287  -12.422 0.6000000238
133868  14.124  -67.200  -11.450 0.5000000000
17565  7.458  -68.946  -2.776 0.5000000000
11570  19.724  -76.033  -10.971 0.5000000000
13178  17.525  -73.922  -11.099 0.5000000000
14061  18.033  -72.642  -12.372 0.6000000238
21534  7.756  -64.751  -2.339 0.5000000000
150514  7.168  -64.325  -0.897 0.6000000238
19495  7.658  -66.733  -2.610 0.6000000238
136911  8.535  -68.675  -2.904 0.6000000238
18526  6.998  -67.415  -2.730 0.5000000000
135386  7.500  -69.911  -2.983 0.5000000000
15755  7.696  -71.426  -3.591 0.5000000000
135731  11.981  -66.057  -10.081 0.5000000000
19633  13.498  -66.469  -10.844 0.5000000000
20588  10.300  -64.764  -5.911 0.6000000238
21566  10.488  -64.029  -5.793 0.6999999881
21567  9.987  -64.509  -5.321 0.6000000238
139826  10.084  -63.683  -3.849 0.6999999881
22451  9.945  -64.038  -1.518 0.6000000238
22439  9.451  -64.087  -0.913 0.6000000238
21568  9.586  -64.752  -4.483 0.6000000238
22487  9.298  -63.758  -3.272 0.6000000238
19544  10.481  -67.323  -4.730 0.6000000238
19545  9.816  -66.646  -4.616 0.6000000238
21552  9.129  -64.383  -3.644 0.6000000238
152438  8.871  -63.700  -2.409 0.5000000000
21501  8.275  -64.359  -0.407 0.6000000238
18580  10.484  -68.124  -4.250 0.6000000238
19520  9.260  -67.146  -3.664 0.6000000238
20548  8.478  -65.021  -3.018 0.5000000000
22453  8.177  -63.787  -1.702 0.6000000238
19519  9.915  -67.733  -4.179 0.6000000238
19521  8.543  -66.374  -2.957 0.6000000238
17575  9.324  -69.219  -3.424 0.6000000238
18552  9.358  -68.237  -3.513 0.6000000238
17576  8.416  -69.662  -3.008 0.6000000238
15754  8.695  -71.679  -3.519 0.5000000000
13952  8.076  -73.309  -4.960 0.5000000000
132827  9.802  -73.394  -5.976 0.5000000000
14922  9.775  -72.682  -7.096 0.5000000000
146997  10.131  -71.941  -7.293 0.5000000000
22464  10.599  -63.717  -3.241 0.6000000238
22450  10.653  -64.141  -2.035 0.6999999881
17574  9.965  -69.686  -3.558 0.5000000000
138711  9.293  -71.169  -3.356 0.6000000238
13935  9.557  -73.124  -3.909 0.6000000238
14869  8.736  -73.115  -4.290 0.5000000000
13968  10.182  -73.540  -5.318 0.6000000238
14903  10.887  -72.848  -6.316 0.5000000000
15808  11.592  -71.482  -7.142 0.6000000238
147063  10.671  -71.420  -7.342 0.6000000238
18575  15.320  -68.059  -4.213 0.4000000060
155109  13.348  -65.046  -2.776 0.6999999881
21479  14.333  -65.829  0.052 0.5000000000
21480  13.440  -65.894  0.210 0.5000000000
18546  14.884  -68.384  -3.403 0.6000000238
19540  14.794  -67.548  -4.920 0.5000000000
21498  12.641  -65.569  -0.474 0.6000000238
21481  12.682  -65.927  0.502 0.5000000000
18521  15.266  -68.565  -2.538 0.5000000000
21550  12.635  -64.214  -3.795 0.6000000238
21531  12.403  -64.788  -2.570 0.8000000119
22485  11.859  -63.451  -4.938 0.6999999881
21532  11.484  -64.403  -2.367 0.8000000119
143328  11.550  -65.132  -0.504 0.6999999881
144385  10.428  -73.576  -4.627 0.6000000238
20485  14.943  -65.985  0.821 0.5000000000
19563  15.136  -66.751  -5.807 0.5000000000
21530  14.174  -65.059  -2.970 0.6999999881
20475  14.473  -66.447  1.497 0.5000000000
18509  16.535  -68.720  -1.603 0.4000000060
18545  15.809  -68.330  -3.411 0.4000000060
17551  15.134  -69.313  -0.903 0.4000000060
17542  14.828  -70.159  -0.440 0.5000000000
15720  15.023  -71.783  -0.501 0.4000000060
21478  15.167  -65.699  -0.096 0.5000000000
20467  16.070  -66.926  2.211 0.5000000000
19538  16.583  -67.638  -5.216 0.3000000119
19562  16.059  -66.876  -6.020 0.3000000119
21496  14.665  -65.601  -0.839 0.6000000238
16616  16.110  -70.370  0.135 0.4000000060
16617  15.581  -71.320  -0.069 0.4000000060
14800  14.865  -72.344  -1.069 0.4000000060
133716  15.927  -65.556  -0.204 0.6000000238
136643  15.045  -65.396  -1.532 0.6000000238
14799  15.641  -72.284  -0.741 0.4000000060
20483  16.645  -66.086  1.121 0.5000000000
154029  16.108  -66.405  1.541 0.5000000000
158970  18.533  -68.313  -3.468 0.3000000119
19561  16.876  -67.199  -6.059 0.3000000119
159418  16.583  -66.577  -6.392 0.3000000119
21601  16.624  -64.409  -6.936 0.4000000060
134836  16.895  -72.760  -1.067 0.3000000119
14809  16.269  -72.674  -1.294 0.4000000060
13918  17.732  -73.198  -2.398 0.4000000060
20602  17.792  -65.607  -6.952 0.4000000060
134990  16.745  -65.386  -0.205 0.6000000238
20473  16.863  -66.474  1.848 0.4000000060
22525  17.096  -64.469  -6.677 0.4000000060
18542  19.272  -68.296  -3.367 0.3000000119
19518  18.882  -68.106  -4.242 0.3000000119
21467  17.568  -65.994  1.476 0.5000000000
22505  17.463  -64.466  -5.249 0.4000000060
134187  17.977  -64.620  -4.084 0.4000000060
22447  18.974  -63.902  -1.737 0.5000000000
135069  18.845  -64.528  -4.040 0.4000000060
22460  19.015  -64.182  -2.583 0.4000000060
23325  20.719  -63.646  -6.302 0.3000000119
160076  20.572  -62.319  -4.181 0.3000000119
24023  20.476  -63.262  -4.267 0.3000000119
24012  20.419  -62.721  -3.453 0.3000000119
25558  19.787  -60.767  -3.005 0.3000000119
25473  12.794  -60.506  3.392 0.4000000060
24041  21.008  -62.595  -6.786 0.3000000119
2904  28.469  -88.547  -0.192 0.3000000119
3044  27.531  -89.015  -10.829 0.4000000060
22479  19.583  -64.264  -4.047 0.3000000119
15789  12.153  -71.902  -6.767 0.6000000238
26366  12.124  -59.468  4.930 0.4000000060
17552  14.280  -69.592  -1.022 0.5000000000
23302  20.115  -63.647  -3.612 0.3000000119
135472  26.306  -91.504  -12.889 0.3000000119
2056  27.583  -90.149  -12.955 0.4000000060
13179  16.824  -74.047  -10.823 0.5000000000
519  21.236  -95.886  5.137 0.4000000060
333  19.394  -96.527  4.926 0.5000000000
107  16.579  -97.410  7.615 0.5000000000
351  22.725  -96.388  1.658 0.5000000000
1185  24.316  -92.367  -4.396 0.4000000060
514  20.379  -95.123  7.296 0.4000000060
544  24.122  -95.404  2.805 0.4000000060
563  22.936  -96.193  0.794 0.4000000060
1563  26.005  -92.340  -4.752 0.4000000060
1564  23.293  -91.216  -4.805 0.4000000060
1983  22.822  -90.502  -5.172 0.4000000060
303  17.440  -97.026  8.924 0.3000000119
761  24.898  -93.582  7.307 0.3000000119
794  25.127  -94.355  4.135 0.3000000119
806  24.357  -94.104  1.843 0.4000000060
570  23.500  -95.494  -0.055 0.4000000060
141581  26.045  -91.370  -4.537 0.3000000119
1982  26.419  -91.144  -5.506 0.4000000060
1125  24.710  -93.049  2.499 0.4000000060
820  24.054  -94.105  -0.962 0.4000000060
4014  23.640  -86.598  0.160 0.5000000000
8441  22.573  -80.734  -18.500 0.5000000000
1211  27.159  -92.681  -7.283 0.4000000060
768  27.625  -93.446  6.568 0.3000000119
1138  25.385  -92.820  0.757 0.4000000060
1148  24.708  -92.998  -0.603 0.4000000060
1519  24.276  -92.436  -0.905 0.5000000000
2378  24.362  -89.392  0.758 0.5000000000
5345  25.925  -85.085  -2.089 0.3000000119
154514  25.693  -87.870  -5.967 0.3000000119
2447  26.321  -90.159  -5.957 0.3000000119
2460  26.485  -89.925  -6.840 0.3000000119
7729  23.385  -81.126  -20.086 0.6000000238
1147  26.137  -92.455  0.665 0.3000000119
155814  25.306  -92.799  0.047 0.4000000060
3442  26.962  -87.135  0.550 0.3000000119
8416  24.230  -80.475  -16.297 0.5000000000
135931  27.959  -90.031  -9.729 0.4000000060
2893  28.093  -88.943  0.304 0.3000000119
3567  27.548  -87.548  -12.805 0.4000000060
2502  28.088  -89.884  -12.151 0.4000000060
2046  28.016  -90.426  -11.784 0.4000000060
4816  28.904  -85.835  -14.388 0.3000000119
3470  29.286  -87.639  -2.949 0.3000000119
11561  17.306  -76.518  -9.873 0.6000000238
3563  27.451  -88.026  -11.973 0.3000000119
137820  29.259  -88.199  -2.300 0.3000000119
2410  29.410  -90.562  -2.493 0.3000000119
5429  28.490  -84.229  -7.514 0.3000000119
15877  15.658  -71.559  -11.697 0.5000000000
16799  15.878  -69.955  -12.248 0.6000000238
22486  10.915  -63.553  -4.479 0.6999999881
21515  12.114  -65.073  -1.490 0.6999999881
22463  11.606  -63.934  -3.571 0.6999999881
142325  13.046  -65.414  -1.675 0.6000000238
18573  17.205  -68.000  -4.533 0.3000000119
19536  18.120  -67.954  -4.894 0.3000000119
152744  26.088  -80.571  -17.270 0.5000000000
8415  25.053  -80.373  -16.050 0.5000000000
4214  32.336  -86.011  -18.969 0.6000000238
14046  17.768  -73.267  -11.667 0.4000000060
14060  18.404  -73.373  -12.483 0.5000000000
153954  15.609  -66.827  -11.929 0.5000000000
17740  18.384  -69.209  -13.756 0.5000000000
18700  17.814  -68.505  -13.306 0.5000000000
18681  16.447  -67.181  -12.409 0.5000000000
135214  14.157  -66.078  -10.998 0.5000000000
19646  16.566  -65.744  -11.870 0.5000000000
17751  18.958  -69.766  -14.346 0.5000000000
20661  13.867  -65.407  -10.283 0.4000000060
19660  18.327  -67.101  -13.120 0.5000000000
19645  17.699  -66.016  -12.435 0.5000000000
19631  15.609  -65.465  -11.353 0.5000000000
20643  13.441  -65.271  -9.852 0.5000000000
19644  19.060  -65.777  -12.582 0.6000000238
20676  17.523  -64.825  -11.535 0.5000000000
20642  14.645  -64.811  -10.059 0.5000000000
16711  11.089  -70.621  -7.663 0.5000000000
20675  18.634  -64.998  -11.870 0.6000000238
18622  11.698  -67.823  -8.535 0.5000000000
17657  11.112  -68.747  -8.276 0.5000000000
21642  16.530  -64.418  -10.747 0.6000000238
20627  14.239  -65.102  -9.806 0.6000000238
19601  12.776  -65.957  -9.413 0.5000000000
20674  19.522  -65.281  -12.057 0.6000000238
21641  17.172  -64.370  -10.881 0.6000000238
20626  15.105  -64.934  -9.850 0.6000000238
18621  12.766  -68.254  -8.678 0.6000000238
19615  16.655  -66.107  -9.964 0.6000000238
17656  12.177  -69.128  -8.388 0.5000000000
16710  12.063  -70.804  -7.659 0.5000000000
19599  14.681  -65.993  -9.484 0.6000000238
18639  13.391  -67.239  -8.996 0.6000000238
21483  10.058  -65.218  0.221 0.5000000000
21482  11.186  -65.599  0.404 0.5000000000
21499  10.170  -64.449  -0.769 0.5000000000
16709  12.998  -70.923  -7.808 0.6000000238
18637  15.280  -67.600  -9.429 0.6000000238
16731  12.597  -70.167  -8.168 0.6000000238
18638  14.334  -67.223  -9.239 0.6000000238
17674  13.713  -68.728  -8.836 0.6000000238
156288  14.720  -68.276  -9.223 0.6000000238
22524  18.643  -64.884  -6.362 0.3000000119
25472  13.720  -60.640  3.747 0.3000000119
3087  29.568  -88.445  -16.400 0.4000000060
3626  30.388  -87.728  -18.232 0.5000000000
6271  24.146  -83.625  -18.868 0.5000000000
6280  24.436  -83.076  -19.451 0.5000000000
4208  31.659  -87.274  -17.988 0.4000000060
6296  25.781  -82.744  -19.770 0.4000000060
4854  33.153  -85.103  -19.600 0.4000000060
136428  24.815  -80.336  -16.908 0.4000000060
8438  25.542  -80.561  -18.806 0.4000000060
8426  25.405  -80.367  -17.707 0.4000000060
135769  24.738  -81.083  -20.055 0.4000000060
143818  24.642  -81.540  -20.078 0.4000000060
147070  36.068  -82.706  -19.479 0.4000000060
6286  34.997  -83.011  -19.939 0.4000000060
6287  34.310  -83.334  -20.224 0.4000000060
8401  25.261  -80.431  -15.225 0.4000000060
6267  35.371  -83.286  -19.301 0.4000000060
5561  33.927  -84.007  -20.073 0.4000000060
7722  35.415  -81.082  -20.223 0.4000000060
8452  35.156  -80.881  -19.835 0.5000000000
133103  18.143  -67.276  -10.554 0.5000000000
18636  16.271  -67.513  -9.728 0.5000000000
18653  17.203  -67.476  -10.141 0.5000000000
17689  17.792  -68.726  -10.244 0.5000000000
134872  15.995  -68.697  -9.551 0.5000000000
17670  17.232  -69.711  -9.729 0.5000000000
140749  12.001  -66.044  0.765 0.4000000060
20487  12.786  -66.446  1.124 0.4000000060
17690  16.819  -68.666  -9.841 0.5000000000
17654  14.087  -69.780  -8.769 0.5000000000
4856  31.879  -85.554  -20.232 0.5000000000
5550  34.070  -84.215  -19.679 0.4000000060
7045  35.382  -82.312  -20.190 0.4000000060
324  17.066  -96.102  6.666 0.4000000060
523  16.754  -94.907  6.685 0.4000000060
556  16.119  -94.328  1.999 0.4000000060
323  17.674  -96.747  6.282 0.4000000060
522  17.499  -95.563  6.278 0.4000000060
808  16.569  -93.412  2.524 0.4000000060
774  17.405  -94.091  6.287 0.4000000060
1491  17.885  -92.158  2.436 0.4000000060
1129  16.720  -92.796  3.154 0.4000000060
803  16.110  -93.223  3.358 0.4000000060
144816  19.065  -96.237  4.781 0.5000000000
146344  18.505  -96.053  5.254 0.5000000000
534  18.755  -94.967  5.344 0.4000000060
773  18.227  -93.834  5.975 0.4000000060
1116  16.539  -92.625  3.875 0.4000000060
341  19.726  -96.338  4.280 0.5000000000
540  19.993  -95.996  3.649 0.5000000000
533  19.369  -95.694  4.452 0.5000000000
786  18.842  -93.384  5.629 0.4000000060
1088  17.564  -93.000  5.883 0.4000000060
796  20.581  -94.248  4.162 0.4000000060
785  19.452  -94.048  5.202 0.4000000060
1887  20.777  -90.557  3.440 0.4000000060
1873  19.664  -90.881  4.074 0.4000000060
1466  18.919  -91.293  4.402 0.4000000060
1107  17.425  -92.000  4.816 0.4000000060
1099  16.914  -92.520  5.316 0.4000000060
137208  18.627  -91.128  3.049 0.4000000060
1476  17.773  -91.766  3.713 0.4000000060
1105  21.247  -93.280  4.015 0.5000000000
1106  20.757  -92.716  4.610 0.4000000060
1096  19.481  -92.764  5.378 0.4000000060
1097  18.660  -92.368  5.498 0.4000000060
1474  21.504  -91.738  3.539 0.5000000000
1464  20.614  -91.621  4.542 0.4000000060
1465  19.790  -91.303  4.642 0.4000000060
1456  19.212  -91.779  5.159 0.4000000060
136472  21.442  -90.984  1.492 0.3000000119
2369  20.395  -89.713  1.189 0.3000000119
1910  21.123  -90.766  0.118 0.4000000060
1127  21.582  -92.202  1.434 0.3000000119
1149  21.383  -93.017  -1.118 0.4000000060
1140  21.355  -93.022  0.156 0.4000000060
141127  19.999  -89.168  -1.700 0.3000000119
136014  20.135  -89.321  -0.671 0.4000000060
2380  20.775  -89.987  -0.142 0.4000000060
1509  21.293  -91.689  -0.928 0.4000000060
141590  20.656  -89.330  -1.284 0.4000000060
1925  21.179  -90.826  -0.858 0.4000000060
1522  21.610  -92.355  -1.461 0.4000000060
1159  22.456  -93.342  -1.766 0.3000000119
1886  21.347  -90.965  3.310 0.3000000119
150007  22.294  -95.074  -1.218 0.3000000119
813  21.521  -94.429  -0.682 0.4000000060
2920  20.592  -88.850  -1.987 0.4000000060
823  21.730  -93.267  -1.781 0.3000000119
1934  21.855  -90.961  -1.418 0.4000000060
2391  22.549  -90.411  -0.818 0.4000000060
154983  22.487  -91.321  -1.232 0.4000000060
1126  21.762  -92.850  2.249 0.4000000060
1139  21.519  -93.678  0.992 0.4000000060
2412  19.707  -89.469  -2.535 0.4000000060
821  22.976  -94.349  -1.550 0.3000000119
143801  21.207  -87.969  -2.564 0.4000000060
149694  20.793  -88.558  -2.346 0.4000000060
3463  21.641  -87.460  -2.028 0.4000000060
3453  21.979  -87.902  -0.905 0.4000000060
2392  21.871  -89.934  -1.156 0.4000000060
143751  21.691  -93.522  2.725 0.4000000060
137981  21.574  -94.408  1.647 0.4000000060
157913  21.883  -95.399  -0.602 0.3000000119
812  21.684  -95.374  0.280 0.4000000060
153445  22.885  -95.599  -0.781 0.3000000119
2952  21.056  -88.204  -3.832 0.4000000060
2969  21.572  -88.295  -4.541 0.4000000060
3491  21.767  -87.485  -3.746 0.4000000060
151884  22.479  -87.317  -0.376 0.4000000060
2905  21.877  -88.875  -0.979 0.4000000060
547  21.170  -96.074  2.447 0.4000000060
564  22.034  -96.214  0.529 0.3000000119
339  21.424  -96.615  3.499 0.4000000060
158419  21.019  -94.230  3.649 0.4000000060
345  21.644  -96.420  2.669 0.4000000060
802  21.450  -95.235  2.058 0.4000000060
555  21.611  -95.982  1.121 0.4000000060
8437  34.981  -80.859  -18.775 0.4000000060
2906  21.460  -88.545  -1.427 0.4000000060
100  16.939  -97.746  7.878 0.5000000000
105  17.991  -97.425  6.832 0.5000000000
106  17.391  -97.441  7.194 0.5000000000
108  15.756  -97.373  8.231 0.5000000000
112  18.536  -97.046  6.317 0.4000000060
113  17.758  -97.224  6.600 0.5000000000
307  19.850  -95.649  8.618 0.3000000119
316  16.347  -95.985  7.203 0.4000000060
321  20.317  -96.464  5.092 0.4000000060
332  20.064  -96.540  4.537 0.5000000000
337  23.035  -96.351  3.479 0.5000000000
344  22.569  -96.499  2.496 0.5000000000
346  20.886  -96.299  3.117 0.4000000060
352  22.150  -96.413  1.100 0.3000000119
513  20.871  -95.128  6.191 0.4000000060
521  18.138  -96.382  5.724 0.4000000060
529  25.094  -94.830  4.816 0.4000000060
530  24.336  -95.276  4.891 0.4000000060
531  22.771  -95.758  4.770 0.4000000060
539  20.704  -95.545  3.185 0.4000000060
546  21.826  -96.378  1.785 0.5000000000
562  23.913  -95.352  1.199 0.4000000060
571  22.364  -96.013  -0.354 0.3000000119
601  25.327  -94.236  -5.643 0.3000000119
752  26.906  -93.686  9.055 0.3000000119
784  19.841  -94.739  4.487 0.4000000060
792  26.417  -93.586  5.204 0.3000000119
795  21.393  -94.276  3.127 0.4000000060
817  23.368  -95.068  -0.989 0.4000000060
818  21.750  -94.058  -1.558 0.3000000119
822  22.097  -94.136  -1.788 0.3000000119
870  26.508  -93.425  -6.521 0.3000000119
871  26.090  -93.892  -6.076 0.3000000119
884  26.686  -93.125  -7.821 0.3000000119
889  26.568  -92.992  -8.409 0.3000000119
1087  18.248  -92.884  5.775 0.4000000060
1094  26.889  -93.538  5.688 0.3000000119
1095  20.136  -93.328  4.995 0.4000000060
1098  17.793  -92.277  5.415 0.4000000060
1103  26.319  -92.883  4.762 0.3000000119
1113  21.744  -92.404  3.037 0.5000000000
1114  21.568  -92.803  3.539 0.4000000060
1115  17.336  -92.247  3.306 0.4000000060
1124  25.092  -92.577  2.060 0.4000000060
1137  26.590  -92.584  0.948 0.3000000119
1145  27.995  -92.810  0.859 0.3000000119
1184  25.030  -92.512  -4.371 0.3000000119
1190  26.234  -92.977  -5.162 0.3000000119
1200  27.178  -92.327  -6.986 0.4000000060
1201  26.855  -92.867  -6.512 0.3000000119
1217  27.265  -92.772  -7.855 0.3000000119
1227  26.379  -92.752  -9.566 0.3000000119
1228  25.411  -92.517  -8.912 0.4000000060
1233  27.209  -92.262  -10.748 0.4000000060
1234  26.422  -92.561  -10.526 0.4000000060
1236  25.187  -91.893  -9.593 0.3000000119
1240  26.387  -92.295  -11.356 0.3000000119
1455  20.093  -92.176  5.060 0.4000000060
1457  18.274  -91.727  5.020 0.4000000060
1463  21.259  -92.141  4.173 0.4000000060
1467  17.966  -91.628  4.328 0.4000000060
1468  17.239  -92.055  4.113 0.4000000060
1475  18.407  -91.341  3.699 0.4000000060
1498  21.300  -91.873  0.165 0.4000000060
1506  25.799  -92.191  0.161 0.5000000000
1508  24.134  -91.614  -0.595 0.5000000000
1520  23.201  -92.147  -1.258 0.4000000060
1521  21.939  -92.136  -1.697 0.4000000060
1552  25.520  -92.011  -4.349 0.4000000060
1554  24.040  -91.511  -4.230 0.4000000060
1580  27.172  -91.597  -7.113 0.3000000119
1585  28.103  -92.036  -9.083 0.4000000060
1592  28.129  -92.044  -9.859 0.4000000060
1600  27.941  -91.895  -10.513 0.4000000060
1607  28.083  -91.286  -10.905 0.3000000119
1609  27.101  -91.855  -11.557 0.4000000060
1610  25.050  -91.660  -10.703 0.4000000060
1615  27.724  -91.117  -11.519 0.3000000119
1617  26.364  -91.984  -12.148 0.3000000119
1623  27.058  -90.769  -13.008 0.5000000000
1625  24.625  -91.724  -13.920 0.4000000060
1633  24.848  -91.495  -14.680 0.4000000060
1635  23.466  -91.261  -14.356 0.3000000119
1641  24.247  -91.365  -15.203 0.3000000119
1642  23.602  -91.200  -15.128 0.4000000060
1871  21.070  -91.170  3.978 0.4000000060
1872  20.336  -90.880  4.101 0.4000000060
1888  20.019  -90.469  3.504 0.4000000060
1935  21.364  -90.311  -1.155 0.4000000060
1970  25.439  -91.121  -3.871 0.4000000060
1972  23.626  -90.672  -4.397 0.4000000060
2001  26.957  -90.606  -7.371 0.4000000060
2008  27.297  -90.367  -8.195 0.3000000119
2016  24.029  -90.781  -8.998 0.4000000060
2024  28.276  -90.777  -10.823 0.3000000119
2025  28.287  -90.724  -10.116 0.5000000000
2037  24.541  -91.160  -11.564 0.3000000119
2047  27.660  -90.574  -12.231 0.4000000060
2057  23.263  -90.222  -13.307 0.3000000119
2061  27.041  -90.297  -14.050 0.4000000060
2072  24.054  -90.985  -16.040 0.3000000119
2079  25.733  -90.445  -16.502 0.4000000060
2082  23.587  -90.300  -16.165 0.4000000060
2368  20.955  -90.162  1.341 0.3000000119
2377  25.563  -90.037  0.695 0.4000000060
2390  28.505  -89.608  -0.142 0.3000000119
2393  20.278  -89.204  -1.401 0.3000000119
2403  20.197  -89.007  -2.313 0.4000000060
2404  19.556  -89.487  -1.755 0.3000000119
2420  25.167  -89.612  -3.163 0.4000000060
2421  24.713  -89.307  -3.105 0.4000000060
2432  24.723  -89.961  -3.415 0.4000000060
2433  23.443  -89.281  -4.246 0.4000000060
2449  23.147  -89.831  -4.777 0.4000000060
2479  26.962  -89.396  -8.563 0.4000000060
2484  27.379  -89.517  -9.305 0.4000000060
2493  28.191  -90.311  -11.418 0.4000000060
2512  27.788  -89.719  -12.856 0.4000000060
2540  25.302  -90.082  -17.243 0.4000000060
2541  24.128  -89.757  -17.005 0.5000000000
2542  23.807  -89.724  -16.546 0.5000000000
2547  27.993  -89.228  -17.030 0.5000000000
2549  25.880  -89.666  -17.775 0.4000000060
2551  24.464  -89.382  -17.318 0.4000000060
2558  26.287  -89.180  -18.251 0.4000000060
2886  25.169  -88.599  1.050 0.5000000000
2887  24.650  -87.739  1.104 0.5000000000
2894  27.460  -88.282  0.559 0.3000000119
2895  26.803  -87.826  0.762 0.4000000060
2897  23.223  -88.123  0.596 0.5000000000
2898  22.469  -88.057  -0.109 0.4000000060
2907  20.939  -88.923  -1.609 0.4000000060
2918  29.074  -88.658  -1.594 0.3000000119
2919  21.225  -88.313  -1.940 0.4000000060
2934  29.448  -88.646  -3.066 0.3000000119
2935  21.277  -87.830  -3.244 0.4000000060
2936  20.709  -88.484  -3.000 0.4000000060
2967  25.828  -88.817  -4.053 0.3000000119
2968  22.280  -88.330  -4.669 0.5000000000
2985  29.701  -88.064  -5.106 0.3000000119
3016  25.914  -88.234  -7.317 0.3000000119
3029  26.487  -88.572  -8.610 0.4000000060
3045  26.783  -88.290  -10.122 0.4000000060
3051  27.868  -89.068  -12.148 0.4000000060
3068  27.467  -88.895  -14.760 0.4000000060
3079  28.654  -88.593  -16.204 0.5000000000
3080  27.647  -89.007  -15.703 0.5000000000
3081  24.501  -87.827  -15.866 0.4000000060
3088  28.751  -88.761  -16.676 0.4000000060
3096  29.392  -88.507  -17.083 0.6000000238
3098  27.813  -88.978  -17.771 0.5000000000
3099  24.556  -88.742  -17.499 0.5000000000
3104  29.034  -88.244  -17.952 0.6000000238
3107  26.022  -88.523  -18.707 0.5000000000
3115  25.870  -87.698  -19.013 0.6000000238
3437  25.361  -87.621  1.062 0.4000000060
3443  26.078  -87.255  0.861 0.4000000060
3444  24.862  -87.074  0.981 0.4000000060
3452  27.537  -86.862  0.007 0.3000000119
3472  24.768  -86.999  -2.230 0.4000000060
3474  22.151  -86.813  -2.165 0.5000000000
3475  21.678  -87.264  -2.869 0.4000000060
3487  25.138  -87.276  -2.628 0.4000000060
3488  24.984  -88.004  -2.568 0.5000000000
3489  23.872  -87.835  -2.958 0.4000000060
3490  22.562  -87.309  -3.587 0.5000000000
3506  22.859  -87.931  -4.083 0.4000000060
3560  27.056  -88.143  -11.087 0.4000000060
3587  24.265  -86.899  -14.215 0.4000000060
3598  29.938  -88.125  -15.709 0.4000000060
3599  28.692  -88.191  -15.811 0.5000000000
3618  30.673  -88.117  -17.378 0.5000000000
3621  24.906  -87.891  -17.480 0.6000000238
3625  31.061  -87.713  -17.945 0.4000000060
3628  28.597  -87.813  -18.839 0.6000000238
3637  27.046  -87.215  -19.568 0.6000000238
3639  25.933  -86.983  -19.268 0.6000000238
3643  28.063  -86.555  -20.075 0.6999999881
3644  27.358  -86.608  -19.861 0.6999999881
3646  26.239  -86.545  -19.389 0.6999999881
4001  26.019  -86.012  0.072 0.3000000119
4009  27.972  -86.655  -0.734 0.3000000119
4011  26.580  -85.887  -0.338 0.3000000119
4013  24.379  -86.206  -0.185 0.5000000000
4015  22.889  -86.723  -0.422 0.5000000000
4028  23.610  -86.425  -0.585 0.5000000000
4029  22.920  -86.543  -1.365 0.5000000000
4043  23.786  -86.692  -1.909 0.5000000000
4057  29.068  -86.779  -3.211 0.3000000119
4071  25.483  -86.329  -3.881 0.3000000119
4086  25.524  -86.958  -6.185 0.3000000119
4167  27.868  -86.477  -13.954 0.3000000119
4178  27.910  -87.136  -14.458 0.3000000119
4200  25.314  -86.098  -16.278 0.4000000060
4215  30.977  -87.075  -18.766 0.6000000238
4221  31.872  -86.020  -19.644 0.6000000238
4223  29.713  -86.826  -19.983 0.6999999881
4225  26.114  -86.371  -19.428 0.6999999881
4231  30.087  -86.364  -20.343 0.6999999881
4233  27.684  -86.080  -20.153 0.6999999881
4241  27.360  -85.519  -20.087 0.6999999881
4652  26.708  -85.493  -1.027 0.3000000119
4654  25.685  -85.745  -0.442 0.4000000060
4668  25.028  -85.953  -1.388 0.4000000060
4681  28.243  -85.498  -2.986 0.3000000119
4696  28.939  -85.741  -4.374 0.3000000119
4698  27.846  -84.878  -3.376 0.3000000119
4699  25.743  -85.119  -2.971 0.3000000119
4717  28.771  -84.901  -5.688 0.3000000119
4830  25.459  -85.658  -17.182 0.6000000238
4840  24.763  -84.652  -17.602 0.6000000238
4848  32.824  -85.568  -19.131 0.6000000238
4855  32.504  -85.486  -19.810 0.5000000000
4863  32.325  -85.154  -20.292 0.5000000000
4864  31.687  -85.051  -20.525 0.6999999881
4865  30.947  -85.452  -20.539 0.6999999881
4866  30.047  -85.720  -20.646 0.6999999881
4869  26.306  -85.846  -19.565 0.6999999881
4878  29.659  -84.987  -20.754 0.8000000119
4880  27.962  -84.933  -20.414 0.8000000119
5344  26.462  -85.064  -1.843 0.3000000119
5357  26.688  -84.580  -3.006 0.3000000119
5358  26.170  -84.781  -2.763 0.3000000119
5371  28.003  -84.485  -4.247 0.3000000119
5373  26.516  -84.476  -3.780 0.3000000119
5374  25.937  -84.764  -3.865 0.3000000119
5392  28.260  -84.422  -5.211 0.3000000119
5428  29.020  -84.884  -7.911 0.3000000119
5534  25.238  -84.333  -18.391 0.6000000238
5541  33.710  -84.783  -19.319 0.4000000060
5552  32.952  -84.924  -20.160 0.5000000000
5562  33.252  -84.236  -20.277 0.6000000238
5564  30.961  -84.590  -20.681 0.6999999881
5567  26.174  -84.196  -19.723 0.6999999881
5575  30.832  -83.679  -20.746 0.8000000119
5577  29.394  -84.309  -20.706 0.8000000119
5579  27.859  -84.465  -20.267 0.8000000119
6238  29.778  -82.681  -15.681 0.6999999881
6258  28.672  -82.696  -17.486 0.8000000119
6268  34.612  -83.853  -19.380 0.4000000060
6269  29.049  -82.776  -18.321 0.6999999881
6270  24.844  -83.614  -18.867 0.6000000238
6278  34.532  -83.655  -19.793 0.4000000060
6279  25.453  -83.182  -19.481 0.5000000000
6281  23.821  -83.295  -19.571 0.6000000238
6290  31.398  -83.337  -20.782 0.6999999881
6291  30.470  -83.198  -20.782 0.8000000119
6292  29.822  -83.341  -20.689 0.8000000119
6294  27.439  -83.425  -20.065 0.6000000238
6302  30.017  -83.709  -20.714 0.8000000119
6304  28.073  -83.933  -20.319 0.8000000119
6913  21.309  -82.406  -9.345 0.6000000238
6963  29.854  -81.873  -13.704 0.6000000238
6965  28.131  -82.035  -13.987 0.8000000119
6975  31.841  -82.017  -14.754 0.6000000238
6977  29.422  -82.349  -14.451 0.8000000119
6992  27.862  -82.369  -15.565 0.8000000119
7000  30.559  -82.690  -16.098 0.6999999881
7001  28.224  -82.569  -16.794 0.8000000119
7011  31.162  -82.470  -18.022 0.8000000119
7023  31.366  -82.218  -19.269 0.6999999881
7025  29.491  -82.621  -19.241 0.8000000119
7034  36.793  -82.435  -19.326 0.4000000060
7035  32.398  -82.371  -20.454 0.6999999881
7036  31.530  -82.350  -20.308 0.8000000119
7038  29.321  -82.709  -20.240 0.8000000119
7040  27.492  -82.125  -19.543 0.6999999881
7041  26.531  -82.107  -19.943 0.6000000238
7046  34.625  -82.529  -20.321 0.4000000060
7047  33.847  -82.717  -20.493 0.4000000060
7050  30.816  -82.735  -20.650 0.8000000119
7052  29.225  -83.177  -20.500 0.8000000119
7054  26.852  -82.820  -20.001 0.6000000238
7056  25.133  -82.021  -19.901 0.4000000060
7057  23.460  -81.926  -20.303 0.6000000238
7583  21.939  -81.079  -8.512 0.6000000238
7585  20.225  -80.795  -8.719 0.6000000238
7592  23.393  -81.247  -9.066 0.6999999881
7594  21.669  -81.867  -8.768 0.6000000238
7595  20.379  -81.582  -8.979 0.6000000238
7596  19.880  -81.801  -9.600 0.5000000000
7602  24.488  -81.176  -10.273 0.6999999881
7613  24.569  -81.253  -11.361 0.6999999881
7623  28.381  -81.024  -12.502 0.6999999881
7635  28.499  -81.552  -13.103 0.8000000119
7636  27.624  -81.560  -13.477 0.6999999881
7638  24.301  -81.092  -13.270 0.8000000119
7639  23.597  -81.392  -13.709 0.6000000238
7650  32.467  -81.877  -15.027 0.5000000000
7651  31.534  -81.443  -13.952 0.6000000238
7670  33.446  -81.269  -15.324 0.5000000000
7671  32.900  -81.903  -15.695 0.5000000000
7672  27.328  -81.852  -15.180 0.6000000238
7673  26.679  -81.230  -15.690 0.6000000238
7686  27.027  -81.480  -16.636 0.6000000238
7688  25.615  -80.450  -16.696 0.5000000000
7695  34.272  -81.231  -18.270 0.4000000060
7698  27.330  -81.667  -17.568 0.6000000238
7708  34.434  -81.222  -19.479 0.5000000000
7712  26.943  -81.067  -18.385 0.6000000238
7723  34.682  -81.367  -20.165 0.4000000060
7726  26.987  -81.387  -19.325 0.6000000238
7728  24.104  -80.952  -20.077 0.4000000060
7736  35.009  -81.717  -20.341 0.4000000060
7738  33.339  -82.096  -20.453 0.6000000238
7739  25.553  -81.600  -19.876 0.4000000060
7741  23.007  -81.720  -20.208 0.5000000000
7742  22.170  -81.869  -19.960 0.5000000000
8297  21.431  -80.559  -8.486 0.6000000238
8306  24.356  -79.927  -9.247 0.6999999881
8308  22.769  -80.694  -8.683 0.6999999881
8310  19.066  -80.043  -9.644 0.6000000238
8327  25.952  -79.943  -10.613 0.8000000119
8329  24.849  -80.383  -9.772 0.6999999881
8331  18.961  -80.442  -10.381 0.6000000238
8343  28.855  -79.729  -11.849 0.8000000119
8344  28.227  -79.918  -11.600 0.8000000119
8346  26.573  -79.973  -11.102 0.8999999762
8349  18.746  -80.370  -11.182 0.6000000238
8359  29.828  -79.780  -12.651 0.6000000238
8360  29.337  -80.060  -12.199 0.6000000238
8363  26.817  -80.707  -12.311 0.8000000119
8373  32.091  -79.791  -13.673 0.5000000000
8375  30.373  -80.327  -12.981 0.6000000238
8377  26.389  -80.844  -13.235 0.6999999881
8385  32.609  -80.265  -14.013 0.5000000000
8387  25.460  -80.543  -14.415 0.8000000119
8402  24.446  -80.513  -15.482 0.4000000060
8403  23.642  -80.714  -15.734 0.5000000000
8427  24.484  -80.357  -17.776 0.4000000060
8429  22.687  -80.690  -17.466 0.5000000000
8440  23.388  -80.597  -18.893 0.5000000000
8453  24.708  -80.653  -19.500 0.4000000060
8454  23.795  -80.723  -19.614 0.6000000238
9154  20.637  -79.554  -8.607 0.6000000238
9155  19.975  -79.049  -8.705 0.6000000238
9168  23.832  -79.530  -9.194 0.6999999881
9169  21.863  -79.568  -8.801 0.6000000238
9171  18.679  -79.072  -9.495 0.6999999881
9191  26.551  -79.300  -10.476 0.8999999762
9199  28.492  -79.144  -11.557 0.8000000119
9220  31.285  -79.226  -13.781 0.6000000238
9898  21.188  -79.340  -8.706 0.6000000238
9910  25.050  -78.816  -9.555 0.8000000119
9912  23.164  -79.180  -9.447 0.6999999881
9913  22.247  -79.226  -9.283 0.6000000238
9918  18.240  -77.411  -9.472 0.6000000238
9930  26.441  -78.581  -10.247 0.8999999762
9943  28.337  -78.550  -11.621 0.6999999881
9944  27.753  -78.569  -11.135 0.8999999762
9958  29.284  -78.979  -12.469 0.6000000238
9959  28.513  -78.256  -12.237 0.6999999881
9970  22.156  -78.253  -13.644 0.6999999881
9978  32.401  -78.659  -13.983 0.5000000000
9980  30.721  -79.051  -14.344 0.6000000238
9992  30.492  -78.924  -15.445 0.6000000238
10003  30.420  -78.809  -16.422 0.5000000000
10679  20.333  -77.674  -9.469 0.6000000238
10680  19.783  -77.446  -9.324 0.6000000238
10692  25.349  -77.831  -10.304 0.6999999881
10703  26.741  -77.648  -11.065 0.6999999881
10704  25.848  -77.527  -11.051 0.8999999762
10707  20.647  -77.101  -10.823 0.6000000238
10708  16.945  -77.701  -10.582 0.6000000238
10709  16.310  -77.234  -10.798 0.6000000238
10720  27.768  -77.682  -12.391 0.6999999881
10724  24.350  -77.648  -12.036 0.6999999881
10727  20.959  -77.293  -11.935 0.5000000000
10735  27.423  -77.499  -13.308 0.6999999881
10738  24.229  -77.551  -13.505 0.6000000238
10752  32.247  -77.981  -14.454 0.6000000238
10753  28.056  -77.767  -14.605 0.6000000238
10755  26.680  -77.311  -13.803 0.6000000238
10758  23.621  -77.588  -14.783 0.6000000238
10759  22.345  -77.955  -14.506 0.6999999881
10775  27.400  -77.394  -15.227 0.6000000238
10776  26.965  -77.245  -16.062 0.5000000000
10790  32.324  -77.218  -16.001 0.5000000000
10819  22.967  -77.369  -17.946 0.5000000000
10821  21.458  -76.801  -18.121 0.5000000000
10840  23.615  -77.187  -18.883 0.6000000238
11550  20.101  -77.033  -9.864 0.6000000238
11553  17.952  -76.804  -9.579 0.5000000000
11562  16.543  -76.094  -10.258 0.6000000238
11571  16.017  -76.634  -10.654 0.6000000238
11572  15.428  -76.244  -11.242 0.6000000238
11581  20.546  -76.448  -12.309 0.5000000000
11593  20.996  -77.390  -13.399 0.6000000238
11594  20.616  -76.335  -13.285 0.6000000238
11609  20.551  -76.334  -14.241 0.6000000238
11617  33.411  -76.464  -15.809 0.6000000238
11619  26.059  -77.124  -15.070 0.6999999881
11637  21.020  -76.851  -17.622 0.6000000238
11648  33.015  -76.792  -17.896 0.5000000000
11651  21.512  -76.373  -18.536 0.5000000000
11664  22.934  -76.808  -19.047 0.6000000238
11665  22.169  -76.445  -18.793 0.6000000238
11674  24.378  -76.575  -19.624 0.6000000238
11675  23.616  -76.520  -19.356 0.6000000238
12394  17.935  -75.218  -10.485 0.5000000000
12405  18.669  -74.903  -11.228 0.6000000238
12416  14.862  -75.259  -12.395 0.6000000238
12430  19.521  -74.754  -13.792 0.6000000238
12443  20.157  -75.704  -14.710 0.6999999881
12469  19.954  -75.413  -17.333 0.6000000238
12478  21.026  -75.846  -18.513 0.5000000000
12498  25.778  -76.265  -19.794 0.6000000238
13162  17.292  -74.584  -10.687 0.5000000000
13163  16.467  -74.631  -10.626 0.6000000238
13176  19.191  -74.684  -12.054 0.6000000238
13180  15.044  -74.665  -11.314 0.6000000238
13192  19.452  -74.685  -12.974 0.5000000000
13194  14.726  -74.284  -12.790 0.5000000000
13267  21.619  -74.642  -18.241 0.6000000238
13268  20.752  -74.821  -18.152 0.6000000238
13281  26.019  -74.529  -18.600 0.6000000238
13283  24.302  -74.763  -18.773 0.6000000238
13284  23.280  -75.059  -18.801 0.6000000238
13287  20.707  -75.354  -18.242 0.5000000000
13297  27.297  -75.454  -19.324 0.5000000000
13300  24.748  -75.311  -19.256 0.6000000238
13909  17.540  -73.027  -1.386 0.3000000119
13920  11.956  -72.951  -2.611 0.8000000119
13927  18.270  -73.411  -3.676 0.4000000060
13929  16.874  -73.271  -3.627 0.5000000000
13931  13.325  -73.334  -3.112 0.8000000119
13933  11.679  -73.337  -3.229 0.6999999881
13934  10.375  -73.346  -3.842 0.6999999881
13946  16.846  -73.298  -4.449 0.5000000000
13947  13.009  -73.498  -3.905 0.6999999881
13950  9.645  -73.470  -4.588 0.6000000238
13951  8.894  -73.508  -5.152 0.5000000000
13965  16.892  -73.227  -5.271 0.6000000238
13967  11.814  -73.537  -5.004 0.6999999881
13969  9.529  -73.525  -5.418 0.5000000000
13987  10.606  -73.282  -5.876 0.6000000238
14001  17.913  -72.905  -7.401 0.5000000000
14034  16.125  -73.888  -10.810 0.5000000000
14048  15.016  -73.075  -11.604 0.6000000238
14091  18.564  -72.782  -14.570 0.6999999881
14102  27.961  -74.184  -16.067 0.5000000000
14104  26.422  -73.851  -15.808 0.5000000000
14109  18.804  -73.603  -16.293 0.6000000238
14123  28.453  -74.080  -16.960 0.5000000000
14125  27.106  -73.933  -17.197 0.5000000000
14126  25.426  -73.677  -16.905 0.5000000000
14127  24.063  -73.523  -16.410 0.5000000000
14131  19.133  -73.353  -16.817 0.6000000238
14144  25.906  -73.797  -17.470 0.5000000000
14145  24.548  -73.847  -17.565 0.5000000000
14146  23.987  -73.685  -17.193 0.5000000000
14147  22.184  -73.921  -17.574 0.6999999881
14149  20.370  -74.300  -17.701 0.6000000238
14159  27.739  -74.173  -18.126 0.5000000000
14160  26.370  -73.971  -17.984 0.5000000000
14161  25.590  -73.967  -18.059 0.6000000238
14162  24.804  -74.072  -18.093 0.5000000000
14798  16.452  -72.382  -0.503 0.4000000060
14808  16.941  -72.968  -1.897 0.4000000060
14810  15.560  -72.668  -1.573 0.4000000060
14812  13.203  -72.357  -1.549 0.6999999881
14824  16.219  -73.134  -3.129 0.6000000238
14826  14.297  -72.922  -2.253 0.6999999881
14828  12.643  -72.663  -2.072 0.6999999881
14844  15.520  -73.152  -3.396 0.6000000238
14845  14.839  -73.212  -3.650 0.6999999881
14847  11.019  -73.007  -3.097 0.6999999881
14849  9.116  -72.514  -3.719 0.6000000238
14850  8.195  -72.304  -3.858 0.5000000000
14866  15.533  -73.218  -4.741 0.6000000238
14867  14.842  -73.232  -4.499 0.8000000119
14868  14.176  -73.215  -4.991 0.8000000119
14870  7.843  -72.778  -4.390 0.5000000000
14884  13.421  -73.099  -5.401 0.6999999881
14896  17.142  -72.889  -6.972 0.5000000000
14898  15.546  -72.773  -6.128 0.6999999881
14899  14.794  -72.591  -6.270 0.6999999881
14901  12.295  -72.455  -6.315 0.6000000238
14902  11.465  -72.262  -6.608 0.6000000238
14904  10.150  -73.043  -6.459 0.5000000000
14917  16.438  -72.509  -7.392 0.5000000000
14921  10.601  -72.296  -6.824 0.6000000238
14934  16.067  -72.096  -8.000 0.6000000238
14969  14.874  -72.314  -12.062 0.6000000238
14982  18.416  -72.805  -13.414 0.6999999881
14983  17.676  -72.077  -12.200 0.6000000238
15030  18.927  -72.458  -15.950 0.6000000238
15040  21.924  -72.764  -16.353 0.5000000000
15041  21.013  -72.869  -16.666 0.6999999881
15042  19.949  -73.061  -16.891 0.6000000238
15719  15.963  -71.861  -0.196 0.4000000060
15721  14.210  -71.472  -0.647 0.6000000238
15732  13.697  -71.923  -1.038 0.6000000238
15734  12.231  -71.678  -1.697 0.6999999881
15744  11.593  -71.692  -2.127 0.8000000119
15745  10.911  -71.688  -2.580 0.8000000119
15753  9.446  -71.986  -3.357 0.6000000238
15787  13.318  -71.897  -6.920 0.8000000119
15805  14.423  -71.659  -7.642 0.8000000119
15807  12.642  -71.474  -7.199 0.6000000238
15827  15.687  -71.527  -8.392 0.6999999881
15828  14.853  -71.312  -8.247 0.6999999881
15849  17.859  -71.168  -9.258 0.5000000000
15850  16.929  -71.251  -9.044 0.6000000238
15851  16.139  -71.125  -8.884 0.6999999881
15875  17.044  -71.754  -11.796 0.6000000238
15892  17.079  -70.929  -12.173 0.6000000238
15894  15.160  -70.957  -12.155 0.5000000000
15895  14.785  -71.329  -12.723 0.5000000000
15917  21.415  -70.731  -15.138 0.5000000000
15918  19.072  -71.189  -15.173 0.5000000000
15919  18.650  -71.399  -14.670 0.6000000238
15928  22.046  -71.847  -15.516 0.5000000000
16618  14.799  -71.043  -0.299 0.5000000000
16640  12.006  -70.459  -2.047 0.8000000119
16651  9.957  -70.636  -3.274 0.6999999881
16652  9.240  -70.190  -3.370 0.6000000238
16653  8.273  -70.682  -3.258 0.5000000000
16729  14.479  -70.635  -8.570 0.6999999881
16732  11.570  -69.884  -8.031 0.5000000000
16749  18.523  -70.557  -9.683 0.5000000000
16752  15.883  -70.434  -9.160 0.6000000238
16784  15.751  -70.762  -11.933 0.5000000000
16813  18.167  -70.275  -13.642 0.6000000238
16825  20.374  -69.996  -15.064 0.6999999881
16826  19.478  -70.311  -14.925 0.5000000000
16832  20.726  -70.738  -15.341 0.6999999881
16833  19.855  -70.931  -15.381 0.6000000238
17541  15.605  -69.826  -0.324 0.4000000060
17553  13.452  -69.876  -1.303 0.6000000238
17554  12.696  -70.154  -1.678 0.6999999881
17563  11.550  -69.965  -2.683 0.8000000119
17564  10.713  -70.108  -3.112 0.6999999881
17572  11.909  -69.357  -3.047 0.8000000119
17655  13.177  -69.488  -8.545 0.6000000238
17671  16.486  -69.416  -9.599 0.6000000238
17672  15.236  -68.935  -9.309 0.5000000000
17673  14.505  -69.044  -9.066 0.5000000000
17688  18.607  -69.208  -10.363 0.5000000000
17725  16.284  -68.422  -12.497 0.6000000238
17748  21.219  -68.776  -14.301 0.6999999881
18510  15.623  -68.771  -1.642 0.4000000060
18511  14.727  -68.916  -1.691 0.5000000000
18520  16.214  -68.511  -2.508 0.4000000060
18523  13.540  -68.829  -2.749 0.6999999881
18524  12.639  -68.989  -3.061 0.8000000119
18525  7.755  -67.998  -2.605 0.5000000000
18541  19.981  -68.231  -3.115 0.3000000119
18543  17.919  -68.192  -3.929 0.3000000119
18547  14.052  -68.439  -3.427 0.6999999881
18550  10.887  -68.736  -3.922 0.6999999881
18551  10.050  -68.730  -3.873 0.5000000000
18553  8.554  -67.601  -2.849 0.6000000238
18576  14.467  -68.107  -4.144 0.6999999881
18578  12.039  -67.923  -4.447 0.8000000119
18668  18.996  -67.004  -11.063 0.5000000000
18680  17.216  -67.743  -12.837 0.5000000000
18696  21.200  -67.817  -13.791 0.6999999881
18697  20.795  -67.564  -13.871 0.6999999881
18698  19.944  -67.642  -13.874 0.6999999881
18699  18.846  -68.028  -13.644 0.5000000000
19535  19.491  -67.836  -4.855 0.3000000119
19537  17.459  -67.654  -5.478 0.3000000119
19539  15.690  -67.581  -5.058 0.3000000119
19588  12.246  -66.804  -8.845 0.5000000000
19598  15.663  -66.116  -9.663 0.6000000238
19600  13.750  -65.905  -9.456 0.6000000238
19613  18.504  -65.727  -10.911 0.6000000238
19616  12.896  -65.750  -10.166 0.5000000000
19629  20.181  -65.962  -11.994 0.5000000000
19632  14.809  -66.452  -11.454 0.5000000000
19641  21.103  -66.691  -12.705 0.5000000000
19642  20.694  -66.296  -12.746 0.6000000238
19643  20.020  -65.961  -12.621 0.6000000238
20472  17.752  -66.371  2.267 0.4000000060
20474  15.343  -66.438  1.564 0.5000000000
20476  13.646  -66.493  1.314 0.4000000060
20484  15.799  -66.066  1.001 0.5000000000
20486  14.011  -66.098  0.847 0.5000000000
20530  7.873  -65.666  -2.593 0.6000000238
20547  9.214  -65.721  -3.887 0.6000000238
20560  10.330  -66.001  -5.561 0.6000000238
20561  9.780  -65.503  -4.991 0.6000000238
20582  17.162  -66.322  -6.662 0.3000000119
20583  16.309  -65.625  -6.750 0.3000000119
20587  10.849  -65.052  -6.102 0.6000000238
20603  16.960  -65.102  -6.989 0.4000000060
20604  16.313  -64.496  -7.027 0.4000000060
20625  16.098  -64.945  -9.942 0.6000000238
20628  12.383  -65.705  -9.793 0.5000000000
20629  11.633  -65.999  -9.699 0.5000000000
20638  18.516  -65.012  -11.357 0.6999999881
20639  17.856  -64.816  -10.862 0.6000000238
20640  17.022  -64.896  -10.353 0.6000000238
20641  15.739  -64.624  -10.282 0.6000000238
20655  19.655  -65.369  -12.033 0.6000000238
20657  17.932  -64.754  -11.284 0.6000000238
20658  16.582  -64.603  -11.176 0.6000000238
20659  15.684  -64.709  -10.580 0.5000000000
20660  14.752  -65.285  -10.684 0.4000000060
21450  19.228  -64.712  2.531 0.6000000238
21466  18.389  -65.306  1.238 0.6000000238
21476  17.570  -65.105  -0.156 0.6999999881
21477  16.324  -65.762  0.444 0.5000000000
21495  15.478  -65.447  -0.859 0.6000000238
21497  13.704  -65.690  -0.773 0.5000000000
21500  9.201  -64.489  -0.349 0.5000000000
21513  15.753  -65.262  -1.655 0.8000000119
21514  14.149  -65.453  -1.884 0.6999999881
21516  11.371  -64.672  -1.441 0.6999999881
21517  10.762  -64.549  -1.028 0.6999999881
21527  16.903  -64.890  -2.450 0.6000000238
21529  15.065  -65.119  -2.542 0.6000000238
21533  8.483  -64.080  -2.608 0.5000000000
21535  7.143  -64.696  -1.796 0.5000000000
21551  9.799  -64.003  -4.294 0.6999999881
21583  17.741  -64.810  -6.694 0.4000000060
21586  13.325  -64.228  -6.860 0.6999999881
21587  12.575  -63.827  -6.815 0.6999999881
21600  17.362  -64.896  -6.890 0.4000000060
22423  19.153  -64.623  1.657 0.6000000238
22429  19.347  -63.885  1.347 0.6000000238
22437  18.594  -64.254  -0.330 0.6000000238
22438  17.944  -64.714  -0.710 0.6999999881
22440  8.545  -63.843  -0.990 0.6000000238
22441  7.721  -63.943  -0.951 0.6000000238
22452  8.987  -63.666  -1.737 0.6000000238
22454  7.413  -64.190  -1.313 0.6000000238
22462  17.428  -64.729  -3.219 0.5000000000
22465  9.635  -63.675  -2.657 0.6000000238
22466  7.764  -64.199  -1.923 0.6000000238
22482  15.034  -63.885  -5.049 0.6000000238
22504  18.429  -64.624  -5.113 0.3000000119
22507  15.477  -63.647  -6.118 0.6000000238
22509  13.383  -63.265  -6.402 0.6999999881
22511  11.204  -63.487  -5.704 0.8000000119
22512  10.402  -63.739  -4.987 0.6999999881
22526  16.468  -64.045  -6.757 0.4000000060
22530  12.695  -63.448  -6.583 0.6999999881
22531  11.892  -63.626  -6.429 0.6999999881
22543  15.980  -63.929  -7.056 0.6000000238
23244  19.338  -63.769  2.498 0.5000000000
23245  19.124  -63.342  3.001 0.6000000238
23258  19.481  -63.144  0.996 0.5000000000
23265  19.033  -63.694  -0.839 0.6000000238
23284  20.133  -63.182  -2.802 0.3000000119
23285  19.599  -63.915  -3.087 0.6000000238
23317  20.430  -63.836  -5.137 0.3000000119
23956  18.799  -62.546  2.657 0.6000000238
23965  19.047  -62.120  1.906 0.5000000000
23970  19.400  -61.796  0.354 0.4000000060
23975  19.846  -62.173  -1.045 0.5000000000
23998  20.272  -62.222  -2.688 0.3000000119
24030  20.793  -62.663  -5.294 0.3000000119
24672  15.982  -61.624  3.314 0.5000000000
24673  15.186  -61.243  3.306 0.5000000000
24685  17.229  -61.740  2.463 0.5000000000
24689  12.501  -60.809  2.205 0.4000000060
24690  12.167  -60.848  1.509 0.4000000060
24703  16.436  -61.457  1.783 0.4000000060
24707  11.839  -60.735  0.626 0.3000000119
24714  19.160  -61.411  0.303 0.4000000060
24716  17.761  -61.112  0.838 0.4000000060
24720  12.059  -60.989  -0.129 0.3000000119
24735  19.450  -61.439  -0.382 0.5000000000
24763  20.105  -61.390  -2.626 0.4000000060
24775  20.338  -61.539  -3.480 0.3000000119
25454  12.320  -59.793  3.927 0.5000000000
25486  11.855  -60.601  1.972 0.4000000060
25508  17.848  -60.842  -0.152 0.4000000060
25512  11.873  -60.558  -0.151 0.3000000119
25530  16.648  -61.006  -0.805 0.3000000119
25531  15.399  -61.225  -1.367 0.3000000119
25543  19.265  -60.743  -1.706 0.4000000060
25544  18.705  -60.551  -1.728 0.3000000119
26395  11.396  -59.917  2.128 0.4000000060
26412  11.454  -59.948  1.206 0.3000000119
26413  11.368  -59.939  1.667 0.3000000119
26433  11.607  -60.199  0.616 0.3000000119
26449  12.326  -60.425  -1.195 0.3000000119
27227  11.884  -59.687  3.234 0.5000000000
27237  12.080  -58.732  2.831 0.4000000060
27250  12.324  -58.642  1.814 0.3000000119
27276  11.616  -59.493  1.657 0.3000000119
28193  13.038  -57.959  4.349 0.3000000119
132793  17.727  -64.558  -6.123 0.4000000060
133049  23.753  -73.042  -15.129 0.5000000000
133076  16.261  -73.042  -5.735 0.6000000238
133489  29.327  -89.246  -2.400 0.3000000119
134133  9.041  -73.545  -5.946 0.5000000000
134176  25.468  -86.597  0.634 0.4000000060
134676  15.226  -69.068  -12.354 0.6000000238
135679  28.633  -78.223  -13.882 0.6000000238
135726  18.092  -91.676  3.077 0.4000000060
136111  21.148  -77.663  -14.082 0.6999999881
136112  24.807  -73.617  -16.248 0.5000000000
136253  25.103  -90.851  -16.121 0.4000000060
136256  22.532  -71.906  -15.148 0.5000000000
136330  21.494  -78.188  -12.166 0.5000000000
136383  21.261  -89.328  -1.250 0.4000000060
136395  26.720  -90.158  0.667 0.3000000119
136418  30.945  -82.659  -16.972 0.8000000119
136788  15.853  -69.641  -9.379 0.6000000238
136952  18.359  -64.522  -3.053 0.4000000060
137001  23.446  -92.013  -4.756 0.3000000119
137148  14.858  -72.773  -1.906 0.6999999881
137241  13.970  -65.142  -6.550 0.6999999881
137329  25.440  -87.241  -3.356 0.3000000119
137374  29.308  -85.196  -13.819 0.3000000119
137512  27.011  -93.623  6.748 0.3000000119
137534  23.137  -89.308  -13.913 0.4000000060
137797  14.119  -72.342  -6.549 0.6000000238
137809  28.411  -84.372  -5.994 0.3000000119
138014  27.641  -88.205  -13.393 0.4000000060
138059  13.924  -67.615  -4.756 0.6999999881
138150  10.958  -73.540  -5.229 0.6000000238
138265  29.782  -82.549  -15.019 0.6999999881
138700  26.286  -86.625  0.507 0.3000000119
139142  31.025  -80.666  -13.351 0.6000000238
139252  14.161  -68.172  -9.053 0.6000000238
139692  29.390  -86.275  -20.433 0.6999999881
139789  26.322  -81.408  -19.699 0.6000000238
140087  24.787  -93.568  -0.101 0.4000000060
140327  25.623  -77.350  -12.873 0.6999999881
140349  27.640  -77.536  -16.079 0.5000000000
140587  25.853  -94.114  5.859 0.3000000119
140644  22.887  -77.735  -15.142 0.5000000000
140732  24.600  -94.954  3.574 0.4000000060
140844  15.667  -72.502  -6.864 0.6999999881
140928  28.119  -90.690  -9.438 0.4000000060
141102  17.326  -65.586  0.590 0.6000000238
142414  18.761  -73.823  -15.528 0.6999999881
142415  24.750  -91.761  -13.109 0.5000000000
142620  16.775  -73.271  -11.149 0.6000000238
142727  24.073  -80.414  -17.073 0.4000000060
143024  22.405  -78.572  -12.032 0.6000000238
143618  23.030  -90.809  -14.802 0.3000000119
143941  15.533  -65.840  -6.504 0.3000000119
144219  18.203  -73.323  -3.023 0.4000000060
144319  18.705  -73.533  -13.226 0.6999999881
144383  19.092  -64.348  -3.333 0.4000000060
144694  21.565  -91.398  -1.336 0.4000000060
144787  19.570  -96.615  5.331 0.5000000000
144881  22.291  -86.878  -3.046 0.5000000000
144988  27.537  -92.220  -7.726 0.4000000060
145270  24.333  -90.350  -10.352 0.3000000119
145472  12.658  -64.785  -6.567 0.8000000119
145692  19.283  -63.766  0.799 0.6999999881
145816  21.727  -78.788  -9.684 0.6000000238
145860  26.503  -85.163  -19.710 0.6999999881
145870  11.614  -60.130  2.454 0.4000000060
145881  33.059  -78.869  -14.083 0.5000000000
145974  20.763  -89.635  -0.895 0.4000000060
146421  18.088  -95.151  5.859 0.5000000000
146546  23.679  -88.175  -13.359 0.4000000060
146714  23.434  -96.179  2.345 0.5000000000
147695  10.628  -64.908  -0.252 0.5000000000
147704  29.385  -78.830  -13.427 0.6000000238
147710  24.251  -95.438  3.558 0.4000000060
147841  11.872  -59.950  3.164 0.4000000060
147849  17.339  -75.822  -10.046 0.6000000238
147873  17.190  -64.332  -11.027 0.6000000238
148040  25.512  -87.552  -18.734 0.5000000000
148078  11.188  -73.431  -3.621 0.6999999881
148504  31.293  -86.430  -19.456 0.6999999881
148748  24.638  -77.391  -18.567 0.5000000000
149411  25.005  -89.524  -17.641 0.3000000119
149427  21.528  -77.189  -17.365 0.5000000000
149609  20.969  -81.971  -8.857 0.6000000238
149707  24.147  -81.869  -20.150 0.6000000238
150186  9.914  -64.635  -0.369 0.5000000000
150203  11.996  -65.621  0.245 0.5000000000
150330  16.260  -72.944  -2.235 0.4000000060
150490  17.138  -70.595  -9.404 0.6000000238
150869  28.059  -88.168  0.221 0.3000000119
150898  21.637  -91.539  2.619 0.3000000119
151294  27.212  -89.615  -14.918 0.4000000060
151571  21.671  -87.824  -1.483 0.4000000060
151600  26.577  -92.744  -5.746 0.3000000119
152213  17.026  -78.064  -11.473 0.6000000238
152659  20.090  -75.829  -16.582 0.6999999881
152667  24.888  -94.435  -6.971 0.3000000119
152684  11.912  -59.244  3.287 0.5000000000
152798  20.036  -61.752  -1.949 0.4000000060
153005  23.589  -95.338  5.093 0.3000000119
153056  27.401  -77.917  -11.129 0.8999999762
153358  16.490  -64.552  -10.472 0.6000000238
153461  19.448  -67.930  -11.065 0.5000000000
153606  11.800  -60.383  2.337 0.4000000060
153656  14.292  -61.299  2.123 0.5000000000
153670  23.996  -81.653  -11.838 0.6999999881
153778  27.127  -85.016  -20.003 0.6999999881
153906  29.166  -82.741  -16.010 0.8000000119
154160  25.558  -88.755  -3.400 0.3000000119
154750  29.415  -78.742  -17.014 0.5000000000
154790  26.093  -89.418  -5.541 0.3000000119
154820  27.889  -82.433  -16.220 0.6000000238
154826  28.357  -82.495  -15.254 0.8000000119
154948  27.295  -84.695  -2.979 0.3000000119
155017  19.487  -62.801  0.301 0.5000000000
155112  33.205  -81.863  -16.714 0.5000000000
155207  21.645  -94.690  5.927 0.3000000119
155389  17.196  -64.872  -1.768 0.6000000238
155424  25.792  -85.759  -18.760 0.6999999881
155455  15.621  -65.812  0.402 0.5000000000
155543  26.885  -77.375  -13.199 0.6999999881
155841  29.095  -87.485  -2.260 0.3000000119
156159  15.448  -70.671  -0.067 0.5000000000
156175  17.025  -64.277  -6.176 0.5000000000
156505  32.747  -83.549  -20.597 0.6000000238
156749  26.190  -89.394  -6.376 0.3000000119
156941  35.620  -82.731  -19.791 0.4000000060
157638  13.306  -66.135  0.841 0.5000000000
157690  27.229  -87.708  0.567 0.3000000119
157841  26.439  -84.814  -2.436 0.3000000119
158087  25.223  -92.539  -0.180 0.4000000060
158372  9.963  -65.192  -5.640 0.6000000238
158397  13.500  -73.354  -4.616 0.6999999881
158869  13.676  -72.159  -6.722 0.8000000119
158901  11.078  -71.841  -6.940 0.6000000238
158957  25.053  -86.136  -1.757 0.4000000060
158959  29.021  -87.004  -2.554 0.3000000119
159390  32.322  -82.987  -20.799 0.6000000238
159488  7.267  -68.201  -2.709 0.5000000000
159536  13.533  -71.047  -7.981 0.6999999881
159729  13.563  -71.278  -0.854 0.6000000238
160041  15.992  -71.007  0.249 0.4000000060
160089  27.698  -88.444  -12.637 0.4000000060
160180  25.383  -91.500  -14.140 0.4000000060
160188  27.374  -88.285  -18.779 0.6000000238
160373  27.887  -91.928  -8.412 0.4000000060
160488  24.878  -80.399  -18.536 0.4000000060
160712  23.329  -82.141  -10.219 0.6999999881
