#!ascii label  , from subject sub-v1s4x0050702_ses-1 vox2ras=TkReg
684
67137  20.131  -17.484  -6.645 0.1428571492
67130  19.764  -18.061  -6.257 0.1428571492
68115  19.900  -16.373  -7.611 0.1428571492
67128  21.499  -17.758  -5.614 0.1428571492
138129  20.496  -16.792  -6.979 0.2857142985
68106  21.445  -16.443  -6.652 0.1428571492
69047  20.254  -15.749  -8.046 0.5714285970
69038  21.832  -15.633  -7.095 0.1428571492
70041  22.569  -14.508  -7.669 0.2857142985
144145  22.426  -15.021  -7.183 0.2857142985
71057  23.438  -13.475  -8.003 0.1428571492
70040  23.319  -14.002  -7.455 0.2857142985
73080  24.506  -11.368  -9.454 0.2857142985
155778  23.636  -12.217  -9.505 0.1428571492
136736  23.720  -12.537  -8.932 0.2857142985
74984  25.123  -9.388  -11.174 0.2857142985
73992  24.816  -10.722  -9.828 0.2857142985
75932  25.450  -8.656  -11.674 0.2857142985
77906  26.532  -6.622  -12.721 0.2857142985
79767  26.817  -4.956  -14.633 0.8571428657
78829  26.678  -5.858  -13.804 0.4285714328
76914  26.164  -7.321  -12.437 0.2857142985
80698  27.956  -3.196  -16.040 0.7142857313
80681  28.045  -3.512  -15.449 0.7142857313
80670  27.722  -4.030  -14.894 0.7142857313
78841  26.280  -5.559  -14.277 0.7142857313
137887  29.173  -1.782  -17.090 0.8571428657
81575  28.850  -2.459  -16.264 0.5714285970
81592  28.207  -2.716  -16.558 0.8571428657
80682  27.488  -3.618  -15.311 0.7142857313
79780  27.142  -4.354  -14.927 0.7142857313
83417  29.213  -1.690  -19.060 0.4285714328
82521  28.769  -1.918  -17.595 0.7142857313
81591  28.744  -2.147  -16.817 0.8571428657
83430  29.950  -1.583  -21.356 0.2857142985
83432  28.343  -1.733  -21.570 0.5714285970
82532  28.788  -2.123  -19.506 0.8571428657
82539  28.776  -2.315  -20.484 0.7142857313
82533  28.423  -1.941  -18.657 0.8571428657
85282  29.555  0.112  -21.961 0.1428571492
152982  30.535  -0.416  -21.628 0.1428571492
84368  29.378  -1.245  -21.698 0.4285714328
82543  28.601  -2.377  -21.210 0.5714285970
82540  28.145  -2.092  -19.919 0.8571428657
86177  28.972  2.473  -23.487 0.1428571492
85289  30.607  0.907  -22.277 0.1428571492
85290  29.447  1.156  -22.389 0.1428571492
83429  27.305  -1.616  -20.778 0.8571428657
87082  28.153  3.395  -23.822 0.1428571492
86170  28.794  2.016  -22.575 0.1428571492
141432  27.974  0.399  -21.451 0.5714285970
84365  27.449  -0.452  -21.174 0.7142857313
84343  27.502  -1.116  -19.035 0.8571428657
87083  27.099  4.046  -23.648 0.1428571492
87076  28.419  3.012  -22.775 0.1428571492
140397  28.359  2.711  -22.082 0.5714285970
85274  27.729  0.638  -20.655 0.8571428657
84357  27.406  -0.469  -20.019 0.8571428657
88014  25.900  4.596  -24.205 0.1428571492
88005  26.857  4.426  -23.223 0.2857142985
87077  27.659  3.781  -22.861 0.1428571492
87996  28.223  4.011  -21.278 0.8571428657
86164  28.356  2.169  -21.701 0.8571428657
143549  28.109  1.520  -21.181 0.7142857313
86157  28.336  2.692  -20.583 0.8571428657
88914  25.939  5.511  -23.638 0.1428571492
87991  27.918  4.894  -21.214 0.8571428657
87054  28.484  3.371  -19.831 0.8571428657
86150  28.416  2.710  -19.483 0.8571428657
88907  26.930  5.038  -22.917 0.4285714328
87990  28.341  4.513  -20.489 0.8571428657
87064  28.435  3.662  -20.511 0.8571428657
87982  28.529  4.174  -19.584 0.8571428657
89847  27.138  5.872  -22.708 0.1428571492
141055  27.598  6.823  -22.136 0.2857142985
89842  27.681  6.179  -21.524 0.5714285970
89835  28.065  6.407  -20.675 0.8571428657
88893  27.909  5.672  -21.013 0.8571428657
146005  28.195  5.222  -20.552 0.8571428657
136058  28.455  5.091  -19.803 0.8571428657
88883  28.531  5.870  -19.143 0.8571428657
87972  28.599  4.903  -18.820 0.8571428657
90761  27.711  7.726  -21.723 0.2857142985
145562  27.883  7.040  -21.152 0.7142857313
90755  28.220  7.204  -20.246 0.8571428657
89823  28.534  6.863  -19.000 0.8571428657
89816  28.463  6.979  -17.981 0.8571428657
139816  28.650  5.539  -18.070 0.8571428657
91675  28.212  7.977  -20.005 0.8571428657
91664  28.211  8.490  -19.230 0.8571428657
90739  28.399  7.704  -18.562 0.8571428657
90740  28.076  8.511  -17.943 0.7142857313
90726  28.247  7.663  -17.698 0.7142857313
146563  27.870  8.596  -20.255 0.8571428657
92495  27.809  9.317  -18.605 0.8571428657
92496  27.332  9.968  -18.041 0.8571428657
92479  27.662  9.316  -17.661 0.7142857313
93361  26.486  10.392  -20.593 0.7142857313
92523  27.129  9.930  -20.103 0.8571428657
93354  26.758  10.708  -19.579 0.8571428657
95176  25.036  11.763  -21.167 0.7142857313
93344  26.943  10.651  -18.496 0.8571428657
93394  22.600  10.522  -24.060 0.1428571492
94241  26.223  11.081  -20.335 0.8571428657
94248  25.641  11.461  -20.856 0.7142857313
94250  24.301  11.532  -21.546 0.7142857313
94232  26.440  11.417  -19.628 0.8571428657
94278  21.189  11.203  -25.285 0.1428571492
94258  23.530  11.398  -22.095 0.5714285970
94259  22.720  11.268  -22.819 0.5714285970
95191  21.252  12.381  -23.666 0.5714285970
94268  21.284  11.484  -24.390 0.1428571492
95208  19.885  10.384  -26.130 0.1428571492
95209  18.952  10.210  -26.760 0.1428571492
95199  20.159  11.182  -24.916 0.1428571492
95210  17.837  10.610  -26.889 0.1428571492
95192  20.554  12.168  -24.159 0.5714285970
95211  16.178  10.798  -25.955 0.1428571492
149633  15.967  10.487  -29.778 0.1428571492
66124  20.852  -18.434  -5.541 0.1428571492
156776  20.186  -18.412  -5.857 0.1428571492
68114  20.877  -16.155  -7.450 0.2857142985
68105  22.317  -16.068  -6.317 0.1428571492
69037  22.735  -15.357  -6.587 0.2857142985
72099  24.155  -11.952  -9.131 0.2857142985
72084  23.903  -12.913  -8.197 0.1428571492
76915  25.541  -7.810  -12.907 0.2857142985
75943  25.199  -8.489  -12.591 0.2857142985
78840  27.058  -5.301  -14.262 0.4285714328
77915  26.406  -6.382  -13.395 0.5714285970
83402  29.319  -1.558  -17.826 0.2857142985
140181  26.067  -4.935  -14.539 0.7142857313
83427  30.044  -1.585  -20.761 0.1428571492
82522  28.466  -1.704  -17.487 0.8571428657
83433  27.527  -1.320  -21.284 0.7142857313
88013  27.186  3.965  -24.731 0.1428571492
87071  28.107  3.462  -22.033 0.8571428657
87070  28.354  3.129  -21.336 0.8571428657
155001  28.122  1.779  -20.066 0.8571428657
87042  28.541  3.487  -19.001 0.8571428657
146171  27.935  7.867  -20.762 0.8571428657
93362  25.811  10.694  -21.124 0.8571428657
94257  23.985  10.540  -21.924 0.7142857313
94267  22.239  10.964  -23.724 0.2857142985
157320  20.639  11.471  -24.720 0.1428571492
95217  18.805  10.928  -29.199 0.1428571492
65121  20.186  -18.948  -5.508 0.1428571492
69046  21.151  -15.519  -7.914 0.4285714328
71058  22.764  -13.902  -8.249 0.2857142985
69045  21.878  -15.035  -7.782 0.4285714328
69057  20.594  -15.178  -8.487 0.2857142985
73079  25.163  -11.007  -9.091 0.2857142985
73998  25.131  -9.984  -10.301 0.2857142985
73999  24.463  -10.546  -10.626 0.2857142985
73091  24.186  -11.168  -10.211 0.2857142985
77932  26.004  -6.324  -13.860 0.7142857313
86176  29.873  2.195  -23.945 0.1428571492
87087  28.505  3.638  -25.159 0.1428571492
153913  26.037  4.931  -23.709 0.2857142985
88915  24.696  5.327  -24.163 0.1428571492
87997  27.610  4.422  -22.166 0.8571428657
85259  27.991  0.861  -19.456 1.0000000000
143642  26.285  6.405  -23.717 0.1428571492
138995  27.269  6.756  -23.147 0.1428571492
91682  27.582  8.526  -21.247 0.2857142985
90716  27.536  7.479  -16.664 0.8571428657
141446  26.820  9.713  -21.000 0.5714285970
93369  26.183  10.100  -21.374 0.5714285970
94249  24.905  10.832  -21.495 0.7142857313
93381  23.368  10.443  -22.560 0.4285714328
93371  24.424  10.064  -21.981 0.2857142985
158452  23.815  10.039  -22.355 0.2857142985
93382  22.850  10.318  -23.233 0.1428571492
94279  20.579  11.148  -25.322 0.1428571492
95200  18.746  11.716  -24.299 0.2857142985
133696  18.507  10.794  -25.366 0.1428571492
95201  17.565  11.505  -24.642 0.1428571492
94291  14.996  10.978  -27.600 0.1428571492
132573  15.581  11.455  -30.238 0.1428571492
92531  27.241  9.106  -21.843 0.4285714328
92532  26.665  9.613  -21.734 0.4285714328
93379  25.122  9.936  -22.393 0.4285714328
93370  25.338  10.168  -21.720 0.5714285970
67136  21.047  -17.196  -6.280 0.1428571492
67129  20.589  -17.890  -6.017 0.1428571492
66125  19.521  -18.597  -5.837 0.1428571492
68107  19.555  -16.971  -7.138 0.2857142985
79781  26.649  -3.886  -14.956 0.7142857313
138372  28.845  -1.991  -18.514 0.8571428657
82506  28.398  -2.086  -16.892 0.8571428657
83428  29.514  -2.218  -21.004 0.5714285970
84369  28.239  -0.520  -21.681 0.5714285970
86169  29.676  1.649  -23.073 0.1428571492
85283  28.703  1.037  -21.873 0.1428571492
158107  28.413  7.033  -19.663 0.8571428657
89834  28.377  6.528  -19.847 0.8571428657
88873  28.583  6.300  -18.289 0.8571428657
90748  28.397  7.565  -19.464 0.8571428657
92511  27.673  9.294  -19.660 0.8571428657
94277  21.911  10.922  -24.627 0.1428571492
95190  21.918  11.853  -23.336 0.5714285970
140638  20.205  10.439  -27.346 0.1428571492
95193  19.692  12.049  -24.315 0.4285714328
147981  19.338  10.737  -25.146 0.1428571492
94290  19.582  10.393  -28.027 0.1428571492
95219  16.509  10.157  -28.030 0.1428571492
72082  25.144  -11.973  -8.027 0.1428571492
92522  27.379  9.212  -20.659 0.5714285970
69056  21.334  -15.042  -8.380 0.4285714328
74012  24.105  -10.386  -11.408 0.5714285970
135188  22.790  -10.911  -11.739 0.5714285970
73112  21.702  -11.320  -11.414 0.5714285970
154541  20.798  -11.142  -11.110 0.2857142985
74986  23.690  -10.109  -12.123 0.5714285970
74035  21.499  -10.008  -11.964 0.5714285970
73095  20.582  -11.964  -10.532 0.4285714328
74033  22.904  -10.393  -12.193 0.5714285970
151591  19.936  -11.292  -10.477 0.2857142985
74987  20.734  -10.167  -11.497 0.4285714328
75944  24.500  -8.833  -12.938 0.4285714328
75945  23.662  -9.006  -13.129 0.5714285970
75000  22.228  -9.174  -12.771 0.5714285970
75946  21.398  -8.685  -12.577 0.4285714328
75957  24.122  -8.361  -13.413 0.5714285970
76930  23.602  -7.647  -13.639 0.5714285970
75013  22.866  -8.955  -13.121 0.4285714328
77918  23.008  -6.908  -13.883 0.4285714328
77917  24.035  -6.910  -13.880 0.4285714328
74988  19.957  -9.539  -11.349 0.2857142985
74016  19.969  -10.445  -10.925 0.2857142985
76929  24.544  -7.652  -13.608 0.7142857313
138899  24.819  -5.430  -14.333 0.7142857313
78843  22.937  -5.633  -14.679 0.4285714328
79783  23.959  -3.986  -14.985 0.7142857313
79784  22.907  -4.385  -15.336 0.5714285970
80685  24.593  -3.022  -14.889 0.7142857313
80686  23.070  -3.692  -15.491 0.2857142985
158505  25.602  -5.363  -14.350 0.5714285970
79768  25.234  -4.826  -14.456 0.5714285970
79769  24.354  -4.823  -14.618 0.7142857313
80684  25.728  -3.164  -14.810 0.7142857313
81579  24.186  -2.242  -15.249 0.7142857313
82491  25.642  -1.476  -15.152 0.7142857313
82493  23.830  -1.528  -15.680 0.7142857313
146678  23.241  -2.274  -15.788 0.4285714328
83373  24.338  -0.726  -15.687 0.4285714328
149837  27.554  -3.111  -15.758 0.5714285970
81577  27.095  -2.429  -15.615 0.5714285970
82490  26.567  -1.554  -15.416 0.5714285970
83371  25.994  -0.650  -15.359 0.7142857313
84286  26.525  -0.131  -15.617 0.7142857313
84302  27.370  0.738  -16.253 0.7142857313
83372  25.153  -0.208  -15.545 0.7142857313
84288  25.170  0.454  -15.724 0.5714285970
85214  26.196  1.814  -15.933 0.5714285970
83387  27.560  -0.949  -16.354 0.5714285970
83370  26.917  -0.832  -15.688 0.5714285970
83404  28.077  -0.869  -17.087 0.7142857313
148412  28.259  0.560  -17.743 0.8571428657
83390  23.638  -0.301  -16.285 0.4285714328
85227  27.826  1.472  -16.725 0.7142857313
85213  27.121  1.664  -16.190 0.7142857313
86110  27.561  2.303  -16.582 0.7142857313
85215  25.134  1.827  -16.136 0.5714285970
86111  26.735  2.440  -16.178 0.7142857313
83403  28.203  -1.340  -18.269 0.5714285970
83388  27.153  -0.095  -15.954 0.7142857313
85242  28.338  1.157  -18.329 0.8571428657
86127  27.935  2.995  -16.967 0.7142857313
146608  26.446  3.121  -16.194 0.5714285970
87022  24.996  3.934  -16.386 0.2857142985
138784  27.952  0.021  -18.706 0.7142857313
147193  28.408  2.087  -17.933 0.7142857313
138145  26.631  5.168  -16.492 0.7142857313
144596  28.322  1.929  -18.962 0.7142857313
86126  28.407  2.924  -17.606 0.8571428657
148405  27.214  3.062  -16.494 0.8571428657
138977  28.355  5.341  -17.342 0.8571428657
87032  28.286  3.737  -17.381 0.8571428657
87951  27.191  4.512  -16.633 0.5714285970
88865  27.691  5.362  -16.783 0.8571428657
88855  25.927  5.722  -16.352 0.7142857313
87031  28.639  3.616  -18.082 0.8571428657
87963  28.610  4.552  -17.829 0.8571428657
88854  26.970  5.951  -16.522 0.8571428657
150004  28.388  6.177  -17.461 0.8571428657
89797  27.296  6.762  -16.567 0.8571428657
92480  27.109  9.700  -17.029 0.7142857313
92481  26.224  10.184  -16.867 0.7142857313
93329  26.736  10.483  -17.581 0.5714285970
92462  24.453  9.748  -16.510 0.7142857313
93345  26.564  11.115  -18.007 0.7142857313
94222  26.614  11.331  -18.811 0.8571428657
95157  25.889  12.505  -18.601 0.7142857313
93331  25.175  11.129  -16.829 0.7142857313
96094  25.653  13.256  -18.969 0.7142857313
96100  25.345  14.035  -19.267 0.7142857313
96086  24.747  13.321  -17.422 0.5714285970
95167  25.516  12.429  -20.573 0.7142857313
95168  25.030  13.119  -20.641 0.7142857313
96121  24.376  13.309  -21.103 0.4285714328
96109  24.889  13.981  -20.277 0.5714285970
154185  24.971  14.449  -18.646 0.5714285970
95177  24.718  12.458  -21.159 0.5714285970
96095  24.405  14.249  -17.808 0.5714285970
96122  23.428  13.475  -21.615 0.5714285970
145163  24.094  14.235  -20.920 0.5714285970
97005  24.455  14.718  -20.249 0.5714285970
96996  24.746  14.732  -19.455 0.4285714328
96981  24.339  14.912  -18.594 0.5714285970
97961  24.242  15.315  -19.926 0.5714285970
96123  22.744  14.050  -21.887 0.5714285970
97933  23.632  15.503  -18.778 0.4285714328
148081  21.680  12.856  -16.786 0.4285714328
97948  23.880  15.817  -19.644 0.5714285970
97947  24.245  15.273  -19.307 0.5714285970
98856  23.332  16.679  -20.438 0.4285714328
79766  27.379  -4.665  -14.569 0.2857142985
82523  27.970  -1.803  -16.845 0.5714285970
98866  23.302  16.451  -20.906 0.2857142985
97949  23.400  16.114  -19.336 0.4285714328
97934  22.778  15.982  -18.760 0.2857142985
146536  22.036  -11.856  -11.167 0.5714285970
141366  21.218  -12.611  -10.435 0.5714285970
74998  24.069  -9.486  -12.570 0.2857142985
73094  21.399  -11.905  -10.926 0.5714285970
75933  24.799  -9.114  -12.145 0.2857142985
75001  20.812  -9.221  -11.976 0.4285714328
75959  22.131  -8.280  -13.102 0.4285714328
76931  22.593  -7.561  -13.513 0.5714285970
75947  20.540  -8.233  -12.289 0.2857142985
77934  23.444  -6.235  -14.231 0.5714285970
80668  28.653  -3.060  -15.088 0.2857142985
78858  21.325  -4.696  -14.979 0.2857142985
139672  23.586  -3.055  -15.381 0.7142857313
86138  28.529  2.811  -18.474 0.8571428657
87020  26.756  3.767  -16.415 0.7142857313
91639  26.821  8.918  -16.491 0.7142857313
92460  26.340  9.505  -16.568 0.7142857313
91640  25.828  8.858  -16.323 0.7142857313
95149  25.640  12.317  -17.761 0.7142857313
96982  23.567  14.869  -17.926 0.2857142985
95178  23.874  12.417  -21.597 0.5714285970
96137  22.582  13.217  -22.282 0.5714285970
97014  23.314  14.746  -21.373 0.5714285970
97015  22.416  14.853  -21.926 0.2857142985
76932  21.622  -7.338  -13.299 0.4285714328
151819  24.659  -10.020  -11.063 0.2857142985
82507  27.931  -2.449  -16.705 0.7142857313
79782  25.718  -4.179  -14.621 0.5714285970
82534  27.602  -1.741  -19.401 0.7142857313
84322  28.181  -0.404  -17.829 0.7142857313
146094  28.615  4.152  -18.626 0.7142857313
94233  26.278  11.970  -19.176 0.8571428657
77916  25.104  -6.826  -13.765 0.5714285970
77933  25.417  -5.965  -14.124 0.5714285970
90717  26.702  7.356  -16.417 0.7142857313
80683  26.830  -3.091  -15.238 0.5714285970
74013  23.401  -10.694  -11.656 0.5714285970
74014  22.138  -10.690  -11.883 0.5714285970
73111  22.407  -11.364  -11.435 0.4285714328
74015  21.378  -10.673  -11.593 0.4285714328
74034  22.256  -9.918  -12.382 0.5714285970
74999  23.108  -9.658  -12.745 0.5714285970
156528  21.638  -9.411  -12.368 0.4285714328
72117  20.402  -12.705  -10.071 0.5714285970
75958  23.175  -8.339  -13.369 0.5714285970
77935  22.346  -6.242  -14.286 0.4285714328
138898  24.452  -6.149  -14.127 0.5714285970
78842  23.905  -5.525  -14.478 0.7142857313
79770  23.434  -4.929  -14.934 0.5714285970
78857  22.523  -5.068  -15.063 0.4285714328
78844  22.039  -5.616  -14.724 0.4285714328
141947  24.830  -4.275  -14.590 0.7142857313
141757  24.952  -3.681  -14.663 0.7142857313
79785  22.053  -4.563  -15.354 0.2857142985
81578  26.190  -2.278  -15.085 0.7142857313
148708  25.184  -2.228  -14.926 0.7142857313
146986  25.170  -0.880  -15.333 0.7142857313
82489  27.451  -1.899  -16.171 0.5714285970
84287  25.866  0.205  -15.559 0.7142857313
84304  25.757  1.025  -15.771 0.7142857313
84323  28.047  0.430  -16.979 0.5714285970
142278  26.626  1.175  -15.900 0.7142857313
85216  24.116  1.514  -16.492 0.2857142985
87021  25.775  3.657  -16.207 0.5714285970
87023  24.318  3.828  -16.681 0.2857142985
87964  28.083  4.549  -17.045 0.8571428657
93330  26.028  11.054  -17.223 0.7142857313
94223  26.151  11.782  -18.071 0.7142857313
95163  25.939  12.620  -19.627 0.8571428657
97972  23.487  15.648  -20.966 0.5714285970
96983  22.731  15.321  -18.132 0.4285714328
76933  20.777  -6.974  -13.011 0.4285714328
74977  26.173  -8.987  -10.054 0.1428571492
75920  25.768  -8.792  -10.798 0.1428571492
75931  26.065  -8.163  -11.204 0.1428571492
78828  27.293  -5.466  -13.521 0.1428571492
76903  26.400  -7.510  -11.569 0.1428571492
75919  26.406  -8.376  -10.417 0.1428571492
79744  27.871  -4.976  -13.027 0.1428571492
77897  26.725  -6.811  -11.884 0.1428571492
79754  27.640  -4.870  -13.907 0.1428571492
134939  29.047  -2.505  -15.492 0.2857142985
82504  29.771  -1.137  -16.810 0.1428571492
91638  27.232  8.143  -16.558 0.5714285970
151052  15.962  13.679  -27.431 0.1428571492
136992  24.919  6.713  -16.361 0.4285714328
151056  15.232  14.544  -26.873 0.1428571492
132466  14.649  11.804  -25.685 0.1428571492
91641  24.855  8.858  -16.396 0.4285714328
92461  25.506  9.626  -16.452 0.5714285970
97062  15.940  14.361  -23.457 0.2857142985
140629  19.182  14.026  -23.293 0.2857142985
96138  21.211  14.102  -22.752 0.2857142985
92497  20.926  9.405  -18.196 0.1428571492
93319  24.494  10.706  -16.611 0.5714285970
94209  25.458  11.756  -17.234 0.5714285970
97045  19.162  15.233  -23.347 0.2857142985
95184  21.734  13.027  -22.894 0.4285714328
93332  22.240  10.306  -16.755 0.4285714328
94211  23.274  11.710  -16.574 0.5714285970
97028  20.777  15.087  -22.787 0.2857142985
93333  21.297  10.792  -17.319 0.4285714328
151878  22.249  12.063  -16.579 0.2857142985
98879  22.112  16.484  -21.887 0.1428571492
97983  21.216  15.751  -22.616 0.1428571492
134683  21.321  11.813  -16.939 0.1428571492
98867  22.676  16.891  -21.355 0.1428571492
98880  21.236  16.902  -22.654 0.1428571492
97998  19.209  16.306  -23.417 0.1428571492
98857  23.084  17.118  -20.306 0.2857142985
98830  21.169  16.497  -18.334 0.1428571492
98868  21.829  17.377  -21.927 0.1428571492
99748  22.280  17.662  -21.265 0.1428571492
99738  22.524  17.673  -20.725 0.1428571492
99739  21.673  18.042  -20.362 0.1428571492
69058  19.726  -15.140  -8.398 0.4285714328
70057  19.329  -14.382  -8.585 0.2857142985
74978  25.603  -9.351  -10.402 0.1428571492
77896  27.415  -6.443  -11.464 0.1428571492
80657  28.587  -3.742  -13.786 0.1428571492
138355  25.234  8.061  -16.305 0.2857142985
96150  19.960  13.169  -23.571 0.2857142985
96152  18.159  13.736  -23.178 0.2857142985
132585  19.202  17.038  -23.243 0.2857142985
70058  18.751  -14.110  -8.198 0.2857142985
72069  24.681  -12.643  -7.695 0.1428571492
71056  24.131  -13.382  -7.334 0.1428571492
73991  25.491  -10.324  -9.430 0.1428571492
74967  25.865  -9.629  -9.725 0.1428571492
82505  29.434  -1.708  -16.334 0.1428571492
80669  28.308  -3.660  -14.666 0.1428571492
93334  20.403  10.775  -18.103 0.1428571492
90719  24.699  7.348  -16.394 0.4285714328
92482  21.659  9.668  -17.293 0.2857142985
95151  24.100  12.599  -16.806 0.5714285970
98000  17.232  15.507  -22.806 0.2857142985
97061  16.893  13.624  -23.047 0.2857142985
96151  19.012  12.889  -23.577 0.2857142985
96168  17.876  12.612  -23.516 0.2857142985
96169  16.169  13.257  -23.898 0.2857142985
96170  15.213  13.579  -24.997 0.1428571492
97063  15.003  14.421  -24.948 0.1428571492
132637  13.723  12.189  -26.811 0.1428571492
99761  20.110  17.454  -22.823 0.2857142985
97999  18.057  16.251  -23.277 0.2857142985
96188  13.690  12.831  -25.813 0.1428571492
132524  13.053  12.942  -26.948 0.1428571492
95202  16.356  12.199  -24.795 0.1428571492
95203  15.448  12.774  -25.025 0.1428571492
83401  30.144  -0.556  -17.374 0.2857142985
98016  16.250  15.269  -22.957 0.2857142985
138826  16.973  12.559  -23.645 0.1428571492
81576  28.394  -3.037  -15.993 0.4285714328
95183  23.088  12.357  -22.199 0.4285714328
96149  20.813  13.232  -23.355 0.2857142985
91642  23.890  8.803  -16.570 0.4285714328
93318  25.341  10.448  -16.631 0.5714285970
94203  23.806  11.016  -16.574 0.5714285970
95150  25.048  12.466  -17.205 0.5714285970
97962  23.713  15.983  -20.315 0.4285714328
98843  22.812  16.708  -19.478 0.2857142985
97982  21.936  15.739  -22.169 0.2857142985
144834  26.230  8.083  -16.328 0.5714285970
94210  24.506  11.641  -16.728 0.5714285970
95152  22.964  12.751  -16.722 0.5714285970
97027  21.624  14.896  -22.397 0.2857142985
77905  27.132  -6.199  -12.258 0.1428571492
76893  26.680  -7.721  -10.747 0.1428571492
79753  28.242  -4.382  -13.425 0.1428571492
97046  18.288  14.915  -23.274 0.2857142985
97044  20.190  14.328  -23.143 0.2857142985
93321  22.981  10.062  -16.636 0.4285714328
97984  20.280  16.336  -23.087 0.1428571492
94212  22.186  11.216  -16.645 0.4285714328
157748  20.954  10.174  -17.915 0.2857142985
94204  23.020  10.750  -16.568 0.5714285970
70042  18.965  -14.951  -8.096 0.2857142985
158135  23.993  7.381  -16.591 0.2857142985
96171  13.668  14.017  -25.866 0.1428571492
84305  24.693  0.951  -16.061 0.4285714328
86113  24.878  3.132  -16.369 0.2857142985
151032  16.993  17.758  -22.600 0.1428571492
151022  15.444  18.478  -23.117 0.1428571492
143450  20.850  18.656  -21.298 0.1428571492
151029  17.215  18.659  -22.495 0.1428571492
98898  16.092  16.836  -22.786 0.1428571492
150933  19.328  18.230  -21.802 0.1428571492
158513  18.146  17.489  -22.853 0.1428571492
150924  18.286  18.422  -21.901 0.1428571492
150940  15.633  19.650  -23.347 0.1428571492
132467  18.501  16.956  -23.215 0.1428571492
132504  19.018  19.858  -21.593 0.1428571492
151025  17.505  19.482  -22.332 0.1428571492
159435  25.037  2.481  -16.260 0.2857142985
101423  20.009  19.279  -21.283 0.1428571492
132502  17.912  20.274  -22.186 0.1428571492
150928  14.981  19.500  -24.518 0.1428571492
76928  25.233  -7.567  -13.425 0.2857142985
98017  15.261  15.551  -23.814 0.1428571492
99777  15.125  18.017  -23.562 0.1428571492
98899  15.251  16.794  -23.580 0.1428571492
151026  18.490  19.005  -21.596 0.1428571492
101418  20.396  19.919  -20.254 0.1428571492
75956  24.927  -8.221  -13.277 0.4285714328
71101  21.865  -13.039  -10.185 0.4285714328
71085  22.480  -13.198  -9.638 0.2857142985
71069  23.119  -13.238  -8.830 0.1428571492
72115  22.577  -12.604  -10.212 0.2857142985
72100  23.147  -12.687  -9.562 0.1428571492
73093  22.697  -11.937  -10.842 0.2857142985
70072  21.454  -14.095  -9.361 0.2857142985
96087  23.777  13.532  -17.040 0.4285714328
74000  23.811  -10.969  -10.982 0.2857142985
71102  21.055  -13.430  -9.923 0.4285714328
73081  23.871  -11.730  -9.811 0.1428571492
72114  23.265  -12.169  -10.122 0.1428571492
71070  22.292  -13.812  -9.112 0.1428571492
73092  23.500  -11.566  -10.559 0.2857142985
72116  21.969  -12.393  -10.715 0.4285714328
92464  22.541  9.514  -16.778 0.2857142985
71086  21.836  -13.582  -9.717 0.2857142985
70073  20.558  -14.076  -9.390 0.2857142985
139348  20.126  -14.603  -8.877 0.2857142985
70074  19.687  -13.881  -9.133 0.2857142985
71087  20.108  -13.336  -9.606 0.2857142985
77919  22.031  -6.839  -13.773 0.2857142985
77936  21.594  -6.320  -13.986 0.2857142985
156902  21.606  -5.923  -14.310 0.2857142985
81580  22.597  -3.060  -15.898 0.1428571492
81594  22.395  -2.210  -16.404 0.1428571492
82508  23.003  -1.541  -16.237 0.2857142985
84306  23.708  0.598  -16.499 0.1428571492
86114  23.960  3.026  -16.813 0.1428571492
146607  25.145  5.272  -16.405 0.1428571492
87955  23.916  4.546  -16.911 0.1428571492
160029  25.290  5.830  -16.384 0.1428571492
89801  23.862  6.037  -16.810 0.1428571492
91654  22.384  8.105  -17.145 0.1428571492
91643  22.954  8.775  -16.770 0.1428571492
91655  21.628  8.702  -17.591 0.1428571492
96088  22.642  13.667  -17.006 0.1428571492
96973  22.461  14.540  -17.557 0.1428571492
146592  20.925  13.202  -17.271 0.1428571492
96974  21.304  14.474  -17.755 0.1428571492
96984  21.850  15.038  -17.977 0.1428571492
69048  19.350  -15.736  -7.940 0.2857142985
70056  21.010  -14.704  -8.970 0.1428571492
89799  25.443  6.325  -16.347 0.2857142985
89807  23.104  6.042  -17.318 0.1428571492
145550  22.178  8.921  -17.016 0.1428571492
149848  18.556  -15.586  -7.548 0.2857142985
76916  21.112  -7.802  -12.811 0.2857142985
77920  21.205  -6.601  -13.537 0.2857142985
77937  20.968  -5.930  -13.844 0.2857142985
81606  21.714  -1.897  -16.721 0.1428571492
85217  23.385  1.242  -16.854 0.1428571492
155948  24.422  2.341  -16.504 0.1428571492
149035  22.448  3.049  -17.803 0.1428571492
87033  23.572  3.781  -17.113 0.1428571492
87034  22.883  3.783  -17.574 0.1428571492
87966  22.610  4.506  -17.793 0.1428571492
142536  24.251  6.728  -16.574 0.1428571492
90730  21.685  7.754  -17.846 0.1428571492
95154  20.432  12.917  -17.274 0.1428571492
96089  21.569  13.814  -17.277 0.1428571492
77921  20.493  -6.273  -13.239 0.2857142985
83391  22.938  -0.819  -16.590 0.1428571492
87953  25.433  4.481  -16.359 0.1428571492
95153  20.630  12.393  -17.282 0.1428571492
76917  20.319  -7.361  -12.491 0.1428571492
91653  23.375  7.907  -16.739 0.1428571492
78846  20.602  -5.380  -13.935 0.1428571492
88857  23.527  5.285  -17.130 0.1428571492
149039  21.847  3.230  -18.274 0.1428571492
70033  18.071  -15.087  -7.193 0.1428571492
70043  18.431  -14.639  -7.672 0.1428571492
71088  19.359  -13.086  -9.277 0.1428571492
83416  29.786  -0.777  -18.472 0.1428571492
68108  18.744  -16.940  -6.988 0.1428571492
71071  19.038  -13.579  -8.733 0.1428571492
73096  19.231  -11.469  -9.950 0.1428571492
91686  27.502  8.336  -22.435 0.1428571492
92541  26.838  9.296  -22.587 0.1428571492
74001  19.260  -10.707  -10.348 0.1428571492
149403  27.533  7.520  -22.924 0.1428571492
68116  19.037  -16.360  -7.474 0.1428571492
83421  29.801  -1.065  -19.654 0.1428571492
72118  19.807  -12.067  -10.057 0.1428571492
75934  19.914  -8.628  -11.732 0.1428571492
68117  18.462  -16.321  -7.160 0.1428571492
72102  19.128  -12.251  -9.517 0.1428571492
72101  19.735  -12.690  -9.704 0.1428571492
73110  23.115  -11.294  -11.272 0.2857142985
74985  24.424  -9.766  -11.773 0.2857142985
76927  25.895  -7.039  -13.287 0.2857142985
78820  27.522  -5.598  -12.649 0.1428571492
78821  26.938  -6.034  -13.091 0.1428571492
79765  27.991  -4.277  -14.282 0.2857142985
81593  27.769  -2.831  -16.384 0.5714285970
82492  24.722  -1.485  -15.259 0.7142857313
82544  28.064  -2.322  -20.695 0.8571428657
82545  27.559  -1.920  -20.398 0.8571428657
82546  27.698  -2.082  -21.130 0.5714285970
83389  24.427  0.148  -15.952 0.5714285970
83422  29.379  -1.961  -20.183 0.7142857313
83423  27.284  -1.410  -20.097 0.8571428657
83431  29.251  -2.025  -21.473 0.5714285970
84303  26.585  0.524  -15.757 0.7142857313
84358  27.191  -1.114  -20.735 0.8571428657
85226  28.254  1.360  -17.384 0.7142857313
86112  25.742  2.648  -16.081 0.2857142985
87019  27.630  3.768  -16.807 0.8571428657
87952  26.260  4.443  -16.355 0.5714285970
87954  24.666  4.558  -16.546 0.1428571492
87965  23.217  4.528  -17.368 0.1428571492
88856  24.293  5.285  -16.698 0.1428571492
88892  28.279  5.812  -20.192 0.8571428657
88899  27.527  5.354  -21.878 0.4285714328
89798  26.312  6.538  -16.373 0.7142857313
89800  24.723  6.022  -16.484 0.1428571492
89806  27.889  6.194  -16.821 0.8571428657
90718  25.620  7.190  -16.295 0.7142857313
90727  27.951  7.997  -17.012 0.7142857313
91652  27.632  8.840  -16.967 0.7142857313
92463  23.428  9.518  -16.623 0.2857142985
92512  27.303  10.006  -19.077 0.8571428657
92542  26.046  9.809  -22.121 0.4285714328
93320  23.703  10.294  -16.587 0.5714285970
94213  20.453  11.540  -17.716 0.1428571492
95158  25.470  12.987  -17.979 0.7142857313
96108  25.533  13.324  -19.938 0.7142857313
96972  23.414  14.216  -17.385 0.1428571492
97006  23.920  15.116  -20.621 0.5714285970
97029  19.945  15.436  -23.159 0.2857142985
97047  17.322  14.496  -22.830 0.2857142985
97064  14.605  14.671  -25.549 0.1428571492
98829  22.069  16.423  -18.745 0.2857142985
98842  23.497  16.478  -19.934 0.4285714328
99737  23.041  17.207  -20.827 0.2857142985
100622  21.728  18.172  -21.129 0.1428571492
100623  21.001  18.610  -20.623 0.1428571492
100624  20.363  19.267  -20.691 0.1428571492
101424  20.030  19.840  -21.120 0.1428571492
132470  19.309  18.853  -21.337 0.1428571492
132698  20.517  18.667  -21.805 0.1428571492
136540  24.321  8.055  -16.467 0.2857142985
138243  25.252  13.817  -18.301 0.5714285970
139187  29.394  -1.944  -15.712 0.2857142985
139570  26.144  11.900  -20.119 0.8571428657
142768  27.644  -0.125  -16.514 0.7142857313
143255  22.806  15.823  -21.510 0.2857142985
143740  25.856  5.018  -16.364 0.7142857313
144400  23.531  -0.975  -16.089 0.4285714328
145227  28.088  7.060  -17.066 0.8571428657
148185  22.074  14.022  -22.362 0.2857142985
149037  28.133  2.207  -17.126 0.7142857313
149040  23.179  2.982  -17.328 0.1428571492
151027  18.702  17.740  -22.200 0.1428571492
156676  26.561  -4.522  -14.736 0.7142857313
157402  22.395  12.332  -22.695 0.4285714328
157548  28.193  5.784  -17.028 0.8571428657
159141  21.811  -5.104  -14.968 0.2857142985
