#!ascii label  , from subject sub-v1s4x0050707_ses-1 vox2ras=TkReg
820
78270  38.902  10.334  38.864 0.0000000000
78313  43.916  11.885  30.021 0.0000000000
81925  50.017  16.655  30.113 0.0000000000
77641  48.579  11.264  21.172 0.0000000000
75199  39.862  7.469  34.672 0.0000000000
82517  50.460  16.851  35.641 0.0000000000
78379  47.860  12.212  23.652 0.0000000000
81325  39.744  16.251  28.817 0.0000000000
81257  46.954  15.509  35.688 0.0000000000
79826  42.038  13.035  34.836 0.0000000000
75215  43.472  7.452  31.326 0.0000000000
83174  45.745  19.066  32.091 0.0000000000
81347  43.997  15.946  26.311 0.0000000000
79853  48.890  13.952  30.150 0.0000000000
81996  48.291  17.117  22.875 0.0000000000
82573  41.415  18.055  31.252 0.0000000000
80550  42.207  14.130  37.359 0.0000000000
79065  40.082  12.578  36.497 0.0000000000
75202  42.135  7.513  33.227 0.0000000000
83172  50.402  20.485  31.963 0.0000000000
83788  47.824  19.894  34.247 0.0000000000
83191  47.728  19.066  30.701 0.0000000000
81930  44.417  17.080  30.019 0.0000000000
81322  46.787  15.897  28.124 0.0000000000
79829  45.715  13.321  33.251 0.0000000000
80576  48.039  14.448  33.303 0.0000000000
119031  46.046  13.318  30.361 0.0000000000
79915  50.846  14.008  20.729 0.0000000000
79919  47.599  15.071  22.261 0.0000000000
79935  48.169  14.917  19.817 0.0000000000
80687  45.400  15.500  21.269 0.0000000000
77644  45.667  11.189  21.516 0.0000000000
115786  43.276  8.662  23.868 0.0000000000
76783  36.403  9.588  37.402 0.0000000000
77520  38.235  10.401  35.802 0.0000000000
82540  51.509  17.014  33.214 0.0000000000
76835  45.445  9.419  28.180 0.0000000000
78345  45.649  11.865  26.511 0.0000000000
124158  48.494  9.701  25.881 0.0000000000
78362  53.553  12.018  24.028 0.0000000000
81227  49.350  14.852  39.848 0.0000000000
120454  44.799  14.693  38.455 0.0000000000
80562  43.533  14.666  35.305 0.0000000000
79081  44.075  11.930  32.833 0.0000000000
77524  41.245  10.151  34.436 0.0000000000
76804  42.407  9.407  32.701 0.0000000000
76820  43.245  9.494  30.117 0.0000000000
75246  46.612  7.931  29.661 0.0000000000
76786  34.150  9.150  38.027 0.0000000000
83116  45.863  19.113  34.831 0.0000000000
103867  43.854  18.022  32.880 0.0000000000
82591  43.109  18.095  30.449 0.0000000000
81962  41.772  16.184  27.516 0.0000000000
120093  40.730  14.985  24.384 0.0000000000
81244  50.816  14.727  37.570 0.0000000000
80574  51.567  14.568  33.511 0.0000000000
81304  51.987  15.204  29.096 0.0000000000
79886  46.906  13.805  26.305 0.0000000000
120400  50.088  15.297  26.015 0.0000000000
81331  49.950  16.505  26.199 0.0000000000
81990  45.750  16.884  24.076 0.0000000000
80677  43.110  15.354  22.962 0.0000000000
107829  40.994  17.635  32.465 0.0000000000
125530  41.751  17.676  32.820 0.0000000000
79052  40.739  11.880  38.975 0.0000000000
108411  39.213  11.305  38.138 0.0000000000
82571  49.983  18.557  31.209 0.0000000000
83807  49.599  20.235  31.571 0.0000000000
82586  48.179  17.849  30.564 0.0000000000
81942  47.237  16.483  29.787 0.0000000000
81941  48.371  16.364  29.614 0.0000000000
79089  45.357  12.794  31.997 0.0000000000
79846  46.247  13.207  31.510 0.0000000000
79107  45.095  13.007  29.910 0.0000000000
78396  50.728  12.461  20.685 0.0000000000
79933  49.831  14.244  20.116 0.0000000000
78408  48.162  12.923  20.140 0.0000000000
79173  46.258  12.421  20.718 0.0000000000
77642  47.520  11.327  21.234 0.0000000000
77615  45.523  10.254  22.332 0.0000000000
76907  47.640  10.277  22.476 0.0000000000
76794  36.987  8.813  35.758 0.0000000000
83139  51.578  19.609  33.509 0.0000000000
82519  51.129  17.435  33.929 0.0000000000
76073  46.989  8.729  27.816 0.0000000000
110006  46.898  9.681  26.602 0.0000000000
76082  48.852  8.881  26.947 0.0000000000
76866  52.875  10.572  25.620 0.0000000000
76889  54.470  11.153  24.468 0.0000000000
77625  53.139  11.976  22.582 0.0000000000
79820  41.979  13.990  35.742 0.0000000000
80554  43.236  14.834  36.227 0.0000000000
80570  43.142  13.975  34.827 0.0000000000
79831  44.245  12.814  33.840 0.0000000000
78286  43.280  11.663  33.984 0.0000000000
76799  39.009  9.318  34.787 0.0000000000
77526  39.546  10.738  34.977 0.0000000000
122564  40.850  8.769  34.406 0.0000000000
74366  42.998  6.917  31.998 0.0000000000
76012  42.158  8.551  33.120 0.0000000000
76023  42.661  8.610  31.406 0.0000000000
77541  42.636  10.076  31.270 0.0000000000
76034  43.487  8.683  30.354 0.0000000000
76043  44.723  8.725  29.452 0.0000000000
75231  44.897  7.783  30.413 0.0000000000
75211  48.049  7.119  31.324 0.0000000000
83804  47.378  19.829  32.353 0.0000000000
83789  46.778  19.398  34.593 0.0000000000
83141  46.186  19.026  33.985 0.0000000000
110584  44.856  18.436  34.137 0.0000000000
120845  45.048  18.644  32.388 0.0000000000
83186  43.551  18.503  31.229 0.0000000000
83185  44.363  18.754  31.062 0.0000000000
81324  44.480  15.794  28.139 0.0000000000
81954  42.960  16.182  28.579 0.0000000000
81961  42.365  16.068  26.995 0.0000000000
81973  41.135  16.300  25.593 0.0000000000
81983  41.623  16.326  24.785 0.0000000000
105925  48.163  14.963  37.707 0.0000000000
81236  49.681  14.741  38.805 0.0000000000
81245  48.151  15.217  36.691 0.0000000000
79844  48.832  13.860  31.320 0.0000000000
80575  50.605  14.494  33.463 0.0000000000
80603  50.675  14.244  31.436 0.0000000000
80586  52.087  14.696  31.451 0.0000000000
106184  50.991  14.350  29.671 0.0000000000
78366  46.532  12.120  25.007 0.0000000000
79887  46.084  13.139  26.741 0.0000000000
79148  46.592  13.177  24.517 0.0000000000
81372  48.039  16.670  21.751 0.0000000000
80665  47.407  14.839  23.831 0.0000000000
81354  49.114  16.817  24.247 0.0000000000
81342  50.204  16.436  25.619 0.0000000000
81978  48.983  17.118  24.489 0.0000000000
81344  47.816  16.606  25.933 0.0000000000
81989  47.323  17.320  23.758 0.0000000000
79169  44.880  12.833  22.062 0.0000000000
80676  44.187  14.931  22.477 0.0000000000
79910  43.972  13.565  23.653 0.0000000000
79896  42.903  13.285  25.119 0.0000000000
83108  49.358  17.729  36.981 0.0000000000
82594  39.848  17.732  30.720 0.0000000000
82601  40.598  17.703  30.439 0.0000000000
79801  43.291  13.214  39.350 0.0000000000
79798  42.172  12.509  39.339 0.0000000000
79810  40.668  13.182  37.056 0.0000000000
79816  40.751  13.129  36.065 0.0000000000
112565  41.196  7.937  34.274 0.0000000000
83796  49.559  20.745  32.550 0.0000000000
83803  48.487  20.329  31.934 0.0000000000
83183  46.715  19.524  31.067 0.0000000000
82588  45.319  18.473  30.575 0.0000000000
81928  45.872  17.680  30.313 0.0000000000
81311  45.842  15.974  29.185 0.0000000000
81334  45.303  15.826  27.272 0.0000000000
80567  45.660  14.583  34.248 0.0000000000
81266  47.260  15.337  34.811 0.0000000000
80577  46.984  14.210  33.412 0.0000000000
79845  47.190  13.447  31.543 0.0000000000
79854  47.784  13.725  30.312 0.0000000000
79157  49.910  13.050  22.334 0.0000000000
114147  47.478  13.066  23.151 0.0000000000
79917  49.121  14.543  20.697 0.0000000000
79926  48.621  15.187  20.250 0.0000000000
81378  47.743  16.323  20.738 0.0000000000
82014  46.705  16.730  21.056 0.0000000000
80692  46.717  15.002  20.088 0.0000000000
79175  45.442  12.875  21.217 0.0000000000
78389  44.584  10.842  21.925 0.0000000000
76107  45.397  8.842  24.618 0.0000000000
77505  37.733  9.594  38.955 0.0000000000
78275  38.572  11.031  37.599 0.0000000000
77517  37.495  10.031  36.352 0.0000000000
106249  37.638  8.837  35.340 0.0000000000
75200  38.561  7.813  34.917 0.0000000000
83785  51.981  20.872  33.754 0.0000000000
83163  51.397  19.864  32.714 0.0000000000
82570  50.993  17.565  31.424 0.0000000000
77563  44.467  10.586  28.428 0.0000000000
119345  44.783  12.072  28.110 0.0000000000
77570  45.298  10.606  27.358 0.0000000000
77590  46.703  10.672  25.790 0.0000000000
114257  48.956  10.972  24.466 0.0000000000
76855  50.321  9.644  25.833 0.0000000000
76879  50.333  10.280  25.062 0.0000000000
77614  50.722  11.719  23.680 0.0000000000
78376  52.395  12.833  22.459 0.0000000000
77638  52.083  12.735  21.552 0.0000000000
117699  50.414  10.655  21.643 0.0000000000
76906  48.601  10.144  22.298 0.0000000000
81229  46.405  14.583  39.402 0.0000000000
81238  45.643  15.238  37.543 0.0000000000
80543  43.627  14.052  38.646 0.0000000000
81249  43.962  15.047  36.955 0.0000000000
81259  44.839  15.350  35.644 0.0000000000
80568  44.812  14.418  34.431 0.0000000000
108645  44.582  12.470  33.208 0.0000000000
78294  43.996  11.948  31.899 0.0000000000
78280  39.238  11.579  35.999 0.0000000000
78283  40.288  11.768  35.162 0.0000000000
78287  41.819  11.618  34.536 0.0000000000
76008  41.455  8.629  34.137 0.0000000000
76802  41.962  9.819  34.130 0.0000000000
118690  42.609  11.185  34.205 0.0000000000
77530  43.077  10.817  32.805 0.0000000000
107045  43.008  10.742  30.892 0.0000000000
78324  43.640  11.206  29.714 0.0000000000
76828  44.367  9.403  29.166 0.0000000000
76059  45.896  8.790  28.590 0.0000000000
75259  48.008  8.029  28.804 0.0000000000
116342  46.148  7.253  30.995 0.0000000000
75229  47.970  7.453  30.437 0.0000000000
76756  37.294  8.986  39.615 0.0000000000
76784  35.701  9.328  37.687 0.0000000000
75993  33.580  8.587  37.554 0.0000000000
84432  46.509  20.565  36.314 0.0000000000
83756  45.065  20.053  35.897 0.0000000000
82558  42.475  17.870  32.354 0.0000000000
82592  41.825  18.187  30.860 0.0000000000
117747  41.834  17.419  29.863 0.0000000000
82598  43.512  17.301  29.942 0.0000000000
81946  42.264  16.621  29.156 0.0000000000
103926  40.760  16.232  27.734 0.0000000000
81877  51.136  15.505  37.112 0.0000000000
81265  48.618  15.217  34.969 0.0000000000
81254  51.436  14.903  36.270 0.0000000000
81253  51.915  14.960  35.456 0.0000000000
81892  52.236  15.354  33.830 0.0000000000
81914  51.947  16.510  31.546 0.0000000000
81924  51.307  16.345  29.952 0.0000000000
79872  45.759  13.231  28.348 0.0000000000
106048  46.773  13.582  28.565 0.0000000000
79870  47.873  13.923  27.668 0.0000000000
79901  46.782  13.960  23.872 0.0000000000
80647  47.984  14.604  25.480 0.0000000000
79869  49.292  14.222  27.817 0.0000000000
80637  51.105  15.269  27.628 0.0000000000
81318  50.922  15.662  27.370 0.0000000000
81308  49.352  16.167  28.496 0.0000000000
81332  48.256  16.278  26.940 0.0000000000
81345  46.152  16.182  26.386 0.0000000000
81970  44.739  16.135  25.686 0.0000000000
82008  45.255  16.497  22.332 0.0000000000
81991  44.339  16.501  23.665 0.0000000000
81982  43.293  16.384  24.115 0.0000000000
105931  41.394  15.520  23.853 0.0000000000
76095  42.516  8.376  24.206 0.0000000000
82543  41.293  17.662  33.587 0.0000000000
82522  41.603  17.912  34.391 0.0000000000
78269  39.724  10.406  39.369 0.0000000000
83190  48.766  18.816  30.826 0.0000000000
82585  49.348  17.617  30.681 0.0000000000
81926  48.762  16.884  30.227 0.0000000000
79099  44.477  12.467  30.452 0.0000000000
79098  45.262  12.894  30.949 0.0000000000
79108  44.463  12.417  29.532 0.0000000000
78397  49.419  12.065  20.606 0.0000000000
78407  49.189  12.945  20.124 0.0000000000
78398  48.262  11.994  20.615 0.0000000000
77630  47.016  10.852  21.875 0.0000000000
77629  48.003  10.737  21.757 0.0000000000
83107  50.107  18.358  36.217 0.0000000000
83115  50.577  18.265  35.244 0.0000000000
83140  50.765  18.024  34.497 0.0000000000
125143  47.998  8.330  28.061 0.0000000000
76071  48.366  8.588  27.531 0.0000000000
76070  49.175  8.533  27.593 0.0000000000
76876  54.694  10.736  24.877 0.0000000000
76877  54.429  10.411  24.441 0.0000000000
76890  54.097  11.004  23.749 0.0000000000
81336  39.820  16.133  27.865 0.0000000000
119961  41.766  13.472  35.350 0.0000000000
79825  42.372  13.712  35.084 0.0000000000
116961  42.875  13.156  34.576 0.0000000000
79073  42.581  12.201  34.436 0.0000000000
76009  39.307  8.282  34.694 0.0000000000
115251  39.953  9.017  34.569 0.0000000000
115158  40.312  8.141  34.524 0.0000000000
75216  42.766  7.846  31.632 0.0000000000
75233  43.090  8.254  30.985 0.0000000000
75232  43.889  7.936  30.662 0.0000000000
75214  44.370  7.301  31.096 0.0000000000
83164  46.423  19.200  32.878 0.0000000000
83165  45.487  18.692  33.319 0.0000000000
108368  45.074  18.898  31.423 0.0000000000
81335  44.224  15.823  27.205 0.0000000000
81953  43.540  15.865  27.934 0.0000000000
81960  43.191  15.942  26.926 0.0000000000
81972  42.279  16.206  26.012 0.0000000000
81971  43.179  16.102  25.967 0.0000000000
81246  46.814  15.434  36.632 0.0000000000
80604  49.724  14.128  31.761 0.0000000000
80615  49.821  14.056  30.850 0.0000000000
80614  50.767  14.244  30.477 0.0000000000
79852  50.188  14.164  29.833 0.0000000000
78365  47.379  11.660  24.478 0.0000000000
79147  46.966  12.571  24.080 0.0000000000
81366  48.290  16.922  22.539 0.0000000000
81359  48.622  16.933  23.445 0.0000000000
81988  48.495  17.202  23.645 0.0000000000
81979  47.915  17.263  24.445 0.0000000000
81997  47.671  17.377  22.734 0.0000000000
79160  44.239  12.553  22.961 0.0000000000
79909  44.441  13.739  22.863 0.0000000000
79149  43.735  12.435  23.841 0.0000000000
105340  40.648  17.879  31.398 0.0000000000
121343  40.372  17.959  30.895 0.0000000000
82593  41.030  18.069  30.854 0.0000000000
79046  42.248  11.488  40.351 0.0000000000
79051  41.525  12.215  39.212 0.0000000000
79058  40.228  12.513  37.791 0.0000000000
79804  40.966  12.913  38.188 0.0000000000
84473  51.375  21.037  33.135 0.0000000000
83786  50.683  21.218  33.154 0.0000000000
83795  50.570  20.872  32.479 0.0000000000
113640  48.310  19.685  30.939 0.0000000000
83808  48.580  20.095  31.345 0.0000000000
83182  47.557  19.758  30.983 0.0000000000
83809  47.546  19.914  31.382 0.0000000000
83192  46.813  19.214  30.758 0.0000000000
117745  46.233  18.460  30.527 0.0000000000
81310  46.932  15.976  29.089 0.0000000000
81943  46.104  16.670  29.930 0.0000000000
81323  45.579  15.799  28.204 0.0000000000
80578  46.104  13.991  33.616 0.0000000000
79828  46.511  13.556  32.995 0.0000000000
79855  47.027  13.497  30.780 0.0000000000
121820  47.949  13.640  31.061 0.0000000000
79864  47.018  13.635  29.695 0.0000000000
123696  50.820  13.830  21.324 0.0000000000
79166  49.449  13.750  21.561 0.0000000000
79916  50.226  14.201  20.586 0.0000000000
79934  49.087  14.552  19.935 0.0000000000
79925  49.462  14.432  20.160 0.0000000000
80684  48.767  15.012  20.060 0.0000000000
80685  48.067  15.606  20.283 0.0000000000
80691  47.498  15.429  19.998 0.0000000000
81386  46.878  15.702  20.218 0.0000000000
79936  47.110  14.525  19.948 0.0000000000
116913  46.162  11.691  21.143 0.0000000000
79174  45.932  13.117  20.622 0.0000000000
78400  45.619  11.713  21.307 0.0000000000
78401  45.065  11.775  21.528 0.0000000000
78388  45.131  11.157  21.605 0.0000000000
77632  45.004  10.597  21.823 0.0000000000
76894  46.230  9.835  23.209 0.0000000000
76895  45.114  9.759  22.956 0.0000000000
76769  36.990  9.767  38.238 0.0000000000
77511  37.485  10.222  37.649 0.0000000000
76782  36.955  9.916  37.132 0.0000000000
76003  37.847  8.091  35.137 0.0000000000
76010  38.372  8.680  34.938 0.0000000000
75192  38.028  7.305  35.185 0.0000000000
115248  51.299  18.556  33.039 0.0000000000
105746  51.150  18.689  32.412 0.0000000000
83179  50.767  18.768  31.794 0.0000000000
82557  51.417  17.482  32.109 0.0000000000
76846  45.010  10.161  27.921 0.0000000000
77571  44.804  10.941  27.818 0.0000000000
76845  45.660  9.850  27.466 0.0000000000
76869  47.916  9.726  26.027 0.0000000000
76870  47.143  9.991  26.113 0.0000000000
77589  47.505  10.368  25.558 0.0000000000
77587  49.104  10.410  24.990 0.0000000000
121360  50.600  9.085  26.879 0.0000000000
76854  51.469  9.672  26.191 0.0000000000
77599  53.297  11.366  24.851 0.0000000000
76878  51.804  10.767  24.955 0.0000000000
77600  51.155  11.201  24.352 0.0000000000
77601  49.902  10.924  24.392 0.0000000000
77613  52.248  12.182  23.555 0.0000000000
118054  51.515  12.567  22.947 0.0000000000
76903  52.334  10.857  22.295 0.0000000000
77626  52.370  11.974  21.829 0.0000000000
77639  51.296  11.756  21.239 0.0000000000
77627  51.375  10.762  21.826 0.0000000000
76905  50.376  9.811  22.262 0.0000000000
80541  45.367  14.362  39.286 0.0000000000
81230  45.534  14.883  38.428 0.0000000000
104738  46.610  14.933  38.478 0.0000000000
80544  42.758  13.909  38.276 0.0000000000
81260  44.058  15.164  35.897 0.0000000000
80561  44.339  14.963  35.042 0.0000000000
80569  43.978  14.197  34.634 0.0000000000
79078  43.924  12.113  33.586 0.0000000000
79080  44.647  12.391  32.411 0.0000000000
78281  38.636  11.099  36.355 0.0000000000
77519  38.980  10.958  35.545 0.0000000000
77525  40.327  10.484  34.660 0.0000000000
78289  40.091  11.161  34.886 0.0000000000
78288  40.931  11.169  34.640 0.0000000000
75203  41.717  7.310  33.855 0.0000000000
76013  41.774  8.167  33.741 0.0000000000
76801  42.239  9.596  33.563 0.0000000000
77529  42.468  10.393  33.947 0.0000000000
108545  42.633  10.232  33.215 0.0000000000
78292  42.990  10.940  33.658 0.0000000000
77549  42.875  10.064  30.467 0.0000000000
115121  43.250  10.665  30.161 0.0000000000
125372  43.220  10.113  29.929 0.0000000000
77556  43.582  10.513  29.551 0.0000000000
76829  43.665  9.783  29.537 0.0000000000
76032  45.065  8.251  29.819 0.0000000000
76042  45.576  8.461  29.310 0.0000000000
123401  46.079  8.171  29.497 0.0000000000
75260  47.078  8.126  28.969 0.0000000000
117725  46.611  6.964  31.490 0.0000000000
107724  48.929  7.516  30.396 0.0000000000
76772  34.819  9.378  38.855 0.0000000000
76771  35.613  9.389  38.797 0.0000000000
76785  34.936  9.195  37.896 0.0000000000
75991  35.193  8.761  37.087 0.0000000000
75992  34.379  8.623  37.328 0.0000000000
83763  46.418  19.572  35.297 0.0000000000
83754  46.986  20.086  35.766 0.0000000000
83755  46.025  19.987  35.855 0.0000000000
83764  45.481  19.443  35.421 0.0000000000
123805  44.367  18.179  33.994 0.0000000000
82541  43.139  17.835  33.218 0.0000000000
115316  42.759  18.378  30.904 0.0000000000
115913  42.255  18.022  30.456 0.0000000000
82600  41.439  17.898  30.452 0.0000000000
82589  44.655  18.028  30.390 0.0000000000
116974  42.707  16.004  27.735 0.0000000000
120308  42.278  16.239  28.313 0.0000000000
81955  41.528  16.383  28.483 0.0000000000
81963  40.710  16.256  26.567 0.0000000000
81984  40.752  16.130  24.710 0.0000000000
81221  49.514  15.326  40.054 0.0000000000
115539  49.800  14.613  37.837 0.0000000000
81235  50.551  14.932  38.309 0.0000000000
81234  51.021  15.042  37.823 0.0000000000
81243  51.287  14.878  37.163 0.0000000000
80565  47.655  14.933  34.027 0.0000000000
81274  49.058  14.927  34.197 0.0000000000
81273  50.611  14.635  34.428 0.0000000000
81263  51.698  14.707  35.265 0.0000000000
81262  52.169  14.874  34.696 0.0000000000
81884  51.985  15.581  34.560 0.0000000000
81271  52.201  14.853  33.766 0.0000000000
80601  52.064  14.721  30.442 0.0000000000
81281  52.426  14.975  31.904 0.0000000000
120701  52.292  15.526  30.460 0.0000000000
81923  52.036  16.151  30.574 0.0000000000
81937  52.036  15.692  29.750 0.0000000000
78339  45.287  11.768  27.153 0.0000000000
111104  45.103  12.636  28.210 0.0000000000
79126  45.162  12.254  27.598 0.0000000000
79871  46.631  13.525  27.442 0.0000000000
79863  47.916  13.888  28.782 0.0000000000
79168  47.337  14.007  22.683 0.0000000000
79159  46.900  13.485  23.664 0.0000000000
79908  47.058  14.127  23.222 0.0000000000
80656  49.355  15.926  24.754 0.0000000000
80657  47.784  14.951  24.606 0.0000000000
80646  49.328  15.039  25.647 0.0000000000
80640  49.195  14.479  26.639 0.0000000000
80639  50.359  14.962  26.608 0.0000000000
80631  50.674  14.794  27.427 0.0000000000
81330  50.502  16.233  26.055 0.0000000000
81319  50.476  16.116  26.633 0.0000000000
81307  50.562  16.067  28.194 0.0000000000
81320  49.266  16.232  27.500 0.0000000000
109979  46.838  16.732  25.396 0.0000000000
81980  45.666  16.546  25.121 0.0000000000
81969  45.632  16.256  25.867 0.0000000000
81373  45.859  16.226  21.272 0.0000000000
82007  46.036  16.682  21.719 0.0000000000
81374  44.932  16.043  21.997 0.0000000000
82000  43.964  16.166  22.827 0.0000000000
81368  43.078  15.877  22.978 0.0000000000
113172  43.444  16.312  23.349 0.0000000000
81360  42.754  16.129  23.378 0.0000000000
119214  41.909  16.035  23.716 0.0000000000
81361  42.330  15.671  23.414 0.0000000000
79142  42.829  12.411  25.400 0.0000000000
79897  42.222  13.780  25.252 0.0000000000
76883  43.519  8.969  23.140 0.0000000000
82560  39.902  17.643  32.252 0.0000000000
123775  41.196  17.791  31.749 0.0000000000
79047  41.409  10.998  40.173 0.0000000000
78268  40.621  10.542  39.862 0.0000000000
79053  39.957  11.557  38.586 0.0000000000
79059  39.595  12.059  37.356 0.0000000000
83180  50.191  19.786  31.575 0.0000000000
83181  49.213  19.720  31.174 0.0000000000
82587  47.143  18.211  30.505 0.0000000000
81927  47.656  17.084  30.273 0.0000000000
81309  48.102  16.052  28.814 0.0000000000
79836  45.998  13.166  32.519 0.0000000000
79172  51.183  13.566  20.826 0.0000000000
79180  50.404  14.034  20.429 0.0000000000
78406  50.240  13.202  20.305 0.0000000000
79181  49.173  13.851  19.868 0.0000000000
79182  48.247  13.928  19.819 0.0000000000
116295  47.448  13.966  19.901 0.0000000000
78409  47.233  13.060  20.163 0.0000000000
78399  47.085  12.043  20.746 0.0000000000
77643  46.511  11.298  21.372 0.0000000000
77631  45.986  10.773  21.829 0.0000000000
76908  46.602  10.349  22.494 0.0000000000
109478  47.297  9.722  23.229 0.0000000000
76791  35.990  9.021  36.784 0.0000000000
76790  36.806  9.352  36.390 0.0000000000
75998  36.339  8.650  36.160 0.0000000000
83114  51.993  20.119  34.484 0.0000000000
76844  46.281  9.123  27.778 0.0000000000
76858  46.349  9.702  26.998 0.0000000000
76843  47.078  9.164  27.146 0.0000000000
76083  47.978  9.046  26.910 0.0000000000
76856  48.550  9.360  26.321 0.0000000000
76853  53.356  10.111  26.381 0.0000000000
76865  54.330  10.580  25.774 0.0000000000
77598  54.206  11.527  24.533 0.0000000000
78361  54.116  11.795  24.125 0.0000000000
78374  53.760  12.036  23.604 0.0000000000
77612  53.702  11.786  23.356 0.0000000000
76902  53.276  10.851  22.931 0.0000000000
80542  44.492  14.176  39.035 0.0000000000
80556  41.697  13.955  36.521 0.0000000000
80555  42.439  14.395  36.442 0.0000000000
80563  42.724  14.330  35.549 0.0000000000
79824  43.718  13.355  34.350 0.0000000000
79072  43.494  12.496  34.166 0.0000000000
77527  38.879  10.205  35.107 0.0000000000
76798  39.684  9.925  34.705 0.0000000000
76797  40.586  9.608  34.504 0.0000000000
74367  42.581  6.819  32.723 0.0000000000
75206  42.445  7.639  32.436 0.0000000000
76016  42.431  8.540  32.134 0.0000000000
77531  42.614  10.142  32.236 0.0000000000
76812  42.509  9.334  31.722 0.0000000000
76821  42.772  9.201  30.827 0.0000000000
76044  43.912  9.044  29.725 0.0000000000
76033  44.324  8.372  30.048 0.0000000000
75247  45.768  7.964  29.934 0.0000000000
74376  47.392  6.891  31.764 0.0000000000
74375  48.867  7.081  31.621 0.0000000000
83798  47.121  19.476  33.597 0.0000000000
83142  45.463  18.759  34.317 0.0000000000
83166  44.543  18.261  33.229 0.0000000000
83175  43.366  18.131  32.146 0.0000000000
120973  44.270  18.467  31.946 0.0000000000
83195  43.696  18.500  30.845 0.0000000000
81944  44.694  16.078  29.220 0.0000000000
117706  43.757  16.061  28.844 0.0000000000
105910  41.689  16.208  26.571 0.0000000000
81362  40.735  15.654  24.371 0.0000000000
108640  48.098  14.759  38.703 0.0000000000
112741  49.717  14.701  36.840 0.0000000000
80589  48.433  14.116  32.559 0.0000000000
120581  49.310  14.554  33.360 0.0000000000
80588  49.567  14.288  32.564 0.0000000000
109113  50.797  14.376  32.532 0.0000000000
80573  51.848  14.634  32.910 0.0000000000
80587  51.541  14.468  31.975 0.0000000000
80602  51.502  14.406  30.972 0.0000000000
80622  51.562  14.674  29.093 0.0000000000
78354  46.058  12.018  25.824 0.0000000000
79132  45.569  12.436  26.959 0.0000000000
79140  45.968  12.593  26.228 0.0000000000
79139  46.294  12.868  25.400 0.0000000000
79895  46.416  13.370  25.852 0.0000000000
80675  47.354  14.777  23.113 0.0000000000
80674  48.195  16.024  23.104 0.0000000000
80664  48.673  16.135  23.888 0.0000000000
80655  50.163  15.995  25.447 0.0000000000
81353  49.699  16.729  24.966 0.0000000000
81343  49.416  16.745  25.607 0.0000000000
81968  48.248  17.128  25.030 0.0000000000
106780  46.696  17.028  24.607 0.0000000000
79928  45.257  13.819  21.521 0.0000000000
80680  44.631  15.464  22.062 0.0000000000
79920  44.860  14.025  22.189 0.0000000000
113085  43.830  14.485  23.203 0.0000000000
80666  43.101  14.536  23.725 0.0000000000
79902  43.418  13.461  24.410 0.0000000000
79141  43.284  12.405  24.698 0.0000000000
82511  49.906  17.359  36.264 0.0000000000
82574  39.816  17.847  31.200 0.0000000000
82602  39.956  17.286  30.177 0.0000000000
81948  40.426  16.844  29.581 0.0000000000
79802  42.461  13.211  38.891 0.0000000000
79808  42.070  13.723  38.101 0.0000000000
79803  41.732  13.134  38.523 0.0000000000
79809  41.442  13.620  37.470 0.0000000000
79815  41.144  13.527  36.528 0.0000000000
79821  41.370  13.554  35.870 0.0000000000
79074  41.264  12.913  35.300 0.0000000000
75198  40.642  7.338  34.514 0.0000000000
75197  41.253  7.123  34.287 0.0000000000
73450  41.688  6.364  34.132 0.0000000000
74353  42.219  6.619  33.446 0.0000000000
123602  42.937  6.481  32.489 0.0000000000
74379  43.985  6.626  31.759 0.0000000000
83787  49.182  20.583  33.733 0.0000000000
83802  49.577  20.533  31.900 0.0000000000
83797  48.239  20.155  33.059 0.0000000000
83173  46.591  19.539  31.699 0.0000000000
83184  45.860  19.231  31.199 0.0000000000
114059  45.149  18.931  30.957 0.0000000000
83193  45.964  19.110  30.863 0.0000000000
81929  45.241  17.389  30.199 0.0000000000
117942  46.654  17.373  30.288 0.0000000000
111022  45.230  16.566  29.793 0.0000000000
81267  46.151  15.271  34.821 0.0000000000
80566  46.568  14.753  34.090 0.0000000000
80590  47.405  13.841  32.704 0.0000000000
79835  46.868  13.425  32.241 0.0000000000
79834  47.917  13.651  31.940 0.0000000000
78378  49.003  12.149  23.308 0.0000000000
79158  48.511  12.874  22.671 0.0000000000
79167  48.141  13.743  21.979 0.0000000000
79918  48.074  14.899  21.393 0.0000000000
106785  48.100  16.110  20.856 0.0000000000
111694  47.864  16.736  21.226 0.0000000000
82005  47.929  17.102  21.935 0.0000000000
82006  47.201  17.198  21.729 0.0000000000
81379  47.197  16.398  20.562 0.0000000000
81380  46.293  15.997  20.690 0.0000000000
80686  45.978  15.024  20.443 0.0000000000
79183  46.642  13.486  20.224 0.0000000000
79937  46.284  14.163  20.280 0.0000000000
79927  45.693  13.910  20.764 0.0000000000
78380  44.340  11.541  22.213 0.0000000000
77616  43.521  9.754  22.490 0.0000000000
117985  43.986  9.540  22.572 0.0000000000
76882  44.652  9.283  23.597 0.0000000000
76108  44.244  8.843  24.294 0.0000000000
77510  38.151  10.333  38.307 0.0000000000
77516  38.002  10.652  36.935 0.0000000000
76793  37.454  9.467  35.760 0.0000000000
123103  37.795  9.920  35.737 0.0000000000
77521  38.151  9.591  35.288 0.0000000000
84467  51.694  21.310  33.995 0.0000000000
83794  51.609  20.596  33.102 0.0000000000
83801  51.143  20.658  32.513 0.0000000000
83171  50.931  19.901  32.084 0.0000000000
82584  50.530  17.205  30.816 0.0000000000
78323  44.114  11.724  29.222 0.0000000000
78333  44.475  11.487  28.424 0.0000000000
125655  45.133  11.221  27.368 0.0000000000
120404  45.485  11.158  26.864 0.0000000000
77578  46.462  10.233  26.381 0.0000000000
78344  46.004  11.098  26.199 0.0000000000
78353  46.413  11.406  25.592 0.0000000000
78352  47.009  11.120  25.168 0.0000000000
78364  48.408  11.486  24.130 0.0000000000
120446  49.623  8.822  27.073 0.0000000000
117642  49.606  9.223  26.418 0.0000000000
76868  49.220  9.750  25.691 0.0000000000
76867  51.259  10.092  25.513 0.0000000000
78363  49.501  11.508  23.850 0.0000000000
78377  50.334  12.362  23.052 0.0000000000
79156  51.455  13.319  22.123 0.0000000000
79165  51.459  13.576  21.347 0.0000000000
78386  52.578  12.733  22.304 0.0000000000
79164  51.873  13.254  21.530 0.0000000000
77640  49.773  11.198  21.229 0.0000000000
77628  49.516  10.262  21.970 0.0000000000
76892  49.312  9.353  22.713 0.0000000000
81228  47.746  14.658  39.555 0.0000000000
81237  46.742  15.205  37.565 0.0000000000
81247  45.766  15.462  36.675 0.0000000000
80538  44.211  13.317  39.800 0.0000000000
80548  44.076  14.702  38.029 0.0000000000
80549  43.133  14.551  37.411 0.0000000000
81239  44.759  15.063  37.658 0.0000000000
81248  44.836  15.356  36.616 0.0000000000
123095  45.239  15.490  36.131 0.0000000000
81258  45.768  15.507  35.722 0.0000000000
81268  45.189  15.145  34.888 0.0000000000
80579  45.298  13.801  33.846 0.0000000000
79823  44.528  13.572  34.110 0.0000000000
79830  44.972  13.084  33.525 0.0000000000
79077  45.271  12.798  32.875 0.0000000000
79090  44.577  12.428  31.443 0.0000000000
78303  43.916  11.947  30.930 0.0000000000
78274  39.075  11.601  36.908 0.0000000000
79066  39.548  12.010  36.422 0.0000000000
78284  39.626  11.413  35.377 0.0000000000
79070  39.815  12.042  35.787 0.0000000000
79069  40.489  12.471  35.574 0.0000000000
79075  41.023  12.103  34.896 0.0000000000
112485  41.711  12.401  34.742 0.0000000000
76796  41.376  9.312  34.273 0.0000000000
111749  41.845  9.011  33.825 0.0000000000
77523  41.955  10.659  34.362 0.0000000000
78291  43.535  11.447  33.257 0.0000000000
77540  42.973  10.790  31.810 0.0000000000
78295  43.521  11.391  32.352 0.0000000000
78304  43.441  11.383  31.384 0.0000000000
78314  43.476  11.322  30.491 0.0000000000
77564  43.963  10.987  29.018 0.0000000000
76837  44.083  10.174  29.007 0.0000000000
76836  44.713  9.757  28.544 0.0000000000
76060  45.104  9.039  28.833 0.0000000000
76058  46.648  8.543  28.413 0.0000000000
76057  47.388  8.379  28.278 0.0000000000
75213  45.281  7.230  30.999 0.0000000000
111532  45.702  7.560  30.528 0.0000000000
75230  46.406  7.593  30.364 0.0000000000
75212  47.103  7.287  30.944 0.0000000000
121034  47.118  7.602  30.196 0.0000000000
75245  47.531  7.788  29.612 0.0000000000
75244  48.466  7.737  29.659 0.0000000000
77504  38.544  9.394  39.534 0.0000000000
76757  36.481  8.940  39.799 0.0000000000
76770  36.373  9.471  38.634 0.0000000000
76001  33.867  8.001  37.044 0.0000000000
84445  44.273  19.887  35.740 0.0000000000
83117  44.924  18.867  34.932 0.0000000000
114879  44.586  19.397  35.467 0.0000000000
114141  43.758  19.450  35.494 0.0000000000
82542  42.237  17.733  33.619 0.0000000000
82559  41.679  17.804  31.983 0.0000000000
83176  42.859  18.254  31.493 0.0000000000
82572  42.162  18.147  31.357 0.0000000000
124809  41.123  17.408  29.914 0.0000000000
81947  41.312  16.768  29.291 0.0000000000
83194  44.493  18.591  30.770 0.0000000000
82590  43.945  18.070  30.411 0.0000000000
81945  43.163  16.598  29.358 0.0000000000
82599  42.674  17.380  29.881 0.0000000000
81956  40.623  16.406  28.655 0.0000000000
81974  40.216  16.130  25.404 0.0000000000
81226  50.007  15.154  39.114 0.0000000000
82507  49.459  16.648  38.084 0.0000000000
82512  50.640  15.943  37.670 0.0000000000
81256  48.243  15.315  35.752 0.0000000000
122170  49.625  14.849  35.983 0.0000000000
81264  50.536  14.691  35.528 0.0000000000
81255  50.823  14.588  36.735 0.0000000000
81882  51.522  15.169  36.345 0.0000000000
82520  51.585  15.937  35.164 0.0000000000
81270  52.350  14.911  32.843 0.0000000000
81904  52.126  16.120  32.724 0.0000000000
82583  51.406  16.764  30.823 0.0000000000
79118  44.582  12.259  28.722 0.0000000000
79117  45.023  12.941  28.978 0.0000000000
79865  45.871  13.362  29.302 0.0000000000
79878  45.641  12.931  27.547 0.0000000000
79862  48.791  14.011  29.071 0.0000000000
116468  46.683  13.858  24.799 0.0000000000
120431  46.961  14.134  25.438 0.0000000000
79877  47.891  14.159  26.557 0.0000000000
79861  49.956  14.243  28.754 0.0000000000
120875  50.971  14.710  28.099 0.0000000000
106684  51.483  14.935  28.303 0.0000000000
80638  50.783  15.639  26.684 0.0000000000
80630  51.388  15.258  28.064 0.0000000000
81305  51.648  15.249  28.475 0.0000000000
81306  51.249  15.585  28.203 0.0000000000
81939  50.817  16.154  29.047 0.0000000000
81940  49.575  16.344  29.378 0.0000000000
81321  47.815  16.027  28.102 0.0000000000
81333  46.610  16.006  27.152 0.0000000000
81346  44.978  15.917  26.482 0.0000000000
104065  43.735  16.196  25.339 0.0000000000
81998  46.365  17.099  22.439 0.0000000000
105148  46.547  17.231  23.222 0.0000000000
81999  45.315  16.752  23.062 0.0000000000
81981  44.568  16.418  24.718 0.0000000000
104005  42.125  16.309  24.009 0.0000000000
81992  41.340  16.076  24.118 0.0000000000
110070  41.326  15.020  23.953 0.0000000000
79903  42.619  14.167  24.538 0.0000000000
80658  41.660  14.553  24.443 0.0000000000
76041  46.320  8.329  29.081 0.0000000000
76072  47.624  8.676  27.604 0.0000000000
76857  47.497  9.487  26.533 0.0000000000
77579  45.826  10.413  26.827 0.0000000000
77585  54.545  11.113  24.752 0.0000000000
77586  54.308  11.121  25.188 0.0000000000
77588  48.365  10.087  25.495 0.0000000000
77597  54.317  11.455  24.402 0.0000000000
77602  48.055  10.806  24.872 0.0000000000
77611  54.177  11.641  23.994 0.0000000000
78340  44.913  11.629  27.730 0.0000000000
78375  53.250  12.448  23.076 0.0000000000
78385  53.358  12.322  23.032 0.0000000000
78387  52.080  13.293  21.865 0.0000000000
78395  51.619  12.900  21.059 0.0000000000
79833  48.848  13.951  32.000 0.0000000000
79924  50.230  14.135  20.377 0.0000000000
80572  52.110  14.735  32.301 0.0000000000
80612  51.994  14.857  29.450 0.0000000000
80613  51.556  14.490  30.000 0.0000000000
80623  50.914  14.443  28.913 0.0000000000
80629  51.784  15.010  28.627 0.0000000000
80645  50.495  15.873  26.019 0.0000000000
80667  41.965  14.962  23.700 0.0000000000
80668  40.326  15.358  24.568 0.0000000000
81272  51.708  14.626  34.343 0.0000000000
81288  52.403  15.015  30.911 0.0000000000
81296  52.267  15.113  29.960 0.0000000000
81367  43.893  15.705  22.614 0.0000000000
81385  47.564  16.006  20.283 0.0000000000
81891  52.358  15.201  33.190 0.0000000000
81903  52.391  15.512  32.295 0.0000000000
81913  52.372  15.603  31.265 0.0000000000
81938  51.608  15.658  28.976 0.0000000000
81967  49.046  17.072  25.050 0.0000000000
82013  47.564  16.877  21.134 0.0000000000
104294  42.660  16.324  24.999 0.0000000000
109324  43.882  16.533  29.530 0.0000000000
110862  47.884  15.794  22.469 0.0000000000
110991  48.055  13.874  29.645 0.0000000000
111485  52.398  11.532  24.364 0.0000000000
114284  45.672  12.315  21.099 0.0000000000
117045  44.944  14.778  21.730 0.0000000000
117805  48.853  10.666  21.670 0.0000000000
121610  39.899  16.186  26.977 0.0000000000
122064  39.190  7.478  34.810 0.0000000000
122308  45.422  14.628  21.078 0.0000000000
122652  50.356  16.143  27.470 0.0000000000
124100  47.974  9.384  26.440 0.0000000000
124802  50.425  9.358  26.316 0.0000000000
125023  49.857  13.821  20.057 0.0000000000
125757  42.510  15.222  23.343 0.0000000000
