#!ascii label  , from subject sub-v1s4x0050707_ses-1 vox2ras=TkReg
941
43999  14.235  -26.255  73.970 0.0000000000
43142  3.735  -27.447  65.511 0.0000000000
43952  5.029  -26.424  78.272 0.0000000000
49799  2.635  -20.686  74.158 0.0000000000
50828  0.413  -20.109  65.042 0.0000000000
45049  9.727  -25.486  76.988 0.0000000000
48785  9.542  -21.073  75.911 0.0000000000
41231  16.511  -28.994  73.701 0.0000000000
41224  11.391  -28.809  74.738 0.0000000000
40140  7.416  -29.610  76.317 0.0000000000
52703  5.678  -17.369  68.790 0.0000000000
50760  0.246  -19.979  69.738 0.0000000000
53651  4.074  -16.489  64.649 0.0000000000
43065  1.446  -27.029  75.590 0.0000000000
43101  5.604  -26.793  72.848 0.0000000000
111156  5.558  -23.109  76.794 0.0000000000
50751  8.215  -18.768  72.104 0.0000000000
44033  3.227  -25.586  69.893 0.0000000000
47885  4.592  -22.516  68.629 0.0000000000
106640  5.560  -21.758  63.856 0.0000000000
119264  1.491  -20.550  60.454 0.0000000000
45058  12.373  -25.778  75.378 0.0000000000
46884  11.054  -23.807  75.171 0.0000000000
43075  15.469  -27.793  74.317 0.0000000000
41233  14.048  -29.040  74.070 0.0000000000
42171  13.259  -27.833  75.069 0.0000000000
43052  10.669  -27.214  76.197 0.0000000000
53608  4.412  -16.794  67.045 0.0000000000
43962  2.548  -26.753  77.071 0.0000000000
43967  3.683  -25.849  76.442 0.0000000000
46875  5.574  -23.916  77.867 0.0000000000
122815  10.243  -20.307  72.232 0.0000000000
121340  8.878  -19.808  74.167 0.0000000000
42162  5.928  -28.283  77.694 0.0000000000
40150  4.386  -29.952  76.652 0.0000000000
42165  3.086  -28.242  77.564 0.0000000000
42175  1.119  -28.160  76.640 0.0000000000
46904  4.307  -23.707  73.588 0.0000000000
45096  5.516  -26.331  71.820 0.0000000000
46912  2.833  -23.424  72.568 0.0000000000
116940  0.157  -20.183  67.455 0.0000000000
118355  2.361  -21.441  69.506 0.0000000000
48884  2.238  -21.829  66.782 0.0000000000
48894  5.930  -21.918  66.658 0.0000000000
48928  1.746  -22.001  64.518 0.0000000000
45040  8.238  -25.566  78.293 0.0000000000
46872  7.684  -23.450  78.404 0.0000000000
46879  9.684  -23.167  77.100 0.0000000000
47839  10.826  -21.942  73.663 0.0000000000
40186  17.224  -29.900  72.713 0.0000000000
122838  15.308  -29.867  70.433 0.0000000000
40189  14.299  -29.811  72.799 0.0000000000
39180  12.334  -30.113  73.117 0.0000000000
109877  8.782  -29.307  75.709 0.0000000000
42160  8.400  -27.406  77.524 0.0000000000
117564  3.523  -18.184  72.394 0.0000000000
49813  0.965  -20.385  72.473 0.0000000000
108419  2.595  -17.322  70.225 0.0000000000
52723  1.586  -17.775  67.988 0.0000000000
52750  1.454  -17.923  65.705 0.0000000000
44020  15.325  -26.301  72.339 0.0000000000
40201  19.424  -29.421  70.321 0.0000000000
107550  21.987  -28.909  73.590 0.0000000000
42191  18.498  -28.798  73.705 0.0000000000
43100  17.138  -27.132  73.218 0.0000000000
42203  -0.094  -28.291  72.697 0.0000000000
42211  1.872  -28.587  71.716 0.0000000000
43079  3.324  -27.252  74.335 0.0000000000
45070  5.588  -25.197  74.717 0.0000000000
47823  4.589  -21.867  75.464 0.0000000000
48776  7.077  -21.306  77.295 0.0000000000
50710  6.073  -20.041  75.658 0.0000000000
51715  4.933  -18.907  74.177 0.0000000000
51747  6.362  -17.802  70.659 0.0000000000
42218  4.428  -28.700  70.685 0.0000000000
43113  4.707  -27.736  69.020 0.0000000000
44052  3.408  -26.415  67.728 0.0000000000
47869  2.087  -22.187  71.458 0.0000000000
46934  3.421  -23.932  69.798 0.0000000000
45136  4.060  -25.356  67.408 0.0000000000
107254  5.951  -24.264  66.683 0.0000000000
46961  7.496  -23.336  65.447 0.0000000000
53668  3.104  -16.259  62.917 0.0000000000
119520  1.752  -17.248  63.084 0.0000000000
52799  1.652  -17.179  61.329 0.0000000000
50854  1.164  -20.852  62.940 0.0000000000
106687  2.662  -21.644  62.125 0.0000000000
43986  13.123  -26.087  75.038 0.0000000000
45068  12.593  -25.324  74.678 0.0000000000
45085  13.389  -25.251  73.225 0.0000000000
43984  14.525  -26.823  74.363 0.0000000000
43062  14.382  -27.760  74.795 0.0000000000
43971  13.474  -26.803  75.125 0.0000000000
43972  12.721  -26.467  75.401 0.0000000000
43163  3.771  -27.773  64.195 0.0000000000
44106  4.120  -26.949  65.028 0.0000000000
43956  3.688  -26.467  77.620 0.0000000000
45048  4.017  -25.854  77.620 0.0000000000
45962  5.403  -24.893  78.211 0.0000000000
109464  16.818  -29.838  69.023 0.0000000000
43044  5.779  -27.022  78.343 0.0000000000
42163  4.222  -28.260  77.729 0.0000000000
43046  4.193  -27.512  77.866 0.0000000000
43051  2.944  -27.636  77.527 0.0000000000
111280  3.377  -22.587  74.095 0.0000000000
45990  3.730  -23.985  72.930 0.0000000000
47841  2.488  -21.958  73.324 0.0000000000
50806  0.174  -20.563  66.567 0.0000000000
117157  0.453  -21.656  66.932 0.0000000000
48899  0.734  -22.019  66.036 0.0000000000
48909  1.715  -22.183  65.186 0.0000000000
48930  1.312  -21.764  64.901 0.0000000000
45045  8.824  -25.686  77.734 0.0000000000
121404  8.913  -24.032  77.775 0.0000000000
46876  9.700  -23.947  77.086 0.0000000000
46903  11.225  -22.800  73.494 0.0000000000
48828  11.048  -21.088  71.809 0.0000000000
40163  16.479  -29.231  73.542 0.0000000000
40187  16.304  -29.733  72.768 0.0000000000
40177  15.840  -29.408  73.441 0.0000000000
40155  13.089  -29.111  74.176 0.0000000000
40166  13.495  -29.460  73.841 0.0000000000
40168  11.472  -29.595  73.982 0.0000000000
41225  10.306  -28.988  75.048 0.0000000000
43053  9.820  -26.801  76.825 0.0000000000
105040  9.216  -27.085  77.144 0.0000000000
43054  9.143  -26.460  77.331 0.0000000000
43041  8.216  -26.495  78.094 0.0000000000
52685  4.742  -17.389  70.444 0.0000000000
52681  3.022  -17.564  71.212 0.0000000000
104867  3.862  -17.201  69.518 0.0000000000
53625  3.943  -16.638  66.317 0.0000000000
53609  3.545  -16.918  67.141 0.0000000000
53626  3.105  -16.891  66.394 0.0000000000
52737  1.314  -18.011  66.632 0.0000000000
53639  2.582  -17.061  65.767 0.0000000000
109676  18.689  -29.396  73.280 0.0000000000
42195  0.383  -27.701  74.232 0.0000000000
42194  1.889  -27.914  73.114 0.0000000000
43080  2.004  -27.234  74.628 0.0000000000
45971  5.425  -23.901  76.467 0.0000000000
45060  5.437  -25.090  75.425 0.0000000000
46886  5.452  -23.447  75.837 0.0000000000
46887  5.168  -22.876  75.365 0.0000000000
47822  5.387  -22.529  76.165 0.0000000000
47810  8.920  -22.210  77.551 0.0000000000
48771  7.835  -22.129  78.024 0.0000000000
49774  8.670  -21.064  76.764 0.0000000000
50734  8.446  -19.368  73.682 0.0000000000
50712  7.350  -19.747  75.068 0.0000000000
124075  7.087  -18.988  74.317 0.0000000000
50725  5.593  -19.111  74.726 0.0000000000
112041  5.890  -18.521  73.201 0.0000000000
51729  5.928  -18.197  72.300 0.0000000000
104601  6.919  -18.127  71.300 0.0000000000
121919  13.816  -29.863  70.643 0.0000000000
105267  14.538  -29.685  69.699 0.0000000000
39148  7.268  -30.162  75.482 0.0000000000
39158  6.443  -30.454  74.795 0.0000000000
39149  6.392  -30.294  75.474 0.0000000000
40152  2.627  -30.038  76.824 0.0000000000
39152  3.467  -30.541  76.023 0.0000000000
43066  1.000  -27.374  75.958 0.0000000000
43082  0.279  -27.718  74.998 0.0000000000
42200  4.535  -27.837  72.638 0.0000000000
42210  4.032  -28.618  71.356 0.0000000000
42199  5.109  -27.958  71.810 0.0000000000
45107  3.751  -25.765  70.602 0.0000000000
44031  5.166  -27.029  70.302 0.0000000000
44043  4.493  -27.072  69.477 0.0000000000
43114  3.553  -26.848  68.571 0.0000000000
45119  3.275  -25.518  69.267 0.0000000000
50753  0.487  -19.534  71.191 0.0000000000
48829  1.476  -21.520  72.116 0.0000000000
48843  0.840  -20.808  70.449 0.0000000000
48866  3.198  -21.554  69.019 0.0000000000
103902  2.964  -21.836  69.889 0.0000000000
46933  4.016  -23.085  69.275 0.0000000000
46037  3.628  -25.262  68.245 0.0000000000
46036  4.526  -24.324  67.982 0.0000000000
46045  5.056  -24.717  67.119 0.0000000000
46035  5.486  -23.778  67.484 0.0000000000
48906  5.441  -21.553  65.472 0.0000000000
47899  7.062  -22.932  65.970 0.0000000000
48904  6.847  -22.072  65.020 0.0000000000
54587  2.533  -15.745  62.134 0.0000000000
53669  2.032  -16.923  63.343 0.0000000000
53682  1.853  -16.676  62.417 0.0000000000
52827  1.868  -18.331  59.688 0.0000000000
51876  1.524  -19.255  60.606 0.0000000000
51862  1.577  -18.167  61.561 0.0000000000
118121  1.533  -20.856  61.274 0.0000000000
48969  2.282  -21.615  62.754 0.0000000000
49925  1.834  -21.314  60.917 0.0000000000
45053  11.163  -25.645  76.164 0.0000000000
45969  10.968  -24.944  76.176 0.0000000000
45069  11.987  -25.157  75.246 0.0000000000
42184  15.661  -28.296  74.125 0.0000000000
105333  14.989  -28.930  73.893 0.0000000000
42177  14.476  -28.254  74.603 0.0000000000
113113  13.834  -28.323  74.708 0.0000000000
42172  12.394  -28.083  75.150 0.0000000000
41214  10.805  -28.474  75.363 0.0000000000
104838  11.590  -27.612  75.604 0.0000000000
43965  11.340  -26.257  76.058 0.0000000000
52734  6.410  -17.213  66.810 0.0000000000
52719  4.975  -16.945  67.595 0.0000000000
53623  5.737  -16.837  66.325 0.0000000000
118792  5.656  -16.451  64.899 0.0000000000
53666  5.552  -16.311  64.032 0.0000000000
43978  1.608  -26.987  76.364 0.0000000000
43976  3.186  -26.371  75.866 0.0000000000
45057  3.319  -25.891  77.081 0.0000000000
45972  5.002  -24.393  77.286 0.0000000000
45967  5.450  -23.722  77.441 0.0000000000
49805  9.980  -20.573  73.745 0.0000000000
49797  9.406  -20.520  74.729 0.0000000000
49806  9.682  -20.240  73.578 0.0000000000
50741  9.424  -19.602  72.492 0.0000000000
50750  8.673  -18.851  71.382 0.0000000000
51745  8.282  -18.540  70.601 0.0000000000
41203  6.648  -29.001  77.159 0.0000000000
40142  5.303  -29.736  76.659 0.0000000000
40138  5.154  -29.306  77.155 0.0000000000
41210  3.775  -29.417  77.291 0.0000000000
41211  2.426  -29.416  77.168 0.0000000000
41219  1.600  -28.994  76.957 0.0000000000
42170  1.869  -28.181  77.122 0.0000000000
43963  1.914  -27.107  76.803 0.0000000000
45078  5.648  -25.684  73.193 0.0000000000
112443  5.690  -27.013  71.959 0.0000000000
45996  5.376  -25.208  72.909 0.0000000000
45089  3.947  -25.068  71.829 0.0000000000
46004  3.000  -24.384  71.238 0.0000000000
50785  0.300  -20.305  68.411 0.0000000000
116564  0.605  -20.688  69.199 0.0000000000
48869  0.320  -20.739  68.058 0.0000000000
48867  1.864  -21.433  68.569 0.0000000000
48883  3.152  -21.489  67.921 0.0000000000
48881  5.451  -21.938  67.406 0.0000000000
48897  3.583  -21.557  66.836 0.0000000000
118618  4.580  -21.548  65.495 0.0000000000
48926  3.878  -21.859  63.971 0.0000000000
108955  1.508  -19.857  58.979 0.0000000000
49931  1.760  -21.287  60.056 0.0000000000
49025  1.567  -21.091  58.450 0.0000000000
45042  6.933  -25.717  78.659 0.0000000000
45960  6.661  -24.816  78.583 0.0000000000
46867  8.121  -24.230  78.373 0.0000000000
47809  9.224  -22.752  77.477 0.0000000000
48778  9.683  -21.649  76.395 0.0000000000
46885  10.616  -23.238  75.599 0.0000000000
47821  10.349  -22.417  75.618 0.0000000000
48795  10.102  -21.186  74.733 0.0000000000
48816  10.358  -20.805  73.184 0.0000000000
39200  17.455  -30.247  71.393 0.0000000000
39219  15.967  -29.979  70.133 0.0000000000
39202  15.883  -29.985  71.009 0.0000000000
40165  14.422  -29.311  73.767 0.0000000000
39179  12.994  -30.001  73.142 0.0000000000
39205  12.476  -30.315  71.793 0.0000000000
40159  8.534  -29.695  75.347 0.0000000000
40139  8.127  -29.575  75.989 0.0000000000
42174  10.096  -28.259  76.004 0.0000000000
41207  8.860  -28.437  76.620 0.0000000000
41201  7.890  -28.503  77.057 0.0000000000
42156  7.447  -27.742  77.785 0.0000000000
107510  7.382  -26.751  78.350 0.0000000000
50736  2.339  -19.536  73.542 0.0000000000
49807  1.721  -20.474  73.500 0.0000000000
51733  1.847  -19.192  72.808 0.0000000000
115132  1.578  -18.212  71.492 0.0000000000
106751  0.600  -18.504  69.922 0.0000000000
52720  4.058  -17.016  67.989 0.0000000000
52706  2.178  -17.439  68.636 0.0000000000
51758  0.748  -18.315  69.181 0.0000000000
51787  0.307  -19.246  67.743 0.0000000000
51800  0.301  -19.416  66.670 0.0000000000
51813  0.524  -19.215  65.628 0.0000000000
44010  15.028  -26.361  72.995 0.0000000000
40203  18.444  -30.176  70.802 0.0000000000
42205  22.734  -27.727  72.405 0.0000000000
42188  22.455  -28.457  73.388 0.0000000000
125067  21.964  -28.703  72.273 0.0000000000
41247  20.530  -29.431  71.746 0.0000000000
40192  19.055  -30.046  71.570 0.0000000000
40193  18.464  -30.233  71.661 0.0000000000
41238  18.058  -29.382  73.387 0.0000000000
107034  17.215  -28.918  73.697 0.0000000000
42192  17.889  -28.521  73.766 0.0000000000
43073  17.131  -28.420  73.875 0.0000000000
43091  15.887  -27.436  73.937 0.0000000000
43997  15.493  -26.840  73.543 0.0000000000
42193  3.239  -28.083  72.787 0.0000000000
43078  4.543  -27.091  74.055 0.0000000000
43989  3.896  -26.732  74.905 0.0000000000
43988  4.998  -26.461  74.573 0.0000000000
43987  5.563  -25.945  74.215 0.0000000000
45982  5.553  -24.631  74.474 0.0000000000
47830  4.218  -22.449  74.743 0.0000000000
48788  3.289  -21.126  74.630 0.0000000000
46873  6.780  -23.446  78.395 0.0000000000
47808  6.371  -22.841  78.088 0.0000000000
48777  6.295  -21.746  77.158 0.0000000000
49786  8.063  -20.230  75.451 0.0000000000
49781  6.698  -20.475  76.073 0.0000000000
48780  5.801  -21.420  76.457 0.0000000000
49788  4.511  -20.608  75.525 0.0000000000
50715  4.318  -20.015  75.178 0.0000000000
50716  3.000  -20.136  74.453 0.0000000000
51730  4.050  -18.418  72.844 0.0000000000
51748  5.474  -17.611  70.919 0.0000000000
52692  6.492  -17.639  69.180 0.0000000000
113990  7.979  -18.317  69.879 0.0000000000
104860  7.244  -17.813  68.617 0.0000000000
52717  7.056  -17.629  67.801 0.0000000000
38213  5.960  -30.740  73.844 0.0000000000
40149  5.059  -30.091  76.288 0.0000000000
43104  5.416  -27.593  71.231 0.0000000000
42222  5.020  -28.200  69.539 0.0000000000
113362  3.687  -26.960  66.356 0.0000000000
47848  2.366  -22.219  72.826 0.0000000000
47859  2.315  -22.558  72.253 0.0000000000
46013  2.774  -23.535  71.375 0.0000000000
48841  1.877  -21.688  70.918 0.0000000000
46926  2.954  -23.609  70.801 0.0000000000
46019  3.217  -24.646  70.079 0.0000000000
45128  3.305  -25.890  68.349 0.0000000000
45137  3.495  -26.045  67.612 0.0000000000
44072  3.848  -26.623  66.342 0.0000000000
44089  4.315  -26.464  65.515 0.0000000000
46951  6.545  -23.139  66.601 0.0000000000
46044  7.001  -24.083  65.854 0.0000000000
54572  5.019  -16.065  63.217 0.0000000000
54585  4.500  -15.687  62.464 0.0000000000
103928  3.649  -16.456  63.760 0.0000000000
52775  2.132  -17.209  64.284 0.0000000000
52764  1.621  -17.793  64.749 0.0000000000
51836  0.971  -19.218  64.053 0.0000000000
52786  1.620  -17.563  62.468 0.0000000000
51835  1.244  -18.981  63.369 0.0000000000
107323  0.703  -20.623  64.280 0.0000000000
48970  1.695  -21.530  63.509 0.0000000000
105533  2.531  -21.796  63.137 0.0000000000
48947  4.183  -21.835  63.208 0.0000000000
48982  3.170  -21.697  62.085 0.0000000000
45067  13.316  -25.767  74.473 0.0000000000
45076  13.708  -25.777  73.906 0.0000000000
43970  14.164  -27.130  74.850 0.0000000000
43985  13.823  -26.383  74.574 0.0000000000
42261  3.512  -28.018  64.612 0.0000000000
43152  3.834  -27.414  64.931 0.0000000000
45044  4.406  -26.009  77.968 0.0000000000
45043  5.192  -25.638  78.297 0.0000000000
109863  17.861  -30.209  70.018 0.0000000000
120027  17.474  -29.904  69.148 0.0000000000
105937  17.107  -30.128  69.678 0.0000000000
43045  4.845  -27.109  78.100 0.0000000000
43953  4.237  -26.761  77.928 0.0000000000
47832  2.711  -21.654  73.847 0.0000000000
46898  2.791  -22.276  73.673 0.0000000000
49882  0.315  -20.956  65.705 0.0000000000
112615  0.408  -21.504  66.415 0.0000000000
121535  0.844  -21.850  65.596 0.0000000000
49896  0.666  -21.268  64.929 0.0000000000
45050  9.164  -25.155  77.452 0.0000000000
45965  9.722  -24.758  77.026 0.0000000000
40164  15.809  -29.091  73.693 0.0000000000
40156  12.008  -29.152  74.246 0.0000000000
40157  10.865  -29.264  74.466 0.0000000000
40158  9.765  -29.413  74.781 0.0000000000
43959  9.765  -26.123  76.945 0.0000000000
43960  9.139  -25.837  77.423 0.0000000000
43954  8.711  -26.212  77.777 0.0000000000
52693  4.582  -17.262  69.663 0.0000000000
104310  5.019  -17.227  69.121 0.0000000000
53637  4.421  -16.511  65.516 0.0000000000
53638  3.431  -16.673  65.427 0.0000000000
43081  0.933  -27.378  74.833 0.0000000000
123291  9.379  -21.268  76.456 0.0000000000
48779  9.120  -21.275  76.741 0.0000000000
49778  9.103  -20.860  76.158 0.0000000000
50743  7.720  -18.803  73.023 0.0000000000
50735  7.608  -19.110  74.014 0.0000000000
51721  6.773  -18.751  73.728 0.0000000000
106318  6.711  -18.460  72.687 0.0000000000
119299  6.606  -18.197  71.943 0.0000000000
115154  7.327  -18.431  72.042 0.0000000000
40147  6.865  -30.033  76.028 0.0000000000
39153  2.716  -30.447  76.365 0.0000000000
122328  0.756  -27.475  75.432 0.0000000000
43067  0.477  -27.804  75.608 0.0000000000
120609  4.148  -28.286  72.049 0.0000000000
116524  5.375  -27.408  72.372 0.0000000000
105788  4.141  -26.391  70.008 0.0000000000
44044  3.354  -26.237  69.195 0.0000000000
49826  0.387  -20.198  70.492 0.0000000000
117813  0.701  -20.673  70.802 0.0000000000
49837  0.470  -20.391  69.643 0.0000000000
48855  3.810  -22.147  69.258 0.0000000000
119197  4.624  -23.415  68.534 0.0000000000
123797  5.048  -23.601  68.044 0.0000000000
46938  5.305  -22.968  68.058 0.0000000000
48925  5.516  -21.638  64.586 0.0000000000
104109  6.117  -21.677  65.081 0.0000000000
48924  6.217  -21.780  64.319 0.0000000000
54606  2.855  -15.117  61.786 0.0000000000
53681  2.324  -16.409  62.659 0.0000000000
54588  1.966  -15.844  61.908 0.0000000000
51888  1.612  -19.105  59.802 0.0000000000
45059  11.658  -25.434  75.760 0.0000000000
45086  12.818  -24.832  73.323 0.0000000000
41221  15.079  -28.507  74.205 0.0000000000
43061  15.018  -28.080  74.546 0.0000000000
43063  13.734  -27.450  75.039 0.0000000000
124924  13.959  -27.976  74.902 0.0000000000
42178  13.162  -28.323  74.801 0.0000000000
43057  12.402  -27.388  75.426 0.0000000000
43964  12.204  -26.703  75.619 0.0000000000
43973  11.943  -26.070  75.757 0.0000000000
52748  6.614  -17.033  66.028 0.0000000000
53649  6.304  -16.486  64.603 0.0000000000
43969  2.279  -26.683  76.766 0.0000000000
45052  2.919  -26.308  77.094 0.0000000000
106369  4.559  -25.127  77.645 0.0000000000
45968  5.142  -24.341  77.770 0.0000000000
49810  10.080  -20.359  72.879 0.0000000000
106559  9.651  -20.465  74.173 0.0000000000
50740  9.976  -19.977  72.139 0.0000000000
109873  8.947  -19.162  72.066 0.0000000000
50758  9.844  -19.407  70.660 0.0000000000
50759  9.121  -18.985  70.703 0.0000000000
42161  6.704  -28.331  77.573 0.0000000000
41204  5.911  -28.890  77.386 0.0000000000
118368  5.151  -28.801  77.487 0.0000000000
42164  3.525  -28.484  77.593 0.0000000000
41205  3.879  -28.886  77.528 0.0000000000
108754  3.042  -28.943  77.468 0.0000000000
41212  2.263  -28.770  77.316 0.0000000000
42169  2.529  -28.193  77.432 0.0000000000
43957  2.968  -26.922  77.422 0.0000000000
43055  2.294  -27.426  77.182 0.0000000000
45988  5.518  -24.905  73.676 0.0000000000
45989  4.900  -24.382  73.277 0.0000000000
45998  3.352  -24.339  72.191 0.0000000000
122007  3.189  -24.580  71.609 0.0000000000
45999  2.945  -24.041  71.859 0.0000000000
49856  0.296  -20.684  67.973 0.0000000000
49847  0.351  -20.507  68.206 0.0000000000
48870  0.343  -20.736  67.938 0.0000000000
112627  0.934  -22.051  66.715 0.0000000000
48885  0.674  -21.608  67.512 0.0000000000
124252  1.695  -21.698  67.519 0.0000000000
48882  4.341  -21.568  67.555 0.0000000000
112121  2.710  -21.951  65.778 0.0000000000
48908  2.440  -22.055  64.837 0.0000000000
105260  3.587  -21.779  64.967 0.0000000000
48927  2.702  -21.928  63.964 0.0000000000
118244  1.706  -19.070  58.609 0.0000000000
114197  1.410  -20.011  57.846 0.0000000000
49939  1.497  -20.702  58.550 0.0000000000
45041  7.833  -25.684  78.496 0.0000000000
108825  7.418  -25.120  78.587 0.0000000000
45959  7.858  -24.920  78.509 0.0000000000
46877  9.269  -23.583  77.509 0.0000000000
46870  8.858  -23.427  77.846 0.0000000000
47814  9.703  -22.398  76.873 0.0000000000
45973  11.356  -24.681  75.533 0.0000000000
45974  10.643  -24.003  76.003 0.0000000000
47829  10.822  -22.347  74.215 0.0000000000
109125  10.359  -21.925  74.869 0.0000000000
47840  10.497  -21.537  74.153 0.0000000000
48806  10.238  -20.957  73.980 0.0000000000
48805  10.594  -21.348  73.450 0.0000000000
118989  17.539  -30.143  72.115 0.0000000000
39186  16.721  -30.051  71.848 0.0000000000
40188  15.290  -29.700  72.822 0.0000000000
39187  15.665  -29.891  71.938 0.0000000000
39188  14.719  -29.928  71.977 0.0000000000
40179  12.862  -29.816  73.542 0.0000000000
111984  12.705  -30.222  72.585 0.0000000000
39190  11.924  -30.355  72.530 0.0000000000
103865  10.521  -30.273  73.153 0.0000000000
119723  9.072  -29.468  75.205 0.0000000000
42173  10.748  -27.906  75.837 0.0000000000
42167  8.938  -27.727  77.059 0.0000000000
42168  8.412  -28.267  77.009 0.0000000000
107812  8.014  -27.871  77.496 0.0000000000
43948  8.105  -26.124  78.326 0.0000000000
107073  7.876  -26.614  78.240 0.0000000000
43949  7.606  -26.272  78.457 0.0000000000
43950  6.799  -26.551  78.518 0.0000000000
115700  3.343  -18.672  72.890 0.0000000000
51725  2.621  -18.917  72.878 0.0000000000
51731  2.845  -18.273  72.303 0.0000000000
52687  2.471  -17.511  70.811 0.0000000000
51750  1.825  -17.756  70.972 0.0000000000
51751  1.102  -18.091  70.669 0.0000000000
52688  1.807  -17.550  70.261 0.0000000000
121516  5.146  -16.822  66.899 0.0000000000
52722  2.284  -17.429  67.778 0.0000000000
52721  3.002  -17.166  67.945 0.0000000000
52707  1.314  -17.889  68.701 0.0000000000
51770  0.306  -19.087  68.601 0.0000000000
51769  0.803  -18.422  68.149 0.0000000000
52749  1.943  -17.501  66.171 0.0000000000
51799  0.825  -18.551  66.172 0.0000000000
51812  1.070  -18.472  65.211 0.0000000000
45094  14.691  -25.969  72.218 0.0000000000
41262  19.031  -29.193  69.552 0.0000000000
120700  18.835  -29.654  69.887 0.0000000000
40202  18.986  -29.882  70.592 0.0000000000
42179  22.286  -28.373  73.894 0.0000000000
109498  22.337  -28.662  73.108 0.0000000000
41242  21.790  -29.066  72.915 0.0000000000
41246  21.357  -29.100  72.122 0.0000000000
41243  20.723  -29.455  72.784 0.0000000000
40184  19.185  -29.992  72.403 0.0000000000
123317  18.792  -30.156  72.026 0.0000000000
42181  18.456  -29.101  73.518 0.0000000000
41230  17.828  -29.160  73.528 0.0000000000
42182  17.869  -28.876  73.665 0.0000000000
43089  17.546  -27.872  73.714 0.0000000000
43090  16.686  -27.663  73.803 0.0000000000
43074  16.216  -28.066  74.090 0.0000000000
44009  15.759  -26.604  72.863 0.0000000000
43998  14.780  -26.541  73.711 0.0000000000
42202  1.151  -28.139  72.479 0.0000000000
43094  2.655  -27.629  73.709 0.0000000000
43093  3.949  -27.613  73.476 0.0000000000
43975  4.385  -26.139  75.446 0.0000000000
43974  5.294  -25.758  75.039 0.0000000000
106197  5.634  -25.435  73.948 0.0000000000
118999  5.031  -23.237  74.696 0.0000000000
47824  3.672  -21.739  74.847 0.0000000000
48787  3.765  -21.313  75.006 0.0000000000
46868  7.322  -24.295  78.545 0.0000000000
46869  6.375  -24.087  78.413 0.0000000000
48772  7.339  -21.891  77.839 0.0000000000
47811  6.689  -22.124  77.758 0.0000000000
47812  6.190  -22.416  77.554 0.0000000000
49798  8.873  -20.112  74.790 0.0000000000
125886  8.641  -20.298  75.231 0.0000000000
50711  8.125  -19.904  74.953 0.0000000000
118629  6.924  -19.396  74.879 0.0000000000
50709  7.065  -20.043  75.501 0.0000000000
49782  5.842  -20.684  76.087 0.0000000000
48781  5.056  -20.911  76.048 0.0000000000
49787  5.132  -20.273  75.690 0.0000000000
50726  4.631  -19.351  74.674 0.0000000000
119161  3.549  -20.247  74.803 0.0000000000
51716  4.002  -19.107  74.045 0.0000000000
124324  3.432  -19.381  74.069 0.0000000000
51723  4.490  -18.707  73.494 0.0000000000
51737  6.105  -17.929  71.481 0.0000000000
51738  5.234  -17.852  71.797 0.0000000000
108544  6.631  -17.779  69.934 0.0000000000
122658  15.753  -29.825  69.536 0.0000000000
105268  15.206  -29.782  69.860 0.0000000000
121956  6.427  -30.531  74.288 0.0000000000
106191  -0.181  -28.140  73.705 0.0000000000
41248  3.714  -28.949  70.783 0.0000000000
41257  2.996  -29.292  70.351 0.0000000000
41256  4.166  -29.086  70.117 0.0000000000
44021  5.533  -27.003  71.125 0.0000000000
43112  5.186  -27.658  69.888 0.0000000000
41255  4.566  -28.903  69.175 0.0000000000
42230  4.299  -28.460  67.671 0.0000000000
43119  3.351  -26.663  67.779 0.0000000000
43123  3.633  -27.329  67.169 0.0000000000
114231  3.563  -26.723  67.102 0.0000000000
43133  3.636  -27.272  66.447 0.0000000000
49812  1.318  -20.236  73.071 0.0000000000
47842  2.094  -21.649  73.118 0.0000000000
115851  1.682  -21.516  72.681 0.0000000000
121986  1.842  -21.967  71.915 0.0000000000
110654  2.257  -22.610  71.859 0.0000000000
46919  2.543  -23.112  71.805 0.0000000000
46927  2.469  -22.812  71.417 0.0000000000
106735  1.381  -21.172  69.419 0.0000000000
48857  1.261  -21.135  70.331 0.0000000000
48856  2.086  -21.507  70.248 0.0000000000
47878  3.287  -22.784  70.052 0.0000000000
46025  3.355  -25.058  69.117 0.0000000000
45148  3.847  -26.104  66.876 0.0000000000
44060  3.635  -26.592  67.044 0.0000000000
119135  4.212  -26.114  66.216 0.0000000000
45146  5.534  -24.985  66.283 0.0000000000
45145  6.485  -24.522  65.935 0.0000000000
48895  5.308  -21.623  66.788 0.0000000000
47892  6.041  -22.495  67.073 0.0000000000
46950  7.058  -23.550  65.936 0.0000000000
46054  7.495  -24.001  65.401 0.0000000000
46061  7.527  -24.590  65.007 0.0000000000
54605  3.932  -15.202  61.838 0.0000000000
54573  4.088  -16.146  63.065 0.0000000000
53652  3.296  -16.647  64.464 0.0000000000
105514  2.681  -16.723  63.741 0.0000000000
52776  1.741  -17.547  63.830 0.0000000000
121312  1.308  -18.404  64.188 0.0000000000
53705  1.666  -16.731  60.969 0.0000000000
109805  1.550  -15.732  61.084 0.0000000000
53695  1.705  -16.281  61.559 0.0000000000
117463  1.645  -17.090  61.890 0.0000000000
50853  1.224  -19.848  62.649 0.0000000000
51847  1.441  -18.673  62.476 0.0000000000
50840  0.916  -20.052  63.598 0.0000000000
125220  0.920  -21.000  63.654 0.0000000000
116058  2.533  -21.617  62.202 0.0000000000
48968  2.450  -21.674  62.856 0.0000000000
104344  3.232  -21.847  63.165 0.0000000000
48967  2.851  -21.731  62.593 0.0000000000
48997  2.299  -21.547  60.718 0.0000000000
45077  13.061  -25.273  73.914 0.0000000000
43076  14.799  -27.485  74.540 0.0000000000
43064  13.023  -27.131  75.326 0.0000000000
43151  4.161  -27.280  64.429 0.0000000000
43961  3.259  -26.344  77.309 0.0000000000
45047  4.721  -25.305  77.904 0.0000000000
45964  5.148  -24.593  77.856 0.0000000000
42158  5.914  -27.700  77.988 0.0000000000
108432  5.113  -28.264  77.732 0.0000000000
42159  5.020  -27.677  77.923 0.0000000000
114010  3.535  -27.918  77.729 0.0000000000
43050  3.527  -27.189  77.703 0.0000000000
104700  3.224  -23.132  73.484 0.0000000000
46905  2.602  -22.580  73.072 0.0000000000
49868  0.276  -21.114  67.253 0.0000000000
123765  0.627  -21.847  66.250 0.0000000000
48898  1.391  -22.184  65.889 0.0000000000
48910  1.074  -22.095  65.232 0.0000000000
45046  8.471  -25.423  78.083 0.0000000000
45958  8.359  -24.897  78.201 0.0000000000
109703  8.740  -24.819  77.853 0.0000000000
45966  9.230  -24.363  77.473 0.0000000000
46894  11.184  -23.394  74.317 0.0000000000
47847  10.980  -21.956  73.018 0.0000000000
47858  11.240  -21.867  72.231 0.0000000000
40176  16.848  -29.515  73.278 0.0000000000
40178  14.819  -29.494  73.459 0.0000000000
40167  12.537  -29.558  73.876 0.0000000000
40180  11.981  -29.904  73.571 0.0000000000
40146  9.424  -29.150  75.399 0.0000000000
42166  9.799  -27.625  76.543 0.0000000000
43047  8.688  -26.873  77.587 0.0000000000
43048  8.342  -26.835  77.842 0.0000000000
108771  8.436  -26.467  77.927 0.0000000000
43955  8.420  -26.005  78.118 0.0000000000
51749  4.601  -17.551  71.210 0.0000000000
51740  3.271  -17.836  71.792 0.0000000000
124805  4.093  -17.360  70.751 0.0000000000
108002  3.963  -17.252  70.150 0.0000000000
52694  3.198  -17.227  69.852 0.0000000000
53624  4.835  -16.640  66.287 0.0000000000
53610  2.716  -17.182  67.152 0.0000000000
52736  1.915  -17.583  67.106 0.0000000000
53627  2.444  -17.232  66.519 0.0000000000
52763  2.072  -17.398  65.252 0.0000000000
41254  20.213  -29.174  70.805 0.0000000000
42189  21.138  -29.177  73.525 0.0000000000
40173  18.981  -29.958  72.791 0.0000000000
42190  19.183  -28.690  73.757 0.0000000000
105428  0.654  -27.834  73.340 0.0000000000
43095  1.355  -27.533  73.974 0.0000000000
45055  5.207  -24.680  76.255 0.0000000000
45061  4.753  -25.447  75.962 0.0000000000
105357  5.528  -24.372  75.384 0.0000000000
105752  5.442  -23.758  74.963 0.0000000000
48770  8.437  -22.150  77.805 0.0000000000
47806  8.084  -22.730  78.177 0.0000000000
48775  8.057  -21.473  77.499 0.0000000000
49775  7.890  -20.846  76.751 0.0000000000
50722  8.242  -19.620  74.426 0.0000000000
50723  7.398  -19.381  74.657 0.0000000000
50713  6.418  -19.507  75.124 0.0000000000
50714  5.335  -19.654  75.238 0.0000000000
50724  6.565  -19.035  74.579 0.0000000000
51714  5.813  -18.758  74.065 0.0000000000
51722  5.210  -18.632  73.580 0.0000000000
39220  14.551  -29.798  70.375 0.0000000000
119761  13.856  -29.748  70.089 0.0000000000
111312  7.686  -30.202  75.041 0.0000000000
39157  7.124  -30.329  74.942 0.0000000000
39159  5.582  -30.517  75.086 0.0000000000
43060  0.793  -27.813  76.153 0.0000000000
42176  0.398  -28.411  75.938 0.0000000000
109173  -0.153  -28.130  74.514 0.0000000000
42201  3.079  -28.498  71.948 0.0000000000
123937  4.652  -28.314  71.563 0.0000000000
42209  5.050  -28.291  71.002 0.0000000000
44032  5.035  -26.418  70.839 0.0000000000
43118  4.147  -27.653  68.055 0.0000000000
106501  3.266  -26.222  68.374 0.0000000000
50745  0.706  -19.823  71.969 0.0000000000
48817  1.156  -21.076  72.272 0.0000000000
48830  0.987  -21.037  71.612 0.0000000000
111909  1.199  -21.212  71.384 0.0000000000
48842  1.490  -21.459  71.167 0.0000000000
46024  3.875  -24.209  68.878 0.0000000000
45147  4.549  -25.523  66.615 0.0000000000
108685  5.618  -21.628  66.203 0.0000000000
47900  6.510  -22.449  66.365 0.0000000000
48905  6.262  -21.845  65.830 0.0000000000
47907  6.861  -22.416  65.749 0.0000000000
47906  7.388  -22.716  65.338 0.0000000000
52814  1.739  -17.984  60.638 0.0000000000
50870  1.417  -19.750  61.559 0.0000000000
115147  1.395  -20.768  62.050 0.0000000000
49920  1.785  -21.386  62.412 0.0000000000
124282  1.785  -21.296  61.625 0.0000000000
48984  2.197  -21.545  61.719 0.0000000000
45054  10.385  -25.203  76.570 0.0000000000
45981  11.724  -24.477  74.624 0.0000000000
45987  11.681  -23.906  73.673 0.0000000000
41232  15.758  -28.756  73.880 0.0000000000
109575  14.376  -28.654  74.310 0.0000000000
41222  13.559  -28.691  74.454 0.0000000000
41223  12.531  -28.646  74.627 0.0000000000
41213  11.775  -28.422  75.006 0.0000000000
108000  11.519  -28.120  75.368 0.0000000000
43058  11.500  -26.928  75.875 0.0000000000
43958  10.581  -26.492  76.422 0.0000000000
43966  10.487  -25.863  76.551 0.0000000000
52718  6.353  -17.358  67.545 0.0000000000
105314  5.647  -17.224  67.967 0.0000000000
52735  5.698  -17.061  67.201 0.0000000000
53634  6.867  -16.854  65.194 0.0000000000
53635  6.089  -16.660  65.448 0.0000000000
53636  5.296  -16.545  65.555 0.0000000000
53650  4.946  -16.407  64.774 0.0000000000
43977  2.179  -26.620  76.205 0.0000000000
43968  2.796  -26.253  76.729 0.0000000000
45051  3.659  -25.866  77.364 0.0000000000
45056  4.219  -25.260  77.085 0.0000000000
48796  9.672  -20.920  75.176 0.0000000000
49784  9.162  -20.634  75.383 0.0000000000
50721  9.320  -20.160  74.194 0.0000000000
50733  9.224  -19.777  73.430 0.0000000000
49811  9.712  -20.018  72.917 0.0000000000
50742  8.717  -19.201  72.812 0.0000000000
51736  7.786  -18.430  71.303 0.0000000000
40141  6.489  -29.603  76.566 0.0000000000
40137  5.886  -29.361  76.981 0.0000000000
40143  4.434  -29.608  77.025 0.0000000000
125234  4.516  -28.709  77.555 0.0000000000
119167  4.438  -29.164  77.352 0.0000000000
40144  3.833  -29.809  77.008 0.0000000000
40145  3.188  -29.701  77.157 0.0000000000
41218  1.924  -29.822  76.755 0.0000000000
43056  1.685  -27.634  76.836 0.0000000000
43059  1.343  -27.486  76.453 0.0000000000
44000  5.675  -26.131  73.400 0.0000000000
44011  5.667  -26.341  72.630 0.0000000000
45087  5.581  -25.852  72.551 0.0000000000
45088  5.138  -25.489  72.145 0.0000000000
45997  4.465  -24.761  72.532 0.0000000000
45097  4.600  -25.738  71.372 0.0000000000
45098  3.405  -25.143  71.182 0.0000000000
45108  3.094  -24.999  70.618 0.0000000000
50770  0.324  -20.211  68.898 0.0000000000
49846  0.391  -20.428  68.647 0.0000000000
48868  0.588  -21.119  68.301 0.0000000000
123908  0.358  -21.219  67.593 0.0000000000
48865  4.262  -21.774  68.391 0.0000000000
47884  5.112  -22.154  68.073 0.0000000000
118239  4.915  -21.762  67.810 0.0000000000
123125  4.999  -21.615  67.329 0.0000000000
48896  4.588  -21.506  66.794 0.0000000000
48907  4.050  -21.557  66.022 0.0000000000
109124  4.970  -21.476  66.150 0.0000000000
105058  4.672  -21.618  64.743 0.0000000000
104285  4.844  -21.749  63.922 0.0000000000
123520  1.660  -19.111  59.242 0.0000000000
110849  1.434  -19.947  59.799 0.0000000000
50886  1.506  -20.696  59.443 0.0000000000
49954  1.409  -20.728  57.811 0.0000000000
43951  5.941  -26.124  78.595 0.0000000000
106731  5.973  -25.265  78.550 0.0000000000
45963  8.567  -24.139  78.056 0.0000000000
46871  8.381  -23.441  78.151 0.0000000000
48773  9.303  -21.818  77.017 0.0000000000
45970  10.250  -24.424  76.602 0.0000000000
46878  10.100  -23.566  76.670 0.0000000000
116737  10.309  -23.046  76.188 0.0000000000
46895  10.701  -22.863  74.943 0.0000000000
123375  9.998  -22.869  76.677 0.0000000000
47813  10.056  -22.246  76.281 0.0000000000
48784  9.978  -21.539  75.614 0.0000000000
107844  10.523  -20.625  72.263 0.0000000000
48815  10.783  -21.223  72.669 0.0000000000
39217  17.336  -30.282  70.488 0.0000000000
39218  16.681  -30.179  70.082 0.0000000000
39201  16.683  -30.156  70.792 0.0000000000
109446  15.040  -29.901  71.107 0.0000000000
39203  14.196  -29.941  71.189 0.0000000000
39204  13.332  -30.109  71.293 0.0000000000
115891  15.198  -29.214  73.673 0.0000000000
112570  13.747  -29.707  73.432 0.0000000000
39189  13.424  -30.037  72.703 0.0000000000
118490  13.142  -30.215  72.075 0.0000000000
104362  12.691  -30.159  71.007 0.0000000000
39191  11.075  -30.499  72.535 0.0000000000
39156  8.317  -30.007  74.862 0.0000000000
39147  7.927  -29.978  75.445 0.0000000000
121287  7.532  -29.926  75.890 0.0000000000
41215  9.811  -28.697  75.705 0.0000000000
41216  9.096  -28.832  76.023 0.0000000000
41206  9.396  -28.307  76.385 0.0000000000
41217  8.552  -28.932  76.341 0.0000000000
41208  7.992  -29.020  76.593 0.0000000000
41209  7.348  -29.068  76.846 0.0000000000
41202  7.397  -28.407  77.339 0.0000000000
42157  6.737  -27.725  77.955 0.0000000000
43049  8.018  -27.117  77.920 0.0000000000
43042  7.443  -27.168  78.137 0.0000000000
43043  6.742  -27.178  78.290 0.0000000000
50728  2.427  -20.073  74.047 0.0000000000
49800  2.142  -20.629  73.838 0.0000000000
50729  1.967  -20.063  73.735 0.0000000000
50737  1.667  -19.825  73.300 0.0000000000
50744  1.164  -19.600  72.584 0.0000000000
51741  2.402  -17.871  71.555 0.0000000000
114263  1.388  -18.850  72.087 0.0000000000
50752  0.878  -19.261  71.871 0.0000000000
51742  0.901  -18.703  71.359 0.0000000000
51752  0.502  -18.866  70.580 0.0000000000
110864  0.279  -19.247  69.863 0.0000000000
104212  4.926  -17.108  68.387 0.0000000000
52704  4.282  -17.153  68.909 0.0000000000
52705  3.274  -17.216  68.920 0.0000000000
52695  2.407  -17.339  69.577 0.0000000000
52696  1.536  -17.678  69.413 0.0000000000
110246  0.281  -19.033  69.290 0.0000000000
50784  0.234  -19.733  68.783 0.0000000000
107624  0.182  -19.908  68.220 0.0000000000
122685  1.227  -18.067  67.427 0.0000000000
51786  0.707  -18.586  67.144 0.0000000000
50818  0.242  -20.014  65.909 0.0000000000
45084  14.175  -25.859  73.081 0.0000000000
42187  22.724  -28.013  72.940 0.0000000000
40191  19.725  -29.696  71.204 0.0000000000
39199  17.965  -30.308  71.066 0.0000000000
40194  18.008  -30.259  71.897 0.0000000000
40174  18.318  -29.756  73.096 0.0000000000
40175  17.650  -29.660  73.195 0.0000000000
41239  17.287  -29.266  73.480 0.0000000000
43087  19.217  -28.384  73.750 0.0000000000
43088  18.346  -28.129  73.730 0.0000000000
42183  16.437  -28.576  73.865 0.0000000000
43996  16.248  -27.016  73.394 0.0000000000
43983  15.164  -27.172  74.109 0.0000000000
121492  2.260  -28.292  72.423 0.0000000000
43092  5.043  -27.316  73.218 0.0000000000
43990  2.601  -26.832  75.275 0.0000000000
43077  5.358  -26.643  73.710 0.0000000000
46896  5.193  -23.934  74.115 0.0000000000
46897  4.244  -23.159  74.152 0.0000000000
47831  3.188  -21.973  74.275 0.0000000000
48798  2.868  -21.189  74.191 0.0000000000
45961  5.993  -24.597  78.407 0.0000000000
119266  5.732  -24.224  78.128 0.0000000000
46874  6.027  -23.535  78.189 0.0000000000
47807  7.225  -22.643  78.214 0.0000000000
122157  5.823  -23.063  77.671 0.0000000000
47815  5.798  -22.271  76.902 0.0000000000
49779  8.440  -20.651  76.084 0.0000000000
49780  7.601  -20.481  76.033 0.0000000000
49776  7.139  -20.750  76.595 0.0000000000
49777  6.424  -21.027  76.652 0.0000000000
47816  5.251  -21.632  76.113 0.0000000000
48786  4.440  -21.132  75.583 0.0000000000
49789  3.815  -20.749  75.052 0.0000000000
49790  3.161  -20.744  74.537 0.0000000000
113526  2.969  -19.608  74.080 0.0000000000
50727  3.196  -19.156  73.605 0.0000000000
116857  4.985  -18.284  72.777 0.0000000000
51739  4.191  -17.888  72.038 0.0000000000
119457  5.628  -17.502  69.845 0.0000000000
51746  7.323  -18.111  70.451 0.0000000000
51757  7.326  -17.967  69.507 0.0000000000
52702  6.411  -17.501  68.311 0.0000000000
103953  6.906  -17.489  67.183 0.0000000000
105269  16.389  -29.965  69.558 0.0000000000
110720  16.068  -29.778  69.024 0.0000000000
110719  15.233  -29.689  69.216 0.0000000000
40148  5.919  -30.047  76.138 0.0000000000
39150  5.325  -30.327  75.761 0.0000000000
39160  4.510  -30.660  75.361 0.0000000000
41249  2.939  -28.872  71.212 0.0000000000
123242  5.468  -27.481  71.832 0.0000000000
43108  5.352  -27.473  70.584 0.0000000000
42208  5.301  -27.990  70.364 0.0000000000
42217  4.911  -28.495  70.111 0.0000000000
114880  4.100  -29.499  68.604 0.0000000000
47833  2.357  -21.533  73.525 0.0000000000
115118  2.503  -22.754  72.547 0.0000000000
47849  2.009  -21.944  72.537 0.0000000000
46913  2.592  -23.240  72.082 0.0000000000
46005  2.812  -23.699  71.536 0.0000000000
46012  3.007  -24.240  70.865 0.0000000000
47868  2.506  -22.377  70.812 0.0000000000
115916  3.144  -24.942  70.128 0.0000000000
44090  3.851  -26.994  65.654 0.0000000000
47893  5.579  -22.520  67.630 0.0000000000
46943  5.919  -23.072  67.361 0.0000000000
46034  6.599  -23.869  66.338 0.0000000000
45156  6.873  -24.910  65.297 0.0000000000
54571  5.741  -16.034  63.232 0.0000000000
53667  4.592  -16.349  63.900 0.0000000000
53653  2.676  -16.943  64.816 0.0000000000
51824  0.798  -19.150  64.757 0.0000000000
110615  0.704  -19.787  64.342 0.0000000000
105313  1.533  -18.001  63.252 0.0000000000
49909  1.211  -21.445  64.325 0.0000000000
48950  1.751  -21.752  64.378 0.0000000000
119230  1.902  -21.859  64.325 0.0000000000
48949  2.119  -21.721  63.651 0.0000000000
48948  2.119  -21.829  63.671 0.0000000000
48998  2.012  -21.448  60.889 0.0000000000
104342  3.621  -21.769  62.580 0.0000000000
48946  5.062  -21.802  63.218 0.0000000000
47805  8.678  -22.771  77.874 0.0000000000
48774  8.822  -21.627  77.275 0.0000000000
48797  3.167  -21.467  74.423 0.0000000000
48799  2.428  -21.193  73.834 0.0000000000
48807  2.011  -21.146  73.546 0.0000000000
48929  1.449  -22.002  64.900 0.0000000000
49785  8.752  -20.544  75.623 0.0000000000
49796  9.834  -20.751  74.458 0.0000000000
49818  0.678  -20.453  71.523 0.0000000000
51724  3.804  -18.845  73.396 0.0000000000
51732  2.081  -18.492  72.214 0.0000000000
52680  3.738  -17.538  71.273 0.0000000000
52686  3.290  -17.350  70.619 0.0000000000
107666  1.073  -17.937  69.916 0.0000000000
112292  3.674  -19.658  74.514 0.0000000000
115135  1.516  -21.004  73.049 0.0000000000
118695  0.356  -21.080  67.676 0.0000000000
119688  0.303  -19.580  70.359 0.0000000000
121216  6.152  -23.614  66.889 0.0000000000
121410  0.238  -19.675  69.311 0.0000000000
