#!ascii label  , from subject sub-v1s4x0050707_ses-1 vox2ras=TkReg
793
12201  39.643  -61.864  -3.208 0.3000000119
20302  39.934  -53.630  -1.593 0.6000000238
22678  38.516  -50.630  -0.971 0.6999999881
22679  37.828  -50.278  -0.858 0.6999999881
13134  38.742  -61.711  -3.623 0.4000000060
16740  37.728  -57.633  -5.524 0.4000000060
13122  39.318  -61.206  -2.557 0.5000000000
13121  40.148  -61.525  -2.267 0.5000000000
21111  39.412  -52.246  -0.574 0.6999999881
21119  39.933  -52.647  -1.261 0.5000000000
22677  39.398  -50.857  -1.314 0.6000000238
125005  38.313  -49.921  -2.048 0.6999999881
117992  37.406  -49.714  -1.383 0.6999999881
13135  37.780  -61.559  -4.673 0.5000000000
16743  37.786  -58.247  -6.248 0.4000000060
13123  38.605  -61.145  -3.280 0.6000000238
17632  38.353  -56.422  -4.223 0.4000000060
107636  38.794  -55.808  -3.739 0.5000000000
14873  38.570  -60.133  -3.264 0.6000000238
18567  39.082  -55.263  -2.900 0.6000000238
13992  38.867  -60.619  -2.734 0.6000000238
20311  40.166  -54.074  -2.520 0.6000000238
21918  39.748  -51.691  -1.183 0.6000000238
21917  40.310  -51.080  -1.771 0.6000000238
105920  39.154  -49.362  -3.501 0.6999999881
22688  38.810  -50.236  -1.674 0.6999999881
108740  38.942  -49.706  -2.471 0.6999999881
23460  37.767  -49.653  -2.649 0.6999999881
107566  36.874  -49.216  -1.846 0.6999999881
124603  38.315  -49.482  -3.320 0.6999999881
106922  37.471  -49.454  -3.795 0.6999999881
23452  36.635  -49.202  -2.817 0.6999999881
24288  37.272  -49.192  -4.690 0.6999999881
14008  37.177  -60.339  -6.160 0.5000000000
14893  37.270  -59.242  -6.544 0.5000000000
14894  37.014  -59.204  -6.573 0.5000000000
17641  38.163  -57.065  -5.069 0.4000000060
14886  38.088  -59.986  -4.797 0.5000000000
18578  38.950  -56.145  -4.449 0.5000000000
19453  39.785  -54.789  -3.215 0.6000000238
14885  38.681  -59.431  -3.716 0.5000000000
15774  39.200  -58.631  -4.630 0.5000000000
21126  40.856  -52.739  -2.404 0.6999999881
21118  40.399  -52.153  -1.743 0.6000000238
20301  40.388  -53.150  -1.990 0.6999999881
117974  40.591  -50.359  -2.404 0.6000000238
23459  40.094  -49.607  -2.869 0.6000000238
22687  39.725  -50.240  -2.017 0.6000000238
23471  39.870  -49.239  -4.048 0.6000000238
24277  36.494  -48.514  -2.368 0.6999999881
23479  39.409  -48.950  -4.721 0.6000000238
23473  36.759  -49.237  -4.206 0.6999999881
23462  36.501  -49.145  -3.679 0.6999999881
23480  38.661  -49.034  -4.756 0.6999999881
16739  38.306  -57.589  -5.759 0.4000000060
15787  37.572  -58.714  -6.497 0.4000000060
18585  39.618  -56.449  -4.956 0.5000000000
18566  39.457  -55.535  -4.066 0.6000000238
15781  38.268  -58.926  -6.445 0.4000000060
19452  40.440  -54.371  -3.357 0.6000000238
15775  38.410  -59.101  -5.679 0.4000000060
16738  39.180  -57.945  -5.832 0.4000000060
15780  38.801  -58.388  -5.874 0.4000000060
16737  40.371  -57.350  -5.157 0.4000000060
20310  40.689  -53.639  -2.781 0.6999999881
21924  40.914  -51.785  -2.240 0.6000000238
125545  40.971  -51.025  -2.279 0.6000000238
23470  40.678  -49.433  -3.648 0.6000000238
23458  41.066  -49.854  -3.015 0.6000000238
25120  36.129  -47.803  -2.991 0.6999999881
122141  36.672  -48.914  -4.805 0.6999999881
25146  38.323  -48.602  -4.822 0.6000000238
24295  36.996  -48.926  -4.993 0.6000000238
16742  38.507  -58.004  -6.146 0.4000000060
17639  39.613  -57.351  -5.443 0.4000000060
20322  40.961  -53.980  -3.414 0.8000000119
16731  39.787  -57.918  -5.285 0.5000000000
21125  41.427  -52.416  -2.787 0.6999999881
21923  41.493  -51.487  -2.664 0.6000000238
23469  41.517  -49.570  -3.814 0.5000000000
22697  41.837  -50.284  -3.311 0.6000000238
25144  40.150  -48.191  -5.033 0.6000000238
24292  39.848  -48.653  -4.856 0.6000000238
25139  35.731  -48.092  -4.849 0.8000000119
26134  35.645  -47.179  -3.665 0.8000000119
24293  38.872  -48.895  -4.774 0.6000000238
18584  40.327  -55.929  -4.764 0.5000000000
18577  40.240  -55.056  -4.057 0.6000000238
106978  41.393  -56.393  -5.079 0.5000000000
18582  43.310  -56.305  -5.172 0.6999999881
16736  41.316  -57.018  -5.093 0.4000000060
21933  42.058  -52.101  -3.190 0.6999999881
119127  42.280  -50.000  -3.893 0.6000000238
112934  42.057  -51.143  -3.113 0.6000000238
23477  42.144  -49.353  -4.677 0.6000000238
27036  35.826  -46.237  -3.226 0.6000000238
24291  40.719  -48.392  -5.273 0.6000000238
25148  36.270  -48.346  -4.997 0.6999999881
25140  35.630  -47.542  -5.048 0.6999999881
25136  39.743  -47.517  -4.416 0.6999999881
25137  38.896  -47.678  -4.394 0.6999999881
25147  36.730  -47.756  -4.980 0.6999999881
19471  41.681  -55.470  -4.861 0.5000000000
20330  41.960  -54.558  -4.535 0.6000000238
19465  41.040  -54.645  -4.101 0.6000000238
19469  43.754  -55.605  -5.246 0.6999999881
18583  42.414  -56.335  -5.137 0.6000000238
20321  41.535  -53.874  -3.774 0.6999999881
18581  44.117  -56.110  -5.101 0.6999999881
17636  42.974  -56.632  -5.060 0.6999999881
21136  42.572  -52.717  -3.809 0.6999999881
21932  42.658  -51.730  -3.646 0.6999999881
22701  42.986  -50.254  -4.442 0.5000000000
22696  42.553  -50.770  -3.687 0.6000000238
118775  36.546  -45.087  -2.173 0.5000000000
23485  41.534  -48.621  -5.406 0.6000000238
122691  35.530  -45.851  -3.634 0.6000000238
115504  35.927  -45.345  -3.057 0.5000000000
25143  40.831  -47.934  -5.417 0.6000000238
26153  36.468  -46.757  -5.004 0.6000000238
26162  35.342  -45.837  -4.978 0.5000000000
28079  35.549  -45.117  -5.175 0.5000000000
122702  41.124  -47.303  -4.950 0.6999999881
26152  40.494  -47.380  -4.633 0.6999999881
26141  39.438  -46.940  -3.750 0.6999999881
26142  38.608  -46.763  -3.668 0.6999999881
27051  37.108  -45.930  -4.374 0.5000000000
109249  40.271  -46.563  -3.543 0.6999999881
27035  38.857  -45.987  -3.005 0.6000000238
20320  42.303  -53.659  -4.158 0.6000000238
19470  42.663  -55.503  -5.115 0.6999999881
20329  42.979  -54.514  -4.840 0.6000000238
20328  45.419  -54.690  -5.307 0.6999999881
21931  43.251  -51.326  -4.212 0.6999999881
21135  43.266  -52.362  -4.246 0.6999999881
28046  36.202  -44.441  -2.628 0.4000000060
23484  42.661  -49.076  -5.496 0.5000000000
112115  35.223  -44.133  -4.842 0.4000000060
26161  41.557  -47.603  -5.538 0.6000000238
25153  41.396  -48.165  -5.692 0.6000000238
27059  36.274  -45.895  -5.140 0.5000000000
27060  35.703  -45.895  -5.267 0.5000000000
27050  38.029  -45.985  -3.523 0.5000000000
117351  37.689  -45.075  -3.785 0.4000000060
104489  41.084  -46.709  -4.165 0.6000000238
27049  40.696  -45.755  -2.877 0.6999999881
26133  39.491  -46.273  -3.101 0.6000000238
27034  39.473  -45.428  -2.650 0.5000000000
112748  44.184  -54.450  -5.218 0.6000000238
21143  44.017  -53.065  -4.844 0.6999999881
21144  43.178  -53.419  -4.530 0.6999999881
21147  46.027  -53.950  -5.485 0.6999999881
21142  44.999  -53.659  -5.367 0.6999999881
22700  43.978  -50.940  -4.980 0.6000000238
107217  43.011  -48.676  -6.029 0.6000000238
23483  43.652  -49.392  -5.757 0.5000000000
24300  42.174  -48.379  -5.830 0.6000000238
26160  42.303  -47.059  -5.617 0.6000000238
25152  42.149  -47.763  -5.932 0.6000000238
28070  36.810  -45.102  -4.796 0.4000000060
28078  36.655  -44.381  -5.208 0.5000000000
108150  35.922  -44.395  -5.398 0.4000000060
26151  41.728  -46.842  -4.838 0.6000000238
29112  37.357  -44.363  -4.536 0.4000000060
108227  41.067  -46.156  -3.424 0.6000000238
27033  40.292  -45.187  -2.478 0.5000000000
117018  44.628  -52.653  -5.205 0.6999999881
21937  46.961  -52.502  -5.561 0.6999999881
21934  44.813  -51.862  -5.400 0.6000000238
21935  43.973  -52.000  -4.740 0.6000000238
21145  47.468  -53.179  -5.196 0.6999999881
22705  44.448  -50.268  -5.672 0.5000000000
25158  43.603  -47.655  -6.563 0.6000000238
124544  43.465  -48.288  -6.353 0.6000000238
24299  42.803  -47.988  -6.230 0.6000000238
25151  43.009  -47.207  -6.210 0.5000000000
26150  42.484  -46.338  -4.814 0.6000000238
26140  41.811  -46.107  -3.936 0.6000000238
27032  41.024  -45.061  -2.504 0.5000000000
21938  46.014  -51.755  -5.781 0.6999999881
22704  46.117  -50.632  -6.173 0.6999999881
23482  44.705  -49.656  -6.120 0.6000000238
24303  44.446  -48.336  -6.626 0.5000000000
26166  43.889  -46.920  -6.718 0.6000000238
25157  44.589  -47.473  -6.958 0.6000000238
27066  43.742  -46.002  -5.815 0.6000000238
27057  43.270  -45.703  -4.864 0.6000000238
27031  41.767  -44.911  -2.807 0.5000000000
15762  40.183  -58.387  -2.345 0.5000000000
16719  41.580  -57.314  -4.083 0.5000000000
16711  41.441  -57.359  -2.601 0.5000000000
17619  42.100  -57.020  -3.287 0.5000000000
17630  42.995  -56.807  -4.815 0.6999999881
18564  44.237  -55.897  -3.471 0.6999999881
17618  42.865  -56.834  -3.816 0.5000000000
17629  43.580  -56.539  -5.015 0.6999999881
18575  44.289  -56.227  -4.718 0.6999999881
19468  45.809  -55.078  -5.062 0.6999999881
12200  40.593  -62.003  -3.155 0.3000000119
23450  37.891  -49.982  -1.639 0.6999999881
23451  37.180  -49.554  -2.279 0.6999999881
17637  42.217  -56.788  -4.957 0.6000000238
23478  40.654  -48.968  -4.777 0.6000000238
25138  37.861  -47.726  -4.550 0.6999999881
26145  35.404  -46.922  -4.906 0.6000000238
26143  37.468  -46.816  -4.317 0.6999999881
26155  35.519  -46.692  -5.093 0.6000000238
27037  35.343  -45.449  -3.995 0.5000000000
28047  35.531  -44.604  -3.602 0.5000000000
112626  38.547  -45.294  -3.007 0.5000000000
23476  43.453  -49.894  -5.155 0.5000000000
26149  43.068  -46.497  -5.647 0.6000000238
27058  42.566  -45.693  -4.181 0.6000000238
22699  45.049  -51.103  -5.682 0.6000000238
26159  43.575  -46.615  -6.257 0.6000000238
123601  45.694  -49.669  -6.427 0.5000000000
19451  44.253  -55.080  -2.560 0.6000000238
21916  43.825  -51.850  -1.468 0.6000000238
22676  43.765  -50.815  -1.577 0.4000000060
20299  44.593  -53.391  -2.110 0.5000000000
19450  45.070  -55.119  -3.389 0.6000000238
18550  38.631  -55.540  -1.193 0.5000000000
21909  43.103  -51.244  -0.804 0.4000000060
19444  39.627  -54.534  -2.205 0.5000000000
19438  39.116  -54.783  -0.658 0.5000000000
20300  43.815  -53.700  -1.539 0.5000000000
22669  42.931  -50.343  -0.811 0.4000000060
19437  39.545  -54.188  -1.116 0.5000000000
20295  39.223  -53.824  -0.107 0.5000000000
21117  43.851  -52.790  -1.439 0.6000000238
20294  39.579  -53.195  -0.726 0.5000000000
20308  44.478  -54.309  -2.313 0.5000000000
18563  44.918  -55.806  -4.329 0.6000000238
112692  42.545  -49.022  -0.144 0.4000000060
23436  42.380  -49.297  0.690 0.4000000060
21089  38.367  -52.642  1.385 0.5000000000
21116  44.599  -52.483  -2.081 0.5000000000
20285  38.904  -53.242  0.486 0.5000000000
21890  38.247  -51.925  1.341 0.5000000000
20307  45.336  -54.082  -2.900 0.6000000238
19449  46.016  -54.630  -3.896 0.6000000238
18574  44.921  -55.726  -4.938 0.6000000238
21911  39.045  -51.372  -0.635 0.5000000000
22661  37.886  -50.789  0.438 0.5000000000
21874  37.948  -51.449  2.006 0.4000000060
21123  46.247  -52.876  -3.412 0.5000000000
21124  45.405  -53.122  -2.703 0.5000000000
120398  46.997  -52.722  -4.151 0.6000000238
21133  47.573  -53.059  -4.827 0.6000000238
19463  46.435  -54.684  -4.783 0.6000000238
20327  47.432  -53.660  -5.021 0.6000000238
19467  46.717  -54.490  -5.024 0.6000000238
115495  43.338  -49.809  -1.366 0.4000000060
23449  42.949  -48.866  -1.062 0.4000000060
21902  37.961  -51.143  1.199 0.5000000000
22624  37.719  -50.355  2.591 0.4000000060
22671  38.278  -50.968  -0.212 0.6000000238
22644  37.832  -50.680  1.906 0.4000000060
22683  45.346  -51.237  -2.918 0.6000000238
21921  46.360  -52.064  -3.544 0.6000000238
21930  47.419  -52.086  -4.568 0.6000000238
115863  47.734  -52.410  -5.076 0.6000000238
24267  42.626  -48.228  -0.336 0.4000000060
115371  37.629  -50.165  0.425 0.5000000000
114579  37.743  -49.763  2.013 0.4000000060
23397  37.176  -49.343  3.866 0.4000000060
121946  44.479  -50.796  -2.270 0.6000000238
22685  44.049  -50.057  -2.050 0.4000000060
22695  45.638  -50.443  -3.400 0.6000000238
21915  44.553  -51.573  -2.175 0.6000000238
22693  47.423  -51.104  -4.696 0.6000000238
114124  46.547  -50.557  -4.060 0.5000000000
21936  47.684  -52.198  -5.245 0.6000000238
115980  42.513  -47.693  0.153 0.4000000060
23437  37.477  -49.668  -0.027 0.6000000238
114413  37.683  -48.937  1.794 0.5000000000
115073  37.362  -48.100  2.925 0.5000000000
118981  36.916  -48.722  3.886 0.5000000000
23456  44.343  -49.437  -2.490 0.4000000060
23457  43.676  -49.196  -1.856 0.4000000060
23468  45.061  -49.606  -3.184 0.5000000000
23467  46.058  -49.826  -3.922 0.5000000000
23475  47.225  -50.260  -4.706 0.5000000000
116793  47.900  -50.708  -5.449 0.6000000238
119439  47.855  -50.812  -5.586 0.6000000238
109316  47.293  -51.524  -5.731 0.6000000238
25117  43.187  -47.410  -1.336 0.4000000060
24275  42.918  -48.030  -1.025 0.4000000060
26122  42.998  -46.814  -0.974 0.4000000060
26113  42.739  -46.521  -0.336 0.4000000060
24276  36.937  -48.343  -1.370 0.6000000238
25127  43.714  -47.369  -2.056 0.4000000060
24274  43.474  -48.230  -1.744 0.4000000060
24256  37.669  -48.412  1.272 0.6000000238
25079  37.382  -47.391  2.475 0.5000000000
25051  36.926  -48.122  3.575 0.4000000060
111791  44.094  -48.040  -2.548 0.4000000060
24287  45.461  -48.914  -3.676 0.5000000000
23474  47.948  -50.044  -5.485 0.5000000000
23481  48.210  -50.113  -5.940 0.6000000238
22703  47.849  -50.649  -6.070 0.6000000238
23487  47.091  -49.911  -6.512 0.6000000238
27018  43.638  -45.640  -1.451 0.4000000060
115740  37.374  -48.030  -0.312 0.6000000238
110416  37.634  -47.494  1.663 0.5000000000
26059  35.827  -46.821  3.365 0.5000000000
25126  44.274  -47.221  -2.723 0.4000000060
25135  44.804  -47.906  -3.357 0.4000000060
25142  46.977  -48.347  -4.967 0.5000000000
24297  48.275  -49.073  -6.368 0.5000000000
27019  43.098  -46.079  -0.928 0.4000000060
25111  37.207  -47.248  -0.911 0.6000000238
106386  37.653  -46.739  1.171 0.5000000000
113367  37.022  -46.679  2.690 0.5000000000
24286  45.802  -48.206  -4.179 0.5000000000
123218  48.020  -48.311  -5.730 0.4000000060
24296  48.593  -48.281  -6.897 0.4000000060
24301  47.686  -49.249  -6.741 0.4000000060
105725  46.845  -48.459  -7.120 0.6000000238
123000  44.849  -49.100  -6.420 0.4000000060
28029  43.836  -44.789  -1.196 0.4000000060
27030  44.077  -45.985  -2.135 0.4000000060
25119  36.618  -47.536  -1.925 0.6000000238
26130  44.436  -46.372  -2.736 0.4000000060
26124  36.270  -46.827  -2.571 0.5000000000
25097  37.547  -46.975  0.141 0.5000000000
26088  37.463  -45.768  1.596 0.5000000000
117298  36.453  -46.045  2.766 0.4000000060
26101  37.611  -45.994  0.587 0.4000000060
25141  46.944  -47.517  -5.163 0.5000000000
116015  47.891  -46.590  -5.979 0.5000000000
26156  48.713  -47.004  -6.807 0.6000000238
25155  47.692  -47.848  -7.361 0.4000000060
25156  45.925  -47.557  -7.308 0.4000000060
25154  48.642  -47.433  -7.233 0.5000000000
27021  36.463  -45.875  -2.294 0.5000000000
26114  37.415  -46.214  -0.509 0.6000000238
27020  37.132  -45.400  -1.314 0.4000000060
26168  46.530  -46.865  -7.600 0.5000000000
111110  48.932  -46.229  -7.625 0.5000000000
26163  48.751  -46.845  -7.255 0.5000000000
25159  47.880  -47.016  -7.606 0.5000000000
107937  47.240  -46.270  -7.911 0.5000000000
27029  44.710  -45.415  -2.625 0.4000000060
27056  44.004  -45.304  -5.261 0.5000000000
26165  44.938  -46.617  -7.284 0.4000000060
104949  47.977  -45.726  -8.143 0.5000000000
28085  48.699  -45.137  -8.270 0.5000000000
28032  36.893  -44.456  -1.676 0.4000000060
104268  44.508  -45.004  -5.582 0.4000000060
27064  44.932  -45.114  -6.307 0.4000000060
27065  44.368  -45.589  -6.087 0.5000000000
27070  44.848  -45.746  -6.956 0.5000000000
26164  45.786  -45.966  -7.676 0.5000000000
27069  45.532  -45.198  -7.164 0.5000000000
27068  46.559  -45.397  -7.889 0.5000000000
29135  47.005  -43.880  -7.475 0.5000000000
28083  46.215  -44.587  -7.299 0.4000000060
120580  37.502  -49.871  -0.700 0.6000000238
23446  37.242  -49.155  -0.789 0.6000000238
18559  38.711  -55.530  -2.177 0.5000000000
23488  45.962  -48.986  -6.726 0.4000000060
21100  38.632  -52.469  0.690 0.5000000000
21912  38.814  -51.898  0.019 0.5000000000
21901  38.324  -51.525  0.564 0.5000000000
109159  37.561  -49.686  3.115 0.4000000060
118266  37.642  -49.447  0.976 0.6000000238
23414  37.589  -48.901  2.567 0.4000000060
24268  37.496  -48.750  0.303 0.6000000238
24241  37.618  -48.186  2.137 0.5000000000
24216  35.685  -48.171  4.133 0.5000000000
24200  35.925  -48.900  4.463 0.5000000000
25052  36.274  -47.558  3.662 0.5000000000
107009  37.636  -47.721  0.716 0.5000000000
25063  36.963  -47.407  3.140 0.5000000000
121261  37.460  -46.626  2.068 0.5000000000
25150  48.494  -48.464  -6.445 0.5000000000
25064  36.463  -46.799  3.159 0.5000000000
125505  46.078  -47.601  -4.508 0.5000000000
26123  36.883  -46.499  -1.576 0.6000000238
28076  45.483  -44.548  -6.412 0.4000000060
8809  44.742  -66.725  -2.068 0.3000000119
8832  44.683  -66.957  -3.970 0.3000000119
8820  45.004  -66.225  -2.973 0.3000000119
9647  46.048  -65.675  -4.599 0.3000000119
8831  45.309  -66.285  -4.224 0.3000000119
9636  46.436  -64.877  -3.879 0.3000000119
10467  47.447  -64.711  -5.797 0.3000000119
10453  47.232  -64.325  -4.432 0.3000000119
9625  49.562  -64.735  -2.274 0.3000000119
10437  47.247  -64.441  -3.375 0.3000000119
10445  47.858  -63.778  -3.828 0.3000000119
10452  47.873  -63.795  -5.145 0.3000000119
10436  48.384  -64.160  -3.042 0.3000000119
11290  50.104  -63.042  -2.548 0.3000000119
10444  48.937  -63.525  -3.319 0.3000000119
11292  48.489  -63.174  -4.200 0.4000000060
12218  48.378  -62.669  -5.332 0.4000000060
12234  47.860  -62.776  -6.057 0.3000000119
123164  50.433  -60.969  -3.215 0.3000000119
13129  50.111  -61.347  -3.628 0.4000000060
13130  49.615  -61.452  -4.399 0.4000000060
12217  49.032  -61.987  -4.876 0.4000000060
13117  50.125  -61.697  -2.734 0.3000000119
12233  48.270  -61.839  -5.651 0.4000000060
13099  49.875  -61.200  -2.312 0.4000000060
111428  50.703  -60.653  -2.989 0.4000000060
13157  47.460  -61.300  -6.036 0.4000000060
14032  47.401  -60.541  -5.730 0.3000000119
111185  50.589  -60.466  -3.710 0.3000000119
13143  49.975  -60.682  -4.450 0.4000000060
13975  50.921  -59.861  -2.588 0.4000000060
14004  49.250  -59.145  -5.097 0.5000000000
14018  49.317  -60.156  -5.114 0.4000000060
13980  39.545  -60.583  -1.982 0.5000000000
13976  50.008  -59.940  -1.627 0.4000000060
13145  48.340  -60.793  -5.575 0.4000000060
12199  41.649  -61.930  -3.267 0.3000000119
13105  41.488  -61.440  -1.358 0.4000000060
110425  45.613  -60.988  -4.280 0.3000000119
17614  38.020  -56.459  -2.396 0.4000000060
17613  38.366  -55.937  -2.028 0.4000000060
16730  40.802  -57.510  -4.692 0.4000000060
16720  40.791  -57.681  -3.218 0.4000000060
15773  39.961  -58.043  -3.845 0.4000000060
13988  51.081  -59.632  -3.459 0.4000000060
14003  50.393  -59.556  -4.456 0.5000000000
15763  39.384  -58.863  -2.945 0.4000000060
14872  39.169  -59.829  -2.427 0.4000000060
14855  51.140  -58.818  -1.938 0.4000000060
14019  48.287  -59.898  -5.433 0.4000000060
13106  40.597  -61.256  -1.543 0.5000000000
14020  47.219  -60.005  -5.263 0.5000000000
13104  42.394  -61.623  -1.700 0.4000000060
119718  42.293  -61.775  -2.563 0.4000000060
14007  46.059  -60.600  -3.724 0.3000000119
106696  43.085  -61.640  -2.514 0.4000000060
16729  41.551  -57.114  -4.951 0.4000000060
124142  51.491  -58.254  -3.054 0.4000000060
14883  51.088  -58.561  -3.656 0.4000000060
15752  39.854  -59.261  -1.807 0.4000000060
14860  39.787  -60.002  -1.592 0.5000000000
15772  50.396  -58.143  -3.721 0.4000000060
14884  50.103  -58.647  -4.411 0.4000000060
13979  40.275  -60.566  -1.314 0.5000000000
16707  51.022  -57.519  -2.447 0.4000000060
15760  50.523  -57.616  -2.854 0.4000000060
108444  49.023  -58.589  -4.331 0.5000000000
13989  47.552  -59.298  -3.809 0.5000000000
15751  40.492  -58.797  -1.251 0.4000000060
118027  40.779  -60.280  -0.723 0.5000000000
16709  50.184  -56.996  -1.422 0.4000000060
13990  46.571  -60.032  -3.226 0.5000000000
13089  41.712  -61.035  -0.648 0.4000000060
13991  45.840  -60.573  -2.820 0.4000000060
13102  44.490  -61.159  -2.191 0.4000000060
13103  43.677  -61.359  -1.782 0.4000000060
13088  42.954  -61.344  -1.118 0.4000000060
16712  40.939  -57.950  -1.647 0.4000000060
116936  41.494  -57.341  -1.421 0.3000000119
15761  49.187  -58.088  -2.980 0.4000000060
14870  48.047  -58.777  -3.255 0.4000000060
15739  40.799  -59.085  -0.570 0.4000000060
23387  36.193  -49.638  4.664 0.4000000060
16710  49.362  -56.945  -1.139 0.4000000060
15749  48.548  -57.756  -1.829 0.4000000060
14871  47.108  -59.450  -2.739 0.5000000000
13978  46.223  -60.077  -2.294 0.5000000000
14841  41.098  -59.665  -0.299 0.5000000000
110776  42.038  -60.601  -0.144 0.4000000060
15735  48.183  -57.349  -0.910 0.4000000060
13101  45.286  -60.662  -1.985 0.4000000060
13964  42.448  -61.048  -0.525 0.4000000060
13086  44.381  -60.872  -1.382 0.4000000060
13963  43.209  -60.861  -0.491 0.4000000060
17611  42.565  -56.532  -2.421 0.4000000060
14857  47.747  -58.674  -2.341 0.4000000060
14858  46.732  -59.327  -1.863 0.4000000060
16701  41.030  -58.408  -0.592 0.3000000119
15750  47.353  -58.393  -1.433 0.4000000060
14838  46.346  -58.976  -1.055 0.4000000060
14859  45.820  -59.843  -1.457 0.5000000000
15736  47.010  -57.981  -0.643 0.4000000060
13961  44.976  -60.235  -1.033 0.4000000060
13962  44.071  -60.423  -0.540 0.4000000060
121852  42.696  -60.630  -0.111 0.4000000060
18565  43.330  -56.246  -2.904 0.4000000060
14839  45.464  -59.444  -0.706 0.4000000060
10469  44.993  -64.097  -5.990 0.3000000119
9624  50.405  -64.234  -1.962 0.3000000119
12198  50.153  -62.928  -2.234 0.3000000119
14856  50.140  -59.132  -0.998 0.4000000060
15747  51.307  -57.979  -1.728 0.4000000060
14836  50.716  -58.203  -0.967 0.4000000060
16698  49.945  -56.708  -0.550 0.4000000060
16700  47.899  -56.822  -0.188 0.4000000060
18558  42.268  -56.240  -1.220 0.4000000060
121686  41.434  -57.546  -0.450 0.4000000060
15738  41.224  -58.885  0.008 0.4000000060
15718  46.708  -57.592  0.051 0.4000000060
15737  45.987  -58.589  -0.336 0.4000000060
14820  45.062  -59.068  -0.050 0.4000000060
14821  44.083  -59.584  0.207 0.4000000060
14823  42.196  -59.387  0.633 0.3000000119
13953  41.738  -59.947  0.118 0.4000000060
15719  45.618  -58.190  0.340 0.4000000060
13107  39.932  -61.073  -1.821 0.4000000060
18556  43.579  -55.416  -2.194 0.4000000060
9637  45.705  -65.537  -3.433 0.3000000119
9646  46.876  -65.177  -5.229 0.3000000119
9655  44.737  -64.837  -6.128 0.3000000119
10468  45.829  -63.882  -6.825 0.3000000119
10435  49.562  -64.067  -2.605 0.3000000119
11301  48.300  -63.141  -5.047 0.4000000060
11291  49.462  -62.809  -3.407 0.3000000119
12206  50.018  -62.300  -3.049 0.3000000119
12207  49.552  -62.053  -3.968 0.4000000060
13144  49.118  -61.145  -5.042 0.4000000060
12187  50.130  -62.699  -2.033 0.3000000119
13977  49.001  -60.702  -1.372 0.4000000060
14006  46.917  -59.903  -4.362 0.5000000000
13118  45.059  -61.097  -3.212 0.3000000119
14005  48.015  -59.304  -4.919 0.5000000000
15732  50.895  -57.403  -1.603 0.4000000060
13951  43.293  -60.266  0.063 0.4000000060
19436  42.506  -54.598  -0.329 0.4000000060
19435  43.098  -54.116  -0.960 0.4000000060
21110  42.524  -52.892  -0.012 0.4000000060
21109  43.046  -52.220  -0.639 0.3000000119
20292  43.159  -53.214  -0.795 0.5000000000
19443  43.009  -54.970  -1.238 0.4000000060
19442  43.701  -54.580  -1.743 0.4000000060
19375  45.649  -53.480  4.289 0.3000000119
20230  46.007  -53.141  3.531 0.3000000119
22623  43.279  -50.233  2.784 0.3000000119
22643  42.417  -50.550  1.514 0.3000000119
113871  42.455  -49.861  -0.074 0.3000000119
107206  44.907  -52.189  3.819 0.3000000119
21860  44.000  -51.290  3.767 0.3000000119
22609  43.565  -50.679  3.355 0.3000000119
19376  44.741  -53.408  4.808 0.3000000119
20232  44.461  -52.685  4.710 0.3000000119
23426  42.518  -49.638  1.623 0.3000000119
24255  42.437  -48.308  0.594 0.3000000119
21063  44.465  -51.735  4.055 0.3000000119
22610  43.189  -49.925  3.236 0.3000000119
23413  42.929  -49.601  2.575 0.3000000119
21849  42.824  -51.185  4.786 0.3000000119
22598  42.719  -50.403  4.362 0.3000000119
122441  42.161  -48.388  3.491 0.3000000119
117666  41.938  -49.816  4.598 0.3000000119
23385  41.942  -48.936  4.121 0.3000000119
21029  42.961  -52.365  5.351 0.3000000119
24229  42.654  -48.893  2.326 0.3000000119
25078  42.374  -47.707  1.520 0.3000000119
25110  42.526  -47.004  0.226 0.3000000119
22579  41.883  -50.609  5.097 0.3000000119
24212  42.448  -48.280  2.883 0.3000000119
26069  42.246  -46.742  2.012 0.3000000119
25049  42.005  -47.580  3.328 0.3000000119
26057  42.062  -46.913  2.847 0.3000000119
104534  42.011  -46.043  2.776 0.3000000119
27006  42.805  -45.613  -0.221 0.3000000119
112251  42.339  -46.984  1.267 0.3000000119
26994  42.619  -45.086  0.460 0.3000000119
27005  43.270  -45.205  -0.763 0.3000000119
27017  44.259  -45.115  -1.895 0.3000000119
120424  44.132  -44.119  -0.849 0.3000000119
28027  45.270  -43.749  -1.477 0.3000000119
28041  44.992  -44.471  -2.187 0.3000000119
21910  42.380  -52.098  0.302 0.3000000119
20293  42.559  -53.725  -0.164 0.4000000060
22660  42.320  -50.224  0.696 0.3000000119
25096  42.411  -47.422  0.771 0.3000000119
19426  42.196  -54.183  0.690 0.5000000000
21049  44.744  -52.185  4.195 0.3000000119
112659  42.819  -50.723  2.265 0.3000000119
21900  42.270  -51.217  0.689 0.3000000119
22597  43.217  -50.308  3.756 0.3000000119
21050  43.979  -52.093  4.675 0.3000000119
24240  42.452  -48.690  1.475 0.3000000119
23384  42.676  -49.733  3.859 0.3000000119
24213  41.669  -47.982  4.037 0.3000000119
26058  41.746  -46.506  3.596 0.3000000119
25062  42.283  -47.585  2.480 0.3000000119
23369  41.285  -49.183  4.948 0.3000000119
15722  41.797  -58.702  0.695 0.3000000119
14806  42.778  -58.946  1.002 0.4000000060
16660  43.757  -56.982  2.034 0.4000000060
16673  43.098  -57.712  1.765 0.4000000060
16687  41.640  -57.399  0.469 0.3000000119
122363  42.781  -56.472  2.172 0.4000000060
17569  43.453  -56.173  2.339 0.3000000119
15705  41.838  -57.830  0.971 0.4000000060
108144  42.455  -56.869  1.865 0.4000000060
17570  42.835  -55.783  2.339 0.3000000119
17597  41.752  -56.661  0.334 0.3000000119
16675  41.895  -56.949  1.211 0.4000000060
18525  42.425  -55.455  2.086 0.4000000060
18549  41.997  -56.025  -0.173 0.3000000119
18537  41.957  -55.814  0.727 0.4000000060
19415  42.118  -55.030  1.373 0.4000000060
18548  42.431  -55.456  -0.686 0.3000000119
18557  42.860  -55.776  -1.715 0.3000000119
17606  41.777  -56.789  -0.744 0.3000000119
18526  42.092  -55.763  1.460 0.4000000060
16674  42.419  -57.486  1.604 0.4000000060
12188  48.821  -62.329  -1.503 0.3000000119
15721  43.645  -58.944  0.832 0.3000000119
10418  47.609  -63.939  -0.160 0.3000000119
11260  48.653  -63.331  -0.874 0.3000000119
15703  43.319  -58.379  1.338 0.3000000119
15720  44.593  -58.664  0.584 0.3000000119
11262  46.038  -63.064  -0.155 0.3000000119
13085  47.495  -61.912  -0.948 0.3000000119
12179  46.726  -62.569  -0.535 0.3000000119
13960  48.024  -60.927  -0.798 0.3000000119
114530  44.135  -58.346  1.142 0.3000000119
11240  45.136  -63.760  1.179 0.3000000119
12180  46.059  -62.290  0.004 0.3000000119
12167  45.414  -62.710  0.460 0.3000000119
122985  46.672  -61.911  -0.364 0.3000000119
13959  48.969  -59.837  -0.604 0.3000000119
13075  45.558  -61.857  0.615 0.3000000119
123166  46.320  -61.478  0.248 0.3000000119
13948  47.773  -60.237  0.109 0.3000000119
119079  47.099  -61.189  -0.235 0.3000000119
14837  49.822  -58.579  -0.187 0.3000000119
15715  50.255  -56.974  -0.271 0.3000000119
16699  49.056  -56.479  -0.286 0.3000000119
12168  44.861  -63.081  0.998 0.3000000119
14818  48.685  -58.965  0.521 0.3000000119
14817  49.690  -57.872  0.447 0.3000000119
15702  45.135  -57.673  1.064 0.3000000119
13065  45.145  -61.391  1.320 0.3000000119
13066  44.397  -61.772  1.704 0.3000000119
13950  45.935  -60.990  0.935 0.3000000119
13949  46.773  -60.609  0.547 0.3000000119
16683  49.581  -56.420  0.443 0.3000000119
16685  47.582  -56.475  0.402 0.3000000119
16672  45.052  -56.681  1.769 0.3000000119
14822  43.075  -59.608  0.610 0.3000000119
13937  46.412  -60.128  1.287 0.3000000119
15699  49.333  -56.549  1.142 0.3000000119
16684  48.692  -56.129  0.434 0.3000000119
13100  48.582  -61.460  -1.434 0.3000000119
11261  47.000  -63.224  -0.496 0.3000000119
123280  47.596  -62.682  -0.914 0.3000000119
8847  45.277  -67.307  -4.870 0.3000000119
11241  44.684  -63.358  1.567 0.3000000119
11283  49.970  -63.526  -2.509 0.3000000119
11300  48.835  -62.593  -4.493 0.4000000060
12157  44.372  -62.615  1.687 0.3000000119
13076  44.872  -62.269  1.070 0.3000000119
13087  43.684  -61.053  -1.013 0.4000000060
13090  40.983  -60.889  -0.912 0.5000000000
13120  41.002  -61.758  -2.147 0.4000000060
13952  42.484  -60.116  0.265 0.4000000060
13965  41.357  -60.423  -0.398 0.4000000060
13993  38.205  -60.753  -3.865 0.6000000238
14824  41.575  -59.328  0.272 0.4000000060
14840  44.730  -59.770  -0.409 0.4000000060
14842  40.416  -59.682  -1.018 0.5000000000
14869  51.543  -58.082  -2.569 0.4000000060
14901  37.292  -58.903  -6.597 0.4000000060
15704  42.469  -58.310  1.258 0.4000000060
15716  49.901  -56.979  0.525 0.3000000119
15733  50.810  -57.484  -1.111 0.4000000060
15734  50.324  -57.528  -0.185 0.4000000060
15746  51.271  -57.689  -1.988 0.4000000060
15748  49.751  -57.361  -2.078 0.4000000060
15758  51.341  -57.769  -2.467 0.4000000060
15759  51.311  -57.914  -3.050 0.4000000060
15786  38.252  -58.357  -6.235 0.4000000060
15788  37.292  -58.788  -6.530 0.4000000060
16661  42.960  -57.020  2.086 0.4000000060
16686  46.411  -57.136  0.642 0.4000000060
16697  50.555  -57.044  -1.069 0.4000000060
16708  50.725  -57.278  -1.773 0.4000000060
16718  50.465  -57.317  -2.133 0.4000000060
16732  37.338  -57.760  -5.040 0.4000000060
17583  42.294  -56.243  1.838 0.4000000060
17584  41.915  -56.264  1.100 0.4000000060
17607  38.111  -56.275  -1.364 0.4000000060
17612  41.943  -56.903  -1.907 0.4000000060
17631  42.301  -57.007  -4.539 0.6999999881
17638  40.544  -56.918  -5.234 0.5000000000
17640  38.807  -56.851  -5.217 0.4000000060
18536  42.150  -55.176  0.298 0.4000000060
18576  43.622  -56.580  -4.240 0.6999999881
19445  39.160  -55.011  -1.711 0.5000000000
19462  47.081  -54.183  -4.986 0.6000000238
19464  45.596  -55.272  -4.536 0.6000000238
19466  47.139  -54.126  -5.015 0.6000000238
19472  46.267  -54.574  -5.229 0.6999999881
20231  45.313  -52.674  4.073 0.3000000119
20264  38.268  -53.220  1.790 0.5000000000
20284  42.295  -53.387  0.512 0.4000000060
20306  46.171  -53.756  -3.520 0.6000000238
20309  41.231  -53.306  -3.073 0.6999999881
20318  47.280  -53.733  -4.828 0.6000000238
20319  46.760  -54.140  -4.440 0.6000000238
21051  43.242  -51.785  4.902 0.3000000119
21112  39.159  -52.801  0.023 0.5000000000
21134  46.936  -53.415  -4.234 0.6000000238
21137  41.861  -53.033  -3.439 0.6999999881
21141  47.694  -52.915  -5.036 0.6000000238
21146  46.701  -53.351  -5.467 0.6999999881
21848  43.762  -51.447  4.368 0.3000000119
21922  45.413  -52.223  -2.748 0.5000000000
22596  43.501  -50.819  4.076 0.3000000119
22622  43.467  -50.771  2.812 0.3000000119
22662  37.744  -50.357  1.136 0.5000000000
22670  42.483  -50.730  -0.089 0.3000000119
22672  37.702  -50.328  -0.191 0.5000000000
22684  44.769  -50.263  -2.705 0.6000000238
22686  41.369  -50.635  -2.715 0.6000000238
22694  46.489  -51.241  -3.816 0.5000000000
22698  47.741  -51.558  -5.270 0.6000000238
22702  47.702  -51.301  -5.500 0.6000000238
23396  42.664  -49.078  3.230 0.3000000119
23398  36.605  -49.113  4.279 0.4000000060
23461  36.943  -49.455  -3.258 0.6999999881
23472  38.238  -49.275  -4.354 0.6999999881
23486  48.109  -49.861  -6.299 0.6000000238
24214  37.304  -48.791  3.360 0.5000000000
24215  36.407  -48.392  4.073 0.5000000000
24280  44.583  -48.769  -2.923 0.4000000060
24281  44.013  -48.737  -2.319 0.4000000060
24282  36.211  -48.652  -3.426 0.6999999881
24289  36.208  -48.707  -4.469 0.6999999881
24290  48.217  -49.222  -5.782 0.5000000000
24294  37.885  -49.041  -4.907 0.6000000238
24298  43.939  -48.885  -6.186 0.6000000238
24302  45.452  -48.128  -6.965 0.4000000060
25050  41.626  -47.210  4.006 0.3000000119
25053  35.411  -47.462  3.715 0.5000000000
25118  42.742  -47.402  -0.528 0.4000000060
25128  35.737  -48.088  -4.145 0.8000000119
25145  39.305  -48.408  -4.824 0.6000000238
25149  48.746  -47.722  -6.900 0.5000000000
26087  42.317  -46.254  1.275 0.3000000119
26100  42.500  -46.079  0.483 0.3000000119
26121  43.504  -46.584  -1.614 0.4000000060
26131  43.987  -46.711  -2.280 0.4000000060
26132  40.073  -45.877  -2.809 0.6000000238
26144  35.503  -47.435  -4.672 0.8000000119
26147  46.951  -46.641  -5.270 0.5000000000
26148  45.916  -46.749  -4.459 0.5000000000
26154  35.896  -46.552  -5.295 0.6000000238
26157  48.235  -47.576  -6.099 0.6000000238
26158  44.179  -46.248  -6.577 0.5000000000
26167  48.580  -46.511  -7.690 0.5000000000
26966  37.119  -45.923  2.327 0.5000000000
27048  41.428  -45.572  -3.089 0.5000000000
27052  35.359  -46.410  -4.343 0.6000000238
27061  35.329  -46.342  -4.865 0.5000000000
27071  49.043  -45.852  -7.972 0.5000000000
28013  44.755  -43.638  -0.791 0.3000000119
28014  43.587  -44.365  -0.508 0.3000000119
28028  44.509  -44.300  -1.449 0.3000000119
28061  35.292  -44.811  -4.515 0.5000000000
28071  36.097  -45.135  -5.366 0.5000000000
28080  35.366  -44.285  -5.094 0.4000000060
104415  44.782  -55.483  -5.166 0.6999999881
104855  41.748  -61.782  -2.104 0.4000000060
106131  35.919  -47.367  -5.223 0.6000000238
108097  42.455  -48.232  2.146 0.3000000119
108343  37.235  -48.635  -4.963 0.6000000238
108491  51.495  -58.760  -2.973 0.4000000060
109164  46.885  -49.267  -4.647 0.5000000000
109205  35.297  -45.670  -4.718 0.5000000000
109600  44.879  -54.197  4.834 0.3000000119
110667  42.777  -50.134  2.161 0.3000000119
112846  35.302  -44.988  -4.924 0.5000000000
113614  39.059  -49.162  -4.392 0.6000000238
114822  41.434  -58.113  0.206 0.4000000060
115286  37.259  -58.195  -5.871 0.4000000060
115856  44.041  -57.710  1.583 0.4000000060
116834  45.704  -52.816  -5.553 0.6999999881
116896  46.967  -54.031  -5.183 0.6000000238
117394  42.178  -61.380  -0.993 0.4000000060
119241  38.902  -57.638  -5.801 0.4000000060
119512  51.124  -57.503  -2.075 0.4000000060
123133  42.775  -49.569  -0.699 0.4000000060
123407  42.869  -49.575  -4.919 0.5000000000
124226  42.279  -58.852  0.931 0.4000000060
124698  40.879  -55.453  -4.613 0.5000000000
124733  43.033  -61.532  -1.731 0.4000000060
124998  45.127  -44.847  -2.711 0.4000000060
125248  48.154  -48.695  -7.000 0.4000000060
125316  42.403  -46.764  0.812 0.3000000119
125724  37.781  -50.955  2.554 0.4000000060
