#!ascii label  , from subject sub-v1s4x0050708_ses-1 vox2ras=TkReg
2163
23068  5.155  -51.193  68.598 0.1111110002
23069  4.398  -51.462  68.337 0.1111110002
23070  3.682  -51.796  67.986 0.2222220004
22299  2.925  -52.258  67.509 0.4444440007
23859  8.815  -50.840  70.720 0.1111110002
23057  7.544  -51.130  69.876 0.1111110002
23878  6.598  -50.874  68.512 0.1111110002
124250  9.818  -50.275  69.729 0.1111110002
23868  8.025  -50.859  68.993 0.1111110002
23869  7.237  -50.974  69.023 0.1111110002
23067  5.870  -51.055  68.814 0.1111110002
24687  10.896  -49.211  70.230 0.2222220004
24688  10.375  -49.778  69.797 0.2222220004
23866  9.305  -50.513  69.346 0.1111110002
23890  4.397  -50.403  66.893 0.3333329856
23080  3.344  -51.412  67.046 0.4444440007
23081  2.711  -51.676  66.730 0.4444440007
23095  2.120  -51.617  66.345 0.4444440007
22308  1.634  -52.398  66.322 0.4444440007
22321  0.984  -52.600  65.942 0.2222220004
23879  5.744  -50.734  67.922 0.1111110002
24702  10.838  -49.108  68.778 0.2222220004
23865  9.936  -50.070  68.981 0.2222220004
109948  8.733  -50.677  68.951 0.2222220004
23889  6.795  -50.503  67.524 0.1111110002
23078  4.804  -50.878  67.763 0.2222220004
26232  11.403  -47.716  68.334 0.2222220004
24703  10.304  -49.535  68.404 0.2222220004
24704  9.665  -49.942  68.061 0.2222220004
23876  8.418  -50.556  68.162 0.2222220004
26982  11.522  -46.508  67.329 0.2222220004
23906  2.654  -50.204  66.371 0.4444440007
118740  2.057  -50.987  66.180 0.4444440007
23097  0.712  -51.484  66.033 0.3333329856
22322  0.313  -52.708  65.779 0.2222220004
22323  -0.272  -52.713  65.770 0.3333329856
22310  -1.622  -52.874  66.540 0.2222220004
123082  5.086  -50.044  66.765 0.4444440007
25496  11.014  -48.225  67.693 0.2222220004
24710  10.055  -49.382  67.552 0.2222220004
24712  8.567  -49.758  66.803 0.2222220004
120734  7.314  -50.183  66.964 0.2222220004
121235  4.562  -49.624  66.472 0.4444440007
28470  11.791  -44.585  66.266 0.2222220004
27717  11.527  -45.434  66.311 0.2222220004
26240  11.302  -47.389  67.504 0.2222220004
24721  9.739  -49.083  66.751 0.3333329856
24723  8.142  -49.449  66.350 0.3333329856
25506  6.784  -49.141  66.108 0.3333329856
121062  3.576  -49.997  66.471 0.5555559993
29399  11.913  -43.743  65.944 0.2222220004
27002  11.030  -45.874  65.685 0.2222220004
26241  10.805  -47.927  66.865 0.2222220004
25519  9.744  -47.915  65.743 0.3333329856
24728  3.181  -49.347  66.397 0.5555559993
128412  1.756  -49.567  66.665 0.4444440007
28477  11.358  -44.227  65.341 0.4444440007
23907  1.827  -50.312  66.339 0.4444440007
116992  11.839  -42.085  64.802 0.2222220004
23098  -0.779  -51.582  67.074 0.4444440007
21483  -2.057  -54.549  65.932 0.1111110002
24725  6.352  -49.620  66.428 0.4444440007
115458  4.928  -48.945  66.152 0.5555559993
25503  9.355  -48.648  66.101 0.3333329856
25505  7.565  -48.907  65.937 0.3333329856
113215  5.936  -48.851  66.050 0.5555559993
25507  4.396  -48.270  66.193 0.5555559993
27003  10.285  -46.162  65.151 0.2222220004
26259  9.242  -47.348  65.342 0.3333329856
26261  7.589  -47.486  65.642 0.5555559993
26249  6.298  -46.937  66.189 0.5555559993
25509  2.749  -48.727  66.572 0.6666669846
25510  2.020  -48.913  66.826 0.5555559993
27731  10.653  -45.436  65.138 0.3333329856
27012  9.613  -45.883  64.793 0.3333329856
109159  8.664  -46.647  65.182 0.5555559993
27006  7.568  -46.032  65.828 0.6666669846
26243  2.390  -47.547  67.605 0.6666669846
24713  1.345  -49.196  67.273 0.6666669846
23892  0.395  -50.324  67.138 0.5555559993
31083  11.832  -41.311  64.416 0.3333329856
30277  10.723  -42.551  63.996 0.4444440007
25499  1.668  -48.352  67.641 0.7777780294
24714  0.637  -49.654  67.697 0.5555559993
22311  -2.489  -53.590  67.198 0.1111110002
32504  11.296  -39.925  63.576 0.6666669846
31096  11.103  -41.275  63.741 0.3333329856
23099  -1.396  -52.274  67.022 0.2222220004
22300  -2.110  -52.893  67.609 0.2222220004
124644  5.587  -47.375  66.154 0.5555559993
26995  6.641  -46.257  66.569 0.5555559993
26996  5.596  -46.719  66.632 0.5555559993
26252  3.893  -47.404  66.599 0.5555559993
113914  10.084  -44.180  64.291 0.5555559993
116352  8.811  -44.888  64.523 0.6666669846
27732  8.215  -44.822  64.902 0.6666669846
26994  7.067  -46.035  66.393 0.5555559993
26984  5.489  -46.320  67.365 0.7777780294
26242  3.236  -47.023  67.344 0.7777780294
26233  2.262  -47.209  68.555 0.6666669846
25483  0.740  -48.957  69.266 0.5555559993
29414  9.234  -42.829  64.000 0.5555559993
29415  8.612  -43.295  64.397 0.7777780294
29406  8.032  -43.811  64.880 0.8888890147
26234  1.793  -47.736  68.273 0.6666669846
32503  12.010  -39.296  63.937 0.6666669846
119425  10.359  -41.134  63.582 0.7777780294
30278  9.165  -41.922  63.991 0.7777780294
23083  -1.604  -52.224  67.930 0.2222220004
29407  7.444  -43.348  65.711 0.8888890147
28471  7.216  -44.877  66.068 0.7777780294
28472  6.882  -44.977  66.818 0.8888890147
31085  8.716  -41.498  64.474 0.8888890147
30266  8.019  -42.770  65.029 0.8888890147
29392  6.938  -43.253  66.845 0.8888890147
32505  10.340  -39.794  63.381 0.6666669846
32506  9.539  -39.687  63.631 0.7777780294
31807  8.764  -40.779  64.496 0.8888890147
114922  7.834  -42.105  65.672 0.8888890147
128338  7.656  -42.664  65.639 0.8888890147
115618  12.378  -37.840  63.981 0.6666669846
119596  11.047  -39.051  63.276 0.6666669846
31783  8.229  -40.472  65.850 0.8888890147
31069  8.081  -41.334  65.749 0.8888890147
31794  8.432  -41.022  65.089 0.8888890147
31068  8.269  -41.846  65.047 0.8888890147
30267  7.401  -42.469  66.318 0.7777780294
33981  12.282  -36.986  63.523 0.7777780294
33982  11.198  -36.922  62.801 0.7777780294
33215  10.517  -38.380  63.139 0.7777780294
33969  13.376  -36.859  65.127 0.7777780294
34717  13.006  -36.545  64.230 0.7777780294
31784  7.959  -40.956  66.420 0.6666669846
33205  8.764  -38.341  64.530 0.8888890147
32469  8.392  -39.617  65.604 0.8888890147
121233  8.258  -39.082  66.313 0.7777780294
31773  7.988  -40.328  66.788 0.6666669846
33983  10.207  -37.026  62.924 0.7777780294
33971  9.092  -37.578  63.917 0.8888890147
34694  16.025  -36.080  66.782 0.5555559993
34704  15.287  -35.640  66.058 0.5555559993
35488  14.422  -35.532  65.208 0.7777780294
124686  13.175  -35.742  63.910 0.7777780294
128886  12.741  -35.399  63.300 0.7777780294
34730  11.795  -36.209  62.920 0.7777780294
35503  13.846  -35.286  64.348 0.7777780294
35518  13.285  -35.001  63.554 0.7777780294
31095  16.594  -41.188  63.454 0.3333329856
31108  16.168  -40.664  62.933 0.4444440007
119092  8.504  -37.889  65.451 0.8888890147
128697  8.415  -37.634  66.009 0.8888890147
34693  16.879  -36.166  66.407 0.4444440007
110820  17.020  -36.949  66.478 0.3333329856
34747  10.487  -36.304  62.755 0.7777780294
112279  9.535  -36.912  63.429 0.8888890147
34718  9.027  -36.678  64.190 0.8888890147
125312  8.528  -37.088  65.761 0.8888890147
120221  12.132  -35.442  62.915 0.8888890147
35478  16.367  -35.610  66.224 0.6666669846
125235  15.251  -35.090  65.447 0.7777780294
35502  14.700  -34.823  64.792 0.7777780294
36353  14.062  -34.508  63.964 0.7777780294
123008  16.190  -34.998  65.678 0.7777780294
35501  15.574  -34.630  65.160 0.7777780294
31802  16.126  -41.180  64.249 0.3333329856
31065  15.954  -40.967  65.125 0.2222220004
31792  15.988  -40.037  65.444 0.3333329856
31803  15.724  -40.262  64.366 0.3333329856
32521  16.136  -39.778  61.918 0.4444440007
31825  15.830  -40.040  62.629 0.4444440007
32467  16.501  -38.967  65.840 0.3333329856
33194  16.533  -38.299  65.307 0.4444440007
116414  8.655  -35.603  66.215 0.7777780294
118662  8.481  -36.677  66.454 0.7777780294
121853  8.274  -37.934  67.044 0.6666669846
32522  15.803  -39.115  61.646 0.5555559993
33957  16.984  -37.376  65.653 0.5555559993
122256  16.587  -37.759  64.923 0.5555559993
35520  10.089  -35.605  62.982 0.8888890147
122963  9.377  -35.247  64.163 0.8888890147
35490  8.826  -35.676  65.493 0.7777780294
34696  8.595  -36.244  65.971 0.7777780294
34703  17.109  -36.469  65.765 0.6666669846
33967  16.982  -37.018  64.987 0.6666669846
35539  11.688  -34.713  62.791 0.8888890147
128807  10.177  -35.020  63.126 0.8888890147
35487  16.933  -35.557  65.697 0.7777780294
111444  13.320  -34.246  63.352 0.8888890147
121991  12.154  -34.342  62.901 0.8888890147
36338  16.834  -34.826  65.182 0.7777780294
36351  16.264  -34.396  65.047 0.7777780294
36352  15.260  -34.056  64.497 0.7777780294
111919  15.541  -39.603  63.047 0.4444440007
31815  15.660  -40.141  63.389 0.5555559993
32502  15.585  -39.315  63.779 0.5555559993
32482  15.961  -39.245  64.852 0.4444440007
36339  9.275  -34.340  65.889 0.7777780294
127337  15.623  -39.367  62.428 0.5555559993
117971  15.445  -39.031  63.019 0.5555559993
33202  16.020  -38.433  64.429 0.5555559993
37284  10.383  -33.772  64.329 0.8888890147
37269  9.728  -34.139  65.085 0.7777780294
35489  9.205  -34.949  65.048 0.7777780294
33245  15.609  -38.338  61.284 0.5555559993
33229  15.472  -38.479  62.314 0.5555559993
33993  15.598  -37.533  62.766 0.5555559993
33968  16.292  -37.620  64.268 0.5555559993
37308  11.889  -33.987  62.954 0.8888890147
37295  10.856  -33.731  63.606 0.8888890147
36369  10.328  -34.428  63.457 0.8888890147
33276  15.794  -37.710  59.867 0.5555559993
119651  15.496  -37.630  60.747 0.6666669846
124935  15.418  -37.476  61.691 0.6666669846
118220  15.618  -36.846  62.349 0.6666669846
34728  16.130  -36.639  63.269 0.7777780294
34727  16.872  -36.011  64.148 0.7777780294
34715  17.143  -36.163  64.999 0.7777780294
110034  13.313  -33.390  63.314 0.8888890147
120244  12.288  -33.318  63.275 0.8888890147
34020  15.662  -36.991  59.246 0.6666669846
34011  15.433  -36.997  60.208 0.6666669846
124783  15.327  -36.983  60.961 0.6666669846
34757  15.507  -36.445  61.566 0.6666669846
34744  16.552  -35.724  63.368 0.7777780294
107591  17.018  -34.793  64.515 0.7777780294
117888  16.849  -34.298  64.670 0.7777780294
37282  16.346  -33.819  64.505 0.7777780294
36366  14.227  -33.721  63.690 0.7777780294
34820  17.143  -36.340  55.198 0.5555559993
34821  16.809  -36.357  56.044 0.7777780294
34802  16.534  -36.499  56.900 0.6666669846
34788  16.220  -36.684  57.755 0.6666669846
34777  15.813  -36.490  58.515 0.6666669846
129203  15.583  -36.226  59.099 0.6666669846
34769  15.461  -36.290  59.795 0.6666669846
34764  15.408  -36.319  60.646 0.7777780294
35583  16.189  -35.874  57.405 0.7777780294
34789  15.885  -36.031  58.030 0.6666669846
116683  15.709  -35.738  58.636 0.7777780294
35570  15.596  -35.556  59.406 0.7777780294
37268  10.298  -33.614  65.207 0.8888890147
38237  11.907  -32.874  63.829 0.8888890147
37283  11.169  -33.228  64.057 0.8888890147
34745  15.928  -36.088  62.495 0.7777780294
38236  12.735  -32.650  63.644 0.8888890147
34853  17.891  -36.332  53.509 0.5555559993
35632  17.584  -35.645  53.870 0.5555559993
35538  15.806  -35.661  61.859 0.7777780294
35517  16.922  -34.948  63.660 0.7777780294
36365  17.088  -34.184  64.011 0.7777780294
110151  15.366  -33.195  63.908 0.8888890147
38234  14.716  -32.407  63.578 0.8888890147
35604  17.280  -35.629  54.735 0.5555559993
117485  17.214  -34.957  55.075 0.8888890147
35605  16.910  -35.460  55.661 0.8888890147
35594  16.530  -35.660  56.596 0.8888890147
36430  15.757  -34.857  59.830 0.7777780294
119533  15.591  -35.625  61.108 0.8888890147
35555  15.986  -34.986  61.619 0.8888890147
115012  16.885  -34.493  63.159 0.8888890147
37291  17.025  -33.343  63.703 0.8888890147
37292  16.577  -33.212  63.981 0.8888890147
36482  16.746  -34.759  56.459 0.8888890147
36467  16.325  -35.056  57.276 0.8888890147
35576  15.979  -35.337  58.028 0.8888890147
36450  15.864  -34.854  58.884 0.8888890147
36411  16.173  -34.253  60.290 0.8888890147
36449  16.341  -34.561  58.083 0.8888890147
38202  11.501  -32.881  65.474 0.8888890147
38218  12.432  -32.400  64.267 0.8888890147
38219  11.675  -32.783  64.568 0.8888890147
38235  13.664  -32.487  63.556 0.8888890147
38217  13.212  -32.045  63.985 0.8888890147
35642  17.959  -35.610  53.081 0.6666669846
35554  16.573  -34.373  62.265 0.8888890147
35537  16.372  -35.194  62.602 0.8888890147
38233  15.842  -32.361  63.714 0.8888890147
36548  18.168  -34.897  52.610 0.8888890147
36526  17.768  -34.853  53.439 0.8888890147
36508  17.474  -34.898  54.335 0.8888890147
36393  16.304  -34.268  61.243 0.8888890147
36380  17.067  -33.816  63.101 0.8888890147
37438  17.790  -34.134  53.964 0.8888890147
37427  17.530  -34.214  55.012 0.8888890147
36466  17.183  -34.046  56.689 0.8888890147
117750  17.221  -33.746  58.923 0.7777780294
36429  16.501  -34.177  58.889 0.7777780294
37361  16.732  -33.790  59.741 0.8888890147
37400  16.793  -34.288  57.349 0.8888890147
37381  16.967  -33.942  58.166 0.8888890147
39177  12.853  -32.024  65.605 0.7777780294
38182  12.137  -32.652  66.152 0.4444440007
38201  12.214  -32.358  65.104 0.7777780294
39193  13.735  -31.555  64.334 0.7777780294
39194  12.968  -31.931  64.690 0.8888890147
35649  20.080  -35.601  51.619 0.4444440007
110247  19.463  -34.984  51.470 0.5555559993
35641  18.529  -35.687  52.394 0.5555559993
39215  14.059  -31.734  63.776 0.8888890147
36563  18.977  -34.440  51.608 0.5555559993
39214  16.515  -31.102  63.718 0.7777780294
124567  16.021  -31.542  63.676 0.7777780294
107854  15.064  -31.568  63.681 0.7777780294
37487  18.912  -33.730  51.715 0.7777780294
36525  18.084  -34.043  52.997 0.8888890147
37339  16.730  -33.677  60.772 0.8888890147
37320  16.933  -33.556  61.939 0.8888890147
38251  17.244  -32.651  63.232 0.7777780294
125314  16.894  -32.201  63.516 0.7777780294
37468  18.577  -33.446  52.492 0.8888890147
38376  18.605  -32.718  54.018 0.8888890147
37437  18.060  -33.458  54.544 0.8888890147
37426  17.930  -33.440  55.569 0.7777780294
112708  17.456  -33.744  57.487 0.7777780294
37380  17.714  -33.609  58.302 0.7777780294
37338  17.352  -33.333  60.312 0.7777780294
37319  17.342  -33.102  61.267 0.8888890147
39176  13.517  -31.516  65.155 0.5555559993
36560  21.309  -34.666  51.278 0.2222220004
36561  20.320  -34.717  51.173 0.3333329856
39175  14.221  -31.112  64.755 0.5555559993
36573  20.897  -34.055  50.787 0.2222220004
36562  19.531  -34.101  51.191 0.5555559993
40057  15.038  -30.785  64.501 0.4444440007
39192  14.565  -31.200  64.056 0.6666669846
36574  20.203  -33.953  50.865 0.6666669846
39191  15.576  -30.947  63.915 0.7777780294
38443  19.004  -32.987  51.916 0.8888890147
38250  17.748  -31.965  62.851 0.7777780294
38396  19.034  -32.289  53.130 0.8888890147
111908  19.165  -32.065  53.960 0.8888890147
38375  19.079  -32.212  54.741 0.8888890147
38335  18.509  -32.897  56.107 0.7777780294
38314  18.660  -32.965  57.077 0.7777780294
37399  18.199  -33.375  57.705 0.7777780294
37379  18.566  -33.406  58.655 0.7777780294
115909  17.948  -33.537  58.944 0.7777780294
39174  20.478  -31.271  65.679 0.3333329856
40021  19.789  -30.843  66.030 0.2222220004
40022  18.875  -30.684  66.514 0.1111110002
40024  17.374  -30.551  66.447 0.1111110002
40015  16.609  -30.795  66.887 0.1111110002
39158  15.282  -31.154  66.845 0.2222220004
38231  21.244  -33.547  63.959 0.1111110002
38216  21.091  -32.246  64.380 0.3333329856
39189  20.569  -31.372  64.747 0.3333329856
40039  19.771  -30.704  65.060 0.2222220004
113826  18.969  -30.412  64.876 0.2222220004
108915  18.261  -30.341  65.119 0.2222220004
40041  17.290  -30.374  65.398 0.1111110002
112868  15.908  -30.582  65.810 0.2222220004
40027  15.258  -30.802  66.054 0.2222220004
111918  14.053  -31.232  65.565 0.3333329856
39160  13.566  -31.724  66.174 0.2222220004
37485  22.523  -33.857  51.045 0.2222220004
37304  21.173  -34.879  62.555 0.1111110002
37290  20.926  -34.018  62.974 0.2222220004
117543  20.575  -31.612  63.905 0.3333329856
39190  19.986  -30.945  64.177 0.2222220004
40052  19.220  -30.602  64.256 0.2222220004
40042  16.310  -30.448  65.210 0.2222220004
40043  15.498  -30.579  65.202 0.3333329856
40044  14.702  -30.857  65.400 0.3333329856
37499  22.810  -33.262  50.496 0.3333329856
37500  21.412  -33.427  50.484 0.4444440007
36392  21.166  -34.697  61.287 0.1111110002
37317  20.434  -34.353  61.222 0.2222220004
37305  20.562  -34.261  61.951 0.2222220004
109814  20.516  -32.920  62.598 0.3333329856
39211  19.659  -31.396  63.000 0.2222220004
126324  19.405  -30.922  63.583 0.2222220004
40053  18.416  -30.494  64.329 0.2222220004
40054  17.584  -30.476  64.472 0.2222220004
40055  16.727  -30.523  64.528 0.3333329856
40056  15.895  -30.614  64.467 0.4444440007
36575  19.903  -33.515  50.917 0.6666669846
39274  20.521  -31.802  58.179 0.5555559993
38280  20.369  -33.063  59.342 0.4444440007
37357  20.418  -33.806  59.993 0.4444440007
37336  20.255  -34.109  60.563 0.4444440007
37318  19.751  -33.858  60.645 0.4444440007
38261  19.235  -33.056  60.960 0.5555559993
39230  19.186  -31.675  62.384 0.4444440007
39212  18.896  -31.185  62.998 0.4444440007
39213  18.150  -31.228  63.191 0.3333329856
40068  17.836  -30.747  63.769 0.5555559993
40069  17.028  -30.754  63.925 0.5555559993
40070  16.318  -30.748  64.014 0.6666669846
38457  20.608  -32.486  50.518 0.6666669846
38442  19.535  -32.546  51.487 0.7777780294
39284  20.357  -31.490  57.342 0.7777780294
38312  19.897  -32.205  57.758 0.6666669846
38281  19.849  -33.451  59.391 0.6666669846
109120  19.855  -33.845  59.911 0.5555559993
107875  19.346  -33.696  59.988 0.6666669846
38270  18.774  -33.136  60.490 0.6666669846
38249  18.483  -32.387  61.535 0.5555559993
124008  18.119  -32.097  62.142 0.5555559993
112557  17.368  -31.264  63.522 0.5555559993
38456  21.369  -32.122  50.017 0.7777780294
39366  19.734  -31.820  51.751 0.8888890147
39324  19.554  -31.589  53.478 0.8888890147
39310  19.694  -31.522  54.504 0.8888890147
39302  19.540  -31.798  55.280 0.7777780294
38334  19.162  -32.425  56.538 0.7777780294
127766  19.479  -32.752  58.113 0.7777780294
38296  19.334  -33.221  58.736 0.6666669846
37359  18.555  -33.457  59.401 0.6666669846
37337  18.246  -33.305  59.984 0.7777780294
38271  17.880  -32.859  60.829 0.7777780294
39365  20.315  -31.368  51.318 0.8888890147
39343  20.051  -31.155  52.072 0.8888890147
39323  20.000  -31.030  52.922 0.8888890147
120189  22.116  -33.502  50.537 0.4444440007
38455  22.085  -32.764  50.058 0.5555559993
116288  21.183  -32.827  50.286 0.4444440007
38469  22.113  -32.096  49.716 0.5555559993
39283  20.980  -31.026  57.770 0.7777780294
39386  20.715  -31.666  50.599 0.7777780294
39301  20.141  -31.206  55.478 0.7777780294
40129  20.735  -30.663  56.115 0.7777780294
39385  21.395  -31.243  50.228 0.8888890147
40169  20.508  -30.593  52.429 0.8888890147
40156  20.578  -30.492  53.322 0.8888890147
40137  20.768  -30.548  55.253 0.7777780294
37498  23.634  -32.983  50.571 0.2222220004
40106  21.880  -30.790  58.968 0.3333329856
113838  23.956  -32.468  49.945 0.4444440007
38454  23.123  -32.659  49.914 0.4444440007
40969  21.908  -29.969  57.841 0.5555559993
38468  22.757  -32.176  49.641 0.5555559993
40120  21.385  -30.381  57.420 0.6666669846
40136  21.256  -30.101  55.840 0.5555559993
39399  22.527  -31.610  49.597 0.6666669846
39400  21.901  -31.623  49.799 0.6666669846
40994  21.790  -29.593  55.573 0.6666669846
40205  21.585  -30.494  50.589 0.8888890147
115490  21.187  -30.319  51.313 0.8888890147
40155  21.189  -29.986  53.693 0.7777780294
120137  21.771  -29.541  54.046 1.0000000000
40204  22.340  -30.006  50.422 0.8888890147
41035  21.813  -29.816  51.096 1.0000000000
125733  21.483  -29.837  51.708 1.0000000000
41022  21.526  -29.651  52.381 1.0000000000
40094  22.899  -30.709  60.210 0.2222220004
107745  24.963  -32.532  51.030 0.2222220004
40105  22.659  -30.238  59.369 0.3333329856
37497  24.315  -32.693  50.602 0.2222220004
40961  22.721  -29.725  58.773 0.4444440007
40113  22.202  -30.125  58.552 0.3333329856
129375  22.247  -29.569  57.522 0.4444440007
40977  21.781  -29.840  57.124 0.5555559993
40985  21.759  -29.697  56.367 0.6666669846
38467  23.537  -32.044  49.585 0.5555559993
41001  21.826  -29.537  54.800 0.6666669846
41000  22.324  -29.114  54.429 0.8888890147
41926  22.703  -28.745  54.001 1.0000000000
39398  23.170  -31.674  49.492 0.7777780294
40226  22.202  -30.857  49.861 0.8888890147
41021  22.142  -29.139  52.782 1.0000000000
120136  22.710  -28.684  53.258 1.0000000000
41070  23.000  -30.229  49.811 1.0000000000
41051  22.533  -29.317  51.012 1.0000000000
41034  22.137  -29.283  51.832 1.0000000000
123607  24.618  -30.382  62.065 0.1111110002
40078  24.071  -30.755  61.914 0.2222220004
40085  23.736  -30.557  61.247 0.2222220004
40104  23.475  -29.917  60.060 0.2222220004
128232  23.451  -30.408  60.649 0.2222220004
40967  23.097  -29.251  58.484 0.4444440007
40968  22.482  -29.605  58.139 0.4444440007
41889  22.844  -29.098  57.584 0.6666669846
41899  22.857  -28.851  56.655 0.6666669846
38453  25.637  -32.097  50.519 0.2222220004
110193  24.762  -32.275  50.147 0.3333329856
40976  22.285  -29.366  56.893 0.6666669846
40993  22.359  -29.118  55.246 0.6666669846
41907  22.911  -28.703  55.776 0.6666669846
40984  22.312  -29.202  56.088 0.6666669846
41914  22.976  -28.584  54.784 0.8888890147
38465  25.260  -31.688  49.730 0.5555559993
38466  24.371  -31.829  49.612 0.6666669846
41913  23.311  -28.285  53.818 1.0000000000
41925  23.266  -28.293  52.833 1.0000000000
39397  23.921  -31.303  49.381 0.8888890147
41938  22.723  -28.720  52.391 1.0000000000
40225  23.066  -31.022  49.454 0.7777780294
115893  23.785  -30.449  49.439 1.0000000000
41069  23.733  -29.617  49.837 1.0000000000
41050  23.068  -29.469  50.398 1.0000000000
41937  23.259  -28.398  52.085 1.0000000000
40077  24.350  -30.143  61.474 0.1111110002
40953  23.968  -29.969  60.815 0.2222220004
129586  24.162  -29.504  60.379 0.3333329856
40960  23.256  -29.531  59.245 0.3333329856
41888  23.472  -28.557  57.203 0.6666669846
41898  23.495  -28.394  56.361 0.6666669846
38452  26.222  -32.063  51.102 0.2222220004
41906  23.583  -28.237  55.505 0.6666669846
42880  23.744  -28.049  54.651 1.0000000000
39383  26.420  -31.808  50.482 0.2222220004
39384  25.986  -31.642  49.913 0.6666669846
39395  26.626  -31.393  49.844 0.7777780294
114685  23.968  -27.833  53.937 1.0000000000
39396  25.942  -31.082  49.459 0.8888890147
42892  23.870  -27.872  53.176 1.0000000000
109740  24.925  -31.179  49.379 1.0000000000
40223  25.532  -30.509  49.192 1.0000000000
42905  24.439  -27.598  52.614 1.0000000000
40224  24.658  -30.564  49.273 1.0000000000
109398  24.458  -29.801  49.416 1.0000000000
41965  23.754  -28.879  50.488 1.0000000000
41950  23.664  -28.372  51.374 1.0000000000
42919  24.463  -27.778  51.639 1.0000000000
42906  23.810  -28.025  52.287 1.0000000000
40941  25.016  -29.876  61.820 0.1111110002
40947  24.720  -29.519  61.017 0.2222220004
40952  24.737  -28.974  60.227 0.2222220004
41867  25.157  -28.461  59.667 0.1111110002
41877  24.900  -28.244  58.858 0.2222220004
40959  23.948  -29.242  59.728 0.3333329856
41869  23.733  -28.961  58.967 0.4444440007
128414  24.212  -28.562  58.704 0.2222220004
41878  24.398  -28.258  58.145 0.4444440007
111782  23.651  -28.675  58.112 0.6666669846
41887  24.024  -28.306  57.572 0.5555559993
42856  24.064  -28.146  56.910 0.5555559993
42869  24.148  -27.973  56.130 0.5555559993
114570  24.282  -27.800  55.318 0.6666669846
110616  27.121  -31.589  50.445 0.3333329856
40222  26.977  -30.865  49.427 0.6666669846
40237  26.377  -30.417  49.134 0.6666669846
42879  24.423  -27.643  54.485 1.0000000000
41082  25.973  -29.979  48.986 0.8888890147
41995  26.058  -29.348  49.000 1.0000000000
41983  25.384  -28.872  49.407 1.0000000000
42891  24.579  -27.499  53.557 1.0000000000
41068  25.287  -29.799  49.153 1.0000000000
123238  24.905  -29.343  49.414 1.0000000000
41984  24.519  -28.974  49.841 1.0000000000
41964  24.488  -28.217  50.671 1.0000000000
126681  24.851  -27.739  51.038 1.0000000000
119927  24.934  -27.377  52.144 1.0000000000
42904  25.106  -27.255  52.840 1.0000000000
42890  25.421  -27.204  53.599 1.0000000000
109466  25.276  -27.380  51.419 1.0000000000
43887  25.550  -27.089  52.211 1.0000000000
43873  25.883  -26.964  52.909 1.0000000000
42826  25.068  -27.899  58.102 0.3333329856
42842  24.596  -27.990  57.470 0.4444440007
117563  27.752  -31.028  49.683 0.5555559993
116320  25.071  -27.468  55.097 0.8888890147
127466  27.263  -31.279  49.869 0.4444440007
124719  25.019  -27.365  54.236 0.8888890147
40236  27.173  -30.253  49.033 0.6666669846
107601  25.744  -28.067  49.771 1.0000000000
42933  25.319  -27.749  50.537 1.0000000000
42841  25.358  -27.695  57.347 0.4444440007
42855  24.719  -27.803  56.723 0.4444440007
42854  25.405  -27.581  56.507 0.4444440007
42867  25.468  -27.489  55.828 0.6666669846
42878  25.743  -27.256  54.414 1.0000000000
39380  29.118  -31.201  50.148 0.2222220004
119090  27.661  -30.580  49.307 0.5555559993
40235  27.957  -30.107  48.975 0.6666669846
40220  29.420  -30.510  49.499 0.3333329856
40221  28.443  -30.686  49.476 0.3333329856
41080  27.394  -29.593  48.784 0.7777780294
41081  26.632  -29.794  48.889 0.7777780294
41982  26.250  -28.518  49.178 1.0000000000
40219  30.309  -30.278  49.563 0.3333329856
41067  28.824  -29.947  48.975 0.3333329856
42966  27.050  -28.269  48.909 1.0000000000
42932  26.031  -27.528  50.192 1.0000000000
43900  25.961  -27.185  50.842 1.0000000000
41066  29.708  -29.712  49.053 0.3333329856
41079  28.216  -29.372  48.703 0.8888890147
41993  27.590  -28.813  48.662 0.8888890147
42952  26.608  -27.665  49.554 1.0000000000
43911  26.617  -27.057  50.307 1.0000000000
121015  26.050  -26.919  51.616 1.0000000000
43886  26.768  -26.540  51.918 1.0000000000
43872  26.846  -26.703  52.836 0.8888890147
41065  30.567  -29.445  49.158 0.3333329856
41078  29.080  -29.132  48.674 0.5555559993
41992  28.433  -28.452  48.596 1.0000000000
42965  27.748  -28.118  48.706 1.0000000000
42951  27.498  -27.578  49.081 1.0000000000
43927  27.325  -26.976  49.721 1.0000000000
43899  26.637  -26.675  51.080 1.0000000000
43859  27.297  -26.873  53.712 0.8888890147
41077  29.930  -28.870  48.740 0.7777780294
41991  29.298  -28.320  48.589 1.0000000000
112092  28.832  -27.821  48.603 0.8888890147
42950  28.088  -27.000  49.176 1.0000000000
111218  27.282  -26.498  50.519 1.0000000000
43898  27.331  -26.233  51.413 1.0000000000
44807  27.962  -25.871  51.807 1.0000000000
41990  30.031  -28.054  48.625 0.8888890147
43910  28.050  -26.328  49.883 1.0000000000
44820  27.892  -25.948  50.844 1.0000000000
116166  25.958  -27.346  55.298 0.7777780294
40201  31.659  -30.535  50.217 0.2222220004
40202  30.881  -30.758  50.096 0.2222220004
40203  30.055  -31.003  50.003 0.2222220004
43860  26.322  -27.030  53.663 0.8888890147
40200  32.412  -30.357  50.400 0.2222220004
40217  31.978  -29.784  49.849 0.3333329856
40218  31.149  -30.027  49.682 0.3333329856
43884  28.198  -26.058  52.709 1.0000000000
43871  27.774  -26.491  53.145 0.8888890147
41064  31.410  -29.192  49.327 0.4444440007
41981  30.797  -28.510  48.831 0.7777780294
43939  29.420  -26.868  48.821 1.0000000000
43926  28.760  -26.556  49.226 1.0000000000
44848  28.805  -26.044  49.723 1.0000000000
42962  30.056  -27.293  48.687 1.0000000000
44833  28.556  -25.749  50.370 1.0000000000
44819  28.455  -25.540  51.250 1.0000000000
42852  27.121  -27.368  56.134 0.5555559993
42866  26.681  -27.330  55.512 0.7777780294
42877  26.761  -27.172  54.596 0.8888890147
43858  27.843  -27.019  54.394 0.7777780294
41049  32.784  -29.582  50.140 0.3333329856
128244  28.090  -26.713  53.775 0.8888890147
125031  31.596  -28.443  49.108 0.6666669846
43870  28.513  -26.384  53.480 0.8888890147
41063  32.310  -28.843  49.571 0.4444440007
44818  29.001  -25.184  51.624 1.0000000000
44806  28.576  -25.623  52.209 1.0000000000
44793  28.868  -25.942  53.069 1.0000000000
41989  30.607  -27.712  48.704 0.8888890147
43937  30.808  -26.929  48.786 1.0000000000
43938  30.050  -26.646  48.856 1.0000000000
43925  29.520  -26.140  49.264 1.0000000000
44832  29.042  -25.247  50.712 1.0000000000
44846  30.041  -25.454  49.523 1.0000000000
44847  29.236  -25.547  49.925 1.0000000000
107528  28.064  -27.348  55.912 0.5555559993
42865  27.492  -27.252  55.247 0.7777780294
40186  32.753  -30.931  50.902 0.1111110002
40185  33.564  -30.755  51.195 0.1111110002
40199  33.189  -30.190  50.651 0.2222220004
43846  28.464  -27.139  55.042 0.7777780294
43869  29.218  -26.297  53.777 0.7777780294
43857  28.777  -26.764  54.231 0.7777780294
44805  29.198  -25.423  52.569 0.7777780294
44792  29.505  -25.786  53.373 0.7777780294
45834  29.539  -24.705  51.033 1.0000000000
41979  32.135  -27.899  49.185 0.5555559993
45850  29.732  -24.977  50.179 1.0000000000
42949  31.837  -26.941  49.018 0.8888890147
43923  31.292  -26.118  49.037 0.8888890147
43924  30.449  -26.077  49.070 1.0000000000
122157  28.518  -27.413  56.499 0.4444440007
42864  29.156  -27.291  55.762 0.5555559993
43833  30.096  -27.305  56.235 0.3333329856
43845  29.288  -26.973  54.929 0.3333329856
43856  29.741  -26.561  54.463 0.3333329856
41033  33.951  -29.957  50.961 0.2222220004
41048  33.516  -29.407  50.491 0.2222220004
44791  30.160  -25.637  53.662 0.4444440007
44779  30.365  -26.096  54.283 0.3333329856
43855  30.464  -26.488  54.839 0.3333329856
44804  29.858  -25.165  52.917 0.7777780294
41062  33.177  -28.828  50.016 0.3333329856
41978  32.901  -28.091  49.637 0.3333329856
44845  30.937  -25.320  49.351 1.0000000000
45863  30.423  -24.897  49.752 1.0000000000
45833  30.098  -24.179  51.390 1.0000000000
40184  34.374  -30.496  51.485 0.1111110002
43841  31.917  -26.409  56.204 0.2222220004
43842  31.517  -26.235  55.524 0.3333329856
43843  30.919  -26.614  55.380 0.3333329856
43854  31.087  -26.032  54.786 0.3333329856
45800  30.527  -24.862  53.307 0.5555559993
45785  30.836  -25.433  54.053 0.4444440007
42948  32.646  -27.283  49.393 0.5555559993
45818  30.281  -24.315  52.380 0.6666669846
45799  31.215  -24.535  53.718 0.5555559993
128376  32.469  -26.593  49.303 0.7777780294
43922  32.045  -26.073  49.194 0.8888890147
45849  30.317  -24.358  50.395 0.8888890147
44844  32.281  -25.328  49.341 0.8888890147
107720  31.663  -24.820  49.449 0.8888890147
45862  31.023  -24.516  49.714 1.0000000000
46862  30.652  -23.672  50.865 1.0000000000
46844  30.611  -23.650  51.735 0.8888890147
44770  31.689  -25.698  55.136 0.2222220004
45784  31.608  -25.090  54.524 0.4444440007
45817  30.880  -24.028  52.902 0.5555559993
23891  3.615  -50.709  66.772 0.3333329856
23094  2.819  -50.890  66.467 0.4444440007
23875  9.216  -50.385  68.537 0.2222220004
23877  7.486  -50.740  68.261 0.2222220004
22307  2.286  -52.307  66.764 0.4444440007
23096  1.396  -51.757  66.061 0.4444440007
23113  0.731  -52.129  65.855 0.4444440007
23905  5.908  -50.209  66.949 0.3333329856
25490  10.674  -48.949  68.001 0.2222220004
23887  8.510  -50.164  67.338 0.2222220004
23886  9.041  -50.223  67.820 0.2222220004
23904  6.737  -50.094  66.809 0.2222220004
24711  9.242  -49.741  67.211 0.2222220004
23888  7.759  -50.407  67.470 0.2222220004
26247  11.101  -47.089  66.641 0.2222220004
26992  11.317  -46.238  66.460 0.2222220004
26972  11.694  -46.757  68.322 0.2222220004
115556  1.452  -51.075  66.117 0.4444440007
23908  0.970  -50.667  66.371 0.4444440007
21480  0.481  -53.377  65.908 0.2222220004
23114  0.153  -52.132  65.855 0.2222220004
119665  -0.107  -51.622  66.217 0.4444440007
22309  -0.717  -52.256  66.192 0.2222220004
22324  -0.990  -53.101  65.821 0.2222220004
21466  -1.873  -53.669  66.120 0.1111110002
21482  -1.234  -53.937  65.713 0.2222220004
24726  5.455  -49.565  66.431 0.5555559993
25502  10.150  -48.364  66.383 0.2222220004
23903  7.944  -50.003  66.824 0.2222220004
24722  8.947  -49.304  66.469 0.2222220004
24724  7.272  -49.659  66.444 0.2222220004
25504  8.505  -48.825  65.956 0.3333329856
25522  6.765  -48.455  65.873 0.5555559993
24727  4.040  -49.106  66.293 0.5555559993
109364  11.516  -43.342  65.057 0.2222220004
27730  11.215  -45.062  65.557 0.2222220004
26258  10.067  -47.105  65.426 0.3333329856
26993  10.769  -46.705  65.853 0.2222220004
27004  9.493  -46.549  65.050 0.3333329856
25508  3.532  -48.466  66.393 0.6666669846
29412  10.810  -43.840  64.560 0.3333329856
112791  10.951  -43.158  64.350 0.4444440007
24730  1.143  -49.913  66.810 0.5555559993
23909  0.099  -50.987  66.615 0.5555559993
31084  11.277  -41.976  64.110 0.3333329856
30276  11.393  -42.652  64.529 0.3333329856
122169  11.820  -42.668  65.133 0.2222220004
23082  -1.074  -51.535  68.224 0.4444440007
21467  -2.814  -54.367  66.872 0.1111110002
109904  5.265  -48.134  66.003 0.5555559993
26260  8.380  -47.441  65.459 0.4444440007
25521  8.053  -48.214  65.649 0.4444440007
122609  7.360  -48.166  65.722 0.4444440007
26250  6.089  -47.874  65.899 0.5555559993
27742  10.026  -45.310  64.648 0.3333329856
26262  6.857  -47.578  65.832 0.5555559993
108362  7.926  -46.699  65.543 0.5555559993
27007  7.125  -46.700  65.959 0.5555559993
129307  6.230  -46.461  66.638 0.5555559993
26253  2.963  -47.849  66.755 0.6666669846
25498  2.337  -48.256  66.989 0.6666669846
128385  10.059  -44.728  64.463 0.4444440007
28478  10.620  -44.702  64.796 0.4444440007
27013  8.955  -45.959  64.816 0.4444440007
27743  9.254  -45.356  64.582 0.6666669846
28486  9.467  -44.645  64.373 0.5555559993
27005  8.255  -45.820  65.206 0.6666669846
27744  8.676  -45.367  64.753 0.6666669846
27733  7.642  -45.252  65.565 0.7777780294
26975  2.846  -46.854  68.097 0.7777780294
25492  0.939  -48.950  68.206 0.5555559993
23880  -0.013  -50.247  68.121 0.5555559993
31805  11.547  -40.639  63.876 0.4444440007
31097  10.526  -41.803  63.730 0.5555559993
29422  9.875  -42.319  63.761 0.5555559993
29413  10.142  -43.265  64.005 0.5555559993
31816  10.737  -40.568  63.519 0.5555559993
32484  11.909  -40.056  64.054 0.5555559993
26251  4.856  -47.371  66.327 0.5555559993
26983  6.201  -46.115  67.122 0.6666669846
26997  4.691  -46.725  66.894 0.6666669846
123161  3.996  -46.665  67.266 0.7777780294
115568  9.339  -43.754  64.134 0.7777780294
28487  8.692  -44.213  64.435 0.7777780294
28479  7.540  -44.386  65.487 0.7777780294
27719  6.684  -45.640  66.946 0.7777780294
27718  7.164  -45.505  66.279 0.7777780294
27707  6.013  -45.908  67.893 0.7777780294
26974  3.805  -46.408  68.286 0.7777780294
25482  1.233  -48.359  69.685 0.4444440007
30279  8.636  -42.364  64.434 0.7777780294
23881  -0.609  -50.926  68.617 0.5555559993
23893  -0.359  -50.855  67.605 0.5555559993
33213  11.815  -38.474  63.613 0.6666669846
31817  9.743  -40.540  63.605 0.7777780294
122865  9.728  -41.456  63.699 0.6666669846
31806  9.147  -41.044  64.018 0.7777780294
29400  7.017  -44.182  66.330 0.8888890147
28465  6.587  -45.134  67.597 0.7777780294
29393  6.679  -44.293  67.406 0.8888890147
32485  9.001  -40.107  64.099 0.7777780294
33204  9.100  -39.125  63.938 0.8888890147
31056  7.702  -41.616  66.427 0.7777780294
113320  11.632  -37.732  63.275 0.6666669846
33216  9.858  -38.905  63.341 0.7777780294
32452  8.187  -39.805  66.342 0.7777780294
110483  8.561  -40.226  64.960 0.8888890147
120686  9.265  -38.358  63.749 0.8888890147
113821  8.678  -39.361  64.722 0.8888890147
111592  10.740  -37.732  62.958 0.7777780294
33214  11.178  -38.296  63.179 0.7777780294
33984  9.812  -37.849  63.255 0.7777780294
34716  13.615  -36.057  64.777 0.7777780294
34729  12.538  -36.064  63.429 0.7777780294
33196  8.463  -38.746  65.463 0.8888890147
33177  8.180  -38.615  67.083 0.6666669846
32438  8.052  -39.496  67.178 0.6666669846
34731  9.879  -36.356  63.054 0.8888890147
34746  11.101  -36.144  62.655 0.8888890147
129431  15.898  -40.763  63.649 0.3333329856
34706  8.745  -36.471  65.116 0.8888890147
33972  8.714  -37.339  64.788 0.8888890147
33188  8.328  -38.182  66.267 0.8888890147
33949  8.392  -37.375  66.597 0.8888890147
35540  10.707  -35.694  62.710 0.8888890147
34732  9.471  -35.952  63.640 0.8888890147
35504  9.068  -35.825  64.591 0.8888890147
36367  12.553  -34.727  63.028 0.8888890147
35519  11.350  -35.519  62.687 0.8888890147
36340  8.850  -35.001  66.006 0.7777780294
114228  8.155  -38.096  67.778 0.6666669846
35521  9.774  -35.103  63.536 0.8888890147
36354  9.708  -34.558  64.221 0.8888890147
32539  16.175  -38.958  60.886 0.5555559993
119877  10.723  -34.984  62.815 0.8888890147
36368  11.137  -34.176  63.019 0.8888890147
37293  12.570  -34.002  63.057 0.8888890147
35500  17.098  -35.373  64.876 0.7777780294
114265  9.854  -33.766  65.896 0.6666669846
113273  15.640  -38.278  63.449 0.5555559993
33980  16.005  -37.388  63.587 0.5555559993
33979  16.630  -36.821  64.198 0.7777780294
37294  11.499  -33.481  63.427 0.8888890147
124101  16.994  -35.358  64.132 0.7777780294
124748  14.256  -33.076  63.511 0.8888890147
35565  15.535  -35.565  60.256 0.6666669846
36412  15.797  -34.898  60.721 0.7777780294
37267  10.936  -33.227  64.898 0.8888890147
38184  10.692  -33.335  65.880 0.7777780294
37281  16.887  -33.851  64.230 0.7777780294
117619  17.112  -34.619  55.714 0.8888890147
128531  17.069  -34.332  56.203 0.8888890147
128008  16.152  -34.344  59.515 0.8888890147
38183  11.379  -33.065  66.257 0.7777780294
37307  17.254  -33.185  62.980 0.7777780294
37448  18.220  -33.443  53.611 0.8888890147
37416  17.877  -33.451  56.660 0.8888890147
37417  17.368  -33.968  55.955 0.8888890147
35651  18.736  -35.030  51.900 0.4444440007
117606  18.516  -34.261  52.173 0.8888890147
127121  18.342  -33.469  53.043 0.8888890147
37306  17.475  -32.769  62.313 0.7777780294
38422  18.855  -32.788  52.573 0.7777780294
38397  18.574  -32.996  53.138 0.8888890147
38356  18.507  -32.821  55.092 0.8888890147
37360  17.643  -33.489  59.513 0.7777780294
37501  20.557  -33.315  50.616 0.6666669846
37486  19.431  -33.288  51.305 0.6666669846
38421  19.244  -32.333  52.237 0.8888890147
38262  17.843  -32.506  61.794 0.6666669846
38355  19.061  -32.322  55.627 0.7777780294
38297  18.905  -33.076  57.973 0.7777780294
37358  19.307  -33.471  59.447 0.7777780294
39173  21.126  -32.002  65.320 0.3333329856
39156  21.022  -31.908  66.271 0.2222220004
39157  20.325  -31.361  66.579 0.2222220004
40040  19.054  -30.501  65.696 0.2222220004
128651  19.340  -30.735  66.273 0.1111110002
40023  18.185  -30.417  66.016 0.1111110002
40025  16.566  -30.514  66.058 0.1111110002
40026  15.907  -30.792  66.504 0.1111110002
38232  20.885  -32.594  63.470 0.3333329856
37280  21.537  -34.432  64.508 0.1111110002
38215  21.430  -33.084  64.952 0.2222220004
127460  20.041  -31.260  63.571 0.2222220004
39210  20.373  -31.859  63.131 0.3333329856
37335  20.853  -34.311  60.698 0.3333329856
36410  20.751  -34.508  61.171 0.3333329856
36379  20.968  -34.801  61.736 0.2222220004
38247  20.069  -33.058  61.911 0.3333329856
38260  19.898  -33.726  61.285 0.5555559993
39229  19.943  -32.078  62.393 0.3333329856
38248  19.357  -32.413  61.704 0.3333329856
40067  18.639  -30.770  63.632 0.2222220004
37502  19.944  -32.871  50.876 0.7777780294
38294  20.776  -32.219  58.960 0.4444440007
38295  20.025  -32.718  58.633 0.7777780294
129002  18.864  -31.931  61.983 0.5555559993
39231  18.502  -31.744  62.435 0.5555559993
39292  20.248  -31.290  56.474 0.7777780294
39285  19.759  -31.938  56.927 0.7777780294
38441  20.078  -32.104  51.028 0.8888890147
39344  19.553  -31.692  52.581 0.8888890147
39309  20.123  -30.976  53.879 0.7777780294
39293  19.653  -31.797  56.045 0.7777780294
38313  19.316  -32.570  57.396 0.7777780294
40188  20.611  -30.729  51.645 0.8888890147
40121  20.799  -30.793  56.968 0.7777780294
40206  20.886  -30.909  50.899 0.8888890147
113690  20.304  -30.928  54.691 0.7777780294
40145  20.808  -30.401  54.324 0.7777780294
40144  21.305  -30.004  55.042 0.6666669846
40114  21.584  -30.564  58.191 0.4444440007
39273  21.218  -31.334  58.557 0.4444440007
40128  21.278  -30.230  56.640 0.5555559993
126064  21.382  -29.890  54.393 0.6666669846
40187  21.015  -30.187  52.019 0.8888890147
40168  21.036  -30.064  52.823 0.8888890147
41012  21.618  -29.556  53.231 1.0000000000
41011  22.222  -29.131  53.640 1.0000000000
41951  22.909  -28.795  51.595 1.0000000000
41966  23.163  -28.903  50.957 1.0000000000
41868  24.432  -28.721  59.378 0.3333329856
41963  25.067  -28.337  50.001 1.0000000000
42868  24.826  -27.646  55.948 0.4444440007
41994  26.805  -29.057  48.783 1.0000000000
126152  26.207  -26.809  52.297 1.0000000000
42964  28.228  -27.661  48.742 1.0000000000
43885  27.495  -26.263  52.315 1.0000000000
42963  29.407  -27.579  48.631 1.0000000000
43940  28.782  -27.206  48.784 1.0000000000
41980  31.309  -27.748  48.851 0.7777780294
45819  29.560  -24.756  51.999 1.0000000000
124470  29.815  -26.127  53.919 0.4444440007
41047  34.191  -29.110  50.807 0.3333329856
121623  31.363  -26.662  55.933 0.2222220004
44769  32.186  -25.705  55.731 0.2222220004
126136  33.745  -28.766  50.415 0.3333329856
109853  31.637  -25.519  49.263 0.8888890147
111800  30.721  -23.771  52.312 0.7777780294
43921  32.772  -25.988  49.382 0.8888890147
45774  32.086  -25.173  55.129 0.4444440007
24705  0.256  -49.697  68.834 0.4444440007
24706  -0.290  -50.408  68.968 0.4444440007
25491  1.290  -48.266  68.664 0.3333329856
25477  0.760  -49.239  70.446 0.2222220004
24697  0.248  -49.805  70.030 0.2222220004
26227  1.682  -47.658  69.088 0.3333329856
26964  3.774  -46.385  69.493 0.6666669846
26965  2.918  -46.663  68.952 0.3333329856
121860  5.457  -46.119  68.044 0.6666669846
26985  4.713  -46.364  67.690 0.6666669846
25476  1.361  -48.658  70.814 0.2222220004
26207  1.937  -48.094  71.034 0.2222220004
26954  3.063  -46.744  70.043 0.3333329856
120214  5.016  -46.155  68.550 0.6666669846
110709  6.292  -45.370  68.289 0.6666669846
26973  5.794  -45.821  68.578 0.6666669846
119747  6.516  -44.705  68.157 0.7777780294
26218  2.463  -47.395  70.605 0.2222220004
120012  3.948  -46.419  70.474 0.3333329856
27689  5.105  -45.926  69.972 0.6666669846
27696  6.031  -45.315  69.152 0.6666669846
28455  6.001  -44.966  69.809 0.6666669846
28460  6.362  -44.871  68.734 0.6666669846
126788  6.569  -44.182  68.066 0.6666669846
29384  6.518  -44.162  68.670 0.6666669846
29373  6.496  -43.725  69.519 0.5555559993
30243  6.952  -42.614  67.624 0.6666669846
124124  6.637  -43.382  68.812 0.4444440007
30231  6.828  -42.700  68.526 0.5555559993
30219  6.738  -42.831  69.344 0.3333329856
110120  7.118  -41.975  68.220 0.4444440007
32439  7.830  -40.197  67.715 0.5555559993
31046  7.332  -41.920  67.238 0.4444440007
31014  7.213  -41.435  70.620 0.3333329856
31024  7.284  -41.395  69.711 0.2222220004
30230  7.060  -42.064  69.126 0.3333329856
32431  7.708  -40.018  68.717 0.3333329856
31035  7.348  -41.373  68.791 0.3333329856
32430  7.895  -39.537  68.103 0.4444440007
31774  7.681  -41.018  67.259 0.4444440007
33158  7.705  -38.928  70.019 0.2222220004
128891  7.561  -40.005  70.480 0.1111110002
33157  7.775  -38.340  69.514 0.2222220004
115489  7.959  -38.263  68.661 0.2222220004
33165  8.027  -38.859  67.967 0.3333329856
118711  8.222  -36.740  67.970 0.4444440007
34687  8.384  -36.718  67.148 0.5555559993
34676  7.783  -36.391  69.849 0.1111110002
33923  7.736  -37.348  69.905 0.2222220004
35455  7.946  -35.588  69.117 0.1111110002
123794  7.874  -37.679  69.206 0.2222220004
122473  8.332  -36.159  67.538 0.4444440007
34680  8.174  -35.944  68.240 0.3333329856
114649  8.478  -35.988  66.801 0.4444440007
34068  17.391  -37.795  56.043 0.2222220004
34069  16.934  -37.143  56.449 0.5555559993
36311  8.561  -34.457  67.492 0.2222220004
35470  8.381  -35.438  67.521 0.3333329856
37230  8.923  -33.898  67.151 0.3333329856
35479  8.604  -35.140  66.781 0.5555559993
34111  17.855  -37.422  54.426 0.3333329856
34094  17.642  -37.700  55.203 0.2222220004
108777  17.402  -37.040  54.915 0.4444440007
34095  17.172  -37.068  55.626 0.2222220004
37250  9.999  -33.522  66.664 0.4444440007
37229  9.399  -33.577  67.324 0.3333329856
37226  21.638  -33.473  67.436 0.1111110002
38180  21.372  -32.652  66.868 0.1111110002
38200  21.472  -32.785  65.933 0.1111110002
37228  10.155  -33.326  67.467 0.3333329856
34839  17.530  -36.518  54.312 0.4444440007
37210  10.492  -33.125  68.227 0.2222220004
37211  9.501  -33.203  68.148 0.2222220004
37249  10.834  -33.311  66.800 0.3333329856
38166  11.675  -33.151  66.936 0.3333329856
38258  23.337  -32.259  62.027 0.1111110002
38259  22.819  -33.059  61.631 0.2222220004
38268  22.316  -32.916  60.990 0.2222220004
39245  22.902  -32.010  61.329 0.2222220004
39256  23.144  -31.070  60.944 0.2222220004
39257  22.434  -31.774  60.509 0.2222220004
39267  21.504  -31.680  59.311 0.2222220004
39266  22.215  -31.147  59.714 0.2222220004
121041  22.272  -33.844  61.338 0.2222220004
37334  21.613  -33.996  60.860 0.3333329856
113740  21.112  -33.702  60.297 0.3333329856
38269  21.732  -32.862  60.368 0.3333329856
38279  21.092  -32.809  59.709 0.3333329856
39258  21.801  -32.005  59.931 0.2222220004
45848  30.984  -23.913  50.150 0.8888890147
46880  32.141  -22.931  50.049 0.7777780294
108002  25.689  -27.724  58.030 0.3333329856
47831  31.589  -22.617  50.821 0.7777780294
46881  31.327  -23.326  50.425 0.7777780294
42840  26.133  -27.583  57.602 0.3333329856
108000  25.954  -27.528  56.947 0.3333329856
42853  26.174  -27.433  56.201 0.4444440007
48675  32.290  -21.526  52.205 0.7777780294
125974  31.426  -22.610  51.584 0.6666669846
46861  31.050  -23.105  51.264 0.6666669846
49553  33.464  -20.351  51.615 0.6666669846
49546  32.862  -20.800  51.893 0.6666669846
50485  34.742  -19.605  50.820 0.7777780294
48684  32.487  -21.293  51.210 0.7777780294
47830  32.216  -22.068  50.589 0.7777780294
108003  26.763  -27.540  57.815 0.3333329856
108001  26.747  -27.460  57.027 0.3333329856
42851  27.708  -27.412  56.772 0.4444440007
49536  35.262  -20.292  54.070 0.3333329856
49537  34.642  -20.304  53.473 0.4444440007
48667  33.379  -21.273  53.503 0.4444440007
47795  32.094  -22.082  52.818 0.7777780294
46843  31.142  -23.171  52.295 0.5555559993
111993  35.889  -19.492  53.263 0.4444440007
50458  35.362  -19.918  53.546 0.5555559993
49538  33.747  -20.600  53.094 0.5555559993
48674  32.987  -20.973  52.696 0.6666669846
50466  35.883  -19.102  52.421 0.5555559993
50468  34.513  -19.615  51.933 0.6666669846
51421  36.385  -18.726  50.817 0.7777780294
50467  35.261  -19.192  51.802 0.7777780294
51436  37.355  -18.910  49.909 0.7777780294
51437  36.758  -18.886  50.269 0.7777780294
42839  27.485  -27.478  57.619 0.3333329856
49511  36.533  -20.438  55.871 0.1111110002
46829  31.470  -23.606  53.349 0.4444440007
49524  35.811  -20.742  55.520 0.2222220004
48650  35.146  -21.082  55.155 0.3333329856
114869  34.521  -21.412  54.806 0.2222220004
47781  33.057  -21.995  53.921 0.3333329856
46828  32.118  -23.187  53.834 0.3333329856
118530  40.514  -19.055  56.787 0.1111110002
50433  39.440  -19.412  55.634 0.1111110002
117401  38.790  -19.494  55.303 0.3333329856
50449  37.540  -19.511  54.447 0.5555559993
49529  36.280  -20.220  55.042 0.3333329856
48657  34.788  -20.803  54.371 0.3333329856
48666  34.110  -20.942  53.864 0.4444440007
48668  32.633  -21.653  53.133 0.5555559993
47783  31.752  -22.738  53.018 0.5555559993
51361  40.216  -19.252  55.165 0.1111110002
50447  39.387  -19.375  54.852 0.2222220004
50456  37.502  -19.235  53.582 0.4444440007
107612  36.725  -19.439  53.714 0.5555559993
51388  38.862  -18.971  53.226 0.3333329856
51390  37.116  -19.032  52.939 0.6666669846
51399  36.641  -18.823  52.243 0.6666669846
51409  37.875  -18.418  51.392 0.7777780294
51410  36.924  -18.554  51.443 0.7777780294
51420  37.323  -18.562  50.567 0.7777780294
107529  30.043  -27.477  57.089 0.2222220004
47769  34.150  -22.053  55.099 0.2222220004
47771  32.770  -22.776  54.271 0.3333329856
43844  30.123  -26.957  55.328 0.2222220004
113335  35.438  -21.381  55.902 0.1111110002
46818  32.525  -23.611  54.557 0.2222220004
46819  31.874  -24.081  54.150 0.3333329856
47770  33.477  -22.402  54.663 0.2222220004
46817  33.171  -23.183  54.969 0.2222220004
48651  34.791  -21.720  55.521 0.1111110002
48643  35.072  -22.028  56.265 0.1111110002
47758  34.467  -22.427  55.832 0.1111110002
47759  33.809  -22.781  55.399 0.1111110002
45773  32.581  -24.803  55.517 0.3333329856
46808  32.865  -23.972  55.261 0.2222220004
45783  32.281  -24.463  54.838 0.3333329856
45772  33.195  -24.340  55.947 0.2222220004
46807  33.495  -23.538  55.679 0.1111110002
36326  8.875  -34.408  66.644 0.6666669846
123017  12.892  -32.325  66.442 0.3333329856
27706  6.366  -45.629  67.613 0.6666669846
26219  1.768  -47.812  70.085 0.3333329856
33927  8.098  -37.486  68.357 0.2222220004
26226  2.301  -47.182  69.531 0.3333329856
111275  4.640  -46.169  69.272 0.4444440007
26963  4.480  -46.206  69.991 0.3333329856
111921  5.443  -45.835  69.266 0.6666669846
26217  3.343  -46.929  71.229 0.2222220004
118294  6.295  -44.603  69.328 0.6666669846
30244  6.672  -43.499  67.989 0.6666669846
115072  7.388  -41.389  67.973 0.4444440007
31768  7.577  -40.774  68.305 0.4444440007
33166  7.817  -39.107  68.990 0.2222220004
31763  7.515  -40.669  69.292 0.3333329856
47810  31.852  -22.009  51.416 0.7777780294
47796  31.702  -22.311  52.214 0.6666669846
49545  33.490  -20.427  52.307 0.6666669846
49544  34.203  -20.054  52.577 0.5555559993
50469  33.914  -19.996  51.940 0.5555559993
50475  34.806  -19.439  51.321 0.7777780294
49565  34.739  -20.017  50.331 0.7777780294
50484  35.351  -19.596  50.342 0.7777780294
51422  35.464  -19.076  50.958 0.7777780294
49530  35.540  -20.507  54.733 0.3333329856
48658  33.848  -21.594  54.329 0.4444440007
50459  35.076  -19.609  52.731 0.5555559993
50450  35.957  -19.931  54.158 0.3333329856
50483  36.093  -19.161  50.333 0.7777780294
51400  36.062  -18.794  51.581 0.7777780294
112947  37.941  -18.620  50.001 0.7777780294
128327  34.326  -21.186  54.350 0.3333329856
47782  32.392  -22.395  53.508 0.4444440007
51349  40.232  -19.250  56.106 0.1111110002
115790  38.038  -19.598  55.307 0.5555559993
50436  37.143  -19.907  55.360 0.5555559993
126738  36.717  -19.792  54.566 0.5555559993
50448  38.523  -19.430  54.647 0.4444440007
50455  38.236  -19.225  53.826 0.2222220004
51377  39.174  -19.251  54.052 0.2222220004
50457  36.447  -19.156  52.907 0.5555559993
51389  37.941  -18.950  53.005 0.5555559993
51398  37.490  -18.681  52.213 0.6666669846
51419  38.299  -18.382  50.539 0.7777780294
20633  -0.734  -54.389  65.736 0.1111110002
21481  -0.347  -53.445  65.721 0.1111110002
20634  -1.464  -54.919  65.782 0.1111110002
21463  1.835  -52.956  66.821 0.3333329856
22301  -2.903  -53.531  68.337 0.1111110002
23072  -1.790  -52.365  69.033 0.2222220004
23062  -1.870  -52.486  70.084 0.1111110002
22291  -2.431  -52.990  68.781 0.1111110002
23071  -1.234  -51.717  69.312 0.2222220004
23870  -0.734  -51.149  69.657 0.3333329856
111512  10.449  -49.653  70.746 0.1111110002
24678  10.911  -49.137  71.001 0.1111110002
125217  12.700  -46.335  71.837 0.1111110002
26215  12.237  -47.017  71.583 0.1111110002
124641  11.555  -48.070  71.518 0.1111110002
25466  11.134  -48.681  71.696 0.1111110002
26216  11.820  -47.534  70.877 0.1111110002
26224  11.910  -47.041  69.938 0.1111110002
26225  11.660  -47.342  69.094 0.1111110002
110146  11.507  -47.994  69.793 0.1111110002
117093  11.204  -48.746  69.859 0.1111110002
129194  12.203  -46.104  69.358 0.1111110002
27678  5.770  -44.963  70.576 0.4444440007
26962  11.958  -46.571  69.232 0.1111110002
25481  11.204  -48.639  69.228 0.1111110002
27688  5.633  -45.440  69.903 0.6666669846
26961  12.287  -46.290  69.906 0.1111110002
26952  12.749  -45.785  70.703 0.1111110002
29352  6.371  -43.402  71.188 0.2222220004
28440  6.076  -43.913  71.895 0.2222220004
28448  6.071  -44.174  70.926 0.3333329856
26971  12.100  -46.003  68.819 0.1111110002
26981  11.915  -45.873  67.962 0.1111110002
29361  6.400  -43.598  70.399 0.4444440007
28439  13.564  -44.397  71.330 0.1111110002
28447  12.948  -44.948  70.218 0.1111110002
27677  13.153  -45.020  71.087 0.1111110002
29360  13.676  -43.692  70.710 0.1111110002
27687  12.506  -45.581  69.540 0.1111110002
30204  6.622  -42.671  71.439 0.1111110002
29371  13.480  -43.379  69.794 0.1111110002
29383  12.894  -43.788  68.403 0.1111110002
28459  12.512  -44.475  67.962 0.1111110002
29391  12.575  -43.687  67.463 0.1111110002
31022  14.243  -40.865  70.174 0.1111110002
31013  13.971  -41.698  70.119 0.1111110002
120756  13.602  -40.693  68.777 0.1111110002
113365  13.636  -41.796  69.336 0.1111110002
29382  13.271  -43.165  68.979 0.1111110002
31044  13.267  -40.940  67.973 0.1111110002
30228  13.378  -42.331  68.796 0.1111110002
30229  13.034  -42.963  68.163 0.1111110002
30241  13.168  -42.032  68.026 0.1111110002
30242  12.794  -42.702  67.310 0.1111110002
29405  12.083  -42.969  65.769 0.1111110002
31055  12.998  -40.706  66.842 0.1111110002
120155  12.625  -41.602  66.162 0.1111110002
30265  12.221  -42.237  65.570 0.1111110002
31782  12.856  -40.030  66.171 0.1111110002
31067  12.289  -41.529  65.268 0.2222220004
31793  12.559  -40.247  65.287 0.1111110002
31804  12.134  -40.517  64.513 0.2222220004
31757  14.722  -40.369  70.548 0.1111110002
31054  16.113  -40.825  66.135 0.2222220004
31761  14.347  -40.216  69.885 0.1111110002
32425  14.533  -39.510  69.553 0.1111110002
31762  13.963  -40.110  69.194 0.1111110002
32580  17.637  -39.355  59.360 0.2222220004
33176  13.839  -38.474  67.663 0.1111110002
31767  13.617  -40.046  68.450 0.1111110002
32557  17.386  -39.397  60.130 0.3333329856
114563  13.387  -38.600  66.836 0.1111110002
31781  13.122  -39.818  66.920 0.1111110002
32538  16.534  -39.485  61.247 0.4444440007
33195  12.888  -38.433  65.379 0.2222220004
33187  13.094  -38.698  66.156 0.2222220004
32468  12.785  -39.332  65.607 0.1111110002
32483  12.377  -39.770  64.673 0.2222220004
118041  12.551  -39.070  64.798 0.4444440007
123322  16.431  -42.011  66.982 0.2222220004
31033  16.795  -40.956  68.553 0.1111110002
31021  17.017  -40.371  69.483 0.1111110002
114057  16.323  -41.205  66.994 0.2222220004
31771  16.632  -40.554  67.815 0.2222220004
31766  16.847  -39.807  68.655 0.1111110002
126056  16.705  -39.592  69.484 0.1111110002
118275  16.502  -40.183  67.098 0.2222220004
118635  16.780  -39.680  67.876 0.1111110002
33161  16.491  -38.554  68.516 0.1111110002
33156  15.645  -38.723  69.331 0.1111110002
32423  15.704  -39.226  69.974 0.1111110002
32579  18.190  -39.691  58.679 0.1111110002
31853  18.076  -39.738  59.674 0.2222220004
32466  16.454  -39.646  66.442 0.2222220004
32449  16.780  -39.195  67.415 0.2222220004
33925  16.410  -37.909  68.134 0.1111110002
33926  15.687  -37.775  68.307 0.1111110002
32429  14.787  -38.848  69.223 0.1111110002
118344  16.968  -37.918  66.276 0.2222220004
33185  16.859  -38.573  66.862 0.2222220004
33174  16.761  -38.406  67.802 0.1111110002
33175  14.689  -37.939  68.177 0.1111110002
33937  14.252  -37.692  67.470 0.1111110002
32581  17.070  -38.934  59.514 0.3333329856
119762  16.820  -39.305  60.664 0.3333329856
113116  13.690  -38.037  67.014 0.1111110002
32558  16.647  -38.919  60.202 0.4444440007
33959  13.147  -37.625  65.376 0.2222220004
33260  15.942  -38.366  60.417 0.4444440007
128515  12.759  -37.930  64.778 0.5555559993
31863  18.881  -40.175  57.910 0.1111110002
33946  16.607  -36.685  67.085 0.1111110002
33936  15.205  -37.317  67.787 0.1111110002
33948  13.950  -37.409  66.782 0.2222220004
34686  15.636  -36.711  67.319 0.3333329856
34695  14.691  -36.539  66.622 0.4444440007
34705  14.099  -36.286  65.655 0.5555559993
33970  12.862  -37.314  64.540 0.6666669846
32613  18.317  -39.636  57.706 0.1111110002
32599  17.435  -39.009  58.766 0.2222220004
32614  17.736  -39.118  57.936 0.2222220004
33295  16.823  -38.431  58.907 0.4444440007
33275  16.414  -38.378  59.644 0.4444440007
34019  16.226  -37.786  59.054 0.4444440007
31871  19.583  -40.281  57.326 0.1111110002
31877  19.514  -39.900  56.574 0.1111110002
32612  18.808  -39.896  57.083 0.1111110002
32626  18.084  -39.217  56.964 0.1111110002
33316  17.178  -38.470  58.166 0.4444440007
110019  16.634  -37.875  58.339 0.4444440007
34032  16.127  -37.222  58.436 0.5555559993
32624  20.190  -39.540  56.049 0.1111110002
126780  19.461  -39.612  56.101 0.1111110002
32625  18.808  -39.486  56.232 0.1111110002
110943  17.445  -38.513  57.354 0.1111110002
33317  16.934  -37.897  57.642 0.4444440007
117223  16.514  -37.395  57.872 0.4444440007
33339  21.687  -38.465  56.595 0.1111110002
32623  21.154  -39.343  56.648 0.1111110002
37227  11.109  -33.310  67.583 0.2222220004
33340  20.945  -38.862  55.856 0.1111110002
32636  19.406  -39.285  55.614 0.1111110002
33341  18.171  -38.972  56.120 0.1111110002
33358  17.931  -38.416  55.639 0.1111110002
39159  14.483  -31.269  66.351 0.1111110002
33342  17.670  -38.488  56.490 0.1111110002
33343  17.173  -37.847  56.878 0.3333329856
34046  16.696  -37.254  57.241 0.4444440007
34819  21.836  -36.684  55.268 0.1111110002
34092  21.633  -37.364  55.576 0.1111110002
33354  21.394  -38.093  55.774 0.1111110002
37209  11.552  -33.333  68.377 0.2222220004
34838  21.546  -36.546  54.298 0.1111110002
34109  21.297  -37.261  54.776 0.1111110002
34093  21.139  -37.812  55.120 0.1111110002
38151  12.403  -33.348  68.110 0.2222220004
38152  11.889  -33.321  67.625 0.2222220004
33355  20.722  -38.357  55.190 0.1111110002
32635  20.167  -38.953  55.311 0.1111110002
38181  13.382  -32.348  67.065 0.1111110002
38165  12.528  -32.906  67.172 0.2222220004
35638  21.996  -35.284  52.819 0.1111110002
35631  21.583  -36.034  53.317 0.1111110002
34128  20.935  -37.178  54.095 0.1111110002
34110  20.538  -37.841  54.433 0.1111110002
124657  20.129  -38.463  54.770 0.1111110002
39146  14.028  -31.827  66.938 0.1111110002
34851  20.901  -36.782  53.439 0.1111110002
34129  20.356  -37.377  53.632 0.1111110002
33388  19.977  -37.812  53.832 0.1111110002
33356  19.337  -38.687  54.865 0.1111110002
36559  22.131  -34.434  51.542 0.1111110002
35647  21.708  -35.077  51.956 0.1111110002
35639  21.278  -35.716  52.356 0.1111110002
34861  20.762  -36.369  52.633 0.1111110002
33372  19.743  -38.190  54.288 0.1111110002
33373  19.039  -38.195  54.270 0.1111110002
33357  18.620  -38.911  55.494 0.1111110002
35640  20.577  -35.936  52.006 0.1111110002
35648  20.891  -35.349  51.650 0.1111110002
34862  19.930  -36.393  52.195 0.1111110002
34148  20.196  -36.974  52.906 0.1111110002
34130  19.748  -37.437  53.336 0.1111110002
33389  19.357  -37.816  53.800 0.1111110002
34149  19.470  -36.966  52.803 0.1111110002
34150  18.794  -36.916  52.966 0.1111110002
33374  18.572  -37.664  53.925 0.1111110002
36572  21.738  -34.038  50.877 0.1111110002
34863  19.065  -36.430  52.416 0.2222220004
34864  18.367  -36.322  52.895 0.1111110002
39393  28.325  -31.221  50.004 0.1111110002
39379  30.580  -31.268  50.639 0.1111110002
39378  31.405  -31.120  50.667 0.1111110002
125858  33.111  -26.707  49.551 0.6666669846
44842  34.061  -25.426  49.835 0.6666669846
44843  33.191  -25.188  49.485 0.7777780294
45859  34.558  -24.809  49.937 0.6666669846
45860  33.331  -24.246  49.504 0.6666669846
45861  32.446  -24.490  49.449 0.6666669846
46895  31.725  -23.913  49.748 0.6666669846
111589  34.222  -24.110  49.633 0.6666669846
46893  33.660  -23.336  49.518 0.6666669846
46894  32.662  -23.605  49.563 0.6666669846
115732  32.896  -22.880  49.644 0.6666669846
46892  34.787  -23.325  49.612 0.6666669846
111598  33.518  -22.474  49.619 0.6666669846
48694  32.839  -21.531  50.414 0.6666669846
47853  32.792  -22.233  49.986 0.6666669846
45830  38.232  -24.061  51.723 0.5555559993
44815  37.215  -24.784  51.738 0.5555559993
45845  36.319  -24.097  50.590 0.6666669846
50476  34.126  -19.878  51.314 0.6666669846
46859  38.762  -23.664  51.227 0.5555559993
46860  38.062  -23.683  51.135 0.5555559993
45844  36.951  -23.909  50.804 0.6666669846
46891  36.244  -22.860  49.844 0.6666669846
113564  35.515  -22.896  49.672 0.6666669846
122372  34.703  -21.725  49.553 0.6666669846
120402  33.681  -20.703  50.451 0.6666669846
49567  33.076  -20.908  50.768 0.5555559993
47829  37.082  -22.794  50.001 0.5555559993
47850  35.784  -22.253  49.577 0.6666669846
120565  35.310  -21.681  49.520 0.6666669846
46875  39.273  -23.215  50.598 0.5555559993
46876  38.396  -23.251  50.598 0.5555559993
47828  37.951  -22.722  50.090 0.5555559993
48709  34.880  -21.132  49.649 0.6666669846
49583  34.364  -20.659  50.037 0.6666669846
46877  37.510  -23.432  50.611 0.5555559993
47849  36.602  -22.110  49.642 0.6666669846
121419  35.506  -21.064  49.564 0.6666669846
49582  35.253  -20.379  49.837 0.6666669846
50497  36.010  -19.799  49.838 0.6666669846
48707  36.934  -21.166  49.482 0.6666669846
112201  36.075  -20.654  49.562 0.6666669846
46857  40.563  -23.599  51.297 0.4444440007
46874  40.177  -23.201  50.624 0.4444440007
47826  39.776  -22.684  50.058 0.5555559993
47827  38.863  -22.681  50.065 0.6666669846
47847  38.416  -22.015  49.695 0.6666669846
47848  37.487  -22.031  49.685 0.6666669846
49581  36.785  -20.128  49.544 0.6666669846
50435  37.774  -19.801  55.932 0.3333329856
46873  41.072  -23.152  50.696 0.3333329856
50496  36.725  -19.348  49.865 0.6666669846
47825  40.686  -22.689  50.101 0.4444440007
47846  39.352  -22.021  49.638 0.6666669846
48706  38.356  -20.651  49.317 0.6666669846
49580  37.633  -20.434  49.418 0.6666669846
120821  37.951  -21.271  49.472 0.6666669846
46855  42.374  -23.269  51.383 0.3333329856
47823  42.445  -22.628  50.548 0.3333329856
46872  41.805  -23.051  50.825 0.3333329856
47824  41.568  -22.645  50.246 0.3333329856
114892  37.473  -19.577  49.562 0.6666669846
47844  41.209  -22.117  49.661 0.4444440007
48703  40.775  -21.450  49.216 0.6666669846
50495  38.339  -19.818  49.297 0.6666669846
48722  40.430  -20.780  48.882 0.6666669846
115635  39.753  -20.324  48.897 0.6666669846
127015  39.372  -20.825  49.136 0.6666669846
49579  38.978  -20.419  49.145 0.6666669846
51397  38.569  -18.600  52.276 0.5555559993
51408  38.864  -18.308  51.295 0.6666669846
51407  39.807  -18.145  51.101 0.5555559993
50509  41.203  -19.271  48.544 0.6666669846
51451  40.175  -18.736  48.975 0.6666669846
128281  39.420  -18.328  49.907 0.5555559993
48692  43.675  -21.747  50.215 0.2222220004
48701  43.313  -21.326  49.622 0.4444440007
49578  42.942  -20.828  49.082 0.5555559993
49598  41.558  -20.031  48.566 0.6666669846
121378  40.546  -19.153  48.672 0.6666669846
51452  39.417  -18.923  49.192 0.6666669846
51435  38.092  -19.034  49.599 0.6666669846
47809  43.006  -22.858  51.079 0.2222220004
47842  42.908  -21.990  49.999 0.3333329856
47843  42.090  -22.106  49.799 0.3333329856
48721  41.161  -20.761  48.800 0.6666669846
49599  40.636  -19.956  48.621 0.6666669846
50494  38.756  -19.139  49.347 0.6666669846
51418  40.547  -17.953  50.979 0.5555559993
48682  46.332  -21.282  51.402 0.2222220004
48683  44.901  -21.763  51.076 0.2222220004
51450  40.911  -18.668  48.796 0.6666669846
51433  40.699  -18.265  49.423 0.5555559993
52378  41.067  -17.817  50.345 0.5555559993
127394  44.919  -21.314  50.612 0.2222220004
48700  44.067  -21.092  49.848 0.4444440007
50508  42.100  -19.256  48.476 0.6666669846
121024  41.548  -18.724  48.639 0.6666669846
51432  41.490  -18.278  48.981 0.6666669846
49563  45.612  -20.479  50.308 0.2222220004
49575  45.263  -20.075  49.727 0.3333329856
49576  44.457  -20.380  49.468 0.4444440007
117486  43.549  -19.341  48.573 0.5555559993
49551  47.550  -20.505  51.755 0.1111110002
48681  47.082  -21.141  51.691 0.1111110002
120442  47.519  -18.749  51.874 0.1111110002
50474  46.718  -19.837  50.803 0.1111110002
50482  46.041  -19.771  50.163 0.1111110002
51449  42.163  -18.466  48.684 0.5555559993
52393  41.597  -17.850  49.602 0.5555559993
52366  47.238  -16.868  52.489 0.2222220004
120147  47.018  -18.985  51.081 0.1111110002
50491  46.126  -18.878  49.973 0.2222220004
50492  45.500  -19.269  49.496 0.4444440007
50493  44.779  -19.599  49.135 0.5555559993
125162  43.739  -18.702  48.586 0.5555559993
52398  42.755  -18.107  48.790 0.5555559993
118822  42.196  -17.892  49.143 0.5555559993
53383  47.676  -15.832  52.958 0.2222220004
52367  46.752  -16.934  51.904 0.1111110002
52375  46.331  -17.387  51.016 0.2222220004
51417  46.110  -18.101  50.167 0.2222220004
126337  45.504  -18.316  49.530 0.4444440007
52390  44.293  -17.681  49.116 0.5555559993
52397  43.534  -18.020  48.777 0.5555559993
52392  42.927  -17.562  49.220 0.5555559993
52368  41.519  -17.452  50.988 0.4444440007
122339  41.757  -17.492  50.247 0.5555559993
52377  42.358  -17.341  49.821 0.5555559993
54241  48.101  -15.126  52.507 0.1111110002
54244  47.583  -14.680  52.017 0.2222220004
53390  46.879  -16.057  52.408 0.2222220004
52376  45.680  -17.408  50.145 0.3333329856
115388  45.136  -16.796  50.131 0.5555559993
53413  44.377  -16.854  49.778 0.5555559993
52391  43.666  -17.275  49.353 0.5555559993
110149  43.112  -16.929  49.758 0.5555559993
53401  42.648  -16.544  50.331 0.4444440007
52374  48.983  -16.408  50.638 0.1111110002
54268  48.198  -15.152  50.857 0.1111110002
54245  46.863  -14.584  52.048 0.2222220004
53392  46.083  -14.607  51.737 0.3333329856
53398  44.880  -15.861  50.644 0.4444440007
53414  43.702  -16.660  49.836 0.5555559993
53400  43.303  -16.183  50.223 0.4444440007
53411  47.988  -15.762  49.696 0.1111110002
54252  47.639  -14.547  51.236 0.2222220004
55132  46.622  -14.278  51.485 0.2222220004
55137  45.834  -14.146  51.223 0.3333329856
54253  45.247  -14.712  51.213 0.4444440007
112199  48.001  -16.516  48.799 0.1111110002
54246  41.617  -15.335  51.536 0.3333329856
53393  41.722  -16.979  51.372 0.3333329856
55141  42.192  -15.084  50.971 0.4444440007
54257  42.059  -16.124  50.953 0.4444440007
53402  42.090  -17.029  50.608 0.4444440007
55140  42.433  -14.221  50.909 0.4444440007
54256  42.756  -15.663  50.586 0.4444440007
113578  42.977  -14.789  50.679 0.5555559993
55949  45.290  -13.742  50.448 0.5555559993
55138  44.861  -14.104  50.884 0.5555559993
55139  43.848  -14.439  50.686 0.5555559993
54255  43.540  -15.348  50.544 0.5555559993
52402  48.564  -17.223  47.391 0.1111110002
52396  48.332  -17.232  48.355 0.1111110002
53412  47.657  -15.912  48.552 0.1111110002
54276  47.407  -15.156  49.322 0.2222220004
55136  46.980  -14.165  51.034 0.2222220004
112197  46.248  -13.966  50.838 0.3333329856
51459  48.763  -17.989  47.857 0.1111110002
110569  41.581  -13.841  51.884 0.3333329856
114142  41.360  -14.672  52.062 0.3333329856
55133  41.793  -14.430  51.409 0.3333329856
108229  42.698  -13.561  50.810 0.4444440007
112148  43.790  -12.880  50.189 0.4444440007
55950  43.267  -13.212  50.532 0.5555559993
115673  43.221  -13.956  50.686 0.5555559993
109993  44.118  -13.562  50.441 0.5555559993
53416  47.978  -16.579  47.926 0.1111110002
110198  47.315  -15.244  48.129 0.2222220004
55149  47.199  -14.477  50.242 0.2222220004
55150  46.504  -14.028  49.927 0.2222220004
55151  45.897  -13.690  50.015 0.4444440007
55960  45.413  -13.234  49.464 0.5555559993
119140  49.639  -17.954  46.559 0.1111110002
52406  48.786  -16.739  46.839 0.1111110002
117078  46.934  -14.541  48.149 0.2222220004
55161  46.570  -14.022  48.671 0.3333329856
55959  46.060  -13.583  49.124 0.4444440007
53422  50.235  -16.423  46.347 0.2222220004
53418  48.211  -16.263  47.263 0.2222220004
54279  47.793  -15.507  47.358 0.2222220004
55164  47.426  -14.659  47.405 0.2222220004
55170  51.323  -14.812  46.654 0.4444440007
54285  50.831  -15.622  46.441 0.3333329856
54286  49.847  -15.562  46.480 0.3333329856
56827  43.984  -12.236  49.923 0.4444440007
57742  45.509  -11.811  48.710 0.4444440007
56838  44.560  -12.165  49.470 0.4444440007
55971  45.828  -12.963  48.673 0.4444440007
54287  48.256  -15.678  46.927 0.3333329856
55173  47.958  -14.346  46.820 0.3333329856
55165  46.827  -13.970  47.774 0.3333329856
55986  46.871  -13.121  47.585 0.3333329856
56847  46.341  -12.579  48.043 0.4444440007
125603  50.397  -14.964  46.540 0.4444440007
107865  48.851  -15.414  46.623 0.3333329856
55172  48.664  -14.538  46.622 0.3333329856
55984  48.236  -13.022  46.797 0.4444440007
55985  47.548  -13.646  47.073 0.4444440007
58670  46.865  -11.254  47.916 0.4444440007
57741  46.149  -11.691  48.273 0.4444440007
56864  47.612  -12.545  47.189 0.4444440007
56865  46.933  -12.403  47.597 0.4444440007
111606  50.325  -14.129  46.635 0.4444440007
122999  49.830  -13.429  46.661 0.4444440007
55995  48.453  -13.739  46.679 0.4444440007
128928  51.977  -13.626  47.152 0.4444440007
55992  51.272  -13.847  46.880 0.4444440007
128866  49.601  -8.754  49.921 0.1111110002
59594  49.520  -9.659  48.358 0.2222220004
59595  48.568  -9.733  48.330 0.3333329856
58653  49.067  -10.294  47.763 0.2222220004
58654  48.065  -10.307  47.888 0.4444440007
59596  47.640  -9.818  48.544 0.4444440007
58668  48.461  -10.905  47.478 0.4444440007
58655  47.203  -10.501  48.162 0.4444440007
58656  46.395  -10.794  48.460 0.4444440007
57757  48.899  -11.503  47.155 0.4444440007
57758  48.065  -11.630  47.258 0.4444440007
57759  47.287  -11.780  47.537 0.4444440007
56869  49.113  -13.029  46.678 0.4444440007
123100  48.573  -12.273  46.920 0.4444440007
123973  54.781  -11.600  48.125 0.3333329856
57753  54.000  -11.864  48.223 0.4444440007
55982  52.391  -13.055  47.378 0.4444440007
55983  51.350  -12.917  47.142 0.4444440007
127060  49.882  -12.850  46.769 0.4444440007
60502  50.410  -8.730  50.102 0.1111110002
59578  49.854  -9.086  49.192 0.1111110002
59592  51.576  -9.602  48.948 0.1111110002
59593  50.552  -9.605  48.585 0.2222220004
58651  51.266  -10.354  48.181 0.2222220004
121576  49.145  -10.929  47.411 0.3333329856
57740  52.277  -10.887  48.335 0.2222220004
58666  50.508  -11.063  47.513 0.2222220004
125581  52.400  -11.639  47.927 0.2222220004
57755  51.578  -11.330  47.744 0.3333329856
107678  50.997  -11.950  47.315 0.3333329856
126388  50.222  -11.773  47.159 0.4444440007
57752  54.776  -12.280  47.618 0.3333329856
56861  51.937  -12.216  47.541 0.2222220004
56862  50.416  -12.469  46.989 0.4444440007
56863  49.538  -12.139  46.904 0.4444440007
59560  51.360  -8.777  50.419 0.1111110002
59577  50.961  -9.089  49.464 0.1111110002
59576  51.922  -9.160  49.852 0.1111110002
59591  52.469  -9.678  49.407 0.1111110002
57739  53.786  -11.008  48.676 0.2222220004
57754  53.139  -11.377  48.350 0.2222220004
59540  53.165  -8.739  51.533 0.1111110002
59559  52.260  -8.872  50.734 0.1111110002
59558  53.016  -8.977  50.980 0.1111110002
126306  53.438  -9.301  50.445 0.1111110002
59575  52.739  -9.294  50.240 0.1111110002
59573  54.691  -9.090  49.995 0.1111110002
58637  53.771  -9.783  49.796 0.1111110002
128248  53.139  -9.682  49.803 0.1111110002
59572  55.204  -8.721  49.377 0.1111110002
58636  54.415  -9.753  49.678 0.1111110002
58650  53.122  -10.377  49.050 0.1111110002
112814  52.143  -10.149  48.748 0.1111110002
59589  55.525  -9.224  48.732 0.1111110002
60512  55.540  -8.295  48.627 0.1111110002
58649  54.079  -10.432  49.202 0.1111110002
109389  55.871  -8.706  47.986 0.1111110002
57738  54.435  -11.037  48.595 0.2222220004
57737  55.170  -10.897  48.326 0.2222220004
60501  54.825  -8.214  50.040 0.1111110002
51468  49.762  -18.809  46.905 0.1111110002
50522  49.813  -19.195  47.476 0.1111110002
51467  50.290  -18.606  46.369 0.1111110002
27705  11.706  -45.702  67.110 0.1111110002
27716  11.888  -45.077  66.894 0.1111110002
33203  12.450  -38.499  64.408 0.5555559993
33958  13.679  -37.129  65.988 0.5555559993
34852  18.307  -36.780  53.306 0.2222220004
35650  19.301  -35.756  51.884 0.2222220004
107641  29.824  -31.357  50.614 0.1111110002
27679  5.312  -45.620  70.635 0.4444440007
115273  6.194  -44.370  70.091 0.4444440007
33375  18.383  -38.208  54.779 0.1111110002
49554  33.030  -20.715  51.298 0.5555559993
49566  33.517  -20.381  51.001 0.5555559993
113384  34.156  -20.150  50.655 0.6666669846
46796  33.793  -23.884  56.393 0.1111110002
34132  18.027  -37.047  53.758 0.1111110002
24698  -0.241  -50.476  69.832 0.2222220004
50417  37.245  -20.144  56.275 0.1111110002
27673  5.426  -45.305  71.228 0.2222220004
28441  5.708  -44.719  71.511 0.2222220004
27704  12.110  -45.140  67.608 0.1111110002
27695  12.402  -45.182  68.549 0.1111110002
28453  13.251  -44.199  69.973 0.1111110002
29372  13.112  -43.955  69.189 0.1111110002
28454  12.825  -44.711  69.359 0.1111110002
28464  12.189  -44.501  67.150 0.1111110002
111799  12.362  -43.272  66.595 0.1111110002
118000  12.174  -43.969  66.690 0.1111110002
31034  13.466  -41.461  68.735 0.1111110002
31772  13.322  -39.982  67.629 0.1111110002
31045  12.923  -41.743  67.138 0.1111110002
30255  12.525  -42.441  66.414 0.1111110002
31066  12.632  -40.850  65.788 0.1111110002
31082  12.346  -40.922  65.019 0.1111110002
31053  16.373  -41.836  66.289 0.2222220004
32437  13.722  -39.281  68.099 0.1111110002
33164  14.335  -38.656  68.533 0.1111110002
32424  15.138  -39.134  69.696 0.1111110002
32450  13.387  -39.219  67.301 0.1111110002
32451  13.095  -39.258  66.526 0.1111110002
30240  16.743  -42.476  67.435 0.2222220004
32428  16.601  -39.085  68.928 0.1111110002
32436  16.758  -39.056  68.251 0.1111110002
33155  16.239  -38.671  69.059 0.1111110002
32422  16.223  -39.088  69.516 0.1111110002
33163  15.223  -38.269  68.812 0.1111110002
33162  15.993  -38.256  68.758 0.1111110002
125635  16.833  -37.560  67.296 0.2222220004
33935  16.176  -37.234  67.751 0.2222220004
33186  13.361  -37.988  66.248 0.2222220004
33947  14.681  -37.077  67.238 0.2222220004
38150  13.188  -32.953  67.878 0.1111110002
34131  19.062  -37.391  53.316 0.1111110002
120895  18.552  -37.189  53.437 0.1111110002
43920  33.560  -26.061  49.679 0.7777780294
129247  33.866  -24.758  49.659 0.6666669846
45858  35.078  -24.176  49.933 0.6666669846
118655  34.224  -22.721  49.513 0.6666669846
48711  33.493  -21.682  49.875 0.6666669846
47851  34.937  -22.389  49.512 0.6666669846
47852  34.176  -22.053  49.541 0.6666669846
49584  33.800  -21.097  50.021 0.6666669846
48693  33.357  -21.179  50.294 0.6666669846
45816  37.793  -24.497  51.954 0.5555559993
45831  37.510  -24.107  51.326 0.5555559993
46878  36.640  -23.439  50.333 0.6666669846
45832  36.770  -24.474  51.123 0.6666669846
46879  35.759  -23.587  50.033 0.6666669846
48710  34.221  -21.376  49.735 0.6666669846
48708  36.039  -21.499  49.519 0.6666669846
47845  40.278  -22.082  49.615 0.5555559993
48705  38.898  -21.242  49.352 0.6666669846
48702  41.718  -21.413  49.228 0.4444440007
48704  39.844  -21.276  49.209 0.6666669846
50511  39.179  -19.629  49.062 0.6666669846
115991  39.496  -18.718  52.755 0.4444440007
108911  39.186  -18.256  50.407 0.5555559993
107536  40.041  -18.094  50.164 0.5555559993
50510  39.928  -19.400  48.817 0.6666669846
111904  39.746  -18.496  49.541 0.5555559993
51434  38.826  -18.593  49.756 0.5555559993
48691  44.411  -21.490  50.446 0.2222220004
47821  44.068  -22.090  50.848 0.2222220004
47822  43.297  -22.354  50.636 0.2222220004
113305  42.558  -21.469  49.450 0.4444440007
49597  42.419  -20.224  48.663 0.6666669846
118343  42.309  -20.973  49.001 0.5555559993
48720  41.838  -20.704  48.803 0.5555559993
48690  45.523  -21.137  50.813 0.2222220004
49562  46.227  -20.531  50.759 0.2222220004
47805  45.967  -21.939  52.006 0.2222220004
113659  45.610  -21.662  51.433 0.2222220004
49564  44.890  -20.868  50.153 0.2222220004
49552  46.907  -20.555  51.245 0.1111110002
49577  43.681  -20.622  49.253 0.4444440007
49596  43.270  -20.102  48.756 0.4444440007
50507  42.867  -19.531  48.526 0.6666669846
50506  44.277  -19.132  48.700 0.5555559993
49595  44.034  -19.892  48.879 0.5555559993
51448  42.968  -18.746  48.505 0.6666669846
49543  48.163  -20.433  52.305 0.1111110002
50473  47.327  -19.711  51.411 0.1111110002
48672  47.626  -21.331  52.275 0.1111110002
116788  46.527  -19.214  50.488 0.1111110002
53384  47.221  -15.125  52.522 0.2222220004
51405  46.998  -17.893  51.666 0.1111110002
51416  46.544  -18.435  50.683 0.2222220004
50505  44.925  -18.817  48.978 0.5555559993
51447  44.289  -18.396  48.781 0.5555559993
116712  46.397  -16.422  51.743 0.2222220004
52389  44.977  -17.508  49.527 0.5555559993
51431  44.818  -18.148  49.101 0.5555559993
53399  44.018  -16.001  50.284 0.5555559993
54251  48.255  -14.891  51.830 0.1111110002
53391  46.349  -15.435  52.022 0.2222220004
53397  45.763  -16.347  51.038 0.3333329856
122705  45.627  -15.313  51.449 0.3333329856
108644  48.497  -15.906  50.428 0.1111110002
52388  48.482  -16.776  49.548 0.1111110002
53396  48.757  -15.521  51.310 0.1111110002
55131  47.196  -14.410  51.623 0.2222220004
54254  44.372  -15.015  50.768 0.5555559993
55961  44.549  -12.907  49.776 0.5555559993
124951  49.018  -17.455  46.840 0.1111110002
128997  47.734  -15.942  47.775 0.2222220004
54269  47.702  -14.963  50.314 0.2222220004
53424  48.625  -16.070  46.793 0.2222220004
55160  46.926  -14.570  49.042 0.2222220004
56837  45.196  -12.462  49.064 0.4444440007
114136  49.482  -17.027  46.522 0.1111110002
52405  50.210  -17.317  46.257 0.1111110002
55970  46.368  -13.408  48.260 0.4444440007
53431  50.803  -16.954  46.108 0.1111110002
53423  49.271  -16.208  46.568 0.3333329856
54288  48.088  -15.045  46.872 0.3333329856
55171  49.570  -14.744  46.527 0.4444440007
56848  45.780  -12.329  48.513 0.4444440007
55994  49.323  -13.920  46.573 0.4444440007
58669  47.630  -11.012  47.633 0.4444440007
57760  46.686  -11.935  47.811 0.4444440007
58657  45.668  -11.127  48.803 0.4444440007
55993  50.517  -13.267  46.814 0.4444440007
109953  49.017  -9.297  48.827 0.1111110002
58652  50.108  -10.209  47.891 0.2222220004
59597  46.733  -10.059  48.815 0.4444440007
56860  53.032  -12.355  47.795 0.4444440007
58667  49.689  -10.747  47.543 0.2222220004
57756  49.661  -11.345  47.261 0.3333329856
59574  54.098  -9.193  50.479 0.1111110002
59590  55.038  -9.594  49.333 0.1111110002
58647  55.302  -10.092  48.659 0.1111110002
58648  54.758  -10.340  49.017 0.1111110002
124500  50.341  -17.981  46.176 0.1111110002
52401  49.084  -18.069  47.109 0.1111110002
21464  1.209  -53.368  66.421 0.1111110002
26953  4.728  -46.093  70.656 0.2222220004
27674  4.932  -45.839  71.496 0.1111110002
27666  5.315  -45.283  72.034 0.1111110002
37179  12.713  -33.612  70.279 0.1111110002
37180  12.037  -33.293  69.986 0.1111110002
38134  11.257  -32.785  69.654 0.1111110002
37192  12.472  -33.552  69.531 0.1111110002
37193  11.778  -33.289  69.239 0.1111110002
31824  16.568  -40.310  62.255 0.3333329856
31833  16.961  -39.948  61.593 0.3333329856
121069  6.400  -43.178  71.875 0.1111110002
126051  11.591  -31.499  71.993 0.1111110002
38106  11.811  -32.602  71.018 0.1111110002
39094  11.305  -31.773  71.402 0.1111110002
38119  12.314  -33.241  70.662 0.1111110002
38120  11.571  -32.727  70.334 0.1111110002
38135  10.266  -32.525  69.482 0.1111110002
38136  9.336  -32.642  69.441 0.1111110002
123442  9.172  -32.946  68.846 0.1111110002
37207  12.973  -33.498  68.821 0.1111110002
39086  10.879  -31.140  71.955 0.1111110002
39095  10.456  -31.533  71.357 0.1111110002
39102  10.026  -31.827  70.723 0.1111110002
38122  9.635  -32.275  70.128 0.1111110002
36299  8.395  -34.040  68.379 0.1111110002
35461  8.196  -34.975  68.276 0.1111110002
112177  8.850  -33.676  67.822 0.1111110002
38137  8.757  -32.972  69.323 0.1111110002
41031  35.386  -29.214  51.775 0.3333329856
41949  34.921  -28.590  51.183 0.3333329856
42918  34.773  -27.695  50.813 0.3333329856
42930  34.071  -27.576  50.294 0.4444440007
43909  33.839  -26.825  49.973 0.5555559993
116335  35.454  -27.739  51.404 0.3333329856
42916  36.044  -26.895  51.680 0.2222220004
42917  35.284  -26.957  51.011 0.4444440007
43907  35.048  -26.228  50.627 0.5555559993
43908  34.315  -26.168  50.155 0.5555559993
44831  34.798  -25.507  50.295 0.5555559993
44803  36.948  -25.483  52.023 0.2222220004
43883  36.721  -26.302  52.207 0.3333329856
44817  36.030  -25.537  51.138 0.3333329856
44830  35.503  -25.540  50.723 0.4444440007
44816  36.556  -25.162  51.417 0.4444440007
45847  35.290  -24.866  50.359 0.5555559993
44802  37.665  -25.088  52.442 0.2222220004
45846  35.706  -24.311  50.362 0.5555559993
45815  38.325  -24.533  52.369 0.2222220004
45829  39.059  -24.117  52.004 0.4444440007
45828  40.020  -24.023  51.956 0.4444440007
46858  39.640  -23.646  51.273 0.3333329856
46856  41.466  -23.496  51.359 0.1111110002
46854  43.208  -23.183  51.724 0.1111110002
46853  43.975  -22.967  52.022 0.1111110002
47808  43.657  -22.649  51.300 0.1111110002
51395  40.440  -18.507  52.797 0.4444440007
51396  39.638  -18.409  52.012 0.4444440007
51406  40.495  -18.141  51.822 0.3333329856
52362  41.377  -17.572  51.883 0.2222220004
52369  41.045  -17.819  51.436 0.3333329856
55945  42.128  -13.538  51.263 0.3333329856
21452  2.243  -52.977  67.470 0.2222220004
42931  33.373  -27.453  49.799 0.5555559993
21465  0.584  -54.064  66.298 0.1111110002
26945  4.233  -46.371  71.330 0.1111110002
121324  6.617  -43.026  70.008 0.3333329856
38153  9.895  -32.806  68.817 0.1111110002
37194  10.890  -32.914  68.950 0.1111110002
37208  12.223  -33.482  68.850 0.1111110002
117045  41.575  -16.239  51.640 0.2222220004
28434  5.664  -44.594  72.570 0.1111110002
28426  5.544  -44.778  73.621 0.1111110002
38121  10.638  -32.298  70.123 0.1111110002
39101  10.989  -32.042  70.738 0.1111110002
110145  8.776  -33.337  68.597 0.1111110002
42929  34.564  -26.919  50.482 0.4444440007
43897  35.709  -26.188  51.135 0.3333329856
113723  37.276  -25.811  52.541 0.2222220004
43882  37.202  -26.505  52.823 0.1111110002
43896  36.327  -25.925  51.611 0.3333329856
44829  36.039  -24.854  50.818 0.5555559993
44801  38.350  -25.018  53.018 0.1111110002
45814  38.958  -24.581  52.801 0.2222220004
45827  40.950  -23.961  52.020 0.1111110002
46841  42.709  -23.648  52.251 0.1111110002
47807  44.439  -22.387  51.575 0.1111110002
26969  20.626  -46.654  68.593 0.1111110002
31842  18.666  -40.220  60.821 0.1111110002
125855  18.659  -40.359  61.531 0.1111110002
120153  19.025  -41.086  63.194 0.1111110002
29363  25.481  -43.317  69.790 0.1111110002
31843  18.009  -39.861  60.493 0.1111110002
31823  18.234  -40.517  62.170 0.2222220004
31093  18.387  -41.294  63.535 0.2222220004
115905  19.654  -41.999  65.516 0.1111110002
30250  20.644  -42.144  66.405 0.1111110002
30236  21.947  -42.281  67.485 0.1111110002
30223  23.805  -42.424  68.629 0.1111110002
31832  17.906  -40.077  61.364 0.2222220004
109406  17.385  -40.306  62.011 0.2222220004
31094  17.553  -41.318  63.439 0.2222220004
30273  18.363  -41.921  64.759 0.1111110002
30251  19.862  -42.250  66.177 0.1111110002
31107  17.226  -40.832  62.696 0.2222220004
30218  6.923  -42.218  70.071 0.1111110002
26949  22.939  -46.076  71.721 0.1111110002
119211  24.064  -45.584  70.577 0.1111110002
27669  24.323  -44.833  71.219 0.1111110002
29364  24.948  -43.063  70.198 0.1111110002
29388  19.789  -42.938  67.482 0.1111110002
29378  21.505  -42.933  68.944 0.1111110002
30274  17.358  -42.042  64.780 0.1111110002
30252  18.432  -42.670  66.079 0.1111110002
29389  18.806  -43.324  67.558 0.1111110002
30275  16.525  -41.723  64.876 0.2222220004
30264  16.874  -42.275  65.639 0.1111110002
29337  22.730  -43.812  72.499 0.1111110002
28429  22.649  -44.190  72.745 0.1111110002
27664  23.056  -44.730  72.536 0.1111110002
28438  23.419  -44.169  72.268 0.1111110002
28437  24.020  -44.339  71.771 0.1111110002
29355  23.981  -43.475  71.227 0.1111110002
123739  24.547  -43.427  70.738 0.1111110002
109501  21.720  -43.261  70.427 0.1111110002
108493  21.957  -43.101  69.829 0.1111110002
128102  20.708  -43.232  68.985 0.1111110002
29346  22.213  -43.508  72.296 0.1111110002
29357  21.003  -43.412  70.766 0.1111110002
108015  19.877  -43.577  70.167 0.1111110002
29367  20.917  -43.344  69.719 0.1111110002
29380  18.521  -43.499  68.446 0.1111110002
29390  17.918  -43.380  67.727 0.1111110002
31758  7.466  -40.620  70.318 0.1111110002
39228  23.861  -31.548  62.395 0.1111110002
39244  23.496  -31.321  61.659 0.1111110002
41961  34.232  -28.324  50.595 0.2222220004
41962  33.593  -28.178  50.124 0.3333329856
42902  36.639  -27.219  52.467 0.1111110002
42903  36.083  -27.856  52.009 0.1111110002
41948  35.595  -28.432  51.727 0.2222220004
127950  25.524  -28.134  59.243 0.1111110002
109067  16.949  -41.653  64.095 0.2222220004
31064  16.291  -41.582  65.595 0.1111110002
42825  25.598  -27.904  58.648 0.2222220004
32537  17.297  -39.672  60.910 0.2222220004
30253  17.369  -43.014  67.102 0.1111110002
30254  16.832  -42.531  66.565 0.1111110002
31852  18.630  -40.139  60.007 0.1111110002
26968  21.613  -46.499  68.931 0.1111110002
31831  19.104  -40.617  61.985 0.1111110002
123947  18.875  -40.825  62.566 0.2222220004
31092  19.830  -41.175  63.442 0.1111110002
28443  24.933  -43.576  70.475 0.1111110002
28458  25.881  -44.015  69.214 0.1111110002
30215  24.287  -42.732  69.680 0.1111110002
31106  18.250  -40.988  62.920 0.2222220004
31080  18.996  -41.417  64.036 0.1111110002
31079  19.980  -41.447  64.253 0.1111110002
30272  19.350  -41.747  64.829 0.1111110002
31063  20.236  -41.713  65.006 0.1111110002
30261  20.438  -41.928  65.718 0.1111110002
30262  18.797  -42.174  65.429 0.1111110002
30238  20.058  -42.491  66.800 0.1111110002
30225  21.406  -42.632  68.052 0.1111110002
30237  20.831  -42.460  67.290 0.1111110002
30224  22.384  -42.521  68.376 0.1111110002
29377  22.972  -42.766  69.520 0.1111110002
31081  17.930  -41.638  64.093 0.1111110002
122619  19.186  -42.361  65.970 0.1111110002
29397  19.176  -42.810  66.674 0.1111110002
27670  23.613  -45.088  72.019 0.1111110002
27676  23.594  -45.742  71.207 0.1111110002
125199  22.864  -46.337  70.959 0.1111110002
27686  23.806  -45.906  69.642 0.1111110002
26958  23.219  -46.150  70.271 0.1111110002
26967  22.694  -46.281  69.257 0.1111110002
27685  24.789  -45.056  70.221 0.1111110002
28452  24.832  -44.227  70.696 0.1111110002
29365  24.109  -43.025  70.470 0.1111110002
29387  20.509  -43.037  68.294 0.1111110002
30263  17.820  -42.408  65.457 0.1111110002
118735  17.540  -42.752  66.260 0.1111110002
29398  18.171  -43.152  66.857 0.1111110002
28445  23.907  -43.836  71.749 0.1111110002
28444  24.454  -43.894  71.211 0.1111110002
29345  23.164  -43.556  71.837 0.1111110002
29356  22.085  -43.321  71.310 0.1111110002
29366  22.890  -43.148  70.701 0.1111110002
108153  20.039  -43.480  69.119 0.1111110002
29379  19.435  -43.413  68.344 0.1111110002
107771  20.412  -43.331  71.499 0.1111110002
29368  19.119  -43.592  69.249 0.1111110002
29381  17.737  -43.284  68.619 0.1111110002
29369  18.282  -43.410  69.309 0.1111110002
39364  26.861  -31.880  51.164 0.1111110002
50414  39.649  -19.235  56.998 0.1111110002
122782  39.337  -19.399  56.354 0.1111110002
52363  41.010  -18.039  52.358 0.2222220004
54242  41.267  -15.633  52.392 0.1111110002
117827  42.273  -12.806  51.384 0.2222220004
57718  43.389  -11.264  51.206 0.2222220004
55951  42.652  -12.933  50.886 0.2222220004
56828  43.254  -12.349  50.518 0.3333329856
58632  43.905  -10.863  50.966 0.2222220004
126370  43.825  -11.451  50.398 0.2222220004
57732  44.365  -11.657  49.741 0.2222220004
58631  44.436  -10.697  50.524 0.1111110002
58630  45.071  -10.399  50.055 0.1111110002
58640  44.606  -11.038  49.836 0.2222220004
58639  45.295  -10.755  49.416 0.2222220004
54284  51.826  -15.709  46.396 0.2222220004
108826  46.900  -9.219  51.086 0.1111110002
59564  45.735  -9.838  50.345 0.1111110002
58638  45.962  -10.421  49.076 0.2222220004
119502  52.464  -15.126  46.627 0.2222220004
55169  53.105  -14.598  46.872 0.3333329856
55168  53.986  -14.734  46.596 0.3333329856
55990  53.650  -14.069  47.050 0.3333329856
55980  54.213  -13.557  47.131 0.3333329856
59581  46.274  -9.844  49.568 0.1111110002
59580  47.254  -9.429  49.469 0.2222220004
125096  52.143  -14.329  46.941 0.3333329856
55991  52.779  -13.866  47.209 0.3333329856
108246  54.402  -14.188  46.653 0.2222220004
114184  48.249  -9.297  49.041 0.3333329856
55981  53.347  -13.309  47.421 0.3333329856
56859  54.033  -12.792  47.623 0.3333329856
55979  54.844  -13.041  47.045 0.2222220004
58677  55.907  -10.966  46.797 0.1111110002
57751  55.388  -11.585  47.458 0.1111110002
59613  56.129  -10.088  47.136 0.1111110002
116624  55.659  -10.674  47.705 0.1111110002
59612  56.367  -9.537  46.570 0.1111110002
60530  56.411  -8.066  44.979 0.1111110002
116840  56.456  -8.542  45.612 0.1111110002
115026  56.736  -7.916  43.839 0.1111110002
129029  56.535  -7.965  44.358 0.1111110002
58676  56.289  -10.304  46.210 0.1111110002
61507  55.725  -7.330  44.863 0.1111110002
60526  56.395  -8.712  46.420 0.1111110002
62434  55.739  -6.649  43.241 0.1111110002
61503  56.067  -7.623  45.271 0.1111110002
61506  56.258  -7.648  44.425 0.1111110002
61509  56.523  -7.513  43.679 0.1111110002
55946  41.858  -13.061  51.823 0.2222220004
57731  44.986  -11.533  49.240 0.3333329856
56824  42.230  -12.311  51.856 0.2222220004
57719  42.782  -11.700  51.519 0.2222220004
56829  42.647  -12.258  51.144 0.2222220004
57725  43.100  -11.756  50.903 0.2222220004
59582  45.641  -10.217  49.666 0.2222220004
125620  46.221  -9.505  50.942 0.1111110002
59563  46.596  -9.434  50.288 0.1111110002
59606  56.228  -9.135  47.257 0.1111110002
22273  3.676  -53.336  70.571 0.1111110002
21428  3.110  -54.477  71.318 0.1111110002
22280  4.233  -52.425  69.826 0.1111110002
22281  3.507  -52.931  69.581 0.1111110002
22288  3.973  -52.109  68.932 0.1111110002
21434  2.924  -53.923  70.339 0.1111110002
21435  2.260  -54.492  70.043 0.1111110002
21443  2.172  -54.025  69.043 0.1111110002
22289  3.287  -52.583  68.592 0.1111110002
111330  2.063  -53.646  68.179 0.1111110002
21444  1.576  -54.528  68.708 0.1111110002
21453  1.586  -53.825  67.514 0.1111110002
123632  25.308  -28.990  60.878 0.1111110002
39394  27.783  -31.401  50.288 0.1111110002
42835  31.501  -27.280  57.425 0.1111110002
42803  33.123  -27.256  59.371 0.1111110002
42818  32.185  -27.320  58.112 0.1111110002
42849  30.822  -27.290  56.802 0.1111110002
43832  30.855  -27.019  56.003 0.1111110002
45763  33.511  -24.720  56.654 0.1111110002
44759  32.548  -25.999  56.545 0.1111110002
51386  40.713  -18.774  53.773 0.1111110002
51385  41.271  -18.471  54.208 0.1111110002
52357  41.178  -18.223  53.268 0.1111110002
53428  53.273  -16.704  45.625 0.1111110002
54294  52.889  -15.901  46.200 0.1111110002
112069  55.016  -15.989  45.326 0.1111110002
54282  54.435  -15.345  46.008 0.1111110002
54283  53.506  -15.306  46.412 0.1111110002
23079  4.050  -51.100  67.466 0.1111110002
124865  25.738  -29.730  62.297 0.1111110002
110715  25.560  -28.599  60.382 0.1111110002
45764  32.877  -25.190  56.209 0.1111110002
20590  2.465  -54.988  70.923 0.1111110002
21442  2.803  -53.465  69.316 0.1111110002
22290  2.617  -53.120  68.321 0.1111110002
43822  32.065  -27.012  57.346 0.1111110002
43812  32.893  -27.056  58.515 0.1111110002
42804  32.538  -27.518  59.011 0.1111110002
43831  31.565  -26.923  56.642 0.1111110002
54293  54.026  -16.009  45.805 0.1111110002
26198  3.417  -47.623  73.358 0.1111110002
26199  2.855  -48.239  73.030 0.1111110002
25460  2.404  -49.216  73.903 0.1111110002
25467  2.280  -48.875  72.819 0.1111110002
25468  1.728  -49.050  72.056 0.1111110002
108005  26.872  -27.732  59.103 0.1111110002
42808  27.518  -27.772  59.806 0.1111110002
42809  26.596  -27.996  59.792 0.1111110002
108006  27.602  -27.589  58.992 0.1111110002
42824  26.327  -27.683  58.404 0.1111110002
41032  34.677  -29.603  51.329 0.1111110002
42822  28.168  -27.494  58.328 0.1111110002
42823  27.184  -27.568  58.383 0.1111110002
41020  35.786  -29.717  52.398 0.1111110002
25469  0.909  -49.905  71.876 0.1111110002
26206  2.555  -47.944  71.828 0.1111110002
24690  -0.158  -50.715  70.859 0.1111110002
41936  36.064  -28.755  52.333 0.1111110002
42810  26.118  -27.907  59.181 0.1111110002
120628  39.581  -24.344  52.530 0.1111110002
59633  53.466  -9.186  41.696 0.1111110002
60541  54.130  -8.796  41.078 0.1111110002
127758  53.238  -8.675  41.059 0.1111110002
108652  55.564  -13.320  45.192 0.1111110002
57777  55.233  -12.275  43.016 0.1111110002
57772  56.207  -12.188  44.311 0.1111110002
57768  56.124  -12.020  45.332 0.1111110002
113599  55.731  -11.518  42.738 0.1111110002
128262  54.595  -10.252  42.112 0.1111110002
60542  52.648  -8.667  40.434 0.1111110002
117495  52.696  -8.374  38.471 0.1111110002
58690  56.306  -10.948  42.406 0.1111110002
57780  55.274  -10.818  42.277 0.1111110002
58701  55.273  -10.075  41.779 0.1111110002
59632  55.116  -9.381  41.230 0.1111110002
58700  56.038  -10.505  41.922 0.1111110002
59641  54.940  -8.831  40.655 0.1111110002
55999  54.931  -14.239  46.183 0.1111110002
55998  55.279  -13.909  45.794 0.1111110002
121708  55.339  -13.183  46.210 0.1111110002
57776  56.056  -11.924  43.389 0.1111110002
57767  56.444  -11.406  44.779 0.1111110002
56858  55.350  -12.440  46.774 0.1111110002
60567  52.283  -8.183  38.028 0.1111110002
57775  56.525  -11.320  43.052 0.1111110002
57771  56.533  -11.473  43.847 0.1111110002
113769  53.513  -8.346  38.986 0.1111110002
59640  55.811  -9.221  40.590 0.1111110002
58699  56.821  -10.435  41.923 0.1111110002
59631  56.220  -9.932  41.320 0.1111110002
107586  48.179  -8.967  49.878 0.1111110002
56868  55.689  -12.578  45.808 0.1111110002
58689  57.075  -10.658  42.723 0.1111110002
58686  56.812  -10.935  43.440 0.1111110002
59622  57.514  -10.023  42.071 0.1111110002
50434  38.573  -19.590  56.024 0.1111110002
55989  54.887  -13.702  46.535 0.1111110002
56872  55.885  -12.616  44.979 0.1111110002
56874  55.723  -12.908  44.313 0.1111110002
59630  57.115  -9.952  41.417 0.1111110002
107810  55.770  -12.513  43.655 0.1111110002
58683  56.674  -10.767  44.229 0.1111110002
58680  56.194  -11.192  45.792 0.1111110002
58679  56.449  -10.507  45.206 0.1111110002
57764  55.793  -11.823  46.349 0.1111110002
119733  57.443  -10.003  42.870 0.1111110002
23858  9.357  -50.579  70.149 0.1111110002
24695  10.874  -49.206  69.485 0.2222220004
24696  10.489  -49.564  69.088 0.2222220004
24729  2.391  -49.533  66.488 0.5555559993
25475  11.323  -48.505  70.673 0.1111110002
25489  11.128  -48.487  68.505 0.2222220004
25497  10.446  -48.696  67.159 0.2222220004
25520  8.900  -48.127  65.614 0.3333329856
26248  10.490  -47.563  66.086 0.3333329856
28446  13.330  -44.463  70.646 0.1111110002
30239  17.171  -42.991  68.009 0.1111110002
31023  13.842  -40.966  69.472 0.1111110002
31043  16.532  -41.579  67.687 0.2222220004
33938  8.276  -37.392  67.493 0.4444440007
37251  9.338  -33.871  66.605 0.3333329856
59615  56.477  -9.468  45.649 0.1111110002
62428  55.982  -7.200  43.918 0.1111110002
109518  11.413  -48.067  68.991 0.1111110002
111259  21.416  -43.339  71.701 0.1111110002
114744  7.659  -38.148  70.253 0.2222220004
115514  5.169  -50.437  67.251 0.4444440007
115863  53.592  -8.874  51.111 0.1111110002
117816  12.300  -46.657  70.798 0.1111110002
119011  14.116  -39.384  68.875 0.1111110002
124556  12.761  -44.425  68.690 0.1111110002
126856  7.134  -42.537  66.971 0.6666669846
128504  7.737  -37.888  69.746 0.2222220004
