#!ascii label  , from subject sub-v1s4x0050708_ses-1 vox2ras=TkReg
296
111564  30.755  -0.934  -12.105 0.0000000000
60176  29.209  -10.195  -6.324 0.0000000000
71802  28.340  3.934  -13.738 0.0000000000
80706  29.224  13.436  -15.682 0.0000000000
57431  27.668  -12.575  -5.738 0.0000000000
75430  30.237  7.263  -12.270 0.0000000000
77225  30.481  9.674  -12.897 0.0000000000
66512  28.488  -2.912  -10.788 0.0000000000
63888  29.160  -5.835  -8.554 0.0000000000
65668  31.338  -3.416  -9.811 0.0000000000
69928  31.506  1.499  -10.455 0.0000000000
116867  32.226  -1.081  -8.662 0.0000000000
69948  29.820  1.317  -13.250 0.0000000000
72708  30.897  4.967  -11.375 0.0000000000
78096  28.239  10.920  -13.108 0.0000000000
78935  31.101  12.361  -14.420 0.0000000000
62015  30.583  -7.912  -6.927 0.0000000000
76350  29.522  8.036  -13.263 0.0000000000
76362  29.142  8.694  -13.516 0.0000000000
66522  29.887  -2.266  -11.592 0.0000000000
65686  29.649  -3.531  -10.782 0.0000000000
66510  30.688  -2.602  -11.211 0.0000000000
58326  28.256  -12.791  -7.096 0.0000000000
115000  28.973  3.200  -13.547 0.0000000000
71794  30.240  2.943  -12.746 0.0000000000
72717  30.045  4.518  -12.698 0.0000000000
77208  31.529  9.158  -10.763 0.0000000000
116895  31.022  7.331  -10.870 0.0000000000
79845  28.208  13.219  -13.016 0.0000000000
78086  25.936  10.742  -11.828 0.0000000000
122895  28.944  12.206  -13.651 0.0000000000
80760  28.507  12.374  -18.991 0.0000000000
81618  30.880  14.148  -19.723 0.0000000000
108067  31.026  14.162  -17.094 0.0000000000
80727  32.656  13.634  -17.310 0.0000000000
79849  32.455  12.868  -14.360 0.0000000000
63876  30.621  -6.010  -7.983 0.0000000000
62985  29.589  -7.003  -7.630 0.0000000000
57417  26.657  -12.546  -4.753 0.0000000000
73612  29.144  5.325  -13.423 0.0000000000
74500  29.264  6.655  -13.283 0.0000000000
76349  30.107  8.096  -12.751 0.0000000000
78085  31.502  10.370  -11.662 0.0000000000
63898  28.130  -5.490  -9.025 0.0000000000
64796  28.552  -4.501  -9.763 0.0000000000
64794  30.180  -4.553  -9.541 0.0000000000
64781  31.367  -4.528  -8.703 0.0000000000
69012  31.429  0.217  -11.293 0.0000000000
125056  31.623  -0.869  -10.241 0.0000000000
68998  31.824  0.640  -9.216 0.0000000000
125161  29.149  -0.691  -12.275 0.0000000000
69023  28.079  0.650  -12.462 0.0000000000
68208  30.381  -0.175  -12.601 0.0000000000
69939  30.971  1.641  -12.158 0.0000000000
71780  31.388  2.989  -10.740 0.0000000000
73565  31.503  4.998  -9.786 0.0000000000
73591  30.638  5.939  -11.663 0.0000000000
74472  31.189  6.551  -10.376 0.0000000000
77226  26.950  9.483  -12.909 0.0000000000
80730  28.833  13.760  -17.111 0.0000000000
79851  29.795  12.346  -14.634 0.0000000000
78936  30.414  11.923  -14.261 0.0000000000
78107  29.881  10.287  -13.838 0.0000000000
78105  30.977  10.981  -13.347 0.0000000000
79836  31.953  12.185  -13.159 0.0000000000
60191  28.580  -9.085  -6.800 0.0000000000
124444  28.759  -6.804  -7.932 0.0000000000
67340  31.915  -1.965  -9.249 0.0000000000
128634  32.328  -3.315  -8.420 0.0000000000
76364  27.747  8.267  -13.702 0.0000000000
76363  28.378  8.637  -13.632 0.0000000000
110349  30.144  -1.481  -12.009 0.0000000000
67374  30.708  -1.763  -11.686 0.0000000000
56548  25.413  -13.585  -3.559 0.0000000000
56562  25.984  -13.176  -4.052 0.0000000000
59245  28.612  -11.677  -6.623 0.0000000000
109081  28.221  3.185  -13.561 0.0000000000
71795  29.688  3.707  -13.135 0.0000000000
118334  29.057  4.029  -13.563 0.0000000000
78074  31.861  10.094  -10.920 0.0000000000
80699  28.739  13.330  -14.431 0.0000000000
78921  27.834  12.151  -12.363 0.0000000000
78920  28.240  11.655  -12.838 0.0000000000
79860  29.275  12.995  -14.931 0.0000000000
80728  31.801  14.140  -17.850 0.0000000000
63875  31.461  -5.720  -7.874 0.0000000000
113785  31.148  -6.301  -7.684 0.0000000000
111243  27.786  -10.771  -6.655 0.0000000000
73613  28.627  5.945  -13.641 0.0000000000
74502  27.807  6.514  -13.856 0.0000000000
76361  29.960  8.923  -13.203 0.0000000000
77216  30.508  8.907  -12.460 0.0000000000
77224  30.968  9.674  -12.125 0.0000000000
78095  31.083  10.520  -12.620 0.0000000000
80721  27.652  13.716  -16.646 0.0000000000
65687  28.330  -3.704  -10.292 0.0000000000
65669  30.658  -3.853  -10.165 0.0000000000
65670  29.883  -4.074  -10.250 0.0000000000
64793  31.018  -4.226  -9.425 0.0000000000
64782  30.537  -4.916  -8.861 0.0000000000
57416  27.652  -12.588  -5.095 0.0000000000
125950  31.455  0.944  -11.034 0.0000000000
69005  31.570  0.607  -10.297 0.0000000000
69918  31.677  1.436  -9.600 0.0000000000
67376  28.373  -1.587  -11.457 0.0000000000
69958  28.848  1.767  -13.358 0.0000000000
69028  29.281  1.145  -13.221 0.0000000000
69022  29.028  0.511  -12.930 0.0000000000
69021  29.924  0.582  -13.069 0.0000000000
69020  30.704  0.654  -12.531 0.0000000000
69947  30.363  1.356  -12.917 0.0000000000
71788  30.660  3.498  -12.038 0.0000000000
71787  31.103  3.221  -11.421 0.0000000000
109418  30.988  4.044  -11.420 0.0000000000
72683  31.405  4.340  -10.248 0.0000000000
127425  31.206  4.434  -10.882 0.0000000000
74493  29.861  6.416  -12.747 0.0000000000
122916  30.236  5.884  -12.362 0.0000000000
74492  30.315  6.460  -12.146 0.0000000000
74456  31.557  6.591  -9.502 0.0000000000
78098  26.466  10.182  -12.380 0.0000000000
78099  25.462  9.951  -12.167 0.0000000000
108478  26.105  9.534  -12.562 0.0000000000
78097  27.474  10.399  -12.780 0.0000000000
81620  28.646  13.970  -19.728 0.0000000000
81634  28.076  12.641  -19.045 0.0000000000
81600  29.374  14.350  -18.021 0.0000000000
80729  30.008  14.161  -17.082 0.0000000000
107377  31.166  12.919  -15.027 0.0000000000
79850  30.432  12.542  -14.854 0.0000000000
111490  30.355  11.086  -13.879 0.0000000000
78106  30.497  10.339  -13.403 0.0000000000
78928  31.163  11.761  -13.707 0.0000000000
79856  32.821  13.125  -15.166 0.0000000000
79843  32.405  12.559  -13.620 0.0000000000
79842  33.080  12.647  -13.741 0.0000000000
79835  32.755  12.344  -13.023 0.0000000000
60192  28.095  -9.236  -6.808 0.0000000000
63897  28.651  -5.303  -9.141 0.0000000000
63889  28.587  -6.095  -8.498 0.0000000000
62995  29.037  -6.681  -7.935 0.0000000000
62025  30.034  -7.444  -7.359 0.0000000000
117350  29.392  -7.526  -7.404 0.0000000000
61103  29.615  -8.086  -7.094 0.0000000000
61104  29.075  -8.515  -6.956 0.0000000000
114809  31.820  -0.994  -9.463 0.0000000000
67351  31.586  -1.709  -10.307 0.0000000000
74501  28.595  6.956  -13.629 0.0000000000
75443  27.814  7.403  -13.800 0.0000000000
75442  28.694  7.887  -13.624 0.0000000000
66511  29.332  -2.944  -11.127 0.0000000000
114164  29.009  -3.476  -10.702 0.0000000000
111429  30.021  -3.029  -11.230 0.0000000000
65685  30.338  -3.399  -10.787 0.0000000000
65684  31.045  -3.114  -10.575 0.0000000000
58327  28.057  -13.474  -6.944 0.0000000000
57415  28.531  -13.311  -5.763 0.0000000000
58311  29.318  -13.318  -6.145 0.0000000000
58292  29.292  -12.179  -5.607 0.0000000000
111357  31.674  2.866  -9.489 0.0000000000
70831  31.804  2.186  -9.114 0.0000000000
70877  28.516  2.504  -13.453 0.0000000000
70876  29.238  2.313  -13.429 0.0000000000
69956  29.945  2.053  -13.218 0.0000000000
71801  29.633  2.828  -13.272 0.0000000000
113868  30.250  3.806  -12.546 0.0000000000
72709  30.547  4.341  -12.041 0.0000000000
76336  31.021  8.244  -11.205 0.0000000000
75424  30.695  7.572  -11.603 0.0000000000
76324  31.417  8.241  -10.306 0.0000000000
119341  27.662  11.347  -12.498 0.0000000000
78930  28.845  11.465  -13.539 0.0000000000
81632  29.322  13.731  -20.034 0.0000000000
81609  30.193  14.413  -18.889 0.0000000000
81599  30.676  14.352  -17.876 0.0000000000
80717  31.834  13.849  -16.615 0.0000000000
79857  32.012  13.136  -15.112 0.0000000000
128592  31.703  12.785  -14.571 0.0000000000
80704  32.350  13.440  -15.834 0.0000000000
80703  33.096  13.254  -15.916 0.0000000000
128969  29.603  -5.944  -8.311 0.0000000000
62994  29.348  -6.538  -7.942 0.0000000000
62993  29.880  -6.341  -7.979 0.0000000000
62984  30.424  -6.744  -7.627 0.0000000000
57418  25.657  -12.500  -4.366 0.0000000000
58295  25.980  -11.889  -4.923 0.0000000000
58313  27.514  -12.034  -5.934 0.0000000000
58328  27.788  -12.439  -6.957 0.0000000000
59246  28.135  -11.447  -6.940 0.0000000000
60177  28.560  -10.222  -6.618 0.0000000000
72736  28.101  4.597  -13.834 0.0000000000
72726  28.721  4.711  -13.658 0.0000000000
127062  28.683  5.292  -13.651 0.0000000000
118209  29.403  5.957  -13.248 0.0000000000
75441  29.187  7.363  -13.373 0.0000000000
75431  29.689  7.306  -12.936 0.0000000000
76337  30.567  8.174  -12.000 0.0000000000
77215  30.986  8.961  -11.671 0.0000000000
78075  31.371  9.652  -11.424 0.0000000000
78084  32.119  10.830  -11.221 0.0000000000
80707  28.789  13.606  -15.329 0.0000000000
80720  28.532  13.776  -16.315 0.0000000000
64795  29.317  -4.798  -9.486 0.0000000000
64803  29.151  -4.072  -10.282 0.0000000000
63896  29.772  -5.291  -8.850 0.0000000000
63887  30.180  -5.644  -8.397 0.0000000000
63886  30.976  -5.315  -8.367 0.0000000000
64768  31.821  -4.964  -8.148 0.0000000000
68199  31.317  -0.610  -11.529 0.0000000000
67373  31.167  -1.288  -11.570 0.0000000000
68191  31.555  -0.330  -10.710 0.0000000000
68180  31.707  -0.182  -9.776 0.0000000000
68170  32.035  -0.204  -8.864 0.0000000000
69904  32.006  1.454  -8.731 0.0000000000
66523  28.850  -2.238  -11.336 0.0000000000
67375  29.244  -1.436  -11.875 0.0000000000
68200  29.909  -0.845  -12.346 0.0000000000
68210  28.681  -0.084  -12.374 0.0000000000
68209  29.553  -0.163  -12.720 0.0000000000
120659  31.050  -0.060  -12.106 0.0000000000
69013  31.209  0.819  -11.767 0.0000000000
69938  31.353  1.586  -11.262 0.0000000000
70868  30.815  2.629  -12.094 0.0000000000
70860  31.234  2.385  -11.407 0.0000000000
70852  31.444  2.234  -10.653 0.0000000000
71771  31.509  3.519  -9.993 0.0000000000
72669  31.631  4.280  -9.491 0.0000000000
72718  29.432  4.619  -13.248 0.0000000000
118935  30.396  5.182  -12.193 0.0000000000
74483  30.916  6.482  -11.080 0.0000000000
73590  31.059  5.783  -10.858 0.0000000000
73581  31.251  5.042  -10.540 0.0000000000
113735  31.346  5.762  -10.058 0.0000000000
76351  26.162  8.919  -12.911 0.0000000000
80741  27.895  12.690  -17.296 0.0000000000
81601  28.176  13.676  -18.052 0.0000000000
80719  28.943  13.654  -16.416 0.0000000000
79865  29.719  13.402  -15.900 0.0000000000
79859  29.812  12.881  -15.266 0.0000000000
78937  29.570  11.755  -14.082 0.0000000000
79858  30.480  13.123  -15.495 0.0000000000
78929  29.559  10.975  -13.935 0.0000000000
115064  29.030  10.492  -13.727 0.0000000000
121823  27.761  9.665  -13.226 0.0000000000
108235  28.454  9.266  -13.523 0.0000000000
77236  29.336  9.552  -13.623 0.0000000000
77235  30.097  9.702  -13.487 0.0000000000
110339  31.782  12.473  -13.948 0.0000000000
78919  31.510  11.483  -12.790 0.0000000000
78908  31.739  11.156  -11.937 0.0000000000
78918  32.330  11.818  -12.304 0.0000000000
60178  28.136  -10.057  -6.762 0.0000000000
62036  28.369  -7.307  -7.720 0.0000000000
62026  29.196  -7.197  -7.586 0.0000000000
62035  28.946  -7.317  -7.584 0.0000000000
62027  28.800  -7.886  -7.281 0.0000000000
125388  28.865  -8.300  -7.046 0.0000000000
60190  28.953  -9.326  -6.723 0.0000000000
67362  31.222  -1.848  -11.166 0.0000000000
66498  31.521  -2.599  -10.039 0.0000000000
66489  31.772  -2.840  -9.324 0.0000000000
67339  32.458  -1.889  -8.467 0.0000000000
66488  32.147  -2.686  -8.752 0.0000000000
65654  31.721  -3.576  -8.945 0.0000000000
64780  32.148  -4.106  -8.348 0.0000000000
57428  28.618  -13.442  -6.672 0.0000000000
57429  28.762  -13.623  -6.488 0.0000000000
57430  28.085  -13.490  -6.374 0.0000000000
58312  27.818  -13.158  -6.708 0.0000000000
58325  29.019  -12.858  -6.567 0.0000000000
66509  31.272  -2.408  -10.733 0.0000000000
67361  31.461  -1.131  -10.976 0.0000000000
69957  29.439  1.686  -13.355 0.0000000000
69959  28.100  1.951  -13.189 0.0000000000
70844  31.579  2.173  -9.893 0.0000000000
72698  31.315  3.766  -10.795 0.0000000000
73602  29.818  5.420  -12.874 0.0000000000
73624  28.230  5.185  -13.821 0.0000000000
74484  30.626  6.838  -11.607 0.0000000000
77237  27.688  9.030  -13.425 0.0000000000
78108  28.337  10.043  -13.389 0.0000000000
78907  32.397  11.335  -11.595 0.0000000000
78909  27.146  11.864  -11.939 0.0000000000
79844  28.628  12.902  -13.618 0.0000000000
79852  29.152  12.546  -14.224 0.0000000000
80705  31.417  13.419  -15.720 0.0000000000
80708  28.255  14.070  -15.830 0.0000000000
80716  32.676  13.531  -16.466 0.0000000000
80718  30.570  13.707  -16.299 0.0000000000
80731  28.091  13.359  -16.995 0.0000000000
81619  29.616  14.162  -19.900 0.0000000000
81633  28.607  13.450  -19.581 0.0000000000
110088  31.512  2.764  -10.144 0.0000000000
125882  29.109  -13.452  -6.367 0.0000000000
126902  28.060  13.320  -17.301 0.0000000000
128991  30.504  2.108  -12.679 0.0000000000
