#!ascii label  , from subject sub-v1s4x0050689_ses-1 vox2ras=TkReg
1181
61373  -23.871  -18.940  -1.879 0.4285714328
62269  -24.156  -17.145  -3.156 0.2857142985
62255  -23.711  -17.891  -2.783 0.4285714328
62256  -24.621  -17.621  -2.582 0.4285714328
63133  -25.820  -16.689  -2.732 0.4285714328
63151  -24.572  -16.405  -3.507 0.2857142985
156067  -25.719  -15.590  -3.529 0.4285714328
64075  -24.404  -15.291  -4.511 0.4285714328
64076  -25.047  -15.016  -4.365 0.4285714328
65143  -24.357  -14.407  -5.584 0.4285714328
66199  -25.515  -13.393  -5.722 0.4285714328
66230  -24.425  -13.696  -6.923 0.5714285970
66216  -25.086  -13.379  -6.478 0.5714285970
67338  -26.441  -12.441  -6.180 0.2857142985
67354  -25.411  -12.905  -7.586 0.7142857313
67355  -25.957  -12.441  -7.636 0.7142857313
68409  -27.342  -11.182  -7.746 0.7142857313
142585  -27.933  -10.714  -8.326 0.4285714328
68408  -26.630  -11.713  -7.875 0.5714285970
69454  -28.464  -10.690  -9.607 0.5714285970
68425  -26.636  -11.844  -9.060 0.5714285970
69470  -27.778  -11.154  -9.667 0.5714285970
69471  -28.256  -11.174  -10.679 0.5714285970
136114  -29.195  -10.327  -9.712 0.5714285970
68444  -27.164  -11.593  -9.835 0.5714285970
151350  -29.756  -10.057  -9.835 0.4285714328
70452  -29.865  -10.245  -11.178 0.5714285970
71409  -31.360  -9.736  -11.859 0.5714285970
70450  -27.841  -10.771  -11.285 0.7142857313
71408  -29.975  -9.867  -11.348 0.7142857313
142145  -30.708  -9.559  -11.610 0.7142857313
71428  -31.159  -9.162  -12.117 0.5714285970
70451  -28.714  -10.722  -11.128 0.5714285970
69500  -26.894  -10.759  -11.314 0.5714285970
151805  -28.461  -9.205  -10.984 0.8571428657
72404  -31.547  -8.580  -12.547 0.5714285970
71406  -28.049  -9.716  -11.133 0.7142857313
70467  -27.127  -9.679  -11.325 0.5714285970
73357  -31.337  -6.395  -11.334 0.7142857313
72419  -31.923  -8.106  -13.119 0.5714285970
72390  -29.780  -8.369  -10.990 0.7142857313
73366  -31.144  -7.547  -11.653 0.7142857313
74357  -31.764  -5.774  -11.419 0.5714285970
72391  -30.533  -7.989  -11.315 0.7142857313
74368  -32.521  -6.079  -12.937 0.5714285970
73354  -28.719  -7.031  -10.611 0.5714285970
73355  -29.849  -6.880  -10.678 0.7142857313
75369  -31.727  -4.939  -10.965 0.7142857313
142174  -32.233  -5.173  -11.451 0.7142857313
74347  -29.556  -5.048  -10.581 0.7142857313
74348  -30.400  -5.334  -10.639 0.7142857313
75360  -30.921  -4.711  -10.666 0.7142857313
76422  -31.945  -3.248  -10.962 0.7142857313
75370  -32.347  -4.268  -11.251 0.5714285970
75359  -30.038  -4.484  -10.564 0.7142857313
73353  -27.616  -6.608  -11.101 0.5714285970
77489  -32.533  -2.505  -11.350 0.5714285970
153244  -29.322  -4.357  -10.611 0.8571428657
75358  -28.726  -4.753  -10.718 0.8571428657
77488  -31.499  -2.272  -10.880 0.7142857313
77479  -30.497  -2.527  -10.668 0.7142857313
76412  -29.617  -3.684  -10.629 0.8571428657
77478  -29.683  -2.827  -10.715 0.7142857313
79598  -29.282  -0.608  -11.486 0.8571428657
78534  -30.495  -1.089  -10.990 0.5714285970
78522  -29.842  -1.878  -10.812 0.8571428657
77496  -28.086  -1.927  -11.798 0.8571428657
77477  -28.959  -3.137  -10.926 0.8571428657
77486  -29.144  -2.410  -10.973 0.8571428657
80630  -27.933  0.492  -13.121 0.8571428657
80646  -28.142  1.218  -13.415 0.8571428657
81548  -27.102  1.747  -14.789 0.8571428657
78533  -28.933  -1.601  -11.238 0.8571428657
143631  -27.229  0.411  -13.926 0.8571428657
80673  -26.221  0.216  -15.241 1.0000000000
152963  -26.724  0.873  -14.793 1.0000000000
79609  -27.982  -0.333  -12.573 0.8571428657
81567  -26.467  1.557  -15.204 1.0000000000
141733  -26.594  -0.039  -14.648 1.0000000000
82498  -25.687  2.232  -15.503 1.0000000000
83357  -23.151  3.404  -15.476 0.7142857313
82499  -26.220  2.069  -15.381 1.0000000000
81565  -25.102  1.607  -15.565 1.0000000000
156661  -24.697  3.129  -15.391 1.0000000000
145645  -23.703  7.005  -14.645 1.0000000000
86023  -22.362  6.544  -15.444 0.8571428657
138553  -23.191  9.223  -15.319 0.8571428657
87909  -23.262  8.498  -15.022 1.0000000000
92641  -23.907  13.153  -16.944 0.8571428657
90848  -23.811  11.792  -16.209 0.8571428657
89843  -23.304  10.889  -16.063 1.0000000000
93579  -23.622  14.963  -18.195 0.8571428657
93569  -23.992  14.444  -17.658 0.8571428657
94474  -23.164  15.361  -18.701 0.7142857313
93577  -22.325  14.113  -18.631 0.5714285970
94496  -22.276  16.003  -19.983 0.7142857313
95372  -22.667  16.739  -20.286 0.5714285970
95385  -20.119  16.068  -21.537 0.5714285970
93597  -21.117  14.799  -20.254 0.5714285970
95384  -19.132  16.335  -21.820 0.4285714328
96245  -18.977  18.681  -22.958 0.4285714328
153121  -19.804  19.374  -23.386 0.4285714328
97063  -18.435  19.278  -20.463 0.2857142985
97047  -19.291  18.615  -19.427 0.2857142985
97062  -17.849  18.633  -21.038 0.2857142985
97048  -19.946  19.094  -18.811 0.2857142985
70430  -28.899  -10.836  -10.878 0.5714285970
78535  -31.371  -1.262  -11.133 0.5714285970
76413  -30.529  -3.885  -10.590 0.7142857313
76414  -31.021  -3.186  -10.640 0.7142857313
146127  -29.712  -1.080  -11.087 0.8571428657
79611  -29.763  0.184  -11.779 0.8571428657
80631  -28.544  0.352  -12.533 0.8571428657
81549  -27.482  1.300  -14.075 0.8571428657
84222  -23.472  4.203  -15.216 0.8571428657
98763  -21.905  20.337  -16.420 0.1428571492
62268  -23.244  -17.429  -3.397 0.2857142985
145006  -23.237  -16.260  -4.362 0.2857142985
63165  -24.101  -15.972  -4.120 0.2857142985
64062  -24.982  -15.619  -3.874 0.4285714328
65128  -25.434  -14.482  -4.591 0.4285714328
64074  -23.577  -15.582  -4.756 0.2857142985
66215  -24.720  -13.807  -6.010 0.4285714328
66183  -25.823  -13.848  -4.932 0.4285714328
149424  -24.031  -14.222  -6.371 0.5714285970
66231  -25.027  -13.248  -7.216 0.5714285970
146839  -26.451  -12.086  -6.856 0.4285714328
66245  -24.986  -13.218  -8.036 0.2857142985
67369  -25.483  -12.799  -8.355 0.7142857313
68426  -27.229  -11.323  -8.696 0.4285714328
68443  -26.594  -11.873  -9.962 0.5714285970
71389  -30.876  -9.835  -10.897 0.4285714328
150532  -27.040  -11.668  -10.576 0.7142857313
144127  -27.640  -11.258  -11.165 0.7142857313
70431  -29.589  -10.491  -10.852 0.7142857313
70453  -30.658  -9.930  -11.443 0.4285714328
74369  -33.171  -5.544  -13.599 0.5714285970
71427  -27.259  -8.646  -11.266 0.5714285970
73368  -32.144  -7.002  -13.033 0.5714285970
149534  -29.925  -5.848  -10.613 0.7142857313
73356  -30.719  -6.481  -10.919 0.7142857313
75378  -32.828  -5.046  -12.058 0.5714285970
79599  -30.191  -0.397  -11.347 0.5714285970
78545  -27.705  -1.346  -12.466 1.0000000000
82500  -26.847  2.469  -15.097 1.0000000000
79641  -26.207  -0.449  -15.145 1.0000000000
82496  -23.889  2.718  -15.441 0.8571428657
84221  -22.440  4.147  -15.631 0.7142857313
134555  -23.795  4.838  -14.915 1.0000000000
85113  -24.643  5.215  -14.782 1.0000000000
85111  -22.697  5.717  -15.181 0.7142857313
85112  -23.623  5.605  -14.790 1.0000000000
85127  -22.207  5.131  -15.605 0.7142857313
86923  -23.459  7.768  -14.779 0.8571428657
91756  -23.388  12.413  -16.797 0.8571428657
89844  -23.985  10.428  -15.341 1.0000000000
88849  -23.831  9.663  -15.057 1.0000000000
93578  -22.939  14.751  -18.486 0.7142857313
141753  -18.994  17.365  -22.309 0.7142857313
93587  -21.680  14.394  -19.485 0.5714285970
94495  -21.417  15.671  -20.419 0.7142857313
95371  -21.759  16.535  -20.671 0.7142857313
94504  -19.565  15.472  -21.515 0.4285714328
97078  -17.887  19.909  -21.652 0.2857142985
97087  -18.421  19.096  -22.572 0.4285714328
145742  -21.737  17.760  -21.908 0.4285714328
156804  -19.060  19.619  -23.497 0.4285714328
97064  -18.954  19.847  -19.781 0.2857142985
97086  -18.128  20.166  -22.578 0.4285714328
67386  -25.557  -12.523  -9.238 0.4285714328
68442  -26.025  -12.095  -9.969 0.4285714328
96244  -18.192  17.947  -22.100 0.4285714328
152959  -19.892  16.834  -21.933 0.7142857313
97077  -18.089  18.979  -21.765 0.2857142985
61391  -24.249  -18.356  -2.235 0.4285714328
62254  -22.726  -18.227  -3.032 0.2857142985
62257  -25.475  -17.416  -2.398 0.4285714328
63132  -25.013  -16.893  -2.923 0.4285714328
63150  -23.690  -16.663  -3.718 0.2857142985
64090  -23.950  -14.976  -5.179 0.2857142985
65127  -24.706  -14.673  -4.875 0.4285714328
65144  -25.088  -14.077  -5.261 0.4285714328
65142  -23.603  -14.707  -5.942 0.4285714328
149034  -24.564  -13.446  -7.646 0.2857142985
67337  -25.727  -12.788  -6.633 0.4285714328
67370  -26.090  -12.338  -8.632 0.5714285970
67387  -26.174  -12.206  -9.431 0.5714285970
69489  -27.651  -11.439  -10.806 0.5714285970
69490  -28.223  -11.182  -11.115 0.5714285970
70432  -30.235  -10.140  -10.734 0.4285714328
71407  -29.164  -10.143  -11.213 0.7142857313
136199  -27.082  -11.506  -11.065 0.7142857313
72388  -27.963  -8.475  -10.882 0.5714285970
73367  -31.660  -7.007  -12.075 0.5714285970
74349  -31.229  -5.606  -10.905 0.7142857313
131412  -28.041  -7.595  -10.767 0.7142857313
74346  -29.047  -5.749  -10.579 0.8571428657
141451  -31.423  -4.026  -10.765 0.7142857313
157270  -28.466  -5.275  -10.761 0.8571428657
77487  -30.742  -1.782  -10.806 0.8571428657
78546  -28.424  -0.951  -11.866 0.8571428657
79610  -28.844  -0.068  -12.008 0.8571428657
77485  -28.510  -2.567  -11.335 0.8571428657
79623  -27.470  -0.162  -13.344 1.0000000000
82510  -24.190  1.805  -15.541 1.0000000000
92652  -23.530  13.732  -17.508 0.8571428657
92662  -23.182  14.278  -18.047 0.8571428657
93588  -22.438  14.929  -19.025 0.7142857313
94485  -22.699  15.639  -19.308 0.7142857313
94484  -21.936  15.223  -19.739 0.5714285970
95370  -20.890  16.226  -21.065 0.5714285970
94494  -20.452  15.339  -20.971 0.5714285970
95383  -18.172  16.308  -21.560 0.4285714328
137623  -18.377  16.986  -21.873 0.4285714328
96246  -19.834  17.883  -22.569 0.4285714328
96233  -17.749  17.804  -21.283 0.2857142985
97037  -20.300  19.533  -18.043 0.2857142985
145297  -21.165  20.356  -16.881 0.1428571492
67368  -24.956  -13.006  -8.715 0.2857142985
137128  -22.980  4.913  -15.119 1.0000000000
95386  -20.983  17.151  -21.628 0.5714285970
98798  -20.874  21.129  -20.462 0.2857142985
99664  -18.549  23.692  -20.247 0.1428571492
98821  -19.431  21.275  -23.397 0.2857142985
98822  -20.686  21.334  -23.465 0.2857142985
99672  -17.981  23.295  -20.742 0.1428571492
100546  -19.325  25.048  -19.430 0.1428571492
98796  -17.934  22.039  -21.373 0.1428571492
98820  -18.460  21.289  -22.938 0.2857142985
145020  -17.755  22.792  -20.689 0.1428571492
97962  -21.965  21.117  -23.950 0.2857142985
98836  -20.317  21.101  -23.969 0.2857142985
151008  -27.464  17.454  -20.732 0.2857142985
97091  -24.508  18.953  -22.399 0.2857142985
100545  -18.389  24.656  -19.617 0.1428571492
142767  -19.988  20.801  -24.142 0.2857142985
95374  -24.538  17.044  -20.010 0.2857142985
97105  -21.933  19.914  -23.553 0.2857142985
94479  -27.278  15.270  -18.503 0.1428571492
96237  -24.963  17.624  -20.830 0.2857142985
97090  -23.660  18.859  -22.557 0.2857142985
99671  -17.796  23.473  -20.464 0.1428571492
97089  -22.783  18.740  -22.698 0.2857142985
97104  -20.941  19.743  -23.574 0.2857142985
91792  -28.312  12.226  -19.848 0.1428571492
92663  -28.506  13.434  -18.722 0.1428571492
154814  -26.656  16.329  -19.306 0.4285714328
96235  -23.076  17.338  -20.843 0.2857142985
90852  -27.547  11.667  -16.816 0.2857142985
94467  -26.143  14.981  -17.799 0.4285714328
95360  -24.011  16.435  -19.231 0.2857142985
96247  -20.905  18.353  -22.629 0.2857142985
88866  -27.427  9.920  -17.384 0.1428571492
92655  -27.643  13.230  -17.433 0.2857142985
95351  -25.357  16.037  -18.714 0.4285714328
92643  -25.849  13.103  -16.551 0.5714285970
93580  -24.428  15.097  -17.929 0.7142857313
144429  -27.094  8.688  -16.600 0.1428571492
88859  -27.381  10.240  -16.639 0.1428571492
93570  -24.879  14.491  -17.449 0.7142857313
94486  -23.383  15.930  -19.015 0.4285714328
91759  -26.292  12.243  -16.234 0.4285714328
86960  -27.256  7.296  -17.572 0.2857142985
151042  -26.855  8.595  -15.880 0.7142857313
92642  -24.870  13.199  -16.648 0.7142857313
151703  -23.742  9.023  -14.866 0.8571428657
89846  -25.975  10.165  -15.348 0.8571428657
90850  -25.608  11.746  -15.857 0.5714285970
85141  -28.060  6.145  -17.204 0.2857142985
148308  -27.438  6.724  -17.184 0.2857142985
90832  -25.822  10.982  -15.598 0.7142857313
90863  -22.280  11.439  -17.214 0.5714285970
90830  -24.305  11.191  -15.651 0.8571428657
85142  -28.677  5.572  -17.477 0.1428571492
146721  -26.377  7.093  -15.151 0.7142857313
84244  -29.084  4.967  -17.161 0.1428571492
78584  -24.276  -1.556  -15.897 0.5714285970
80671  -25.251  0.925  -15.576 0.8571428657
81584  -24.400  0.855  -15.631 0.8571428657
80681  -23.373  0.381  -16.153 0.4285714328
82509  -23.261  1.994  -15.731 0.5714285970
86010  -23.891  6.343  -14.631 0.8571428657
85114  -26.258  4.685  -15.318 0.8571428657
86924  -24.319  7.675  -14.574 0.8571428657
84236  -28.870  4.785  -16.346 0.2857142985
138227  -26.185  6.090  -14.967 0.8571428657
86925  -25.249  7.628  -14.591 0.8571428657
89845  -25.015  10.538  -15.329 0.8571428657
83373  -29.789  3.530  -16.264 0.4285714328
85115  -27.083  5.806  -16.068 0.7142857313
144413  -24.000  -2.262  -16.156 0.2857142985
79640  -25.769  -0.392  -15.464 0.5714285970
79650  -24.545  -0.860  -15.774 0.5714285970
131397  -26.188  0.889  -15.318 0.8571428657
141691  -24.958  3.770  -15.280 0.8571428657
142572  -25.277  4.506  -15.095 0.8571428657
150064  -25.678  5.306  -14.931 0.8571428657
85098  -25.270  6.053  -14.657 0.8571428657
83362  -28.392  3.856  -15.049 0.4285714328
84225  -26.935  4.305  -15.416 0.8571428657
154068  -26.184  5.406  -15.166 0.8571428657
82501  -29.751  3.204  -14.934 0.4285714328
73374  -26.252  -6.139  -13.116 0.7142857313
74377  -25.648  -5.419  -14.076 0.4285714328
74355  -27.493  -5.581  -11.529 0.7142857313
76431  -26.843  -3.772  -12.949 0.8571428657
148894  -26.404  -3.779  -13.597 0.5714285970
145073  -25.571  -2.953  -14.846 0.5714285970
75423  -23.803  -3.525  -16.219 0.4285714328
77507  -26.979  -2.430  -13.165 0.8571428657
77516  -26.180  -2.520  -14.340 0.5714285970
77530  -24.713  -1.984  -15.772 0.5714285970
78557  -26.774  -1.281  -13.870 0.7142857313
78575  -25.350  -1.771  -15.463 0.5714285970
81550  -28.224  1.906  -13.809 0.7142857313
132613  -27.668  2.001  -14.335 0.7142857313
138687  -26.920  3.453  -15.235 0.7142857313
80648  -31.047  1.147  -13.669 0.2857142985
82484  -30.045  2.299  -13.954 0.4285714328
82483  -29.397  2.790  -14.166 0.5714285970
72402  -26.750  -7.926  -11.780 0.4285714328
72418  -26.357  -7.454  -12.430 0.4285714328
73384  -25.626  -6.626  -13.681 0.4285714328
76411  -28.794  -3.910  -10.826 0.7142857313
76420  -27.717  -3.786  -11.752 0.7142857313
76421  -28.307  -3.422  -11.317 0.7142857313
78558  -27.148  -1.737  -13.160 0.8571428657
80632  -29.307  0.616  -12.328 0.7142857313
156343  -30.605  1.142  -12.972 0.2857142985
81536  -29.696  1.259  -12.764 0.5714285970
80647  -28.752  0.987  -12.831 0.5714285970
71426  -26.555  -8.842  -11.702 0.4285714328
71441  -25.442  -8.635  -12.512 0.5714285970
73365  -26.927  -6.886  -11.817 0.5714285970
74367  -26.879  -5.958  -12.253 0.5714285970
75368  -28.163  -4.232  -11.205 0.7142857313
79601  -31.973  -0.749  -11.740 0.4285714328
79613  -31.590  -0.078  -12.190 0.4285714328
80634  -31.164  0.581  -12.700 0.4285714328
80633  -30.251  0.759  -12.330 0.4285714328
69487  -25.251  -10.938  -10.807 0.5714285970
73375  -32.399  -7.612  -13.504 0.4285714328
77490  -33.377  -2.750  -11.909 0.4285714328
76423  -32.808  -3.390  -11.478 0.4285714328
77497  -34.026  -2.139  -12.656 0.4285714328
78536  -32.266  -1.575  -11.445 0.4285714328
66200  -26.675  -13.031  -5.159 0.1428571492
75379  -33.759  -4.223  -12.640 0.4285714328
76433  -34.271  -3.046  -12.760 0.4285714328
67339  -26.996  -12.007  -6.172 0.1428571492
156786  -27.737  -11.311  -6.659 0.1428571492
70411  -30.261  -9.520  -9.104 0.2857142985
72421  -33.165  -7.810  -13.868 0.2857142985
74403  -34.731  -5.739  -17.615 0.2857142985
73386  -33.440  -6.715  -15.587 0.2857142985
71430  -31.913  -9.359  -12.539 0.4285714328
75400  -34.854  -5.238  -17.264 0.2857142985
156677  -33.568  -6.205  -16.410 0.2857142985
72420  -32.392  -8.242  -13.280 0.2857142985
74381  -34.428  -4.922  -16.384 0.2857142985
75389  -34.257  -4.681  -14.388 0.4285714328
67323  -27.594  -12.175  -5.474 0.1428571492
68377  -27.648  -11.593  -6.190 0.1428571492
67321  -26.202  -12.873  -5.725 0.1428571492
69420  -28.665  -10.686  -6.797 0.2857142985
69438  -29.171  -10.218  -7.270 0.2857142985
150405  -32.275  -8.506  -9.582 0.2857142985
71431  -32.677  -8.873  -12.430 0.2857142985
71411  -32.196  -9.383  -11.927 0.2857142985
71390  -31.589  -9.161  -10.499 0.2857142985
68378  -28.312  -11.585  -5.683 0.1428571492
133388  -31.094  -9.257  -7.385 0.2857142985
68395  -29.018  -11.014  -6.015 0.2857142985
71357  -31.009  -9.087  -8.336 0.2857142985
70395  -29.817  -9.831  -7.454 0.2857142985
69436  -27.905  -10.953  -7.161 0.2857142985
135266  -25.394  -16.205  -3.286 0.2857142985
65111  -26.285  -14.335  -4.208 0.1428571492
64063  -25.640  -15.015  -3.984 0.2857142985
66185  -27.175  -13.243  -4.620 0.1428571492
61374  -24.741  -18.897  -1.648 0.2857142985
60446  -24.045  -19.550  -1.466 0.2857142985
64064  -26.438  -15.188  -3.495 0.2857142985
151670  -25.487  -18.562  -1.638 0.1428571492
59334  -23.381  -20.195  -1.310 0.2857142985
68394  -28.219  -11.194  -6.414 0.1428571492
70378  -29.855  -10.150  -6.682 0.2857142985
71371  -31.706  -8.680  -8.946 0.2857142985
72406  -33.319  -8.200  -13.153 0.2857142985
71391  -32.349  -8.771  -10.662 0.2857142985
73387  -34.072  -7.275  -16.070 0.2857142985
74379  -32.722  -6.708  -14.154 0.4285714328
74380  -33.414  -5.852  -15.641 0.2857142985
75390  -35.547  -3.732  -15.323 0.2857142985
75388  -26.409  -4.538  -13.345 0.7142857313
75380  -34.721  -3.669  -13.657 0.4285714328
78568  -26.312  -1.669  -14.550 0.5714285970
79600  -31.097  -0.469  -11.448 0.4285714328
80635  -32.129  0.131  -13.108 0.2857142985
80649  -31.722  0.558  -13.648 0.2857142985
82467  -30.167  1.741  -13.425 0.5714285970
88848  -23.217  9.990  -15.615 0.7142857313
83348  -27.780  3.258  -14.822 0.7142857313
87900  -24.015  8.435  -14.667 0.8571428657
92661  -22.706  13.569  -17.963 0.4285714328
91757  -24.317  12.517  -16.423 0.7142857313
138718  -30.112  2.523  -14.484 0.2857142985
87902  -25.599  8.244  -14.722 0.8571428657
90849  -24.738  11.881  -15.917 0.8571428657
86039  -27.011  7.108  -16.636 0.5714285970
96248  -22.550  17.839  -21.767 0.2857142985
89868  -27.261  10.848  -16.345 0.4285714328
91760  -27.088  12.391  -16.570 0.4285714328
101353  -18.252  24.514  -19.106 0.1428571492
94487  -26.773  15.939  -18.877 0.2857142985
93581  -27.759  14.513  -18.294 0.1428571492
97106  -22.823  20.010  -23.488 0.2857142985
61392  -25.103  -18.145  -2.073 0.1428571492
150229  -23.362  -18.619  -2.373 0.2857142985
66201  -27.215  -12.736  -5.106 0.1428571492
68379  -29.104  -11.585  -5.204 0.1428571492
69406  -29.832  -11.107  -5.451 0.1428571492
70394  -28.856  -10.230  -8.334 0.2857142985
70396  -30.386  -9.461  -7.874 0.2857142985
140361  -31.228  -9.169  -9.939 0.2857142985
72392  -33.892  -8.055  -11.912 0.2857142985
130678  -33.983  -7.536  -14.979 0.2857142985
71442  -26.165  -8.318  -12.323 0.5714285970
132712  -31.243  -9.817  -11.704 0.2857142985
72431  -25.314  -7.366  -13.488 0.2857142985
145476  -35.662  -4.569  -16.416 0.2857142985
76441  -36.554  -2.605  -15.359 0.2857142985
74366  -26.602  -5.255  -12.846 0.7142857313
75367  -27.616  -4.633  -11.664 0.5714285970
141249  -24.276  -4.636  -15.517 0.4285714328
134478  -25.928  -4.840  -13.852 0.5714285970
76434  -35.457  -2.788  -14.252 0.4285714328
145349  -23.082  -2.056  -16.942 0.2857142985
156044  -24.367  -2.594  -15.940 0.5714285970
75371  -33.086  -4.084  -11.763 0.4285714328
153486  -26.603  -2.986  -13.550 0.7142857313
78590  -23.078  -1.236  -16.807 0.2857142985
78549  -34.933  -1.282  -13.651 0.1428571492
135601  -33.631  -0.525  -13.150 0.4285714328
78547  -32.910  -1.075  -12.148 0.4285714328
79624  -33.264  0.076  -13.562 0.1428571492
83359  -25.521  3.138  -15.442 0.8571428657
81540  -29.035  1.769  -13.245 0.5714285970
149009  -30.864  1.554  -14.475 0.2857142985
83349  -28.827  3.415  -14.615 0.5714285970
85116  -27.174  5.142  -15.772 0.7142857313
88842  -25.462  8.904  -14.797 0.8571428657
83382  -29.885  3.123  -17.253 0.2857142985
84245  -29.417  4.267  -17.599 0.1428571492
144094  -17.890  20.722  -21.068 0.2857142985
85129  -27.697  5.705  -16.405 0.4285714328
84237  -29.427  4.213  -16.734 0.4285714328
86065  -28.522  6.036  -18.230 0.1428571492
131281  -26.632  9.748  -15.569 0.5714285970
86053  -27.743  6.748  -17.917 0.1428571492
86959  -27.042  7.875  -17.129 0.1428571492
88865  -27.131  9.201  -18.034 0.1428571492
98786  -17.629  22.987  -20.022 0.1428571492
145240  -26.306  11.448  -15.886 0.5714285970
87927  -27.097  8.526  -17.618 0.1428571492
89884  -27.643  10.761  -17.079 0.1428571492
95352  -26.050  15.873  -18.659 0.2857142985
93572  -26.955  14.786  -17.925 0.2857142985
91768  -27.612  12.560  -17.130 0.2857142985
90876  -28.090  11.523  -18.173 0.1428571492
90889  -28.262  11.862  -18.920 0.1428571492
91781  -28.490  12.647  -18.885 0.1428571492
95376  -26.627  16.704  -19.762 0.2857142985
95377  -27.567  16.813  -20.149 0.2857142985
95364  -28.688  15.852  -19.989 0.1428571492
93589  -28.729  14.788  -19.533 0.1428571492
62258  -26.285  -17.222  -2.263 0.1428571492
67307  -27.818  -12.749  -4.668 0.1428571492
72445  -34.858  -7.412  -16.181 0.2857142985
81551  -31.688  0.766  -14.507 0.2857142985
91805  -28.430  13.036  -21.219 0.1428571492
96239  -28.252  17.192  -20.810 0.2857142985
151808  -22.615  -18.937  -2.531 0.2857142985
63152  -26.152  -15.989  -3.078 0.1428571492
140495  -26.147  -13.337  -5.242 0.1428571492
67322  -26.847  -12.530  -5.625 0.1428571492
69437  -28.485  -10.504  -7.530 0.2857142985
68393  -27.204  -11.502  -6.914 0.1428571492
71429  -31.731  -9.452  -12.353 0.4285714328
78537  -33.177  -1.885  -11.886 0.4285714328
74356  -28.036  -4.999  -11.049 0.7142857313
77495  -27.451  -2.367  -12.498 0.7142857313
82481  -27.497  2.434  -14.651 0.7142857313
80672  -25.664  0.443  -15.523 0.8571428657
136719  -27.335  -0.891  -13.221 0.8571428657
134651  -26.465  -0.849  -14.633 0.8571428657
143265  -26.258  2.827  -15.389 0.8571428657
83358  -24.097  3.596  -15.270 0.8571428657
91767  -23.032  13.000  -17.398 0.5714285970
92653  -24.423  13.827  -17.183 0.7142857313
94475  -23.997  15.714  -18.514 0.5714285970
96234  -22.144  17.228  -21.043 0.2857142985
95373  -23.573  16.914  -20.054 0.2857142985
79612  -30.722  0.215  -11.861 0.4285714328
66184  -26.509  -13.587  -4.713 0.1428571492
68457  -25.762  -11.703  -10.469 0.5714285970
71370  -30.845  -9.313  -9.611 0.2857142985
78576  -25.940  -1.190  -15.259 0.5714285970
86011  -24.658  6.792  -14.545 0.8571428657
88850  -25.296  9.675  -15.023 0.8571428657
97947  -18.487  20.871  -23.307 0.2857142985
97088  -21.867  18.633  -22.745 0.2857142985
97948  -19.279  21.014  -23.760 0.2857142985
97932  -17.899  21.219  -22.336 0.2857142985
77484  -27.857  -2.885  -11.804 0.8571428657
98808  -20.001  21.161  -22.043 0.2857142985
99673  -19.601  22.143  -20.405 0.1428571492
98797  -19.155  21.874  -21.122 0.2857142985
98807  -18.463  21.662  -22.240 0.2857142985
98837  -21.370  21.222  -23.869 0.2857142985
99678  -17.956  22.550  -21.139 0.1428571492
98806  -18.079  21.784  -21.965 0.1428571492
97961  -21.013  20.961  -24.062 0.2857142985
147472  -25.922  17.807  -20.971 0.2857142985
96250  -24.340  18.136  -21.605 0.2857142985
100544  -18.072  24.493  -19.608 0.1428571492
96236  -24.006  17.467  -20.795 0.2857142985
95375  -25.672  17.060  -20.091 0.2857142985
95361  -25.019  16.513  -19.323 0.2857142985
94478  -26.489  15.408  -18.311 0.2857142985
94489  -28.352  15.393  -19.381 0.1428571492
93582  -28.339  14.697  -18.925 0.1428571492
96249  -23.453  17.971  -21.680 0.2857142985
91793  -28.493  12.871  -20.385 0.1428571492
92656  -28.080  13.600  -17.996 0.1428571492
145910  -28.709  14.059  -19.358 0.1428571492
139475  -27.235  16.293  -19.426 0.1428571492
135834  -27.865  11.317  -17.510 0.1428571492
92654  -25.390  13.842  -16.970 0.5714285970
146782  -26.549  14.393  -17.490 0.4285714328
94477  -25.685  15.519  -18.246 0.5714285970
88876  -27.309  9.854  -18.309 0.1428571492
88858  -27.246  9.580  -16.554 0.1428571492
144835  -27.265  13.939  -17.526 0.2857142985
90865  -28.301  12.294  -18.220 0.2857142985
92645  -27.158  13.166  -16.955 0.4285714328
92644  -26.618  12.937  -16.621 0.5714285970
91758  -25.290  12.474  -16.232 0.7142857313
140411  -27.004  9.282  -15.942 0.4285714328
89847  -26.654  10.684  -15.797 0.5714285970
144586  -26.732  7.310  -15.811 0.5714285970
87910  -26.125  8.543  -14.973 0.7142857313
88851  -26.060  9.336  -15.122 0.7142857313
85128  -27.321  6.325  -16.574 0.5714285970
84235  -28.052  5.044  -16.081 0.4285714328
86025  -25.730  6.913  -14.692 0.8571428657
78585  -25.169  -1.143  -15.620 0.5714285970
80682  -24.216  -0.179  -15.802 0.5714285970
81583  -23.562  1.246  -15.767 0.4285714328
135740  -23.445  -0.498  -16.320 0.4285714328
83360  -26.246  3.705  -15.408 0.8571428657
84226  -27.643  4.638  -15.609 0.4285714328
84228  -29.289  4.167  -15.920 0.5714285970
86026  -26.777  6.442  -15.806 0.8571428657
83361  -27.678  4.059  -15.219 0.7142857313
72432  -25.988  -7.042  -13.059 0.5714285970
141872  -25.827  -5.969  -13.787 0.4285714328
75376  -26.851  -4.559  -12.727 0.7142857313
75411  -24.892  -4.275  -15.196 0.4285714328
76450  -26.071  -3.365  -14.173 0.5714285970
77522  -25.027  -2.568  -15.520 0.5714285970
76456  -24.335  -3.910  -15.790 0.4285714328
75410  -23.751  -4.237  -15.964 0.2857142985
77506  -26.635  -2.094  -13.754 0.7142857313
82465  -28.872  2.344  -13.748 0.5714285970
82482  -28.309  2.639  -14.268 0.7142857313
72417  -25.700  -7.826  -12.858 0.5714285970
76424  -33.460  -3.506  -11.990 0.4285714328
70410  -29.629  -9.824  -8.529 0.2857142985
72433  -33.531  -7.312  -14.979 0.2857142985
71443  -32.353  -8.727  -13.043 0.2857142985
74389  -33.932  -5.811  -16.982 0.2857142985
72405  -31.977  -8.980  -12.922 0.2857142985
67324  -28.437  -12.146  -4.945 0.1428571492
70379  -30.645  -9.702  -6.816 0.2857142985
71358  -31.848  -8.862  -7.510 0.2857142985
153980  -25.532  -19.167  -1.291 0.1428571492
61375  -26.093  -18.666  -1.413 0.1428571492
79614  -32.541  -0.403  -12.643 0.2857142985
99655  -18.480  23.387  -18.697 0.1428571492
62238  -25.957  -17.974  -1.845 0.1428571492
63134  -26.607  -16.496  -2.581 0.1428571492
98777  -18.174  22.919  -19.216 0.1428571492
89866  -21.922  10.179  -16.983 0.5714285970
86947  -21.510  7.786  -16.842 0.4285714328
87918  -21.662  8.706  -16.836 0.4285714328
88856  -22.067  9.471  -16.597 0.5714285970
86935  -21.769  7.066  -16.139 0.4285714328
87919  -22.206  8.865  -16.227 0.5714285970
89867  -22.560  10.147  -16.317 0.4285714328
141960  -21.799  3.760  -16.297 0.4285714328
85110  -22.128  5.858  -15.644 0.4285714328
85140  -21.244  5.459  -17.113 0.4285714328
86022  -21.846  6.290  -15.946 0.5714285970
152785  -22.337  7.348  -15.568 0.5714285970
86936  -22.097  8.056  -16.074 0.5714285970
131311  -36.428  -4.633  -14.945 0.1428571492
75401  -35.441  -4.971  -16.993 0.1428571492
75392  -36.107  -4.131  -16.083 0.1428571492
65157  -23.650  -14.070  -7.088 0.2857142985
73397  -34.275  -6.698  -16.924 0.1428571492
74359  -36.685  -5.826  -12.435 0.1428571492
74382  -36.070  -6.068  -15.262 0.1428571492
156228  -36.595  -5.053  -12.142 0.1428571492
75381  -36.600  -4.959  -13.165 0.1428571492
148522  -36.491  -4.202  -11.123 0.1428571492
155328  -23.391  -14.472  -6.603 0.2857142985
137289  -35.867  -8.205  -14.077 0.1428571492
72436  -36.106  -8.005  -14.913 0.1428571492
72434  -34.985  -7.735  -15.498 0.1428571492
73376  -36.395  -7.474  -14.598 0.1428571492
144417  -36.661  -5.766  -10.419 0.1428571492
73369  -37.033  -7.324  -13.300 0.1428571492
75340  -35.962  -4.437  -7.830 0.1428571492
75352  -36.322  -4.614  -9.420 0.1428571492
76386  -35.773  -3.743  -7.858 0.1428571492
65156  -22.911  -14.855  -6.368 0.2857142985
71373  -33.563  -8.324  -8.805 0.1428571492
71392  -33.965  -8.045  -9.822 0.1428571492
72378  -34.430  -7.977  -10.933 0.1428571492
136424  -32.982  -8.219  -9.655 0.1428571492
72407  -34.683  -7.838  -12.897 0.1428571492
71444  -37.238  -8.960  -13.666 0.1428571492
72408  -35.852  -8.262  -13.013 0.1428571492
73358  -37.389  -7.458  -12.050 0.1428571492
71432  -36.811  -8.854  -13.976 0.1428571492
136288  -36.963  -6.517  -10.674 0.1428571492
74335  -36.379  -5.667  -8.226 0.1428571492
75324  -35.999  -4.819  -7.057 0.1428571492
75341  -36.222  -4.896  -8.529 0.1428571492
64088  -22.356  -15.661  -5.578 0.2857142985
64073  -22.758  -15.889  -4.999 0.2857142985
71361  -34.118  -8.815  -8.135 0.1428571492
71393  -35.206  -8.340  -10.286 0.1428571492
71433  -37.283  -9.676  -13.348 0.1428571492
71413  -35.613  -8.365  -11.742 0.1428571492
72380  -37.739  -8.213  -10.929 0.1428571492
73340  -36.665  -6.433  -8.782 0.1428571492
72379  -37.371  -7.333  -10.721 0.1428571492
75309  -35.713  -3.500  -6.378 0.1428571492
69422  -31.353  -9.967  -6.052 0.1428571492
143957  -32.848  -8.902  -7.271 0.1428571492
70381  -32.430  -9.349  -6.643 0.1428571492
70412  -35.048  -9.327  -8.605 0.1428571492
70398  -34.423  -9.522  -7.693 0.1428571492
70434  -36.917  -10.187  -12.774 0.1428571492
71374  -34.626  -8.550  -9.066 0.1428571492
70468  -37.635  -9.757  -13.217 0.1428571492
71394  -36.341  -9.152  -11.542 0.1428571492
71416  -38.025  -9.028  -12.384 0.1428571492
148016  -36.513  -6.313  -7.870 0.1428571492
72370  -37.230  -7.424  -9.466 0.1428571492
74305  -36.103  -5.237  -6.220 0.1428571492
74322  -36.284  -5.703  -7.183 0.1428571492
69409  -32.091  -10.318  -5.476 0.1428571492
139305  -29.812  -10.604  -6.056 0.1428571492
69439  -34.534  -10.241  -7.266 0.1428571492
70382  -33.324  -9.584  -6.658 0.1428571492
71375  -35.631  -9.137  -9.831 0.1428571492
70397  -33.658  -9.136  -7.400 0.1428571492
69491  -37.471  -10.895  -12.826 0.1428571492
69473  -36.738  -10.488  -11.648 0.1428571492
149668  -38.147  -9.000  -11.504 0.1428571492
72371  -37.778  -8.525  -10.012 0.1428571492
70455  -38.034  -9.661  -12.680 0.1428571492
130705  -36.788  -7.093  -8.174 0.1428571492
68410  -35.008  -11.697  -7.397 0.1428571492
69425  -33.989  -10.231  -6.549 0.1428571492
69424  -33.402  -10.218  -6.092 0.1428571492
68427  -36.188  -11.604  -9.651 0.1428571492
68411  -35.555  -11.617  -8.394 0.1428571492
144079  -36.942  -11.283  -12.435 0.1428571492
69456  -36.479  -10.929  -10.419 0.1428571492
71376  -37.313  -8.130  -8.481 0.1428571492
71396  -38.284  -9.521  -11.090 0.1428571492
69455  -35.763  -10.826  -8.845 0.1428571492
70433  -36.411  -9.654  -10.895 0.1428571492
71414  -36.873  -9.515  -13.292 0.1428571492
71412  -33.235  -8.344  -10.964 0.1428571492
76356  -35.862  -2.980  -5.663 0.1428571492
150653  -36.168  -5.103  -7.749 0.1428571492
145461  -36.882  -6.292  -11.600 0.1428571492
74340  -36.517  -5.621  -9.376 0.1428571492
73398  -34.831  -6.493  -16.954 0.1428571492
73334  -36.523  -6.741  -7.101 0.1428571492
149050  -35.926  -3.824  -5.541 0.1428571492
77419  -36.258  -2.457  -5.110 0.1428571492
83371  -22.250  3.099  -15.988 0.4285714328
146899  -35.649  -2.657  -6.401 0.1428571492
76375  -35.621  -3.089  -7.301 0.1428571492
76401  -36.214  -3.787  -9.682 0.1428571492
133675  -36.554  -3.296  -15.339 0.1428571492
75391  -36.361  -3.430  -15.571 0.1428571492
89882  -21.740  10.876  -17.511 0.4285714328
91766  -22.483  12.173  -17.376 0.4285714328
95387  -29.030  16.747  -21.107 0.1428571492
89883  -22.426  10.873  -16.789 0.4285714328
64089  -23.056  -15.321  -5.604 0.2857142985
96253  -27.814  17.875  -21.281 0.1428571492
74391  -35.473  -5.831  -16.483 0.1428571492
71372  -32.679  -8.362  -8.748 0.1428571492
70380  -31.589  -9.434  -6.694 0.1428571492
69407  -30.524  -10.265  -6.096 0.1428571492
71359  -32.459  -8.552  -7.998 0.1428571492
72422  -34.624  -7.729  -14.226 0.1428571492
77508  -36.445  -1.885  -15.235 0.1428571492
77498  -35.173  -2.084  -13.748 0.1428571492
72435  -35.542  -7.728  -15.316 0.1428571492
74370  -36.524  -6.091  -13.861 0.1428571492
73388  -35.577  -7.297  -15.711 0.1428571492
145927  -36.578  -5.123  -11.204 0.1428571492
76425  -36.531  -3.496  -11.679 0.1428571492
75361  -36.425  -4.406  -10.298 0.1428571492
72423  -36.033  -8.120  -14.762 0.1428571492
72424  -36.581  -8.539  -14.061 0.1428571492
147871  -36.504  -5.088  -10.098 0.1428571492
156355  -36.710  -6.080  -10.011 0.1428571492
76387  -36.019  -3.956  -8.683 0.1428571492
71360  -33.227  -8.595  -7.973 0.1428571492
72393  -34.842  -7.890  -11.910 0.1428571492
72410  -37.586  -8.446  -12.856 0.1428571492
72394  -37.719  -8.223  -11.954 0.1428571492
137775  -36.863  -6.536  -9.781 0.1428571492
71434  -37.720  -9.070  -12.990 0.1428571492
71415  -37.200  -10.107  -13.423 0.1428571492
69423  -32.746  -9.922  -6.011 0.1428571492
70399  -35.157  -10.121  -8.181 0.1428571492
70383  -34.006  -9.695  -7.048 0.1428571492
70454  -37.335  -10.044  -13.302 0.1428571492
69440  -35.113  -10.885  -7.704 0.1428571492
69472  -35.963  -10.001  -9.590 0.1428571492
135071  -38.086  -10.452  -12.600 0.1428571492
71377  -37.887  -9.083  -9.313 0.1428571492
58190  -22.022  -21.038  -1.188 0.1428571492
59332  -21.587  -20.637  -1.528 0.1428571492
59333  -22.361  -20.293  -1.650 0.1428571492
60457  -23.093  -19.410  -1.891 0.1428571492
60456  -22.103  -19.563  -2.356 0.1428571492
62267  -22.381  -17.628  -3.700 0.1428571492
61401  -21.963  -18.180  -3.467 0.1428571492
62277  -22.025  -17.119  -4.283 0.1428571492
63164  -22.404  -16.504  -4.619 0.1428571492
62265  -20.772  -17.658  -3.502 0.1428571492
62276  -21.398  -16.986  -4.276 0.1428571492
136822  -21.404  -15.968  -5.112 0.1428571492
64086  -21.203  -15.365  -5.404 0.1428571492
65155  -22.305  -14.697  -6.554 0.1428571492
64097  -21.879  -15.038  -6.208 0.1428571492
65169  -22.136  -14.052  -6.986 0.2857142985
65170  -22.888  -14.347  -7.072 0.1428571492
66229  -23.309  -13.813  -7.656 0.1428571492
135549  -24.015  -13.683  -7.671 0.1428571492
67367  -24.131  -12.906  -8.740 0.2857142985
69498  -24.652  -10.202  -11.093 0.4285714328
70466  -26.323  -9.621  -11.619 0.4285714328
71425  -26.049  -8.992  -12.125 0.4285714328
81582  -22.690  1.271  -16.341 0.2857142985
82507  -21.901  2.504  -16.683 0.2857142985
86051  -20.638  6.670  -18.125 0.2857142985
87926  -21.236  8.273  -17.383 0.2857142985
88864  -21.535  9.500  -17.242 0.2857142985
139399  -21.448  10.122  -17.559 0.4285714328
64098  -22.336  -15.234  -6.074 0.1428571492
66228  -22.632  -13.698  -7.507 0.2857142985
66244  -24.434  -13.315  -8.184 0.1428571492
61390  -21.862  -18.851  -3.011 0.1428571492
62266  -21.525  -17.616  -3.851 0.1428571492
63162  -20.918  -16.413  -4.464 0.1428571492
65141  -21.380  -14.897  -5.877 0.1428571492
65154  -21.670  -14.406  -6.420 0.1428571492
67353  -22.316  -12.964  -7.768 0.2857142985
66243  -23.729  -13.402  -8.173 0.2857142985
66242  -23.004  -13.319  -8.057 0.2857142985
152252  -22.726  -12.635  -8.345 0.2857142985
67366  -23.376  -12.947  -8.451 0.2857142985
67385  -24.825  -12.575  -9.320 0.2857142985
68456  -24.821  -11.502  -10.269 0.4285714328
69486  -24.286  -10.731  -10.540 0.4285714328
69497  -23.887  -10.124  -10.827 0.2857142985
81596  -22.032  0.906  -17.286 0.2857142985
82508  -22.471  2.227  -16.186 0.2857142985
82519  -21.471  2.362  -17.735 0.2857142985
83370  -21.609  3.120  -16.864 0.2857142985
84234  -21.613  4.640  -16.353 0.2857142985
85139  -20.785  5.717  -18.066 0.2857142985
85161  -20.035  5.141  -18.848 0.2857142985
86958  -20.999  7.527  -17.636 0.2857142985
67384  -23.948  -12.147  -9.342 0.2857142985
80680  -22.585  0.438  -16.790 0.2857142985
81595  -21.499  1.437  -17.999 0.2857142985
80693  -21.534  0.620  -17.932 0.2857142985
137996  -21.084  2.668  -18.537 0.2857142985
84253  -20.563  4.197  -18.569 0.2857142985
84233  -21.336  3.866  -17.042 0.2857142985
137672  -21.193  4.569  -17.293 0.2857142985
84252  -20.150  4.465  -18.835 0.2857142985
86038  -21.505  6.323  -16.600 0.2857142985
81603  -20.547  1.837  -18.545 0.2857142985
82518  -19.979  2.585  -18.558 0.2857142985
83391  -20.816  3.344  -18.565 0.2857142985
69499  -25.707  -10.241  -11.362 0.4285714328
63149  -22.819  -16.933  -3.982 0.1428571492
68441  -25.311  -12.167  -9.880 0.4285714328
140089  -21.323  7.021  -17.014 0.2857142985
85152  -20.907  4.852  -18.048 0.2857142985
64087  -21.794  -15.533  -5.715 0.1428571492
63174  -22.032  -16.129  -5.235 0.1428571492
63163  -21.686  -16.563  -4.718 0.1428571492
66227  -21.980  -13.379  -7.302 0.2857142985
68440  -23.836  -11.303  -9.912 0.4285714328
83380  -19.454  3.214  -18.270 0.2857142985
71440  -24.518  -8.627  -12.543 0.2857142985
70476  -24.968  -9.122  -12.219 0.2857142985
99700  -25.485  23.212  -24.065 0.1428571492
98842  -26.556  21.772  -23.952 0.1428571492
97965  -24.854  20.939  -23.612 0.1428571492
97949  -25.604  19.649  -22.728 0.1428571492
97092  -26.122  18.631  -21.792 0.1428571492
99692  -25.434  23.270  -23.930 0.1428571492
97108  -24.630  19.892  -23.071 0.1428571492
98838  -22.424  21.614  -23.752 0.1428571492
98789  -22.739  20.605  -19.103 0.1428571492
71451  -24.848  -8.021  -13.152 0.2857142985
97093  -27.232  18.578  -21.761 0.1428571492
97967  -27.130  20.319  -23.220 0.1428571492
96252  -26.867  17.942  -21.141 0.1428571492
97966  -26.007  20.576  -23.403 0.1428571492
97950  -26.641  19.407  -22.481 0.1428571492
96251  -25.209  18.326  -21.598 0.1428571492
97963  -22.859  21.246  -23.836 0.1428571492
99682  -23.309  22.132  -23.727 0.1428571492
98809  -22.777  20.630  -20.798 0.1428571492
98823  -22.542  21.563  -22.878 0.1428571492
150791  -21.504  20.983  -21.697 0.1428571492
146920  -21.670  21.388  -23.512 0.1428571492
146364  -25.246  19.013  -22.274 0.1428571492
97107  -23.689  20.015  -23.381 0.1428571492
70477  -25.603  -9.358  -11.960 0.2857142985
98841  -25.318  21.975  -24.063 0.1428571492
99684  -24.825  22.853  -23.461 0.1428571492
97964  -23.768  21.223  -23.795 0.1428571492
98840  -24.155  22.352  -24.028 0.1428571492
98826  -25.512  22.042  -22.225 0.1428571492
98839  -23.306  22.058  -23.818 0.1428571492
81593  -20.221  1.096  -17.958 0.1428571492
81604  -21.131  1.263  -18.444 0.1428571492
143261  -20.979  1.777  -18.711 0.1428571492
148071  -19.997  3.561  -18.798 0.1428571492
84219  -17.042  4.527  -14.909 0.1428571492
84242  -18.132  4.777  -17.408 0.1428571492
80694  -22.163  0.048  -17.445 0.1428571492
83389  -19.211  3.935  -18.319 0.1428571492
85138  -18.192  5.601  -17.865 0.1428571492
86075  -18.753  6.476  -18.841 0.1428571492
86983  -18.551  7.270  -19.186 0.2857142985
74401  -24.806  -5.014  -15.005 0.2857142985
149793  -24.269  -5.233  -15.204 0.1428571492
77534  -22.643  -2.229  -17.014 0.1428571492
152076  -22.610  -1.616  -17.138 0.1428571492
79665  -21.277  0.039  -17.954 0.1428571492
83364  -30.144  2.969  -15.738 0.1428571492
81592  -19.714  1.832  -17.886 0.1428571492
142261  -20.247  5.840  -18.617 0.1428571492
87937  -20.078  8.286  -18.788 0.1428571492
86972  -19.661  7.520  -19.040 0.1428571492
87936  -19.382  8.221  -19.428 0.2857142985
89898  -20.521  10.849  -18.919 0.2857142985
136231  -18.721  13.931  -21.249 0.2857142985
92671  -18.303  13.049  -21.093 0.2857142985
94502  -18.141  15.515  -21.305 0.2857142985
97910  -18.099  21.549  -20.187 0.1428571492
96203  -20.633  17.713  -17.702 0.1428571492
89899  -21.080  10.449  -18.160 0.2857142985
88874  -19.788  9.047  -19.251 0.2857142985
92660  -22.040  13.352  -18.426 0.2857142985
91779  -20.092  12.111  -20.044 0.2857142985
91778  -19.263  12.037  -20.790 0.2857142985
93586  -20.854  13.920  -20.098 0.2857142985
92672  -19.061  13.271  -21.135 0.2857142985
91790  -18.715  12.396  -21.078 0.2857142985
93602  -19.724  14.805  -21.274 0.2857142985
143595  -17.469  17.032  -20.993 0.1428571492
93585  -17.437  14.470  -19.715 0.2857142985
97911  -19.371  20.267  -18.933 0.1428571492
98779  -20.427  20.935  -17.289 0.1428571492
91788  -17.526  12.250  -20.345 0.1428571492
90900  -17.718  11.454  -20.560 0.1428571492
143893  -18.425  8.011  -19.536 0.2857142985
92670  -17.690  13.585  -20.466 0.2857142985
95358  -17.674  16.582  -20.240 0.1428571492
95357  -17.581  15.778  -20.232 0.2857142985
96214  -18.851  17.545  -19.113 0.1428571492
150783  -18.168  16.229  -18.731 0.1428571492
85125  -17.451  6.063  -16.514 0.2857142985
93576  -17.911  14.725  -18.339 0.1428571492
94473  -18.540  15.977  -18.091 0.1428571492
85976  -17.150  6.096  -12.695 0.1428571492
83383  -30.236  2.643  -16.540 0.1428571492
135206  -32.230  0.550  -14.457 0.1428571492
77535  -23.060  -2.574  -16.829 0.1428571492
78588  -21.411  -0.847  -17.530 0.1428571492
82511  -30.644  1.839  -16.213 0.1428571492
79656  -20.490  -0.164  -17.468 0.1428571492
81580  -18.863  1.898  -16.793 0.1428571492
81579  -17.996  2.417  -16.067 0.1428571492
82517  -19.200  2.602  -17.652 0.1428571492
83356  -17.180  3.929  -15.346 0.1428571492
84250  -18.787  4.749  -18.254 0.1428571492
85109  -17.275  5.488  -15.826 0.1428571492
86063  -20.006  6.711  -18.777 0.1428571492
86971  -17.997  6.956  -18.573 0.2857142985
157305  -19.821  9.672  -19.429 0.1428571492
88890  -19.719  10.289  -19.704 0.1428571492
90887  -19.950  11.228  -19.777 0.2857142985
90902  -18.569  11.530  -20.934 0.1428571492
90886  -19.400  11.539  -20.476 0.1428571492
94463  -18.405  15.202  -17.841 0.1428571492
93575  -17.523  14.238  -18.860 0.2857142985
94472  -17.937  15.519  -18.653 0.1428571492
95348  -18.676  16.678  -18.476 0.1428571492
96225  -17.933  17.493  -20.364 0.1428571492
95341  -20.079  16.895  -17.688 0.1428571492
96215  -19.851  17.873  -18.400 0.1428571492
82502  -30.463  2.275  -15.187 0.1428571492
81568  -31.186  1.252  -15.801 0.1428571492
92667  -21.422  13.441  -19.182 0.2857142985
93596  -20.259  14.412  -20.765 0.2857142985
96226  -18.623  18.274  -20.065 0.1428571492
93601  -18.966  14.838  -21.473 0.2857142985
95369  -17.593  16.330  -20.962 0.2857142985
132152  -17.692  17.126  -21.332 0.2857142985
97900  -19.864  20.644  -18.041 0.1428571492
90862  -21.880  11.622  -17.660 0.2857142985
76465  -23.315  -3.084  -16.594 0.1428571492
75422  -23.308  -3.776  -16.302 0.1428571492
91773  -22.242  12.849  -17.929 0.2857142985
79648  -22.811  -0.329  -16.830 0.1428571492
80650  -32.741  0.408  -13.994 0.1428571492
91765  -21.738  12.178  -18.007 0.2857142985
86957  -20.357  7.521  -18.432 0.1428571492
87925  -20.735  8.381  -18.004 0.1428571492
88863  -21.008  9.557  -17.949 0.1428571492
80692  -20.695  0.432  -17.948 0.1428571492
83379  -18.708  3.412  -17.481 0.1428571492
81581  -19.456  1.125  -17.132 0.1428571492
80691  -19.911  0.352  -17.241 0.1428571492
83378  -18.107  4.055  -16.958 0.1428571492
140134  -17.661  5.443  -16.974 0.1428571492
85150  -18.973  5.549  -18.664 0.1428571492
79659  -22.378  -0.852  -17.342 0.1428571492
86062  -17.837  6.446  -17.841 0.1428571492
85160  -19.357  6.032  -18.821 0.1428571492
86985  -19.345  6.821  -19.042 0.1428571492
78589  -22.058  -1.402  -17.425 0.1428571492
134762  -20.468  9.032  -18.423 0.2857142985
87948  -19.054  8.803  -19.807 0.2857142985
88875  -20.383  9.849  -18.824 0.2857142985
142545  -18.167  13.909  -20.946 0.2857142985
93595  -19.416  14.116  -21.217 0.2857142985
144003  -17.467  12.948  -20.147 0.1428571492
93593  -17.762  14.500  -20.547 0.2857142985
155825  -21.046  18.258  -17.581 0.1428571492
90874  -20.660  11.729  -19.067 0.2857142985
91772  -21.227  12.134  -18.571 0.2857142985
91780  -20.938  12.536  -19.214 0.2857142985
91791  -19.571  12.733  -20.691 0.2857142985
139052  -20.492  13.049  -19.985 0.2857142985
91789  -17.971  12.020  -21.072 0.1428571492
92673  -19.945  13.570  -20.720 0.2857142985
94471  -17.559  14.889  -18.965 0.2857142985
98778  -19.395  21.968  -18.123 0.1428571492
94483  -17.770  16.068  -19.403 0.2857142985
88888  -18.539  9.368  -20.126 0.1428571492
89911  -19.076  10.862  -20.474 0.2857142985
95349  -19.297  17.082  -18.209 0.1428571492
67335  -20.877  -12.557  -6.653 0.1428571492
67365  -21.997  -12.208  -8.046 0.1428571492
68424  -22.478  -11.871  -8.688 0.1428571492
68406  -20.651  -11.447  -7.316 0.1428571492
68422  -20.969  -11.112  -8.025 0.1428571492
69453  -21.330  -10.720  -8.727 0.1428571492
68423  -21.705  -11.448  -8.388 0.1428571492
69467  -20.891  -10.021  -9.089 0.1428571492
68438  -22.185  -11.016  -9.142 0.1428571492
68439  -23.070  -11.603  -9.321 0.1428571492
70429  -21.171  -9.633  -9.778 0.1428571492
69484  -22.629  -10.134  -10.252 0.1428571492
70449  -23.158  -9.704  -10.892 0.1428571492
69485  -23.422  -10.462  -10.365 0.1428571492
70447  -21.445  -9.264  -10.448 0.1428571492
134693  -24.020  -9.637  -11.324 0.1428571492
134691  -23.550  -8.561  -12.356 0.1428571492
72430  -24.665  -7.426  -13.704 0.1428571492
73382  -24.946  -6.910  -14.072 0.1428571492
86970  -17.598  7.621  -18.219 0.1428571492
68392  -20.415  -11.838  -6.628 0.1428571492
92666  -17.410  13.577  -19.527 0.1428571492
73383  -25.261  -6.106  -14.276 0.1428571492
70465  -24.878  -9.620  -11.679 0.1428571492
67336  -21.540  -12.613  -7.336 0.1428571492
67383  -23.267  -12.385  -8.863 0.1428571492
70475  -24.226  -9.100  -11.937 0.1428571492
67352  -20.961  -12.040  -7.134 0.1428571492
68407  -21.322  -11.784  -7.690 0.1428571492
69435  -20.268  -10.742  -7.574 0.1428571492
69468  -21.605  -10.289  -9.423 0.1428571492
148964  -22.239  -10.427  -9.726 0.1428571492
69483  -21.902  -9.860  -10.036 0.1428571492
69469  -22.885  -10.815  -9.781 0.1428571492
70448  -22.241  -9.482  -10.669 0.1428571492
70428  -20.474  -9.353  -9.479 0.1428571492
67320  -20.191  -12.393  -5.942 0.1428571492
68458  -26.518  -11.699  -10.584 0.5714285970
69421  -29.295  -10.516  -6.557 0.2857142985
69488  -26.271  -11.272  -11.036 0.7142857313
71395  -37.035  -10.034  -13.251 0.1428571492
71410  -31.640  -9.678  -12.117 0.4285714328
72389  -28.820  -8.628  -10.811 0.8571428657
72403  -27.394  -7.617  -11.212 0.4285714328
72409  -37.338  -8.264  -13.299 0.1428571492
73385  -32.944  -7.410  -14.121 0.2857142985
73407  -34.090  -6.213  -17.265 0.2857142985
73408  -34.588  -6.105  -17.332 0.2857142985
73412  -34.784  -5.667  -17.614 0.2857142985
74306  -36.096  -4.716  -5.432 0.1428571492
74345  -28.150  -5.799  -10.831 0.8571428657
74358  -32.198  -5.944  -12.017 0.5714285970
74378  -26.132  -5.366  -13.506 0.4285714328
74388  -25.184  -5.411  -14.529 0.4285714328
74390  -35.049  -5.541  -17.398 0.2857142985
74402  -34.656  -5.808  -17.419 0.2857142985
75310  -35.853  -4.361  -6.279 0.1428571492
75323  -35.774  -4.013  -7.125 0.1428571492
75377  -27.146  -5.033  -12.243 0.5714285970
75399  -25.433  -4.718  -14.470 0.2857142985
75402  -35.994  -4.837  -16.227 0.1428571492
75412  -34.966  -5.534  -17.469 0.2857142985
76432  -27.371  -3.325  -12.355 0.8571428657
76440  -27.058  -2.973  -12.900 0.8571428657
76449  -25.480  -3.810  -14.666 0.5714285970
76457  -24.954  -3.457  -15.376 0.5714285970
76469  -22.933  -2.829  -16.807 0.1428571492
77515  -25.763  -2.088  -15.053 0.5714285970
77521  -24.369  -3.182  -15.911 0.4285714328
77528  -23.443  -2.494  -16.604 0.2857142985
77529  -23.870  -2.896  -16.320 0.1428571492
78582  -21.374  -1.544  -17.077 0.1428571492
78583  -23.578  -1.830  -16.458 0.2857142985
79622  -26.945  -0.470  -13.943 1.0000000000
79647  -20.724  -0.878  -17.171 0.1428571492
79649  -23.801  -1.056  -16.076 0.2857142985
79651  -25.137  -0.291  -15.658 0.5714285970
79657  -21.081  -0.186  -17.837 0.1428571492
79658  -21.615  -0.248  -17.736 0.1428571492
80702  -21.205  0.439  -18.142 0.1428571492
81566  -25.827  1.385  -15.491 0.8571428657
81594  -20.915  1.138  -18.469 0.1428571492
82466  -29.493  2.239  -13.672 0.4285714328
82497  -24.892  2.434  -15.493 1.0000000000
82506  -18.561  2.726  -16.873 0.1428571492
82520  -21.925  1.755  -16.981 0.2857142985
82529  -20.715  2.653  -18.688 0.2857142985
82530  -21.123  1.989  -18.607 0.2857142985
83363  -29.092  3.845  -15.241 0.5714285970
83368  -17.566  3.980  -16.166 0.1428571492
83372  -22.963  2.687  -15.677 0.5714285970
83381  -21.228  3.208  -17.914 0.2857142985
83390  -20.348  3.737  -18.744 0.2857142985
83397  -20.055  4.218  -18.897 0.2857142985
84223  -24.384  4.345  -15.060 0.8571428657
84224  -25.663  3.938  -15.356 0.8571428657
84227  -28.461  4.401  -15.595 0.4285714328
84241  -17.650  4.726  -16.587 0.1428571492
84243  -20.992  3.998  -17.983 0.2857142985
84251  -19.653  4.578  -18.753 0.1428571492
84262  -19.982  4.707  -18.903 0.2857142985
85097  -24.414  5.991  -14.619 1.0000000000
85126  -21.707  5.622  -16.144 0.4285714328
85130  -28.450  5.426  -16.765 0.1428571492
85137  -17.638  6.079  -17.237 0.1428571492
85151  -19.704  5.287  -18.828 0.1428571492
86024  -23.157  6.378  -14.850 0.7142857313
86052  -21.126  6.376  -17.424 0.2857142985
86076  -19.813  5.956  -18.803 0.1428571492
86937  -22.910  7.150  -14.988 0.8571428657
86938  -26.030  7.751  -14.828 0.8571428657
86939  -26.521  8.033  -15.442 0.7142857313
86948  -26.874  7.923  -16.221 0.7142857313
86984  -19.056  7.646  -19.487 0.2857142985
87901  -24.874  8.357  -14.624 0.8571428657
87908  -22.636  8.671  -15.621 0.5714285970
87911  -26.583  8.931  -15.454 0.4285714328
88841  -24.530  9.163  -14.778 0.8571428657
88852  -27.134  10.068  -16.038 0.5714285970
88857  -22.607  9.410  -15.924 0.7142857313
89900  -27.730  10.654  -18.042 0.1428571492
90831  -25.100  11.293  -15.621 0.8571428657
90847  -22.935  11.624  -16.713 0.4285714328
90851  -26.913  11.561  -16.202 0.5714285970
90864  -28.006  12.023  -17.547 0.2857142985
90875  -21.263  11.414  -18.247 0.2857142985
90901  -17.971  11.261  -20.936 0.1428571492
91769  -28.092  12.788  -17.709 0.2857142985
91774  -28.390  12.964  -18.248 0.2857142985
93571  -25.790  14.450  -17.377 0.5714285970
93594  -18.216  14.659  -21.128 0.2857142985
94466  -25.291  15.073  -17.796 0.7142857313
94476  -24.874  15.620  -18.294 0.7142857313
94480  -27.909  15.135  -18.789 0.1428571492
94482  -17.552  15.323  -19.509 0.2857142985
94488  -27.617  15.711  -19.067 0.1428571492
94492  -17.534  15.079  -20.205 0.2857142985
94493  -17.747  15.347  -20.735 0.2857142985
94503  -18.817  15.666  -21.608 0.4285714328
95342  -20.975  17.077  -17.264 0.1428571492
95347  -18.134  16.768  -19.336 0.1428571492
95350  -24.628  16.109  -18.760 0.4285714328
95359  -23.089  16.327  -19.573 0.5714285970
95362  -26.008  16.354  -19.239 0.4285714328
95363  -28.054  16.127  -19.647 0.1428571492
96238  -26.682  17.326  -20.453 0.2857142985
97103  -18.654  19.855  -23.316 0.4285714328
97960  -19.121  20.462  -23.840 0.2857142985
98854  -24.930  22.863  -24.123 0.1428571492
98855  -25.925  22.845  -24.277 0.1428571492
99663  -17.723  23.943  -19.844 0.1428571492
100530  -18.163  24.170  -19.131 0.1428571492
100531  -18.640  24.163  -18.506 0.1428571492
100552  -17.821  24.074  -20.143 0.1428571492
101354  -18.501  24.867  -19.088 0.1428571492
132343  -24.056  -7.673  -13.490 0.1428571492
133367  -25.988  -4.181  -14.008 0.5714285970
134353  -26.619  5.558  -15.512 0.8571428657
135899  -24.524  9.915  -15.042 0.8571428657
136079  -24.558  -11.968  -9.763 0.4285714328
137483  -29.365  -10.492  -11.087 0.5714285970
138106  -25.000  0.348  -15.670 0.8571428657
138506  -17.586  7.043  -17.835 0.2857142985
139273  -21.593  12.753  -18.532 0.2857142985
139654  -27.274  -4.198  -12.297 0.7142857313
140668  -20.428  5.011  -18.603 0.2857142985
141107  -28.339  14.088  -18.596 0.1428571492
141505  -25.814  22.940  -23.143 0.1428571492
141918  -32.079  -9.751  -6.097 0.1428571492
142499  -28.617  13.147  -19.570 0.1428571492
143151  -33.819  -6.460  -16.739 0.2857142985
143200  -27.949  11.464  -19.638 0.1428571492
143760  -18.577  4.171  -17.697 0.1428571492
143800  -17.784  12.706  -20.706 0.1428571492
144529  -18.847  1.034  -16.310 0.1428571492
144716  -29.043  14.541  -20.176 0.1428571492
144755  -29.598  3.598  -15.590 0.4285714328
145541  -22.737  7.916  -15.309 0.5714285970
147546  -27.245  9.171  -17.205 0.1428571492
148254  -23.831  22.524  -23.940 0.1428571492
149062  -26.485  -6.689  -12.536 0.4285714328
149537  -19.276  9.516  -19.864 0.1428571492
152064  -26.431  13.725  -16.995 0.4285714328
152379  -30.249  -3.231  -10.597 0.7142857313
152461  -21.168  8.912  -17.548 0.1428571492
152680  -31.766  -9.561  -11.616 0.2857142985
153507  -19.318  0.609  -16.587 0.1428571492
153635  -18.382  6.225  -18.393 0.1428571492
153869  -20.825  8.987  -17.938 0.1428571492
154746  -29.360  -9.982  -7.838 0.2857142985
154919  -20.502  16.544  -21.512 0.7142857313
154993  -27.221  -6.230  -11.674 0.5714285970
155247  -21.041  6.921  -17.556 0.2857142985
155326  -27.661  0.860  -13.598 0.8571428657
156269  -18.888  8.241  -19.726 0.2857142985
156955  -31.125  0.889  -13.216 0.4285714328
