#!ascii label  , from subject sub-v1s4x0050689_ses-1 vox2ras=TkReg
1840
138979  45.245  -21.100  51.120 0.0000000000
51453  37.536  -32.700  73.093 0.0000000000
50360  21.814  -33.349  72.949 0.0000000000
154313  17.023  -34.968  75.098 0.0000000000
51391  30.867  -33.337  78.173 0.0000000000
47230  28.386  -36.432  66.701 0.0000000000
62078  37.243  -22.324  53.817 0.0000000000
67241  53.585  -17.494  50.610 0.0000000000
65951  43.692  -18.661  64.365 0.0000000000
58151  37.098  -26.509  66.221 0.0000000000
53834  32.749  -30.448  62.463 0.0000000000
52428  22.546  -31.131  78.449 0.0000000000
137409  18.419  -31.149  73.939 0.0000000000
54722  19.043  -29.469  80.023 0.0000000000
152111  26.233  -34.687  75.832 0.0000000000
63885  47.906  -21.165  63.721 0.0000000000
56938  37.584  -27.672  76.478 0.0000000000
56966  43.038  -27.789  73.666 0.0000000000
143199  42.367  -25.322  69.568 0.0000000000
55934  36.682  -28.681  70.294 0.0000000000
55996  33.790  -28.689  65.982 0.0000000000
137371  32.587  -31.316  67.830 0.0000000000
49433  25.164  -35.241  63.407 0.0000000000
49479  27.730  -34.805  60.683 0.0000000000
135230  49.066  -19.756  50.611 0.0000000000
67314  48.639  -17.458  45.272 0.0000000000
51532  21.504  -33.046  66.400 0.0000000000
50434  17.803  -33.844  67.305 0.0000000000
50328  35.455  -34.003  75.270 0.0000000000
47176  33.555  -36.637  69.422 0.0000000000
48250  30.456  -35.713  72.521 0.0000000000
49352  25.993  -33.912  69.572 0.0000000000
64047  41.322  -20.503  52.724 0.0000000000
140861  17.464  -32.944  82.258 0.0000000000
46097  14.495  -37.592  77.387 0.0000000000
64005  51.007  -21.637  55.513 0.0000000000
128512  47.102  -20.625  55.527 0.0000000000
62981  44.071  -21.131  57.928 0.0000000000
62016  41.411  -22.710  59.598 0.0000000000
61982  37.681  -22.831  61.847 0.0000000000
65902  45.516  -18.936  69.056 0.0000000000
60993  40.378  -23.790  65.647 0.0000000000
57091  37.485  -27.467  62.216 0.0000000000
54920  36.614  -29.475  64.390 0.0000000000
50480  30.820  -33.695  63.976 0.0000000000
53524  22.817  -30.131  81.588 0.0000000000
54734  21.053  -29.548  78.904 0.0000000000
55796  21.012  -28.581  81.889 0.0000000000
51371  24.127  -32.492  79.985 0.0000000000
154427  39.763  -31.781  76.362 0.0000000000
54801  40.506  -30.347  73.401 0.0000000000
55919  39.539  -28.432  71.619 0.0000000000
53685  37.239  -30.170  71.868 0.0000000000
54842  34.889  -30.002  69.873 0.0000000000
52539  35.111  -31.609  71.060 0.0000000000
47286  23.114  -36.084  62.140 0.0000000000
46216  25.049  -37.291  61.376 0.0000000000
64074  47.305  -20.491  51.003 0.0000000000
66175  47.357  -18.542  48.538 0.0000000000
65111  44.674  -19.277  48.869 0.0000000000
50392  21.818  -33.563  70.156 0.0000000000
51534  19.824  -33.164  66.777 0.0000000000
51490  19.968  -32.879  69.913 0.0000000000
51436  17.547  -32.424  74.599 0.0000000000
49331  17.255  -34.175  71.574 0.0000000000
48253  16.233  -36.048  72.654 0.0000000000
149164  14.934  -36.793  73.494 0.0000000000
52436  34.170  -30.966  77.477 0.0000000000
50312  32.266  -32.928  76.341 0.0000000000
48220  32.850  -35.619  73.737 0.0000000000
149694  30.432  -34.270  75.417 0.0000000000
50348  23.643  -33.980  74.257 0.0000000000
145900  26.206  -34.386  72.816 0.0000000000
50378  23.802  -34.058  71.248 0.0000000000
50415  24.456  -33.389  68.185 0.0000000000
64033  39.704  -20.830  53.596 0.0000000000
63064  38.466  -21.494  50.285 0.0000000000
62095  36.405  -22.618  50.252 0.0000000000
44076  13.141  -39.556  78.743 0.0000000000
63974  45.525  -20.394  56.621 0.0000000000
130133  47.644  -21.205  59.648 0.0000000000
64935  45.869  -20.358  63.667 0.0000000000
138217  44.512  -22.367  61.921 0.0000000000
62914  42.623  -21.472  61.885 0.0000000000
62937  39.400  -21.822  60.536 0.0000000000
63891  40.456  -20.476  63.020 0.0000000000
58134  39.473  -26.021  67.443 0.0000000000
60044  41.733  -24.415  67.378 0.0000000000
144323  39.932  -25.735  65.342 0.0000000000
59117  39.312  -25.752  64.016 0.0000000000
57067  37.910  -27.070  64.266 0.0000000000
56033  37.108  -28.584  63.382 0.0000000000
57069  36.260  -27.679  64.648 0.0000000000
53811  34.558  -30.164  63.966 0.0000000000
130777  31.338  -36.573  67.811 0.0000000000
49369  32.402  -35.221  66.590 0.0000000000
48316  30.761  -35.670  65.534 0.0000000000
49497  29.152  -34.456  59.456 0.0000000000
69369  55.457  -15.918  48.154 0.0000000000
153899  53.731  -16.363  48.340 0.0000000000
51425  22.402  -32.627  75.376 0.0000000000
52511  20.935  -31.767  73.525 0.0000000000
53597  21.194  -30.400  76.579 0.0000000000
54769  18.910  -29.994  76.874 0.0000000000
150156  17.781  -32.238  77.434 0.0000000000
50278  28.342  -33.623  79.850 0.0000000000
49233  28.300  -34.557  77.271 0.0000000000
50293  25.910  -33.818  79.088 0.0000000000
50307  24.156  -33.503  77.286 0.0000000000
136904  49.262  -21.012  62.010 0.0000000000
154353  47.203  -17.442  65.330 0.0000000000
58073  43.119  -26.571  71.978 0.0000000000
57003  39.149  -26.947  69.967 0.0000000000
58119  36.815  -26.767  67.952 0.0000000000
57044  35.432  -27.294  66.505 0.0000000000
55982  35.016  -27.983  67.999 0.0000000000
54888  33.513  -29.438  67.455 0.0000000000
53772  31.819  -30.921  65.627 0.0000000000
48320  26.565  -36.064  65.148 0.0000000000
49409  28.472  -35.431  63.934 0.0000000000
48356  26.167  -36.070  63.198 0.0000000000
66155  51.439  -18.836  50.446 0.0000000000
67266  51.586  -17.492  48.699 0.0000000000
66173  49.368  -18.100  48.511 0.0000000000
51471  17.929  -32.807  70.754 0.0000000000
52450  37.104  -31.758  75.766 0.0000000000
48215  37.311  -35.586  74.552 0.0000000000
154500  35.353  -34.330  71.747 0.0000000000
47118  34.631  -37.256  72.991 0.0000000000
47162  31.615  -37.283  71.185 0.0000000000
48271  29.527  -36.116  69.467 0.0000000000
140003  28.173  -34.767  74.384 0.0000000000
49326  28.566  -34.808  71.248 0.0000000000
153355  28.171  -35.389  68.291 0.0000000000
49371  26.435  -34.190  66.805 0.0000000000
50465  23.751  -33.280  64.540 0.0000000000
63039  43.940  -21.277  51.696 0.0000000000
152749  43.028  -20.729  49.439 0.0000000000
63075  40.379  -21.648  49.207 0.0000000000
52406  18.216  -30.699  81.585 0.0000000000
49226  17.598  -34.550  78.371 0.0000000000
47057  16.538  -36.151  79.679 0.0000000000
47086  15.416  -36.535  76.534 0.0000000000
65077  52.345  -19.918  52.706 0.0000000000
64056  50.299  -20.725  52.342 0.0000000000
129130  47.912  -21.000  52.942 0.0000000000
64026  46.144  -20.844  53.073 0.0000000000
129871  44.200  -20.380  54.560 0.0000000000
63994  42.874  -20.519  55.384 0.0000000000
62996  41.536  -21.568  56.654 0.0000000000
62949  45.616  -22.070  61.403 0.0000000000
62026  42.742  -22.591  59.758 0.0000000000
62051  39.595  -22.840  57.091 0.0000000000
61074  38.470  -23.362  58.099 0.0000000000
61065  36.331  -23.491  59.072 0.0000000000
67016  43.915  -17.936  66.940 0.0000000000
62827  44.726  -22.376  69.575 0.0000000000
63857  42.571  -20.866  67.635 0.0000000000
64914  41.613  -19.807  65.237 0.0000000000
61956  39.127  -22.200  63.799 0.0000000000
60093  37.072  -24.911  62.044 0.0000000000
56021  35.352  -28.639  64.642 0.0000000000
50402  32.911  -33.589  68.895 0.0000000000
51528  31.633  -32.350  66.109 0.0000000000
52624  30.905  -31.687  63.475 0.0000000000
49430  29.016  -34.202  62.443 0.0000000000
51605  30.292  -32.308  61.226 0.0000000000
54692  21.905  -28.801  82.006 0.0000000000
55774  21.399  -27.783  82.197 0.0000000000
51442  39.216  -33.149  74.032 0.0000000000
52484  40.994  -31.483  75.148 0.0000000000
52502  39.225  -31.917  73.595 0.0000000000
54814  38.244  -29.955  72.305 0.0000000000
53667  36.806  -30.950  72.058 0.0000000000
52538  35.900  -31.100  71.517 0.0000000000
52523  35.711  -32.022  71.769 0.0000000000
64075  46.660  -20.684  51.029 0.0000000000
138673  45.688  -19.865  49.767 0.0000000000
154023  45.350  -20.315  50.042 0.0000000000
141945  22.075  -33.796  70.921 0.0000000000
50393  20.915  -33.293  70.177 0.0000000000
51467  21.052  -33.180  71.803 0.0000000000
49286  17.245  -34.384  74.941 0.0000000000
49300  17.073  -34.815  73.370 0.0000000000
48223  16.655  -35.424  73.877 0.0000000000
47121  15.616  -36.430  73.070 0.0000000000
48224  16.156  -35.897  74.311 0.0000000000
51365  30.778  -32.540  79.586 0.0000000000
51378  31.709  -32.121  79.188 0.0000000000
52438  32.827  -31.952  78.189 0.0000000000
50313  31.577  -33.132  76.941 0.0000000000
141317  31.428  -33.540  75.822 0.0000000000
50314  30.350  -34.039  76.645 0.0000000000
50358  23.221  -33.912  73.511 0.0000000000
49315  23.661  -34.076  72.787 0.0000000000
50379  23.119  -34.040  72.045 0.0000000000
50391  22.696  -33.748  70.257 0.0000000000
133500  38.711  -21.640  54.206 0.0000000000
130345  37.953  -21.363  52.732 0.0000000000
151996  36.486  -22.001  52.334 0.0000000000
63948  50.022  -21.699  58.612 0.0000000000
63950  47.413  -21.085  58.776 0.0000000000
63939  48.826  -21.367  59.717 0.0000000000
64936  44.668  -19.531  63.668 0.0000000000
142458  44.503  -21.056  62.967 0.0000000000
63888  43.552  -20.356  62.942 0.0000000000
64946  42.186  -20.549  62.420 0.0000000000
64939  41.839  -19.878  63.183 0.0000000000
58135  38.749  -26.206  66.824 0.0000000000
58148  39.692  -26.041  66.393 0.0000000000
58149  39.014  -26.254  65.953 0.0000000000
58160  39.178  -26.292  65.142 0.0000000000
133405  38.196  -26.414  65.569 0.0000000000
57068  37.066  -27.447  64.365 0.0000000000
148570  36.409  -26.821  65.734 0.0000000000
128130  29.774  -36.588  67.288 0.0000000000
47228  30.941  -36.443  67.026 0.0000000000
48317  29.607  -36.143  65.830 0.0000000000
68350  54.717  -16.270  49.678 0.0000000000
68323  53.774  -16.880  49.829 0.0000000000
52442  22.560  -31.589  77.604 0.0000000000
52461  21.664  -31.094  76.137 0.0000000000
52443  21.905  -30.895  77.004 0.0000000000
54720  20.425  -29.204  79.665 0.0000000000
54751  20.121  -29.585  77.584 0.0000000000
54737  18.896  -29.824  78.621 0.0000000000
53579  18.084  -30.917  77.081 0.0000000000
53557  18.463  -30.306  78.540 0.0000000000
50270  27.142  -33.015  80.347 0.0000000000
50292  26.717  -34.029  79.216 0.0000000000
51368  26.289  -33.037  80.326 0.0000000000
52416  23.445  -31.835  79.805 0.0000000000
51381  24.354  -33.015  79.006 0.0000000000
51393  23.239  -32.400  77.847 0.0000000000
51407  23.153  -32.964  76.361 0.0000000000
56961  42.184  -27.973  74.619 0.0000000000
58986  41.870  -26.065  74.112 0.0000000000
147820  42.893  -25.335  73.435 0.0000000000
142786  43.786  -25.289  72.497 0.0000000000
58054  43.350  -27.001  73.145 0.0000000000
55932  38.214  -28.145  70.829 0.0000000000
56993  39.513  -27.416  70.614 0.0000000000
56995  37.804  -27.774  70.179 0.0000000000
58102  37.950  -26.725  69.014 0.0000000000
57006  36.653  -27.654  69.235 0.0000000000
57022  35.605  -27.662  68.217 0.0000000000
57007  35.916  -27.950  68.959 0.0000000000
53720  33.971  -30.633  69.260 0.0000000000
54875  33.767  -29.691  68.258 0.0000000000
53746  33.235  -30.154  67.889 0.0000000000
53758  32.500  -30.459  66.696 0.0000000000
52575  32.202  -31.311  67.075 0.0000000000
49410  26.050  -35.594  64.861 0.0000000000
154461  26.176  -36.209  63.863 0.0000000000
48337  25.730  -35.991  63.745 0.0000000000
66156  50.722  -18.985  50.221 0.0000000000
66164  50.648  -18.359  49.405 0.0000000000
127812  49.282  -18.548  49.116 0.0000000000
67286  45.988  -17.714  46.919 0.0000000000
51560  21.796  -33.232  64.947 0.0000000000
50485  20.734  -33.520  64.475 0.0000000000
53653  19.669  -30.952  73.545 0.0000000000
52531  19.453  -31.577  72.257 0.0000000000
51470  18.304  -32.058  72.019 0.0000000000
48266  16.700  -35.409  70.465 0.0000000000
150544  17.066  -34.685  70.358 0.0000000000
51405  34.793  -31.777  76.266 0.0000000000
53589  35.331  -30.536  76.607 0.0000000000
51420  36.314  -33.523  75.572 0.0000000000
135857  37.800  -33.460  75.839 0.0000000000
48204  36.523  -35.457  74.965 0.0000000000
48233  36.344  -36.251  74.154 0.0000000000
48218  34.960  -36.262  74.150 0.0000000000
48222  31.339  -35.345  73.569 0.0000000000
47120  32.647  -36.640  73.038 0.0000000000
47146  31.386  -36.895  71.926 0.0000000000
138163  30.694  -36.829  69.855 0.0000000000
147770  30.299  -36.190  71.223 0.0000000000
153386  27.153  -34.734  76.200 0.0000000000
49262  28.703  -34.685  75.826 0.0000000000
49282  26.692  -34.760  74.790 0.0000000000
150372  25.909  -34.081  70.745 0.0000000000
49312  26.854  -34.376  72.345 0.0000000000
49339  27.337  -34.264  70.263 0.0000000000
49350  28.084  -34.704  69.714 0.0000000000
129929  26.818  -34.080  68.974 0.0000000000
144668  26.793  -34.365  67.338 0.0000000000
50413  26.060  -33.810  68.659 0.0000000000
50432  23.171  -33.053  67.216 0.0000000000
50431  23.830  -33.070  66.775 0.0000000000
51530  22.965  -33.064  65.726 0.0000000000
64063  42.153  -20.808  52.139 0.0000000000
129601  42.459  -21.507  50.853 0.0000000000
63049  41.172  -21.284  51.046 0.0000000000
61141  38.530  -23.313  48.135 0.0000000000
51362  17.803  -32.681  81.288 0.0000000000
51372  17.981  -32.832  79.989 0.0000000000
50271  17.780  -33.597  80.545 0.0000000000
46086  14.736  -37.761  79.178 0.0000000000
46092  15.229  -37.213  78.751 0.0000000000
47075  16.232  -36.159  77.897 0.0000000000
46100  14.964  -37.014  77.036 0.0000000000
46105  14.314  -37.372  75.551 0.0000000000
46102  13.846  -38.026  75.931 0.0000000000
66133  53.560  -18.984  52.816 0.0000000000
64021  51.847  -21.000  53.953 0.0000000000
64022  51.109  -21.252  54.135 0.0000000000
150312  49.044  -20.829  52.192 0.0000000000
131444  49.351  -21.083  53.515 0.0000000000
146471  47.798  -20.857  54.827 0.0000000000
128510  46.994  -20.839  53.740 0.0000000000
149992  46.750  -20.647  54.615 0.0000000000
128508  44.962  -20.488  54.106 0.0000000000
128511  46.029  -20.431  55.142 0.0000000000
63962  44.883  -20.570  57.365 0.0000000000
63975  44.420  -20.437  56.367 0.0000000000
62994  43.176  -20.968  56.961 0.0000000000
63978  42.152  -20.941  55.992 0.0000000000
62982  42.757  -21.543  57.625 0.0000000000
62908  48.767  -21.311  62.652 0.0000000000
62947  47.657  -21.434  61.414 0.0000000000
62930  46.542  -21.799  62.148 0.0000000000
61979  43.115  -22.530  61.066 0.0000000000
62013  43.804  -22.565  60.669 0.0000000000
62015  42.195  -22.684  59.880 0.0000000000
62039  41.175  -22.591  58.262 0.0000000000
140712  40.720  -22.829  58.709 0.0000000000
61073  39.249  -23.245  58.080 0.0000000000
62018  39.913  -22.880  59.133 0.0000000000
147219  38.666  -21.758  61.286 0.0000000000
137278  38.237  -22.276  59.910 0.0000000000
61049  36.788  -23.221  60.614 0.0000000000
61038  36.441  -23.789  60.887 0.0000000000
66999  44.602  -17.741  67.590 0.0000000000
59996  43.971  -24.404  70.337 0.0000000000
61870  44.889  -22.926  70.045 0.0000000000
60952  43.693  -23.646  69.193 0.0000000000
60977  41.454  -23.973  66.847 0.0000000000
61899  42.191  -22.970  67.631 0.0000000000
61912  41.131  -22.624  66.562 0.0000000000
63865  41.490  -20.856  66.473 0.0000000000
62858  40.549  -21.547  65.575 0.0000000000
62871  40.234  -21.191  64.766 0.0000000000
61929  39.802  -22.857  65.091 0.0000000000
58186  38.357  -26.473  62.906 0.0000000000
60083  38.285  -24.846  63.090 0.0000000000
137482  37.821  -26.379  62.401 0.0000000000
152803  36.431  -26.654  61.395 0.0000000000
57101  36.838  -27.133  61.653 0.0000000000
56060  36.789  -28.463  61.818 0.0000000000
54938  36.858  -29.000  63.762 0.0000000000
128255  36.961  -29.576  63.397 0.0000000000
57034  34.871  -27.704  66.670 0.0000000000
56007  35.091  -28.182  65.012 0.0000000000
56022  34.551  -28.742  64.824 0.0000000000
53810  35.217  -30.356  64.567 0.0000000000
48263  34.470  -36.160  70.409 0.0000000000
50387  33.929  -34.186  70.229 0.0000000000
49348  33.698  -35.045  69.504 0.0000000000
143962  31.624  -34.353  65.255 0.0000000000
50428  32.140  -34.191  66.321 0.0000000000
50462  31.446  -33.590  65.089 0.0000000000
52597  31.415  -31.794  65.403 0.0000000000
51558  30.885  -32.676  64.004 0.0000000000
49452  27.462  -35.145  62.500 0.0000000000
140551  28.313  -34.844  62.935 0.0000000000
49451  28.123  -34.484  61.942 0.0000000000
50549  29.510  -33.228  60.138 0.0000000000
52682  30.893  -31.824  60.157 0.0000000000
67294  50.188  -16.971  46.814 0.0000000000
68402  50.945  -16.814  47.127 0.0000000000
64109  41.267  -20.099  47.655 0.0000000000
53541  22.490  -30.379  80.172 0.0000000000
53555  22.223  -30.507  78.897 0.0000000000
54718  22.070  -29.764  80.905 0.0000000000
54705  20.963  -29.057  80.791 0.0000000000
55811  20.250  -28.888  80.934 0.0000000000
53540  23.239  -31.036  80.961 0.0000000000
55847  38.981  -29.415  75.780 0.0000000000
58031  38.786  -27.229  75.783 0.0000000000
138944  40.683  -29.629  75.671 0.0000000000
54774  41.919  -29.509  74.977 0.0000000000
54799  42.360  -29.411  74.191 0.0000000000
55903  42.397  -28.656  73.032 0.0000000000
54812  39.936  -29.662  72.806 0.0000000000
54825  38.418  -29.163  71.765 0.0000000000
54839  37.117  -29.038  70.930 0.0000000000
55935  35.933  -29.004  70.008 0.0000000000
54841  35.624  -29.764  70.363 0.0000000000
53705  34.486  -30.722  69.954 0.0000000000
52553  33.890  -31.373  69.642 0.0000000000
49434  24.479  -34.490  62.977 0.0000000000
49453  24.720  -35.369  62.749 0.0000000000
47285  23.879  -36.126  62.036 0.0000000000
65092  48.380  -20.040  50.791 0.0000000000
66166  47.793  -18.963  49.304 0.0000000000
65102  47.379  -19.517  49.882 0.0000000000
66176  45.215  -18.754  48.467 0.0000000000
51500  21.887  -33.096  67.813 0.0000000000
51533  20.657  -33.096  66.592 0.0000000000
152705  20.777  -33.141  67.848 0.0000000000
51503  19.496  -33.152  68.404 0.0000000000
51504  18.960  -33.076  68.928 0.0000000000
52496  17.865  -31.618  74.205 0.0000000000
51459  17.834  -32.410  72.412 0.0000000000
144319  17.316  -33.797  73.151 0.0000000000
49317  16.973  -34.968  71.920 0.0000000000
47135  14.951  -36.889  72.705 0.0000000000
51389  33.249  -32.087  77.411 0.0000000000
50330  33.609  -33.623  75.083 0.0000000000
142528  33.932  -34.805  74.534 0.0000000000
50345  32.823  -34.302  74.517 0.0000000000
49277  31.390  -34.820  74.113 0.0000000000
49293  30.461  -35.005  73.675 0.0000000000
49284  24.804  -34.326  74.781 0.0000000000
49283  25.968  -34.634  74.511 0.0000000000
49297  24.944  -34.298  73.510 0.0000000000
129413  25.076  -34.185  72.037 0.0000000000
49342  25.229  -34.029  70.671 0.0000000000
146000  25.369  -33.752  69.137 0.0000000000
128538  24.209  -33.791  69.902 0.0000000000
50416  23.009  -33.305  68.626 0.0000000000
64032  40.533  -20.543  53.421 0.0000000000
64065  40.371  -20.781  51.640 0.0000000000
64067  38.706  -20.950  51.531 0.0000000000
62094  37.100  -22.189  49.956 0.0000000000
45075  14.282  -38.350  79.606 0.0000000000
45081  13.615  -38.876  78.302 0.0000000000
150072  13.415  -38.916  76.777 0.0000000000
44082  13.097  -39.516  77.844 0.0000000000
63960  48.108  -21.139  57.466 0.0000000000
129116  46.316  -20.426  56.079 0.0000000000
136610  46.868  -20.758  57.872 0.0000000000
63952  45.692  -20.649  57.871 0.0000000000
62970  44.967  -20.947  58.348 0.0000000000
63876  47.808  -20.851  64.015 0.0000000000
145229  46.440  -21.584  63.175 0.0000000000
62889  45.116  -21.764  62.853 0.0000000000
62913  43.579  -21.975  62.016 0.0000000000
61980  42.483  -22.458  60.843 0.0000000000
61999  40.158  -22.419  59.902 0.0000000000
62935  41.089  -21.374  61.381 0.0000000000
63919  40.147  -21.057  61.670 0.0000000000
62916  38.875  -21.626  62.232 0.0000000000
59065  41.106  -25.561  68.311 0.0000000000
60013  42.102  -24.682  68.076 0.0000000000
127948  41.011  -25.447  67.400 0.0000000000
59093  40.706  -25.206  66.278 0.0000000000
60060  40.655  -24.712  65.936 0.0000000000
60071  39.798  -24.861  64.712 0.0000000000
59116  39.623  -25.800  64.774 0.0000000000
58176  38.808  -26.436  63.606 0.0000000000
58177  38.349  -27.060  63.175 0.0000000000
56046  37.328  -28.203  62.519 0.0000000000
56032  37.456  -28.040  63.297 0.0000000000
56020  36.780  -28.066  64.060 0.0000000000
54939  36.363  -28.529  64.278 0.0000000000
142349  33.366  -29.375  64.801 0.0000000000
54923  34.047  -29.205  64.499 0.0000000000
54941  33.591  -29.641  64.078 0.0000000000
53832  34.154  -30.608  63.165 0.0000000000
51572  34.962  -31.771  63.567 0.0000000000
127973  32.561  -36.574  68.540 0.0000000000
48279  32.875  -36.131  67.983 0.0000000000
47211  31.898  -36.231  67.083 0.0000000000
48315  31.579  -35.472  65.784 0.0000000000
147551  30.628  -34.485  64.199 0.0000000000
49499  28.095  -34.900  60.018 0.0000000000
47317  29.414  -36.535  60.032 0.0000000000
69314  55.570  -15.824  49.376 0.0000000000
68378  54.351  -16.047  48.043 0.0000000000
68399  53.973  -16.160  47.165 0.0000000000
51434  22.200  -32.913  74.607 0.0000000000
51446  21.392  -32.687  73.258 0.0000000000
51426  21.828  -32.102  74.917 0.0000000000
53635  20.730  -30.805  74.889 0.0000000000
53617  20.244  -30.331  75.375 0.0000000000
53576  21.386  -30.238  77.442 0.0000000000
130608  20.029  -29.742  76.926 0.0000000000
53619  18.650  -30.565  75.238 0.0000000000
53600  18.059  -31.013  76.266 0.0000000000
130952  17.649  -32.420  76.103 0.0000000000
128800  17.636  -33.406  76.340 0.0000000000
50289  29.396  -34.016  78.822 0.0000000000
50301  29.601  -34.154  77.835 0.0000000000
133371  27.977  -34.300  78.586 0.0000000000
50303  27.205  -34.292  78.469 0.0000000000
49247  25.818  -34.290  77.290 0.0000000000
50282  24.845  -32.985  80.008 0.0000000000
50316  24.911  -33.922  77.357 0.0000000000
49265  24.804  -34.147  76.076 0.0000000000
50334  24.067  -33.876  75.769 0.0000000000
50336  22.829  -33.199  75.116 0.0000000000
62075  36.805  -22.841  54.358 0.0000000000
62084  35.563  -22.967  52.543 0.0000000000
61112  34.649  -24.202  52.664 0.0000000000
63928  49.416  -20.859  60.225 0.0000000000
64921  49.517  -20.034  64.314 0.0000000000
65947  48.293  -19.277  64.645 0.0000000000
65948  47.216  -19.062  64.548 0.0000000000
132207  45.201  -18.158  64.580 0.0000000000
59025  43.825  -25.422  71.704 0.0000000000
59039  42.255  -25.878  70.344 0.0000000000
56983  41.067  -27.608  71.467 0.0000000000
58087  40.867  -26.669  70.331 0.0000000000
58099  40.629  -26.261  69.640 0.0000000000
58116  39.621  -26.055  68.510 0.0000000000
58117  38.676  -26.273  68.346 0.0000000000
58136  37.580  -26.374  67.213 0.0000000000
58138  36.087  -26.834  66.401 0.0000000000
134376  35.817  -27.036  67.037 0.0000000000
57033  35.295  -27.527  67.374 0.0000000000
55983  34.537  -28.177  67.366 0.0000000000
55956  34.896  -28.944  69.012 0.0000000000
54887  34.050  -28.940  67.843 0.0000000000
55984  33.863  -28.706  66.928 0.0000000000
54901  32.808  -29.777  66.202 0.0000000000
53792  32.213  -30.278  64.974 0.0000000000
131788  32.139  -30.298  64.017 0.0000000000
47231  27.903  -36.305  66.604 0.0000000000
48318  28.220  -36.303  65.414 0.0000000000
153788  27.478  -36.358  65.396 0.0000000000
49432  26.894  -35.751  63.069 0.0000000000
48370  26.646  -35.547  62.287 0.0000000000
132830  25.645  -36.156  61.806 0.0000000000
48383  26.219  -36.127  61.206 0.0000000000
67242  52.816  -17.952  50.447 0.0000000000
67258  52.585  -17.657  49.740 0.0000000000
67259  51.221  -17.962  49.216 0.0000000000
67267  50.693  -17.720  48.580 0.0000000000
67283  48.728  -17.453  46.970 0.0000000000
137934  47.997  -18.236  48.267 0.0000000000
67284  47.829  -17.588  46.990 0.0000000000
51468  20.408  -32.598  71.394 0.0000000000
51479  19.298  -32.469  70.312 0.0000000000
147452  17.995  -33.274  69.412 0.0000000000
50382  17.551  -33.348  71.157 0.0000000000
49353  17.313  -34.146  69.687 0.0000000000
54760  37.562  -29.970  75.837 0.0000000000
52448  38.966  -32.016  76.283 0.0000000000
153092  39.186  -33.980  75.720 0.0000000000
133950  38.101  -34.649  73.966 0.0000000000
132555  36.395  -33.264  72.514 0.0000000000
151873  36.304  -35.051  72.586 0.0000000000
48256  35.565  -36.368  72.022 0.0000000000
142300  34.105  -37.401  70.838 0.0000000000
48234  34.339  -36.724  73.589 0.0000000000
47145  33.142  -37.647  71.713 0.0000000000
46122  32.815  -37.392  70.184 0.0000000000
47178  31.362  -36.992  69.638 0.0000000000
47196  30.010  -36.729  68.467 0.0000000000
47197  29.060  -36.559  67.908 0.0000000000
49243  29.320  -34.531  76.211 0.0000000000
49261  29.344  -34.595  75.288 0.0000000000
48238  29.387  -34.960  73.260 0.0000000000
130999  26.902  -34.584  73.345 0.0000000000
49311  27.782  -34.612  72.759 0.0000000000
48258  29.533  -35.451  71.444 0.0000000000
48265  29.190  -35.385  70.443 0.0000000000
143076  28.936  -35.847  68.934 0.0000000000
48291  28.384  -36.322  67.300 0.0000000000
48292  27.657  -35.897  66.963 0.0000000000
49384  26.576  -34.797  66.189 0.0000000000
50463  25.687  -33.974  65.352 0.0000000000
50430  25.108  -33.448  67.572 0.0000000000
130409  25.263  -33.499  66.051 0.0000000000
50482  24.464  -33.583  64.112 0.0000000000
50520  23.718  -34.068  62.739 0.0000000000
64062  44.733  -21.222  51.474 0.0000000000
64078  43.900  -21.200  50.336 0.0000000000
63059  43.225  -21.462  50.600 0.0000000000
63063  39.398  -21.531  50.100 0.0000000000
63087  39.365  -22.195  48.507 0.0000000000
152186  35.535  -23.356  50.952 0.0000000000
56877  20.372  -27.863  82.530 0.0000000000
55786  19.872  -28.175  82.435 0.0000000000
54707  18.939  -29.301  81.523 0.0000000000
143370  18.430  -29.840  82.061 0.0000000000
53525  18.578  -29.944  80.744 0.0000000000
150238  18.001  -31.837  78.820 0.0000000000
140269  17.909  -33.173  78.461 0.0000000000
49248  17.382  -34.624  76.650 0.0000000000
48138  17.374  -34.888  80.844 0.0000000000
48158  17.276  -35.186  78.911 0.0000000000
48179  16.730  -35.616  77.487 0.0000000000
48193  16.092  -35.939  76.116 0.0000000000
47098  14.854  -36.810  75.147 0.0000000000
67220  53.771  -17.849  51.493 0.0000000000
66142  53.299  -18.573  51.916 0.0000000000
65083  52.106  -19.510  51.875 0.0000000000
65084  51.281  -19.804  51.564 0.0000000000
65067  52.558  -20.487  53.759 0.0000000000
65078  51.064  -20.538  52.382 0.0000000000
65086  49.766  -20.057  51.164 0.0000000000
64058  48.872  -20.429  51.423 0.0000000000
64059  47.259  -20.764  51.653 0.0000000000
131443  46.877  -20.934  52.145 0.0000000000
64024  48.669  -21.025  53.669 0.0000000000
64025  47.011  -20.953  52.810 0.0000000000
64043  46.238  -20.955  52.291 0.0000000000
64044  44.600  -20.773  52.860 0.0000000000
149011  43.966  -20.572  53.281 0.0000000000
129186  43.040  -20.380  54.067 0.0000000000
63991  45.249  -20.318  55.745 0.0000000000
63993  43.657  -20.382  55.183 0.0000000000
64009  42.547  -20.447  54.573 0.0000000000
63996  41.323  -20.775  54.931 0.0000000000
63020  40.199  -21.181  54.763 0.0000000000
63010  39.533  -22.130  55.764 0.0000000000
63930  48.609  -21.278  60.668 0.0000000000
62961  46.379  -21.464  60.356 0.0000000000
145545  45.238  -21.449  59.358 0.0000000000
62932  44.892  -22.431  61.818 0.0000000000
141277  44.380  -22.148  60.069 0.0000000000
137741  43.278  -21.646  58.280 0.0000000000
62983  41.836  -21.984  57.688 0.0000000000
62984  40.861  -22.269  57.277 0.0000000000
62064  38.777  -22.634  55.868 0.0000000000
151974  37.734  -23.334  56.056 0.0000000000
130880  36.728  -23.883  56.421 0.0000000000
62019  38.835  -22.790  59.131 0.0000000000
61064  37.084  -23.142  58.753 0.0000000000
67035  45.493  -17.188  65.765 0.0000000000
65934  44.284  -17.961  65.069 0.0000000000
138711  44.829  -20.837  69.163 0.0000000000
60953  42.771  -23.362  68.180 0.0000000000
62829  43.293  -21.631  68.320 0.0000000000
64892  44.152  -20.063  68.479 0.0000000000
64904  43.043  -19.098  67.171 0.0000000000
65936  42.776  -18.865  65.729 0.0000000000
64927  42.313  -19.194  65.053 0.0000000000
134146  41.149  -20.049  64.510 0.0000000000
62890  39.463  -21.481  63.583 0.0000000000
130520  38.511  -22.291  62.699 0.0000000000
61009  38.819  -24.034  63.820 0.0000000000
61020  38.150  -23.834  63.075 0.0000000000
61028  37.612  -23.559  62.340 0.0000000000
59148  36.451  -25.406  61.489 0.0000000000
54961  36.942  -29.049  62.626 0.0000000000
53831  36.980  -30.311  63.120 0.0000000000
136772  35.743  -27.169  65.765 0.0000000000
148745  35.859  -28.107  64.603 0.0000000000
54921  35.774  -29.070  64.522 0.0000000000
54922  34.779  -29.187  64.519 0.0000000000
53791  35.082  -29.648  64.475 0.0000000000
50377  34.679  -33.210  71.119 0.0000000000
51476  33.849  -32.332  70.034 0.0000000000
51488  32.829  -32.643  68.820 0.0000000000
50412  32.738  -34.261  68.046 0.0000000000
50427  32.255  -33.151  67.663 0.0000000000
51511  32.278  -32.071  67.744 0.0000000000
52584  31.797  -31.576  66.262 0.0000000000
53793  31.591  -30.911  64.718 0.0000000000
130807  31.431  -30.934  63.767 0.0000000000
48333  28.875  -35.777  64.770 0.0000000000
49408  29.764  -35.032  64.201 0.0000000000
49429  30.230  -34.250  63.607 0.0000000000
50550  28.806  -33.833  60.575 0.0000000000
50519  29.586  -33.574  62.053 0.0000000000
153550  30.694  -33.138  63.597 0.0000000000
52642  30.777  -31.673  62.559 0.0000000000
52641  31.272  -31.115  62.056 0.0000000000
142459  52.712  -16.712  48.201 0.0000000000
68408  52.280  -16.480  46.783 0.0000000000
67310  52.371  -17.107  45.122 0.0000000000
64098  43.315  -20.075  49.036 0.0000000000
51443  38.230  -33.441  73.649 0.0000000000
52503  38.258  -32.377  73.348 0.0000000000
52520  38.196  -31.495  73.035 0.0000000000
52521  37.339  -31.756  72.719 0.0000000000
52522  36.430  -31.764  72.170 0.0000000000
149262  36.196  -32.462  72.217 0.0000000000
64076  45.899  -20.902  51.068 0.0000000000
65094  46.064  -20.366  50.381 0.0000000000
64087  45.303  -20.775  50.561 0.0000000000
50380  22.243  -33.847  71.714 0.0000000000
50381  21.552  -33.571  71.428 0.0000000000
50369  21.671  -33.514  72.176 0.0000000000
141357  17.030  -34.899  74.347 0.0000000000
48205  16.643  -35.390  74.745 0.0000000000
51379  30.639  -33.202  78.917 0.0000000000
131486  31.314  -32.818  78.762 0.0000000000
138583  31.564  -32.968  77.904 0.0000000000
50299  31.079  -33.406  77.460 0.0000000000
132376  30.908  -33.659  76.736 0.0000000000
50300  30.404  -33.827  77.480 0.0000000000
50359  22.477  -33.614  73.327 0.0000000000
50367  22.932  -33.907  72.851 0.0000000000
50368  22.341  -33.761  72.525 0.0000000000
63023  37.993  -21.939  54.016 0.0000000000
63033  37.596  -21.738  53.245 0.0000000000
63034  36.848  -22.086  53.036 0.0000000000
63949  49.056  -21.540  58.900 0.0000000000
133751  49.542  -21.460  59.090 0.0000000000
128388  44.262  -20.220  63.278 0.0000000000
64937  43.547  -19.443  63.596 0.0000000000
64938  42.625  -19.607  63.472 0.0000000000
58150  38.116  -26.287  66.362 0.0000000000
57055  37.271  -26.767  65.116 0.0000000000
131461  28.959  -36.578  67.369 0.0000000000
47229  29.171  -36.508  66.657 0.0000000000
67240  54.320  -17.147  51.055 0.0000000000
67257  53.184  -17.439  49.991 0.0000000000
53575  22.045  -30.706  77.915 0.0000000000
154123  19.623  -29.150  80.092 0.0000000000
54721  19.521  -29.406  79.078 0.0000000000
148583  18.557  -30.133  79.418 0.0000000000
51350  26.633  -31.728  80.492 0.0000000000
51361  25.811  -32.304  80.641 0.0000000000
52427  23.010  -31.800  78.640 0.0000000000
51394  22.858  -32.403  76.952 0.0000000000
56960  42.712  -28.206  74.206 0.0000000000
58047  42.125  -26.958  74.392 0.0000000000
58046  42.677  -26.567  73.890 0.0000000000
59001  42.488  -25.733  73.727 0.0000000000
58055  43.142  -26.900  73.505 0.0000000000
56973  43.209  -27.539  73.151 0.0000000000
55933  37.440  -28.400  70.563 0.0000000000
55953  37.023  -28.019  69.924 0.0000000000
57005  37.438  -27.395  69.488 0.0000000000
55954  36.280  -28.321  69.637 0.0000000000
52562  33.412  -31.164  68.922 0.0000000000
53732  33.570  -30.409  68.602 0.0000000000
53733  33.011  -30.882  68.241 0.0000000000
53747  32.721  -30.650  67.505 0.0000000000
49411  25.603  -35.244  64.249 0.0000000000
65091  49.884  -19.409  50.404 0.0000000000
135638  49.957  -18.797  49.634 0.0000000000
65100  49.174  -19.112  49.854 0.0000000000
51546  21.659  -33.129  65.571 0.0000000000
53654  19.016  -30.893  73.697 0.0000000000
52513  19.246  -31.203  73.003 0.0000000000
52514  18.595  -31.339  73.220 0.0000000000
47165  16.234  -36.101  69.995 0.0000000000
51421  35.015  -32.778  75.640 0.0000000000
51404  35.790  -32.251  75.764 0.0000000000
49257  35.695  -35.095  74.981 0.0000000000
49274  35.828  -35.875  74.555 0.0000000000
49275  34.912  -35.449  74.597 0.0000000000
48236  30.894  -35.607  73.091 0.0000000000
48249  31.202  -36.261  72.514 0.0000000000
47147  30.715  -36.306  71.905 0.0000000000
48257  30.132  -35.766  71.930 0.0000000000
131209  26.845  -34.752  75.640 0.0000000000
49328  26.672  -34.174  71.245 0.0000000000
49340  26.375  -34.066  70.296 0.0000000000
132851  26.784  -34.077  69.705 0.0000000000
130808  22.252  -33.000  67.030 0.0000000000
51513  23.003  -33.024  66.492 0.0000000000
51531  22.284  -33.025  66.094 0.0000000000
51545  22.325  -33.139  65.305 0.0000000000
146302  41.915  -21.243  51.382 0.0000000000
64064  41.239  -20.769  51.882 0.0000000000
51353  17.590  -32.177  82.339 0.0000000000
50265  17.592  -33.602  81.449 0.0000000000
46093  14.608  -37.670  78.292 0.0000000000
46096  15.073  -37.101  77.875 0.0000000000
46101  14.460  -37.430  76.461 0.0000000000
45088  13.910  -38.252  76.849 0.0000000000
66100  54.407  -20.110  55.237 0.0000000000
64023  50.209  -21.220  54.119 0.0000000000
63963  43.907  -20.717  57.113 0.0000000000
147601  43.437  -21.216  57.566 0.0000000000
63884  48.969  -21.067  63.484 0.0000000000
62929  47.884  -21.478  62.285 0.0000000000
63902  47.934  -21.439  63.224 0.0000000000
61997  41.976  -22.647  60.234 0.0000000000
61996  42.724  -22.572  60.544 0.0000000000
62028  41.431  -22.742  59.127 0.0000000000
62029  40.741  -22.859  59.092 0.0000000000
62017  40.755  -22.755  59.463 0.0000000000
61981  37.890  -22.196  61.013 0.0000000000
142527  37.257  -22.919  61.184 0.0000000000
66984  45.351  -17.878  68.559 0.0000000000
59050  43.123  -24.796  69.705 0.0000000000
60011  43.652  -24.184  69.563 0.0000000000
59063  42.320  -24.948  68.802 0.0000000000
141925  40.966  -24.041  66.304 0.0000000000
152267  41.182  -23.433  66.602 0.0000000000
60978  40.749  -23.152  66.188 0.0000000000
62847  41.040  -21.662  66.273 0.0000000000
61913  40.715  -22.291  66.073 0.0000000000
62859  40.018  -21.967  65.151 0.0000000000
61928  40.328  -22.596  65.654 0.0000000000
58187  37.967  -27.015  62.554 0.0000000000
58188  37.410  -26.746  62.051 0.0000000000
141668  37.086  -27.851  61.865 0.0000000000
55995  34.379  -28.180  66.354 0.0000000000
56008  34.432  -28.378  65.473 0.0000000000
48269  33.997  -36.113  69.644 0.0000000000
49337  34.140  -35.282  70.108 0.0000000000
48270  33.452  -35.975  68.780 0.0000000000
50446  31.796  -33.882  65.679 0.0000000000
51543  31.202  -32.663  64.857 0.0000000000
148762  31.142  -33.402  64.522 0.0000000000
49466  27.353  -34.969  61.448 0.0000000000
67295  49.437  -17.185  46.463 0.0000000000
67313  49.363  -17.256  45.660 0.0000000000
55784  21.217  -28.232  82.228 0.0000000000
54704  21.673  -29.150  81.424 0.0000000000
55797  20.090  -28.484  81.981 0.0000000000
53508  23.037  -29.771  82.212 0.0000000000
53507  23.583  -30.317  82.070 0.0000000000
54758  39.672  -30.417  75.959 0.0000000000
148410  39.990  -29.822  75.816 0.0000000000
54776  40.516  -30.417  75.902 0.0000000000
52500  40.943  -31.322  74.560 0.0000000000
53609  41.336  -30.920  75.328 0.0000000000
53647  41.419  -30.621  74.159 0.0000000000
54789  42.197  -29.489  74.534 0.0000000000
54800  41.877  -29.970  73.912 0.0000000000
54811  41.010  -29.612  73.140 0.0000000000
54826  37.597  -29.444  71.559 0.0000000000
54827  36.807  -29.685  71.250 0.0000000000
54840  36.380  -29.340  70.637 0.0000000000
54828  36.190  -29.896  70.935 0.0000000000
136753  35.341  -30.894  70.900 0.0000000000
52552  34.878  -31.020  70.547 0.0000000000
52540  34.426  -31.534  70.359 0.0000000000
48374  23.518  -35.415  62.252 0.0000000000
47302  23.552  -36.744  61.870 0.0000000000
135292  47.707  -20.015  50.592 0.0000000000
65093  46.932  -20.117  50.452 0.0000000000
65110  45.547  -19.313  49.174 0.0000000000
154719  44.440  -18.781  48.304 0.0000000000
50418  22.101  -33.247  68.538 0.0000000000
51501  21.189  -33.182  68.331 0.0000000000
50404  21.487  -33.354  69.295 0.0000000000
51489  20.583  -33.190  69.196 0.0000000000
135072  19.714  -33.075  69.091 0.0000000000
51491  19.097  -32.768  69.671 0.0000000000
51448  17.645  -32.246  73.676 0.0000000000
50361  17.412  -33.137  73.859 0.0000000000
48239  16.660  -35.505  73.044 0.0000000000
154415  16.943  -35.091  72.625 0.0000000000
48252  16.632  -35.544  72.263 0.0000000000
48259  16.669  -35.512  71.437 0.0000000000
48260  16.241  -36.080  71.825 0.0000000000
47149  15.662  -36.582  71.355 0.0000000000
47134  15.619  -36.514  72.234 0.0000000000
46114  14.232  -37.358  72.491 0.0000000000
47122  14.397  -37.186  73.156 0.0000000000
52424  32.974  -31.122  78.604 0.0000000000
51390  32.359  -32.566  77.468 0.0000000000
136347  32.916  -32.531  76.793 0.0000000000
51406  33.611  -32.316  76.584 0.0000000000
51423  33.119  -32.836  75.895 0.0000000000
50331  32.436  -33.451  75.279 0.0000000000
50332  30.900  -34.071  75.312 0.0000000000
50346  31.648  -34.159  74.727 0.0000000000
49259  30.790  -34.444  74.766 0.0000000000
49278  30.660  -34.716  74.210 0.0000000000
49285  24.465  -34.235  74.209 0.0000000000
128658  25.243  -34.428  74.268 0.0000000000
49330  24.149  -34.151  72.026 0.0000000000
49314  24.558  -34.193  72.766 0.0000000000
49329  24.712  -34.091  71.309 0.0000000000
50389  24.422  -33.966  70.573 0.0000000000
151001  23.471  -33.608  69.486 0.0000000000
50403  22.416  -33.479  69.382 0.0000000000
50417  22.665  -33.107  67.845 0.0000000000
152485  39.900  -20.559  52.962 0.0000000000
64049  39.700  -20.611  52.291 0.0000000000
64034  39.156  -20.829  52.986 0.0000000000
63054  36.538  -21.831  51.610 0.0000000000
63053  37.321  -21.450  51.366 0.0000000000
62105  36.811  -22.945  49.526 0.0000000000
61125  36.246  -23.552  49.909 0.0000000000
45076  13.704  -38.912  79.190 0.0000000000
63961  46.666  -20.555  56.957 0.0000000000
136057  48.569  -21.409  58.252 0.0000000000
63951  46.046  -20.883  58.597 0.0000000000
63940  46.375  -21.188  59.412 0.0000000000
64934  46.898  -20.815  63.828 0.0000000000
62888  46.089  -21.401  63.317 0.0000000000
63904  43.122  -20.991  62.406 0.0000000000
63903  44.133  -21.530  62.559 0.0000000000
62933  43.001  -22.267  61.432 0.0000000000
62934  42.098  -21.874  61.333 0.0000000000
63890  41.254  -20.310  62.705 0.0000000000
63906  40.716  -20.689  62.164 0.0000000000
139299  39.521  -21.156  62.126 0.0000000000
63907  39.959  -20.812  62.512 0.0000000000
58133  40.378  -25.750  67.841 0.0000000000
59094  40.246  -25.712  66.060 0.0000000000
137691  40.672  -25.454  66.677 0.0000000000
59105  40.327  -25.327  65.629 0.0000000000
142314  39.980  -25.393  65.043 0.0000000000
58161  38.476  -26.615  64.672 0.0000000000
58168  39.203  -26.270  64.408 0.0000000000
58169  38.552  -26.867  63.882 0.0000000000
57080  37.837  -27.454  63.585 0.0000000000
52622  34.721  -30.892  63.796 0.0000000000
52639  34.401  -31.317  62.859 0.0000000000
47194  31.720  -36.684  68.447 0.0000000000
47193  32.273  -36.331  67.794 0.0000000000
48301  31.271  -36.010  66.215 0.0000000000
49393  31.426  -34.993  65.214 0.0000000000
49394  30.699  -35.041  64.742 0.0000000000
131493  53.985  -16.404  48.931 0.0000000000
69342  55.007  -15.910  48.787 0.0000000000
139019  53.071  -16.288  46.979 0.0000000000
51435  21.599  -32.381  74.084 0.0000000000
52477  21.431  -31.275  75.286 0.0000000000
53616  20.967  -30.594  75.727 0.0000000000
53542  21.781  -29.901  79.480 0.0000000000
53556  21.551  -30.064  78.372 0.0000000000
54752  19.462  -29.724  77.263 0.0000000000
54768  19.539  -29.912  76.515 0.0000000000
54782  19.671  -30.103  75.835 0.0000000000
54783  18.950  -30.190  75.980 0.0000000000
150129  18.448  -30.573  75.882 0.0000000000
53599  18.449  -30.431  76.558 0.0000000000
52444  17.899  -31.516  77.621 0.0000000000
52462  17.777  -31.747  76.749 0.0000000000
51409  17.733  -32.718  76.908 0.0000000000
51367  28.024  -32.889  80.360 0.0000000000
154259  28.526  -32.479  80.466 0.0000000000
130670  28.924  -32.992  80.241 0.0000000000
152126  29.488  -33.223  79.905 0.0000000000
50277  29.151  -33.663  79.612 0.0000000000
50290  28.556  -34.103  79.113 0.0000000000
50304  26.302  -34.179  78.298 0.0000000000
49235  26.837  -34.468  77.517 0.0000000000
51370  24.735  -32.181  80.793 0.0000000000
51392  23.881  -33.027  78.034 0.0000000000
50306  24.627  -33.479  78.131 0.0000000000
50317  24.454  -33.876  76.604 0.0000000000
50318  23.765  -33.465  76.479 0.0000000000
51424  22.878  -32.939  75.733 0.0000000000
50335  23.357  -33.378  75.732 0.0000000000
61105  35.974  -23.252  54.067 0.0000000000
64922  48.577  -20.163  64.380 0.0000000000
65946  49.268  -19.259  64.670 0.0000000000
67033  48.120  -17.313  65.507 0.0000000000
67049  47.802  -18.253  64.940 0.0000000000
67050  46.735  -17.967  64.864 0.0000000000
65949  46.158  -18.587  64.469 0.0000000000
67051  45.772  -17.647  64.958 0.0000000000
140708  39.662  -27.591  75.409 0.0000000000
58072  43.504  -26.144  72.189 0.0000000000
59013  44.111  -25.029  71.925 0.0000000000
59038  43.605  -25.065  70.785 0.0000000000
59026  43.150  -25.805  71.268 0.0000000000
55918  40.554  -28.316  71.919 0.0000000000
56975  41.706  -28.186  72.237 0.0000000000
56992  40.402  -27.247  70.789 0.0000000000
58088  40.049  -26.809  70.134 0.0000000000
58098  41.406  -26.118  69.942 0.0000000000
58115  40.458  -25.871  68.817 0.0000000000
58100  39.794  -26.371  69.402 0.0000000000
57020  37.104  -27.027  68.757 0.0000000000
58118  37.707  -26.507  68.186 0.0000000000
58137  36.503  -26.700  67.117 0.0000000000
54858  35.237  -29.337  69.653 0.0000000000
54859  34.619  -29.623  69.280 0.0000000000
54874  34.333  -29.305  68.619 0.0000000000
54900  33.349  -29.285  66.557 0.0000000000
53771  32.343  -30.325  65.863 0.0000000000
48319  27.134  -36.265  65.581 0.0000000000
48355  26.698  -36.172  63.899 0.0000000000
48384  24.715  -36.244  62.021 0.0000000000
48372  25.056  -35.995  62.417 0.0000000000
146463  25.400  -36.541  61.542 0.0000000000
47300  26.033  -36.826  60.972 0.0000000000
47320  26.591  -36.270  60.765 0.0000000000
132358  52.489  -18.508  50.878 0.0000000000
66154  52.062  -18.355  50.263 0.0000000000
66163  51.338  -18.422  49.831 0.0000000000
66172  49.965  -18.212  48.899 0.0000000000
67268  49.854  -17.714  48.141 0.0000000000
67269  49.094  -17.774  47.861 0.0000000000
135409  48.080  -18.566  48.780 0.0000000000
67285  46.987  -17.699  46.974 0.0000000000
51548  20.076  -33.167  65.888 0.0000000000
50449  19.268  -33.309  66.094 0.0000000000
51447  20.778  -32.207  72.706 0.0000000000
51457  20.722  -32.644  72.096 0.0000000000
52530  20.195  -32.005  72.113 0.0000000000
52547  18.849  -31.825  71.696 0.0000000000
52556  18.992  -32.100  70.918 0.0000000000
51480  18.542  -32.615  70.356 0.0000000000
51492  18.445  -33.024  69.536 0.0000000000
142424  17.998  -33.051  70.006 0.0000000000
50370  17.466  -33.343  72.175 0.0000000000
49344  16.915  -34.916  69.809 0.0000000000
49354  16.876  -34.846  69.001 0.0000000000
53548  34.132  -29.975  78.214 0.0000000000
53566  34.398  -30.359  77.646 0.0000000000
129038  36.069  -30.925  75.991 0.0000000000
54762  35.845  -30.023  76.550 0.0000000000
54761  36.611  -29.711  76.221 0.0000000000
53588  37.023  -30.684  75.800 0.0000000000
53587  38.316  -30.990  75.889 0.0000000000
52449  37.983  -31.676  75.896 0.0000000000
49255  37.834  -34.877  75.363 0.0000000000
51418  38.465  -33.566  75.966 0.0000000000
49254  38.370  -34.737  75.276 0.0000000000
50344  38.416  -34.793  74.786 0.0000000000
49291  37.877  -35.212  74.497 0.0000000000
50357  37.329  -34.802  73.462 0.0000000000
49308  36.802  -35.600  73.355 0.0000000000
47130  35.360  -37.005  73.262 0.0000000000
48247  35.824  -36.839  72.994 0.0000000000
48248  35.241  -37.178  72.469 0.0000000000
47143  35.083  -36.981  71.627 0.0000000000
142294  34.544  -37.452  71.829 0.0000000000
129163  33.332  -35.258  74.116 0.0000000000
48219  33.882  -36.043  73.912 0.0000000000
48235  33.302  -36.364  73.470 0.0000000000
46113  32.224  -37.387  71.874 0.0000000000
47132  32.915  -37.311  72.492 0.0000000000
46118  32.513  -37.564  71.043 0.0000000000
46117  33.375  -37.587  70.870 0.0000000000
46129  32.238  -37.154  69.698 0.0000000000
46123  31.933  -37.318  70.370 0.0000000000
47179  30.163  -36.624  69.671 0.0000000000
145745  29.838  -36.653  68.883 0.0000000000
154180  29.556  -36.614  68.322 0.0000000000
48280  29.320  -36.436  68.536 0.0000000000
49232  29.046  -34.466  77.149 0.0000000000
50315  29.796  -34.261  76.905 0.0000000000
136286  28.458  -34.732  75.159 0.0000000000
49280  29.086  -34.706  74.474 0.0000000000
49294  29.659  -34.840  73.780 0.0000000000
49295  28.830  -34.798  73.777 0.0000000000
49296  25.887  -34.477  73.606 0.0000000000
146658  26.527  -34.690  74.088 0.0000000000
49327  27.707  -34.488  71.827 0.0000000000
134654  28.679  -34.832  72.181 0.0000000000
49358  28.332  -35.129  68.902 0.0000000000
48281  28.613  -36.026  68.185 0.0000000000
48282  27.994  -35.627  67.738 0.0000000000
49395  26.295  -34.991  65.486 0.0000000000
50447  26.092  -34.048  66.113 0.0000000000
50414  25.270  -33.594  68.406 0.0000000000
50448  24.296  -33.174  66.041 0.0000000000
50464  24.679  -33.392  65.113 0.0000000000
50503  24.154  -33.753  63.310 0.0000000000
148361  23.724  -33.447  63.818 0.0000000000
63046  43.969  -21.444  51.038 0.0000000000
63047  43.248  -21.442  51.251 0.0000000000
63061  41.736  -21.518  50.370 0.0000000000
63074  41.121  -21.535  49.637 0.0000000000
63051  39.030  -21.136  50.863 0.0000000000
63050  40.108  -21.247  50.752 0.0000000000
63077  38.795  -21.846  49.568 0.0000000000
62115  38.727  -22.621  48.550 0.0000000000
62114  39.200  -22.693  47.940 0.0000000000
61111  35.079  -23.562  52.235 0.0000000000
144775  35.432  -23.047  51.866 0.0000000000
60172  35.095  -24.457  51.218 0.0000000000
132094  20.424  -27.474  81.848 0.0000000000
55776  19.634  -27.976  82.490 0.0000000000
55787  19.036  -28.439  82.274 0.0000000000
54693  19.320  -28.652  82.138 0.0000000000
52418  18.239  -30.843  80.121 0.0000000000
52419  18.073  -31.836  79.596 0.0000000000
50295  17.811  -33.875  78.797 0.0000000000
50308  17.772  -33.840  77.839 0.0000000000
49236  17.508  -34.580  77.469 0.0000000000
47050  16.520  -36.237  80.746 0.0000000000
48149  17.015  -35.587  80.346 0.0000000000
48148  17.394  -35.028  79.843 0.0000000000
145359  16.807  -35.754  79.049 0.0000000000
47076  15.573  -36.583  77.451 0.0000000000
47085  16.138  -36.071  77.021 0.0000000000
48192  16.674  -35.510  76.629 0.0000000000
47097  15.471  -36.382  75.617 0.0000000000
46108  14.242  -37.284  74.696 0.0000000000
45089  13.434  -38.733  76.202 0.0000000000
67200  54.707  -17.884  52.825 0.0000000000
67201  53.991  -18.219  52.359 0.0000000000
65066  53.148  -19.815  53.358 0.0000000000
65076  52.835  -19.276  52.326 0.0000000000
139046  51.700  -20.045  52.269 0.0000000000
65052  54.090  -21.003  56.034 0.0000000000
65053  53.234  -20.965  55.085 0.0000000000
64038  51.273  -20.899  53.218 0.0000000000
65085  50.457  -20.287  51.695 0.0000000000
64057  49.692  -20.619  51.914 0.0000000000
64041  48.800  -21.000  52.812 0.0000000000
131075  48.185  -20.845  52.076 0.0000000000
64042  47.447  -20.915  52.319 0.0000000000
128709  49.487  -21.166  54.595 0.0000000000
64007  48.726  -21.038  54.735 0.0000000000
152415  47.449  -20.951  53.293 0.0000000000
128408  45.377  -20.961  52.432 0.0000000000
64028  44.444  -20.538  53.686 0.0000000000
134571  43.285  -20.487  53.382 0.0000000000
64029  43.701  -20.431  53.951 0.0000000000
144741  43.634  -20.480  55.844 0.0000000000
64010  41.752  -20.518  54.405 0.0000000000
63995  41.971  -20.659  55.163 0.0000000000
63008  41.272  -21.185  55.668 0.0000000000
136249  40.324  -21.577  55.620 0.0000000000
134761  39.686  -21.619  55.117 0.0000000000
134667  40.790  -21.744  56.381 0.0000000000
63929  49.070  -21.113  61.051 0.0000000000
62948  46.720  -21.567  61.194 0.0000000000
146219  45.782  -21.477  59.843 0.0000000000
138783  45.295  -21.850  60.356 0.0000000000
62911  45.177  -22.141  62.433 0.0000000000
62931  45.527  -22.176  62.227 0.0000000000
146745  43.466  -22.446  59.867 0.0000000000
62971  43.010  -22.219  59.118 0.0000000000
62972  42.468  -22.095  58.433 0.0000000000
62040  40.450  -22.798  58.020 0.0000000000
62050  40.148  -22.646  57.367 0.0000000000
62063  39.382  -22.615  56.416 0.0000000000
151665  38.240  -22.818  55.710 0.0000000000
62052  38.909  -23.121  56.803 0.0000000000
61083  38.678  -23.373  57.546 0.0000000000
61084  37.843  -23.551  57.439 0.0000000000
130431  37.172  -23.798  57.063 0.0000000000
61085  37.000  -23.721  57.595 0.0000000000
127898  39.177  -22.299  59.799 0.0000000000
62002  36.862  -23.010  59.643 0.0000000000
62020  37.776  -22.723  59.191 0.0000000000
61076  36.635  -23.595  58.257 0.0000000000
67015  44.512  -17.500  66.835 0.0000000000
67036  44.675  -17.458  65.998 0.0000000000
67037  43.917  -17.886  66.181 0.0000000000
61871  44.319  -23.111  69.526 0.0000000000
62819  45.311  -21.995  70.133 0.0000000000
63851  45.718  -20.588  69.689 0.0000000000
62828  44.362  -21.743  69.040 0.0000000000
60028  41.544  -25.025  67.529 0.0000000000
60027  42.505  -24.084  68.079 0.0000000000
60964  42.239  -23.768  67.701 0.0000000000
62839  42.401  -21.866  67.701 0.0000000000
61885  42.869  -22.565  68.166 0.0000000000
63853  43.987  -20.984  68.619 0.0000000000
63856  43.284  -20.505  68.074 0.0000000000
64898  43.332  -19.687  67.805 0.0000000000
64899  42.701  -19.935  67.376 0.0000000000
133120  41.346  -20.385  65.760 0.0000000000
64906  41.812  -19.996  66.148 0.0000000000
64913  42.248  -19.393  65.855 0.0000000000
150968  41.822  -19.556  64.204 0.0000000000
62872  39.600  -21.906  64.436 0.0000000000
63879  39.957  -21.007  64.015 0.0000000000
62891  38.927  -21.899  63.131 0.0000000000
61957  38.606  -22.845  63.407 0.0000000000
60072  39.417  -24.976  64.154 0.0000000000
61008  39.384  -24.199  64.420 0.0000000000
59128  37.887  -25.547  62.600 0.0000000000
152641  38.518  -24.424  63.398 0.0000000000
60092  37.635  -24.430  62.546 0.0000000000
60102  37.069  -23.997  61.977 0.0000000000
57102  36.032  -26.937  61.109 0.0000000000
57057  35.647  -27.636  65.118 0.0000000000
54940  34.337  -29.641  64.144 0.0000000000
141570  35.714  -30.568  65.186 0.0000000000
53790  35.912  -29.873  64.932 0.0000000000
50376  35.238  -33.474  71.651 0.0000000000
150659  34.849  -34.121  71.300 0.0000000000
50401  33.368  -33.928  69.534 0.0000000000
131828  33.654  -33.265  70.003 0.0000000000
51487  33.238  -32.929  69.476 0.0000000000
49368  32.771  -35.444  67.337 0.0000000000
141364  31.788  -33.184  66.266 0.0000000000
149029  32.057  -33.422  66.873 0.0000000000
51499  32.500  -32.548  68.235 0.0000000000
51512  31.890  -32.421  66.907 0.0000000000
128940  31.132  -31.707  64.401 0.0000000000
52623  31.305  -30.998  62.855 0.0000000000
48334  27.868  -36.174  64.782 0.0000000000
153672  29.017  -36.083  65.419 0.0000000000
147188  29.315  -34.606  63.331 0.0000000000
50501  29.865  -33.914  62.879 0.0000000000
49498  28.588  -34.509  59.803 0.0000000000
49478  28.354  -34.367  60.312 0.0000000000
49477  28.900  -33.935  59.890 0.0000000000
51628  29.872  -32.787  60.849 0.0000000000
50533  29.401  -33.317  61.121 0.0000000000
51606  29.997  -32.965  61.687 0.0000000000
50518  30.202  -33.208  62.524 0.0000000000
51589  30.396  -32.385  62.138 0.0000000000
51573  30.588  -32.582  63.089 0.0000000000
52681  31.533  -31.530  60.285 0.0000000000
143258  31.090  -31.499  60.778 0.0000000000
52662  31.754  -31.011  61.161 0.0000000000
69368  56.547  -16.122  48.470 0.0000000000
67265  52.461  -17.222  48.875 0.0000000000
68380  52.024  -16.926  48.125 0.0000000000
68409  51.509  -16.633  46.571 0.0000000000
68419  51.315  -16.740  45.896 0.0000000000
68418  52.091  -16.621  45.932 0.0000000000
64079  43.168  -21.255  49.952 0.0000000000
64089  43.716  -20.678  49.664 0.0000000000
54691  22.793  -29.222  82.183 0.0000000000
54703  22.477  -29.458  81.930 0.0000000000
51432  40.216  -32.916  75.185 0.0000000000
51415  40.625  -32.202  75.478 0.0000000000
51441  40.011  -32.687  74.462 0.0000000000
52501  40.363  -31.823  74.135 0.0000000000
53648  39.795  -31.024  73.490 0.0000000000
53664  39.318  -30.157  72.895 0.0000000000
53665  38.688  -30.843  72.989 0.0000000000
53666  37.702  -30.813  72.518 0.0000000000
53686  36.435  -30.346  71.440 0.0000000000
65103  45.006  -19.846  49.544 0.0000000000
148684  21.445  -33.530  70.776 0.0000000000
51477  20.932  -33.249  71.060 0.0000000000
51478  20.339  -32.826  70.610 0.0000000000
50350  17.409  -33.516  74.748 0.0000000000
49299  17.256  -34.136  74.067 0.0000000000
48240  16.205  -35.970  73.469 0.0000000000
131893  15.546  -36.340  73.893 0.0000000000
52425  32.376  -31.807  78.802 0.0000000000
51377  32.067  -32.396  78.448 0.0000000000
50333  30.648  -33.985  75.983 0.0000000000
49242  30.034  -34.348  76.010 0.0000000000
49298  24.066  -34.146  73.506 0.0000000000
50390  23.577  -33.878  70.432 0.0000000000
131603  22.896  -33.949  71.111 0.0000000000
63031  39.113  -21.225  53.702 0.0000000000
139353  38.513  -21.091  52.653 0.0000000000
63032  38.441  -21.389  53.382 0.0000000000
63042  37.220  -21.582  52.338 0.0000000000
129955  36.082  -22.348  51.055 0.0000000000
44071  13.223  -39.563  79.656 0.0000000000
143981  49.756  -21.777  58.433 0.0000000000
63887  45.116  -20.895  63.330 0.0000000000
63889  42.645  -20.181  62.830 0.0000000000
59081  40.306  -25.737  66.894 0.0000000000
58159  39.728  -26.036  65.584 0.0000000000
58167  39.630  -26.033  65.029 0.0000000000
57056  36.316  -27.200  65.120 0.0000000000
47212  30.334  -36.693  67.907 0.0000000000
48302  30.256  -36.286  66.398 0.0000000000
68349  55.624  -15.833  50.110 0.0000000000
68352  53.235  -16.672  48.582 0.0000000000
51408  22.607  -32.453  76.128 0.0000000000
52476  22.049  -31.885  75.740 0.0000000000
52460  22.286  -31.725  76.587 0.0000000000
54735  20.241  -29.420  78.460 0.0000000000
54736  19.463  -29.580  78.076 0.0000000000
54753  18.904  -29.884  77.672 0.0000000000
53578  18.469  -30.296  77.343 0.0000000000
140018  18.565  -30.160  77.998 0.0000000000
53558  18.174  -30.724  77.962 0.0000000000
52430  17.999  -31.432  78.302 0.0000000000
51359  27.346  -32.274  80.475 0.0000000000
50279  27.635  -33.487  80.034 0.0000000000
50291  27.638  -34.041  79.385 0.0000000000
50280  26.969  -33.607  79.933 0.0000000000
134884  26.329  -33.601  79.740 0.0000000000
51382  23.678  -32.442  78.851 0.0000000000
129188  23.480  -33.007  77.157 0.0000000000
56949  41.182  -27.968  75.020 0.0000000000
58048  41.456  -27.284  74.716 0.0000000000
59935  40.856  -25.246  74.264 0.0000000000
59948  42.792  -24.537  73.178 0.0000000000
59961  43.596  -24.609  72.694 0.0000000000
59947  43.369  -25.369  73.066 0.0000000000
130254  43.432  -26.400  72.702 0.0000000000
58064  43.341  -26.834  72.672 0.0000000000
55920  38.679  -28.550  71.389 0.0000000000
56984  39.986  -27.855  71.236 0.0000000000
56985  39.050  -27.969  71.051 0.0000000000
56994  38.633  -27.575  70.412 0.0000000000
58101  38.894  -26.530  69.197 0.0000000000
57004  38.277  -27.164  69.732 0.0000000000
57021  36.336  -27.352  68.486 0.0000000000
55970  35.264  -28.297  68.642 0.0000000000
53719  34.398  -30.188  69.469 0.0000000000
54860  34.068  -29.957  68.954 0.0000000000
54889  32.981  -29.933  67.080 0.0000000000
53759  32.096  -30.900  66.328 0.0000000000
48336  26.184  -36.158  64.404 0.0000000000
66188  45.658  -18.277  47.798 0.0000000000
66187  46.654  -18.166  47.778 0.0000000000
51535  18.952  -33.290  67.076 0.0000000000
52512  20.132  -31.408  72.966 0.0000000000
136621  18.397  -32.308  71.224 0.0000000000
49332  17.040  -34.848  71.086 0.0000000000
48273  16.545  -35.502  69.459 0.0000000000
52452  34.568  -31.187  76.860 0.0000000000
53590  34.738  -30.672  77.029 0.0000000000
52451  35.307  -31.226  76.280 0.0000000000
134835  36.248  -31.753  75.791 0.0000000000
51403  36.988  -32.759  75.774 0.0000000000
50327  37.056  -34.311  75.593 0.0000000000
49273  37.153  -35.527  74.947 0.0000000000
153223  36.786  -35.883  74.475 0.0000000000
48216  36.479  -35.916  74.487 0.0000000000
48217  35.852  -36.384  74.139 0.0000000000
47107  35.228  -36.783  73.678 0.0000000000
48221  31.994  -35.317  73.720 0.0000000000
128829  32.309  -35.882  73.395 0.0000000000
148043  31.737  -36.084  73.010 0.0000000000
47133  31.989  -36.832  72.533 0.0000000000
47163  31.109  -37.056  70.471 0.0000000000
138886  30.872  -36.819  71.227 0.0000000000
47164  30.500  -36.651  70.465 0.0000000000
48264  29.925  -36.109  70.434 0.0000000000
49245  27.534  -34.666  76.808 0.0000000000
49244  28.459  -34.656  76.531 0.0000000000
49263  27.811  -34.762  75.887 0.0000000000
49281  27.529  -34.792  75.013 0.0000000000
128540  25.971  -34.253  72.076 0.0000000000
151631  27.725  -34.406  71.022 0.0000000000
49338  28.312  -34.740  70.400 0.0000000000
49351  27.527  -34.437  69.326 0.0000000000
49359  27.649  -34.757  68.383 0.0000000000
49370  27.379  -34.946  67.497 0.0000000000
49360  26.833  -34.183  68.090 0.0000000000
50429  26.071  -33.776  67.680 0.0000000000
137777  23.590  -33.191  67.889 0.0000000000
146232  24.274  -33.217  67.432 0.0000000000
154361  23.715  -33.102  67.319 0.0000000000
152472  23.547  -33.068  66.095 0.0000000000
51529  23.693  -33.142  65.406 0.0000000000
128289  23.012  -33.335  64.048 0.0000000000
51544  22.998  -33.163  64.918 0.0000000000
51559  22.331  -33.294  64.567 0.0000000000
63040  43.109  -21.097  51.951 0.0000000000
63048  42.591  -21.279  51.503 0.0000000000
151320  41.839  -21.462  50.894 0.0000000000
154845  40.911  -21.531  50.343 0.0000000000
62104  37.541  -22.569  49.291 0.0000000000
62103  38.326  -22.317  49.120 0.0000000000
62116  37.992  -22.923  48.683 0.0000000000
131871  17.910  -31.592  81.955 0.0000000000
52407  18.049  -31.778  80.737 0.0000000000
50283  17.833  -33.763  79.648 0.0000000000
49220  17.642  -34.483  79.283 0.0000000000
46078  14.848  -37.847  80.039 0.0000000000
47058  15.850  -36.724  79.215 0.0000000000
47066  16.337  -36.208  78.752 0.0000000000
47067  15.708  -36.664  78.326 0.0000000000
129195  14.909  -36.954  76.504 0.0000000000
47087  14.876  -36.887  75.973 0.0000000000
66132  54.288  -18.654  53.304 0.0000000000
66118  53.925  -19.462  53.893 0.0000000000
64020  52.488  -21.150  54.790 0.0000000000
64004  51.902  -21.613  55.455 0.0000000000
64039  50.601  -21.023  53.081 0.0000000000
64040  49.700  -20.975  52.800 0.0000000000
154273  48.871  -21.130  55.697 0.0000000000
128509  45.894  -20.575  54.086 0.0000000000
64027  45.256  -20.705  53.339 0.0000000000
128710  45.091  -20.341  54.845 0.0000000000
63976  43.615  -20.623  56.485 0.0000000000
63977  42.959  -20.726  56.251 0.0000000000
62995  42.394  -21.306  56.857 0.0000000000
63917  48.765  -21.263  61.892 0.0000000000
63918  48.476  -21.315  61.462 0.0000000000
61978  43.790  -22.398  61.563 0.0000000000
61977  44.163  -22.512  61.377 0.0000000000
61995  43.423  -22.584  60.955 0.0000000000
62014  43.025  -22.629  60.335 0.0000000000
62027  42.236  -22.563  59.214 0.0000000000
62041  39.772  -23.017  57.829 0.0000000000
62042  39.247  -23.187  57.519 0.0000000000
62030  40.003  -22.966  58.537 0.0000000000
61062  39.226  -23.106  58.533 0.0000000000
62000  38.610  -21.968  60.509 0.0000000000
62001  37.393  -22.590  60.252 0.0000000000
61066  35.751  -24.039  59.385 0.0000000000
61050  36.230  -23.663  60.081 0.0000000000
61051  35.772  -24.273  60.093 0.0000000000
136399  45.160  -17.186  67.357 0.0000000000
59981  44.529  -24.011  70.739 0.0000000000
60938  44.787  -23.371  70.485 0.0000000000
59995  44.369  -23.695  69.971 0.0000000000
60965  41.853  -23.711  67.319 0.0000000000
61900  41.554  -23.155  67.038 0.0000000000
150021  41.622  -22.022  67.041 0.0000000000
63858  41.946  -21.120  67.197 0.0000000000
63864  42.083  -20.322  66.921 0.0000000000
62857  40.991  -20.925  65.866 0.0000000000
63870  40.882  -20.565  65.144 0.0000000000
61945  39.223  -23.111  64.338 0.0000000000
59127  38.691  -25.773  63.273 0.0000000000
60082  38.908  -25.026  63.596 0.0000000000
59137  37.228  -25.898  62.032 0.0000000000
58198  36.734  -26.340  61.643 0.0000000000
131529  36.440  -27.760  61.389 0.0000000000
54979  36.423  -29.147  61.667 0.0000000000
57045  35.024  -27.718  65.790 0.0000000000
136989  34.569  -34.963  70.782 0.0000000000
147095  34.382  -33.887  70.829 0.0000000000
49349  33.202  -34.701  68.815 0.0000000000
49382  31.991  -34.903  65.784 0.0000000000
137030  31.502  -32.903  65.583 0.0000000000
49431  27.557  -35.573  63.430 0.0000000000
49496  30.005  -34.528  59.111 0.0000000000
50564  29.651  -33.757  59.380 0.0000000000
51627  30.290  -32.421  60.245 0.0000000000
67281  50.417  -17.275  47.652 0.0000000000
67280  51.214  -17.114  47.950 0.0000000000
64091  41.603  -21.048  49.079 0.0000000000
64099  42.424  -20.378  48.867 0.0000000000
64100  41.641  -20.359  48.383 0.0000000000
52417  22.808  -31.119  79.444 0.0000000000
54719  21.327  -29.403  80.126 0.0000000000
52415  23.987  -31.759  80.943 0.0000000000
52405  23.950  -31.077  81.738 0.0000000000
55848  37.797  -28.584  76.021 0.0000000000
56937  38.612  -28.205  75.802 0.0000000000
55846  39.797  -29.058  75.662 0.0000000000
55861  40.594  -28.851  75.509 0.0000000000
53610  40.856  -31.078  75.852 0.0000000000
54775  41.331  -30.192  75.475 0.0000000000
133027  41.164  -28.630  75.304 0.0000000000
56948  41.778  -28.749  75.004 0.0000000000
55874  42.327  -28.844  74.542 0.0000000000
54788  42.666  -28.717  74.101 0.0000000000
55902  42.909  -28.246  73.525 0.0000000000
54810  42.098  -29.284  73.471 0.0000000000
55904  41.282  -28.842  72.657 0.0000000000
55905  40.033  -29.003  72.324 0.0000000000
54813  39.136  -29.450  72.311 0.0000000000
55906  39.132  -28.913  71.862 0.0000000000
55921  37.884  -28.765  71.192 0.0000000000
53687  35.757  -30.395  70.935 0.0000000000
53704  35.144  -30.453  70.428 0.0000000000
50502  24.938  -34.259  63.695 0.0000000000
48373  24.263  -35.644  62.289 0.0000000000
47301  24.421  -36.718  61.733 0.0000000000
46217  24.047  -37.361  61.618 0.0000000000
65101  48.295  -19.447  50.047 0.0000000000
66167  47.063  -19.050  49.222 0.0000000000
154842  46.422  -19.551  49.664 0.0000000000
130034  46.272  -18.767  48.689 0.0000000000
132030  44.756  -18.406  47.793 0.0000000000
51514  21.242  -33.072  67.350 0.0000000000
51515  20.403  -33.134  67.418 0.0000000000
51502  20.261  -33.165  68.285 0.0000000000
51516  19.637  -33.180  67.662 0.0000000000
51517  18.912  -33.219  68.075 0.0000000000
50433  18.327  -33.480  67.725 0.0000000000
52515  18.032  -31.657  73.455 0.0000000000
142775  17.811  -32.135  73.049 0.0000000000
136497  17.558  -32.812  73.033 0.0000000000
49316  17.175  -34.412  72.471 0.0000000000
47148  16.273  -36.091  70.942 0.0000000000
47150  14.856  -37.074  71.789 0.0000000000
52437  33.513  -31.385  77.843 0.0000000000
52453  34.035  -31.661  77.049 0.0000000000
51422  34.008  -32.802  75.773 0.0000000000
50329  34.519  -33.469  75.311 0.0000000000
49258  34.681  -34.418  74.942 0.0000000000
49276  32.282  -34.916  74.082 0.0000000000
48237  30.086  -35.224  73.150 0.0000000000
133588  25.406  -34.515  75.038 0.0000000000
136593  26.105  -34.700  75.294 0.0000000000
49313  25.444  -34.289  72.785 0.0000000000
128539  25.595  -34.133  71.334 0.0000000000
49341  25.701  -34.004  70.227 0.0000000000
50388  25.054  -33.871  69.886 0.0000000000
131685  24.528  -33.623  69.106 0.0000000000
129591  23.832  -33.405  68.662 0.0000000000
64048  40.511  -20.548  52.471 0.0000000000
64066  39.456  -20.825  51.532 0.0000000000
63052  38.150  -21.195  51.075 0.0000000000
63041  38.071  -21.126  51.981 0.0000000000
63065  37.562  -21.604  50.491 0.0000000000
45080  14.157  -38.275  78.737 0.0000000000
45084  14.048  -38.228  77.831 0.0000000000
45085  13.530  -38.864  77.433 0.0000000000
44077  12.555  -40.074  78.233 0.0000000000
129544  47.600  -20.779  56.531 0.0000000000
146238  45.882  -20.510  57.311 0.0000000000
62887  47.171  -21.401  63.425 0.0000000000
63886  47.049  -21.261  63.556 0.0000000000
150895  45.766  -21.803  62.892 0.0000000000
62912  44.456  -22.164  62.239 0.0000000000
61998  41.124  -22.595  60.061 0.0000000000
62951  41.599  -22.250  60.703 0.0000000000
62952  40.427  -21.790  60.739 0.0000000000
63905  41.659  -20.937  61.903 0.0000000000
62936  39.453  -21.404  61.400 0.0000000000
145479  38.241  -22.231  61.971 0.0000000000
65888  46.234  -18.885  69.713 0.0000000000
134665  41.747  -25.385  68.880 0.0000000000
59064  41.640  -25.193  68.111 0.0000000000
59080  41.183  -25.118  66.915 0.0000000000
60045  41.126  -24.649  66.597 0.0000000000
60061  40.235  -24.783  65.289 0.0000000000
149945  39.637  -25.416  64.563 0.0000000000
57090  37.835  -27.604  62.831 0.0000000000
151202  37.301  -27.801  63.803 0.0000000000
56009  33.859  -28.867  65.132 0.0000000000
53812  33.891  -30.067  63.559 0.0000000000
136473  33.097  -36.478  68.779 0.0000000000
48290  32.511  -35.956  67.121 0.0000000000
147643  31.590  -36.131  66.636 0.0000000000
48300  31.992  -35.722  66.434 0.0000000000
149641  31.221  -34.253  64.657 0.0000000000
48396  27.496  -35.470  60.408 0.0000000000
47337  28.190  -35.604  59.904 0.0000000000
47336  28.971  -35.794  59.623 0.0000000000
48416  29.460  -35.181  59.355 0.0000000000
47316  30.342  -36.604  60.164 0.0000000000
47335  29.857  -35.955  59.607 0.0000000000
69341  56.015  -15.802  48.895 0.0000000000
68398  54.962  -16.088  47.384 0.0000000000
68407  53.602  -16.447  46.289 0.0000000000
51445  21.980  -33.176  73.784 0.0000000000
52493  21.177  -31.488  74.424 0.0000000000
52494  20.358  -30.996  73.995 0.0000000000
148037  20.108  -30.522  74.665 0.0000000000
53636  19.552  -30.655  74.213 0.0000000000
54750  20.838  -29.735  77.928 0.0000000000
53577  20.648  -29.923  77.101 0.0000000000
53598  20.340  -30.074  76.274 0.0000000000
53618  19.401  -30.345  75.088 0.0000000000
53637  18.838  -30.676  74.443 0.0000000000
52495  18.267  -31.066  74.705 0.0000000000
52479  17.810  -31.611  75.022 0.0000000000
150812  17.609  -32.166  75.388 0.0000000000
144040  17.780  -31.619  75.836 0.0000000000
51427  17.546  -32.976  75.451 0.0000000000
50337  17.478  -33.890  75.584 0.0000000000
49266  17.247  -34.665  75.794 0.0000000000
51366  29.760  -32.502  80.195 0.0000000000
51380  29.966  -33.386  79.445 0.0000000000
50288  30.173  -33.723  78.471 0.0000000000
50302  28.675  -34.334  78.083 0.0000000000
49234  27.756  -34.466  77.784 0.0000000000
49246  26.454  -34.617  76.471 0.0000000000
152085  25.753  -34.422  76.572 0.0000000000
51369  25.456  -32.619  80.575 0.0000000000
50281  25.660  -33.292  79.850 0.0000000000
50294  25.116  -33.451  79.043 0.0000000000
50305  25.421  -33.908  78.201 0.0000000000
148815  25.206  -34.200  76.632 0.0000000000
49264  25.582  -34.481  75.920 0.0000000000
135057  24.791  -34.256  75.429 0.0000000000
50347  24.161  -34.089  74.935 0.0000000000
135642  23.433  -33.694  75.024 0.0000000000
50349  22.772  -33.527  74.254 0.0000000000
62079  36.473  -22.639  53.568 0.0000000000
62080  35.838  -22.938  53.258 0.0000000000
61106  35.228  -23.567  53.224 0.0000000000
63900  49.957  -20.489  62.240 0.0000000000
63901  49.434  -20.997  62.770 0.0000000000
63883  50.003  -20.527  63.185 0.0000000000
64933  49.742  -20.453  63.900 0.0000000000
153949  50.240  -19.896  64.099 0.0000000000
63875  48.769  -20.741  64.067 0.0000000000
64923  47.590  -20.143  64.319 0.0000000000
65933  48.865  -18.344  65.120 0.0000000000
64924  46.582  -19.785  64.154 0.0000000000
64925  45.543  -19.135  64.025 0.0000000000
65950  44.647  -18.589  64.249 0.0000000000
59969  44.394  -24.252  71.412 0.0000000000
59970  44.155  -24.693  71.209 0.0000000000
146485  42.917  -25.359  70.317 0.0000000000
56974  42.725  -27.958  72.713 0.0000000000
56982  42.145  -27.497  71.963 0.0000000000
131389  42.504  -26.939  71.784 0.0000000000
58075  41.132  -26.999  70.905 0.0000000000
58085  42.433  -26.437  71.213 0.0000000000
58086  41.642  -26.523  70.651 0.0000000000
151522  41.805  -25.666  69.568 0.0000000000
59051  41.197  -25.763  69.186 0.0000000000
133809  38.433  -26.237  67.618 0.0000000000
57032  36.027  -27.141  67.713 0.0000000000
55955  35.561  -28.638  69.339 0.0000000000
55971  34.645  -28.585  68.271 0.0000000000
54909  33.297  -29.260  65.639 0.0000000000
54910  32.752  -29.738  65.303 0.0000000000
54924  32.807  -29.809  64.393 0.0000000000
47246  28.604  -36.403  66.041 0.0000000000
47247  27.765  -36.408  66.027 0.0000000000
48335  26.953  -36.372  64.826 0.0000000000
48354  27.469  -36.031  64.203 0.0000000000
139562  27.171  -35.250  60.953 0.0000000000
48357  25.425  -35.849  62.999 0.0000000000
48371  25.856  -35.942  62.310 0.0000000000
135258  26.560  -35.672  61.463 0.0000000000
48397  26.807  -35.723  60.852 0.0000000000
66162  51.872  -17.859  49.455 0.0000000000
67282  49.620  -17.365  47.314 0.0000000000
66165  48.548  -18.795  49.282 0.0000000000
66174  48.672  -18.270  48.509 0.0000000000
66186  47.529  -17.986  47.728 0.0000000000
66185  48.312  -17.841  47.734 0.0000000000
51547  20.900  -33.147  65.737 0.0000000000
50466  20.362  -33.289  65.090 0.0000000000
51456  21.210  -33.009  72.511 0.0000000000
52546  19.596  -31.997  71.488 0.0000000000
51469  19.749  -32.367  70.807 0.0000000000
50419  18.272  -33.327  68.719 0.0000000000
50420  17.740  -33.745  68.191 0.0000000000
51458  18.194  -31.813  72.765 0.0000000000
131710  17.859  -32.628  71.586 0.0000000000
49343  17.306  -34.079  70.685 0.0000000000
50394  17.649  -33.447  70.323 0.0000000000
152006  17.731  -33.491  69.697 0.0000000000
50405  17.688  -33.655  69.059 0.0000000000
49372  17.308  -34.296  67.653 0.0000000000
53565  35.016  -30.107  77.173 0.0000000000
55830  37.051  -28.136  76.646 0.0000000000
130949  37.979  -29.409  75.808 0.0000000000
54759  38.681  -30.243  75.856 0.0000000000
51402  38.145  -32.673  75.981 0.0000000000
51401  39.044  -32.968  76.276 0.0000000000
143047  39.596  -33.152  76.117 0.0000000000
50324  39.687  -33.572  75.594 0.0000000000
50356  38.841  -34.041  74.483 0.0000000000
51444  37.280  -33.633  73.139 0.0000000000
50365  36.677  -34.359  72.829 0.0000000000
49324  35.779  -35.164  72.081 0.0000000000
48246  36.312  -36.415  73.598 0.0000000000
49309  36.196  -36.062  72.726 0.0000000000
49325  35.203  -35.164  71.482 0.0000000000
48262  34.979  -36.197  71.167 0.0000000000
47161  34.117  -36.859  70.147 0.0000000000
47119  33.640  -37.087  73.046 0.0000000000
47131  33.820  -37.501  72.313 0.0000000000
47144  33.846  -37.616  71.524 0.0000000000
147033  33.576  -37.197  70.062 0.0000000000
46128  32.959  -37.002  69.305 0.0000000000
47177  32.039  -36.945  69.056 0.0000000000
134257  31.247  -36.848  68.935 0.0000000000
127978  30.528  -36.812  69.111 0.0000000000
47195  30.814  -36.784  68.470 0.0000000000
47213  29.526  -36.639  67.953 0.0000000000
49260  30.108  -34.467  75.092 0.0000000000
49279  29.909  -34.663  74.413 0.0000000000
138105  27.265  -34.770  74.203 0.0000000000
134946  27.923  -34.726  73.604 0.0000000000
49310  28.698  -34.845  73.065 0.0000000000
48251  29.581  -35.229  72.530 0.0000000000
48272  28.784  -35.284  69.641 0.0000000000
48303  27.374  -36.109  66.232 0.0000000000
49383  27.027  -35.166  66.674 0.0000000000
48304  26.817  -35.762  65.865 0.0000000000
49396  25.827  -34.760  64.909 0.0000000000
131506  25.668  -33.632  66.849 0.0000000000
134832  24.765  -33.295  66.803 0.0000000000
50481  25.310  -34.044  64.511 0.0000000000
49455  23.261  -34.636  62.514 0.0000000000
50504  23.282  -33.644  63.315 0.0000000000
50521  23.090  -34.019  62.813 0.0000000000
48375  22.836  -35.312  62.513 0.0000000000
64077  44.640  -21.161  50.741 0.0000000000
63060  42.521  -21.468  50.180 0.0000000000
64090  42.456  -21.113  49.587 0.0000000000
63062  40.290  -21.612  49.882 0.0000000000
63088  39.002  -22.197  49.021 0.0000000000
63076  39.628  -21.878  49.273 0.0000000000
140360  39.983  -21.743  48.522 0.0000000000
62083  36.165  -22.480  52.783 0.0000000000
62089  35.892  -22.411  51.917 0.0000000000
62096  35.832  -23.078  50.627 0.0000000000
60181  36.101  -24.505  50.066 0.0000000000
56884  21.225  -27.502  81.335 0.0000000000
55775  20.710  -27.800  82.472 0.0000000000
56868  20.244  -27.990  82.593 0.0000000000
55785  20.533  -28.169  82.453 0.0000000000
54706  19.506  -28.996  81.175 0.0000000000
54694  18.642  -29.145  82.366 0.0000000000
52429  18.166  -30.968  78.939 0.0000000000
51383  17.992  -32.580  79.046 0.0000000000
51395  17.847  -32.977  77.669 0.0000000000
135221  17.751  -33.431  77.146 0.0000000000
50319  17.657  -34.053  76.947 0.0000000000
132776  17.584  -34.184  80.912 0.0000000000
49216  17.630  -34.344  80.160 0.0000000000
48168  16.791  -35.683  78.341 0.0000000000
48167  17.231  -35.139  77.940 0.0000000000
48178  17.150  -35.101  77.086 0.0000000000
147201  17.080  -35.060  76.365 0.0000000000
48191  16.727  -35.344  75.700 0.0000000000
48206  16.133  -35.885  75.197 0.0000000000
47108  15.507  -36.335  74.741 0.0000000000
47109  14.871  -36.776  74.302 0.0000000000
67219  54.504  -17.484  51.925 0.0000000000
67221  53.095  -18.230  51.129 0.0000000000
148844  52.608  -18.863  51.517 0.0000000000
66143  51.878  -19.045  51.051 0.0000000000
65089  51.191  -19.311  50.837 0.0000000000
65090  50.564  -19.673  50.973 0.0000000000
132498  53.642  -20.260  54.549 0.0000000000
65068  51.787  -20.477  52.977 0.0000000000
64073  47.948  -20.462  51.276 0.0000000000
64060  46.417  -20.902  51.654 0.0000000000
64006  50.354  -21.558  55.768 0.0000000000
149106  47.900  -20.956  53.815 0.0000000000
64061  45.573  -21.050  51.702 0.0000000000
152618  45.081  -21.133  51.915 0.0000000000
151513  44.615  -21.102  52.115 0.0000000000
64045  43.783  -20.822  52.544 0.0000000000
64046  42.803  -20.605  52.762 0.0000000000
131877  42.034  -20.452  52.980 0.0000000000
63992  44.348  -20.345  55.432 0.0000000000
64008  43.322  -20.387  54.634 0.0000000000
64030  42.412  -20.408  53.695 0.0000000000
64031  41.478  -20.454  53.613 0.0000000000
64011  40.870  -20.693  54.349 0.0000000000
64012  40.127  -20.846  54.113 0.0000000000
63009  40.791  -21.061  55.062 0.0000000000
63021  39.492  -21.334  54.357 0.0000000000
63022  38.316  -22.119  54.636 0.0000000000
63938  49.233  -21.205  59.821 0.0000000000
63931  47.646  -21.318  60.537 0.0000000000
142395  44.032  -21.691  59.002 0.0000000000
62909  46.919  -21.663  62.997 0.0000000000
62950  44.658  -22.459  61.014 0.0000000000
62038  41.814  -22.475  58.571 0.0000000000
62997  40.080  -22.259  56.566 0.0000000000
62073  38.265  -22.503  55.245 0.0000000000
62065  37.770  -22.987  55.556 0.0000000000
62066  37.105  -23.139  55.114 0.0000000000
61090  38.285  -23.434  56.953 0.0000000000
61091  37.625  -23.558  56.617 0.0000000000
61063  38.496  -23.088  58.600 0.0000000000
62031  37.881  -23.169  58.482 0.0000000000
61075  37.510  -23.490  58.070 0.0000000000
151918  36.282  -23.867  57.800 0.0000000000
67034  46.356  -17.178  65.486 0.0000000000
67052  45.012  -17.584  65.231 0.0000000000
64890  46.006  -19.731  69.670 0.0000000000
64891  45.256  -19.962  69.126 0.0000000000
60012  42.950  -24.312  68.795 0.0000000000
151738  43.134  -23.684  68.582 0.0000000000
61884  43.682  -22.809  68.816 0.0000000000
143533  44.633  -19.304  68.568 0.0000000000
65903  44.520  -18.480  68.173 0.0000000000
65919  43.789  -18.418  67.367 0.0000000000
64905  42.399  -19.592  66.625 0.0000000000
65928  42.714  -19.069  66.382 0.0000000000
65927  43.299  -18.517  66.511 0.0000000000
65935  43.416  -18.364  65.464 0.0000000000
65952  42.911  -18.745  64.982 0.0000000000
64926  42.748  -19.084  64.265 0.0000000000
63877  40.996  -20.084  63.660 0.0000000000
63878  40.569  -20.519  64.291 0.0000000000
144177  40.361  -20.577  63.659 0.0000000000
63892  39.883  -20.872  63.282 0.0000000000
62915  39.401  -21.267  62.828 0.0000000000
60994  39.773  -23.964  64.969 0.0000000000
61967  38.074  -22.908  62.603 0.0000000000
135562  37.284  -23.376  61.761 0.0000000000
60103  36.519  -24.368  61.401 0.0000000000
138957  36.551  -29.964  62.106 0.0000000000
51455  35.738  -32.920  71.973 0.0000000000
51465  35.140  -32.554  71.422 0.0000000000
51466  34.528  -32.357  70.785 0.0000000000
138295  34.120  -33.157  70.548 0.0000000000
52563  33.301  -32.000  69.252 0.0000000000
52568  32.805  -31.768  68.465 0.0000000000
49357  33.091  -35.454  68.086 0.0000000000
132459  32.427  -34.306  67.103 0.0000000000
143526  32.584  -33.212  68.369 0.0000000000
53814  32.062  -30.464  63.072 0.0000000000
48332  29.816  -35.598  65.070 0.0000000000
49465  28.133  -34.340  61.024 0.0000000000
50534  28.799  -33.905  61.495 0.0000000000
50500  30.437  -33.490  63.276 0.0000000000
52663  30.799  -31.602  61.541 0.0000000000
53835  31.932  -30.642  62.157 0.0000000000
53853  32.640  -30.726  61.654 0.0000000000
68351  53.193  -17.056  49.326 0.0000000000
68401  51.733  -16.695  47.364 0.0000000000
68400  52.531  -16.553  47.538 0.0000000000
68379  53.382  -16.384  47.809 0.0000000000
134766  52.784  -16.448  46.340 0.0000000000
68417  52.923  -16.716  45.690 0.0000000000
67330  49.406  -17.535  44.861 0.0000000000
64088  44.608  -20.619  49.991 0.0000000000
65104  44.161  -19.907  49.288 0.0000000000
134899  42.835  -19.641  48.452 0.0000000000
47117  35.824  -36.690  73.711 0.0000000000
47160  34.626  -36.972  70.942 0.0000000000
48159  17.027  -35.537  79.563 0.0000000000
48232  36.864  -35.993  74.103 0.0000000000
48417  28.672  -35.039  59.587 0.0000000000
49256  37.163  -34.933  75.344 0.0000000000
49272  37.874  -35.227  74.976 0.0000000000
49292  37.487  -35.457  74.024 0.0000000000
49454  23.992  -34.836  62.444 0.0000000000
50325  38.581  -34.224  75.693 0.0000000000
50326  37.775  -34.216  75.678 0.0000000000
50343  39.016  -34.181  75.242 0.0000000000
50366  35.889  -34.022  72.207 0.0000000000
50484  21.574  -33.453  64.349 0.0000000000
51416  40.172  -32.818  75.867 0.0000000000
51417  39.140  -33.642  76.019 0.0000000000
51419  37.252  -33.727  75.731 0.0000000000
51433  39.627  -33.519  74.867 0.0000000000
51454  36.812  -32.544  72.662 0.0000000000
52468  40.962  -31.579  75.649 0.0000000000
52469  40.404  -31.922  76.101 0.0000000000
52478  18.137  -31.030  75.489 0.0000000000
52485  40.550  -32.117  74.860 0.0000000000
52532  18.736  -31.573  72.481 0.0000000000
53585  40.164  -31.166  76.206 0.0000000000
53586  39.333  -31.155  76.147 0.0000000000
53608  41.853  -30.202  74.952 0.0000000000
53627  41.477  -30.738  74.805 0.0000000000
53646  41.930  -30.026  74.519 0.0000000000
55849  36.975  -28.982  76.321 0.0000000000
55860  41.351  -29.271  75.393 0.0000000000
55889  42.627  -28.873  73.757 0.0000000000
56936  39.652  -28.218  75.524 0.0000000000
56981  42.964  -27.246  72.408 0.0000000000
58074  41.800  -26.987  71.319 0.0000000000
58987  40.878  -26.240  74.582 0.0000000000
58999  43.507  -26.151  72.996 0.0000000000
59000  43.099  -26.039  73.444 0.0000000000
59014  43.643  -25.743  72.354 0.0000000000
61037  36.840  -23.586  61.359 0.0000000000
61117  35.265  -23.614  51.410 0.0000000000
61118  34.780  -24.224  51.870 0.0000000000
61126  35.583  -23.902  50.625 0.0000000000
61142  37.855  -23.645  48.442 0.0000000000
62053  38.195  -23.157  56.222 0.0000000000
62074  37.638  -22.549  54.680 0.0000000000
62090  35.616  -22.922  51.287 0.0000000000
62910  45.944  -21.891  62.759 0.0000000000
63011  38.949  -21.967  55.042 0.0000000000
63066  36.728  -21.866  50.746 0.0000000000
63078  37.927  -21.904  49.724 0.0000000000
63852  45.263  -21.474  69.659 0.0000000000
64050  38.894  -20.797  52.168 0.0000000000
65904  43.805  -19.090  67.940 0.0000000000
68322  54.226  -16.825  50.351 0.0000000000
130424  34.277  -32.202  76.286 0.0000000000
131826  42.762  -27.453  74.073 0.0000000000
134202  17.932  -33.280  79.186 0.0000000000
137074  40.743  -31.139  73.936 0.0000000000
137323  36.444  -34.676  75.340 0.0000000000
140197  17.514  -34.165  76.260 0.0000000000
140232  34.232  -35.661  74.260 0.0000000000
140752  46.018  -18.238  69.375 0.0000000000
141207  30.645  -31.868  60.770 0.0000000000
142200  17.886  -32.263  78.202 0.0000000000
144033  19.863  -32.591  70.379 0.0000000000
146143  39.701  -32.479  76.300 0.0000000000
152242  29.702  -34.480  75.688 0.0000000000
153563  53.119  -20.319  54.101 0.0000000000
154652  41.273  -30.180  73.624 0.0000000000
