#!ascii label  , from subject sub-v1s4x0050689_ses-1 vox2ras=TkReg
1856
28595  48.749  -58.251  1.973 0.6000000238
29430  47.554  -57.088  3.594 0.5000000000
30249  48.505  -56.190  0.515 0.6999999881
29459  48.422  -56.001  -0.018 0.6000000238
28611  47.753  -56.819  -0.195 0.6000000238
29467  47.133  -56.000  -0.526 0.6000000238
29445  48.185  -56.712  2.223 0.6999999881
29453  48.493  -56.516  1.285 0.6000000238
28601  48.497  -57.532  0.783 0.5000000000
28602  48.068  -57.566  0.122 0.5000000000
28603  47.046  -57.769  -0.180 0.5000000000
28612  46.443  -56.918  -0.414 0.6000000238
30266  45.915  -55.687  -0.852 0.6000000238
29429  47.554  -56.416  3.067 0.5000000000
28589  48.130  -57.252  2.919 0.5000000000
141991  48.576  -58.370  1.267 0.6000000238
29469  44.971  -56.045  -0.522 0.6000000238
28561  46.427  -57.484  4.233 0.5000000000
28562  45.614  -57.428  4.545 0.5000000000
31111  47.849  -53.920  -1.314 0.6000000238
31112  46.546  -54.136  -1.379 0.6999999881
31084  47.410  -54.635  1.167 0.6000000238
31091  48.428  -54.653  -0.157 0.6999999881
31101  48.353  -54.126  -0.682 0.6000000238
31102  47.473  -54.611  -1.020 0.6000000238
31103  46.018  -54.896  -1.150 0.6000000238
30251  47.704  -55.346  1.473 0.6000000238
30250  48.431  -55.764  0.812 0.6999999881
30267  45.214  -55.352  -0.814 0.6000000238
30227  46.807  -55.716  3.703 0.5000000000
30242  47.177  -55.557  2.599 0.5000000000
30257  44.567  -55.363  -0.396 0.6000000238
28577  47.070  -57.284  3.995 0.5000000000
31093  44.289  -54.792  -0.219 0.6000000238
29416  46.238  -56.716  4.536 0.5000000000
30258  43.891  -55.299  0.301 0.6000000238
148329  42.983  -53.969  1.492 0.6999999881
30252  43.117  -55.481  1.225 0.6000000238
31077  42.270  -54.362  2.033 0.6999999881
31086  42.732  -54.771  1.474 0.6000000238
30243  42.239  -55.143  1.910 0.6000000238
30245  41.049  -55.190  2.707 0.6000000238
30244  41.674  -55.459  2.471 0.6000000238
31056  36.994  -54.143  4.332 0.5000000000
31929  36.030  -53.189  3.995 0.6999999881
31920  36.635  -53.369  4.403 0.6000000238
32828  35.750  -52.921  3.355 0.8000000119
31930  35.677  -53.635  3.344 0.6999999881
32861  47.237  -52.818  -1.975 0.6000000238
142233  46.131  -53.048  -1.739 0.6999999881
31952  48.261  -53.660  -0.246 0.6999999881
134979  48.402  -54.044  -0.411 0.6999999881
31968  48.496  -53.489  -1.082 0.6000000238
31113  45.528  -54.220  -1.260 0.6999999881
32863  45.295  -53.017  -1.375 0.6999999881
31953  47.232  -53.526  0.495 0.6000000238
135412  44.657  -53.096  -0.643 0.8000000119
31938  45.822  -53.643  2.472 0.5000000000
31937  46.479  -54.130  1.790 0.5000000000
31955  44.134  -53.129  0.316 0.8000000119
31954  44.335  -53.995  -0.260 0.6000000238
31063  45.780  -54.184  3.503 0.5000000000
31062  46.505  -54.935  3.186 0.5000000000
31094  43.905  -54.552  0.260 0.6000000238
29404  45.616  -55.996  5.140 0.5000000000
130958  43.501  -53.162  1.189 0.8000000119
147463  42.961  -53.183  1.816 0.8000000119
31085  43.332  -54.682  0.878 0.6999999881
31940  41.759  -53.860  2.589 0.6999999881
31939  42.440  -53.540  2.192 0.6999999881
31927  40.535  -53.490  3.550 0.6999999881
31926  41.357  -53.263  3.175 0.6999999881
31928  39.686  -53.721  3.865 0.6000000238
31079  40.793  -54.779  2.838 0.6000000238
31078  41.499  -54.724  2.471 0.6000000238
31054  38.861  -53.923  4.151 0.6999999881
31065  39.393  -54.385  3.680 0.6999999881
31064  40.190  -54.429  3.313 0.6000000238
31919  37.376  -53.439  4.626 0.6999999881
31066  38.654  -54.648  3.853 0.6000000238
31055  37.960  -54.094  4.351 0.6000000238
32827  36.012  -52.385  3.842 0.8999999762
32838  35.667  -53.193  2.535 0.6999999881
33848  36.181  -51.587  3.568 0.8000000119
33887  46.975  -52.023  -2.291 0.6000000238
32862  45.916  -52.328  -1.819 0.6999999881
33879  45.346  -51.511  -1.293 0.6999999881
31969  47.944  -53.351  -1.544 0.6000000238
33880  44.800  -51.475  -0.433 0.6000000238
154758  48.061  -52.262  -0.602 0.4000000060
32845  48.365  -53.103  -0.628 0.6000000238
32860  48.387  -52.764  -1.495 0.6000000238
32856  44.994  -52.273  -0.994 0.6999999881
32846  47.176  -52.257  0.100 0.6000000238
32847  44.482  -52.307  -0.066 0.8000000119
133846  45.562  -52.766  2.280 0.4000000060
32842  45.925  -52.357  1.583 0.5000000000
31947  46.259  -53.308  1.454 0.6000000238
31924  45.183  -53.101  3.253 0.5000000000
32848  43.900  -52.257  0.875 0.8000000119
31052  45.661  -54.443  4.500 0.4000000060
32835  42.653  -52.758  2.298 0.8000000119
30213  45.688  -55.081  5.146 0.5000000000
32825  41.769  -52.480  3.234 0.8000000119
146569  40.153  -52.084  4.610 0.8000000119
32826  40.914  -52.517  3.828 0.6999999881
139601  42.329  -52.406  2.769 0.8000000119
31917  39.102  -53.223  4.525 0.8000000119
31916  39.982  -52.947  4.258 0.6999999881
32805  38.541  -52.025  5.375 0.8999999762
32816  38.386  -52.732  5.009 0.8999999762
150517  37.677  -52.894  4.899 0.8999999762
31918  38.223  -53.391  4.636 0.6000000238
32818  36.490  -52.609  4.485 0.8999999762
130519  36.524  -51.878  1.675 0.8000000119
32850  37.517  -51.943  0.604 0.8000000119
136351  36.244  -52.795  1.544 0.8000000119
33858  36.374  -51.279  2.592 0.8000000119
32837  35.938  -52.257  2.767 0.6999999881
33888  46.077  -51.443  -1.940 0.6999999881
35827  45.308  -50.094  -0.707 0.6000000238
32866  48.087  -52.205  -2.238 0.6000000238
142024  46.803  -51.333  -2.355 0.5000000000
34823  44.862  -50.667  -0.227 0.6999999881
33877  48.679  -51.725  -1.608 0.4000000060
32854  48.538  -52.179  -1.702 0.5000000000
33886  48.601  -52.073  -2.020 0.6000000238
149094  44.535  -51.052  0.251 0.6999999881
33868  47.359  -51.450  -0.102 0.5000000000
153740  44.001  -51.628  0.958 0.6999999881
34805  46.290  -50.911  1.331 0.5000000000
33862  46.337  -51.854  1.026 0.6000000238
33844  44.929  -51.424  3.138 0.4000000060
33855  45.380  -51.435  2.503 0.4000000060
34801  42.500  -50.562  3.152 0.8000000119
33856  42.924  -51.877  2.401 0.8000000119
33845  44.474  -51.382  3.809 0.4000000060
32824  42.287  -51.789  3.084 0.8000000119
32843  43.287  -52.462  1.734 0.8000000119
31915  44.750  -53.445  5.000 0.3000000119
134748  40.280  -51.185  5.028 0.8000000119
136163  41.617  -51.745  3.641 0.8000000119
33838  39.444  -51.732  5.239 0.8000000119
33827  37.905  -51.441  5.622 0.8999999762
33828  37.175  -51.456  5.395 0.8999999762
32806  37.591  -52.220  5.251 0.8999999762
33829  36.722  -51.427  5.098 0.8999999762
32807  36.859  -52.080  5.028 0.8999999762
133799  38.673  -51.902  -0.317 0.8000000119
33839  36.398  -51.754  4.467 0.8999999762
33866  37.128  -50.972  1.394 0.8000000119
34793  36.382  -50.763  3.396 0.8000000119
34829  46.288  -50.666  -2.084 0.6000000238
34830  45.628  -50.745  -1.448 0.6000000238
34836  47.253  -50.796  -2.581 0.6000000238
34820  49.111  -50.978  -1.950 0.4000000060
33892  48.867  -51.358  -2.223 0.4000000060
33893  48.605  -51.500  -2.462 0.4000000060
33894  47.729  -51.551  -2.533 0.5000000000
34813  44.498  -50.433  0.527 0.6999999881
34821  48.502  -50.766  -1.137 0.4000000060
34806  44.087  -50.295  1.265 0.6999999881
35809  46.731  -50.088  1.195 0.5000000000
34811  47.663  -50.666  -0.259 0.4000000060
136382  43.298  -51.007  2.202 0.6999999881
148116  46.689  -49.589  1.727 0.5000000000
34792  42.074  -50.363  3.579 0.8000000119
33857  42.691  -51.105  2.820 0.8000000119
150414  40.579  -50.355  5.001 0.8000000119
33847  41.602  -50.920  3.931 0.8000000119
137687  39.104  -50.629  5.822 0.8000000119
34776  37.464  -50.747  5.753 0.8999999762
33826  38.779  -51.306  5.639 0.8999999762
34777  36.831  -50.689  5.426 0.8999999762
34786  36.481  -50.956  4.792 0.8999999762
138853  36.354  -50.395  4.188 1.0000000000
34808  37.927  -50.331  0.725 0.8000000119
35805  36.415  -49.797  3.285 1.0000000000
34802  36.652  -50.421  2.432 0.8000000119
34809  37.189  -50.169  1.578 0.8000000119
35835  45.944  -49.783  -1.591 0.6000000238
35817  45.071  -49.159  -0.042 0.6000000238
35834  46.776  -49.912  -2.390 0.6000000238
36822  44.689  -48.576  0.778 0.6999999881
34828  49.636  -50.270  -2.594 0.4000000060
34834  49.327  -50.668  -2.998 0.4000000060
34835  48.400  -50.933  -2.902 0.4000000060
35826  48.199  -49.928  -0.410 0.4000000060
35811  43.894  -49.565  1.656 0.6999999881
35808  47.323  -49.380  1.244 0.5000000000
134337  49.042  -49.321  -0.451 0.4000000060
35803  43.371  -49.588  2.334 0.8000000119
34784  41.584  -50.078  4.102 0.8000000119
35792  42.528  -49.064  3.238 0.8000000119
35772  40.378  -49.630  5.273 0.8000000119
33836  41.057  -50.659  4.526 0.8000000119
34766  38.643  -50.028  6.145 0.8000000119
34774  39.924  -50.497  5.469 0.8000000119
34775  38.250  -50.734  5.917 0.8999999762
35775  36.677  -49.801  5.578 0.8999999762
128350  36.425  -50.166  5.000 1.0000000000
35794  36.239  -49.587  4.331 1.0000000000
35812  37.553  -49.594  1.108 0.8000000119
33872  38.301  -51.157  0.254 0.8000000119
36808  36.417  -48.956  2.629 1.0000000000
35813  36.785  -49.630  2.112 0.8000000119
143103  46.607  -48.981  -2.101 0.6000000238
145290  45.564  -49.263  -0.840 0.6000000238
135942  44.201  -48.796  1.468 0.6999999881
36815  43.894  -48.154  1.886 0.6999999881
34827  50.108  -49.949  -3.128 0.4000000060
35841  48.992  -50.138  -3.381 0.5000000000
150207  48.469  -49.458  -3.314 0.5000000000
143523  43.644  -48.870  2.088 0.8000000119
36806  43.353  -48.186  2.417 0.8000000119
35825  49.193  -49.966  -1.446 0.4000000060
35804  43.096  -48.922  2.653 0.8000000119
36820  49.674  -48.666  0.228 0.4000000060
36830  50.106  -49.038  -1.103 0.4000000060
35784  41.512  -49.143  4.205 0.8000000119
35793  42.039  -49.582  3.674 0.8000000119
34785  41.034  -49.803  4.648 0.8000000119
138066  39.510  -49.874  5.826 0.8000000119
35774  37.131  -50.021  5.911 0.8999999762
35761  37.417  -49.380  6.253 0.8000000119
35786  36.272  -49.380  5.139 1.0000000000
36786  35.961  -48.810  4.539 1.0000000000
36776  36.103  -48.618  5.375 1.0000000000
147302  36.391  -48.321  2.111 1.0000000000
35819  38.567  -49.695  0.184 0.8000000119
36817  37.010  -48.859  1.536 1.0000000000
137183  36.708  -48.023  1.401 1.0000000000
36824  37.430  -48.374  0.827 1.0000000000
145776  35.912  -46.965  1.988 1.0000000000
39711  35.753  -45.835  1.970 1.0000000000
38795  36.016  -46.416  1.583 1.0000000000
39710  36.175  -45.640  1.123 1.0000000000
40557  35.778  -45.037  2.040 1.0000000000
36821  45.188  -48.153  0.188 0.6999999881
37846  44.462  -47.302  1.318 0.6999999881
36836  46.578  -48.070  -1.899 0.6000000238
37869  46.103  -47.853  -1.122 0.6000000238
36814  44.383  -48.029  1.360 0.6999999881
35842  47.512  -49.189  -2.773 0.6000000238
35843  50.337  -49.092  -3.813 0.5000000000
37840  43.044  -47.460  2.685 0.8000000119
36829  50.843  -49.086  -2.309 0.4000000060
36807  42.774  -48.238  2.940 0.8000000119
36784  41.193  -48.322  4.485 0.8000000119
36785  40.658  -48.281  4.970 0.8000000119
35773  39.872  -49.042  5.682 0.8000000119
137879  40.421  -48.842  5.238 0.8000000119
35760  38.205  -49.357  6.361 0.6999999881
35759  39.080  -49.242  6.195 0.8000000119
35762  36.865  -49.301  6.033 0.8999999762
37796  37.372  -47.885  6.631 0.8000000119
140721  36.505  -49.150  5.666 0.8999999762
144081  36.777  -48.146  6.381 1.0000000000
153047  36.195  -48.264  5.783 1.0000000000
36787  35.712  -48.039  4.749 1.0000000000
37826  35.600  -47.325  4.984 1.0000000000
38761  35.615  -46.757  5.242 1.0000000000
36798  35.726  -48.151  3.906 1.0000000000
38773  35.501  -46.639  4.543 1.0000000000
37834  35.549  -47.359  4.181 1.0000000000
39696  35.527  -45.420  3.546 1.0000000000
38788  35.692  -46.424  2.403 1.0000000000
37854  37.285  -47.714  0.630 1.0000000000
151693  38.402  -48.254  -0.131 1.0000000000
130340  35.632  -45.015  2.905 1.0000000000
37848  36.457  -47.183  1.266 1.0000000000
38794  36.592  -46.460  0.730 1.0000000000
131801  36.607  -45.155  0.387 1.0000000000
41364  36.211  -44.106  1.899 1.0000000000
40556  36.263  -44.726  1.111 1.0000000000
37851  45.221  -47.305  0.352 0.6999999881
37847  44.094  -47.573  1.719 0.6999999881
37868  46.645  -47.180  -1.838 0.5000000000
37860  45.651  -47.578  -0.362 0.6999999881
37839  43.642  -47.477  2.165 0.6999999881
36844  47.367  -48.214  -2.671 0.6000000238
37875  49.684  -47.575  -4.183 0.5000000000
36843  48.473  -48.441  -3.425 0.5000000000
37832  42.488  -47.519  3.237 0.8000000119
37833  41.954  -47.561  3.747 0.8000000119
37825  40.902  -47.614  4.729 0.6999999881
37811  40.423  -47.662  5.258 0.8000000119
36775  39.478  -48.413  6.052 0.8000000119
37812  39.855  -47.687  5.815 0.8000000119
37795  38.174  -47.988  6.640 0.6999999881
37794  39.013  -47.655  6.481 0.6999999881
38746  37.060  -46.947  6.909 0.8999999762
38728  37.606  -46.420  7.187 0.8000000119
133541  37.248  -44.889  7.559 0.8000000119
40502  37.590  -44.201  7.841 0.8000000119
37798  36.349  -47.068  6.362 0.8999999762
38729  37.074  -46.153  7.197 0.8000000119
148916  36.721  -44.871  7.287 0.8000000119
133113  35.842  -46.499  5.884 1.0000000000
38747  36.438  -46.169  6.714 0.8999999762
39665  36.334  -45.238  6.773 0.8999999762
41311  37.273  -43.541  7.837 0.8000000119
39666  35.792  -45.603  5.903 0.8999999762
40531  35.697  -44.868  5.333 1.0000000000
39689  35.471  -45.833  4.332 1.0000000000
38781  35.516  -46.496  3.470 1.0000000000
40544  35.701  -44.596  3.512 1.0000000000
40550  35.904  -44.338  2.727 1.0000000000
40565  36.777  -44.498  0.252 1.0000000000
41347  36.193  -43.371  4.038 1.0000000000
41355  36.356  -43.506  2.610 1.0000000000
41374  36.572  -43.901  1.022 1.0000000000
146445  36.454  -42.994  3.313 1.0000000000
145818  36.680  -42.226  3.317 1.0000000000
42147  37.091  -42.632  1.742 1.0000000000
38806  45.695  -46.656  -0.148 0.6999999881
38798  45.160  -46.580  0.620 0.6999999881
38799  44.614  -46.480  1.284 0.6999999881
38786  43.412  -46.608  2.432 0.6999999881
38805  46.248  -46.209  -0.879 0.6000000238
37876  48.316  -47.171  -3.526 0.5000000000
144370  42.441  -46.235  3.365 0.6999999881
39695  41.936  -46.066  3.859 0.8000000119
144371  41.446  -46.316  4.364 0.6999999881
38759  40.296  -46.529  5.613 0.6999999881
39688  40.927  -46.167  4.967 0.6999999881
38760  39.693  -46.983  6.082 0.6999999881
38744  38.985  -46.677  6.750 0.6999999881
38745  38.082  -47.139  6.939 0.6999999881
129606  37.930  -44.804  7.738 0.8000000119
132216  38.708  -44.509  7.750 0.8000000119
41292  38.780  -43.178  8.289 0.8000000119
40484  38.126  -44.176  8.003 0.8000000119
42075  38.210  -42.633  8.408 0.8000000119
42076  37.536  -42.805  8.134 0.8000000119
40520  35.955  -44.824  6.163 1.0000000000
41312  36.656  -43.528  7.294 0.8999999762
42077  37.188  -42.235  7.977 0.8000000119
41327  36.279  -43.388  6.406 1.0000000000
42958  36.749  -41.979  7.467 0.8000000119
40538  35.574  -44.932  4.377 1.0000000000
40530  35.975  -44.084  5.711 1.0000000000
41348  35.846  -44.114  4.144 1.0000000000
42136  36.462  -42.530  4.081 1.0000000000
41383  36.993  -43.847  0.225 1.0000000000
41382  37.632  -43.482  -0.308 1.0000000000
42990  36.636  -41.678  3.859 1.0000000000
133295  36.669  -40.815  3.777 1.0000000000
42995  36.928  -41.366  2.875 1.0000000000
41373  37.173  -43.127  0.884 1.0000000000
43950  36.795  -40.414  3.140 1.0000000000
39717  45.124  -45.874  0.895 0.6999999881
39708  44.657  -45.573  1.499 0.6999999881
39701  43.541  -45.625  2.517 0.6000000238
39702  42.905  -45.985  2.947 0.6000000238
39694  42.505  -45.552  3.486 0.6000000238
39687  41.527  -45.593  4.514 0.6999999881
39678  40.456  -45.688  5.804 0.6999999881
38743  39.741  -46.162  6.350 0.6999999881
41309  39.358  -43.736  7.863 0.8000000119
39664  39.091  -45.821  7.061 0.6999999881
39647  39.155  -45.114  7.342 0.8000000119
42933  39.225  -41.538  8.559 0.8000000119
42934  38.432  -41.807  8.549 0.8000000119
42936  37.147  -41.543  8.046 0.8000000119
140099  36.474  -42.029  6.724 0.8000000119
138544  36.772  -41.055  7.644 0.8000000119
136329  36.202  -43.195  5.426 1.0000000000
42972  36.435  -41.580  6.128 1.0000000000
152954  36.523  -40.625  7.162 0.6999999881
42981  36.452  -41.797  5.296 1.0000000000
43918  36.442  -40.691  6.287 0.8999999762
145538  36.516  -41.933  4.559 1.0000000000
133320  36.532  -41.158  4.667 1.0000000000
44906  36.452  -39.595  5.124 1.0000000000
42161  38.543  -43.163  -1.047 1.0000000000
43942  36.618  -39.958  3.724 1.0000000000
42146  37.480  -42.283  1.195 1.0000000000
42153  37.891  -42.573  0.083 1.0000000000
43008  37.251  -41.923  1.994 1.0000000000
39709  44.064  -46.065  1.938 0.6999999881
40537  41.712  -44.641  4.782 0.6000000238
40528  41.334  -44.413  5.505 0.6999999881
40518  39.889  -45.231  6.702 0.6999999881
40529  40.708  -44.829  6.036 0.6999999881
40501  39.603  -44.508  7.366 0.6999999881
40500  40.060  -43.923  7.375 0.8000000119
42096  39.604  -42.853  8.135 0.6999999881
42073  39.822  -42.019  8.304 0.6999999881
43884  38.413  -40.417  8.787 0.6999999881
43885  37.671  -40.222  8.629 0.6999999881
146629  37.111  -39.947  8.338 0.6999999881
44883  36.525  -39.417  7.452 0.8000000119
43886  36.704  -40.137  7.781 0.6999999881
145547  36.464  -41.134  5.525 0.8999999762
43927  36.467  -40.433  5.333 1.0000000000
128553  36.388  -38.934  5.739 1.0000000000
144142  38.322  -41.950  0.053 1.0000000000
44915  36.492  -39.417  4.336 1.0000000000
131919  37.629  -40.842  1.270 1.0000000000
43959  37.101  -40.221  2.304 1.0000000000
40549  43.736  -44.748  2.688 0.6000000238
40542  43.326  -44.283  3.300 0.6000000238
40543  42.683  -44.689  3.666 0.6000000238
41354  42.913  -43.827  3.864 0.6000000238
40536  42.338  -44.259  4.289 0.6000000238
41346  42.021  -43.852  4.886 0.6000000238
41335  41.652  -43.640  5.605 0.6000000238
41325  41.020  -44.022  6.228 0.6000000238
41326  40.656  -43.616  6.964 0.6000000238
42111  40.897  -42.845  7.218 0.6999999881
42957  40.533  -41.592  7.965 0.6999999881
43882  40.105  -40.413  8.399 0.6999999881
43883  39.321  -40.611  8.675 0.6999999881
45879  39.520  -38.893  8.838 0.6999999881
44829  38.687  -38.959  9.160 0.6999999881
44830  37.950  -38.819  9.122 0.6999999881
54586  46.361  -30.138  4.280 0.3000000119
45880  37.343  -38.561  8.692 0.6999999881
44857  37.483  -39.418  8.682 0.6999999881
54618  45.717  -30.851  1.785 0.3000000119
45881  36.773  -38.217  8.167 0.8000000119
41404  38.825  -44.787  -3.057 0.8999999762
45916  36.378  -39.067  6.690 1.0000000000
41402  39.488  -43.890  -2.965 1.0000000000
42160  38.918  -42.422  -0.917 1.0000000000
41398  39.538  -43.545  -2.319 1.0000000000
128552  36.434  -38.803  4.882 1.0000000000
45961  36.537  -38.654  2.877 1.0000000000
44933  36.689  -39.631  3.006 1.0000000000
154014  37.383  -40.560  1.741 1.0000000000
43018  38.097  -41.307  0.486 1.0000000000
44945  36.780  -39.283  2.391 1.0000000000
41363  43.971  -43.884  2.887 0.6000000238
41353  43.553  -43.413  3.491 0.6000000238
41344  43.156  -43.016  4.082 0.6000000238
42130  42.777  -42.639  4.668 0.6000000238
42989  42.963  -41.745  4.754 0.6000000238
42979  42.483  -41.437  5.492 0.6999999881
42980  42.048  -41.918  6.116 0.6999999881
42121  41.874  -42.755  5.899 0.6000000238
42971  41.605  -41.526  6.827 0.6999999881
46922  45.904  -37.333  4.208 0.3000000119
48039  45.334  -37.041  4.764 0.3000000119
42956  41.067  -42.006  7.411 0.6999999881
43903  40.627  -40.717  8.027 0.6999999881
44854  39.805  -39.754  8.582 0.6999999881
53356  46.578  -31.436  5.790 0.3000000119
54569  46.153  -30.662  5.342 0.4000000060
54603  46.208  -29.766  2.837 0.4000000060
139506  45.776  -30.104  4.966 0.4000000060
40588  38.514  -45.479  -3.237 0.6999999881
41399  38.015  -43.827  -2.957 0.6999999881
128057  45.401  -28.043  1.829 0.3000000119
150063  44.800  -30.833  1.287 0.3000000119
46864  37.290  -37.635  8.702 0.6999999881
41403  39.307  -44.059  -3.083 0.8999999762
56813  45.000  -28.681  0.940 0.3000000119
55697  45.546  -29.693  1.862 0.3000000119
46884  36.493  -37.870  7.419 0.8000000119
132876  40.012  -43.047  -2.908 0.8999999762
56800  45.512  -28.750  2.079 0.3000000119
55685  45.789  -29.218  3.178 0.3000000119
133373  36.391  -38.320  6.859 0.8000000119
46908  36.396  -38.050  5.421 1.0000000000
43017  38.870  -41.605  -0.492 1.0000000000
46927  36.424  -38.136  4.489 1.0000000000
43972  38.019  -40.443  0.570 1.0000000000
43971  38.704  -40.794  -0.205 1.0000000000
45945  36.443  -38.305  3.710 1.0000000000
43958  37.502  -40.025  1.336 1.0000000000
45981  36.695  -38.574  2.057 1.0000000000
44944  37.065  -39.279  1.738 1.0000000000
147256  36.678  -37.935  1.723 1.0000000000
43935  42.843  -40.992  5.028 0.6999999881
43926  42.497  -40.614  5.553 0.6999999881
46959  45.024  -37.909  2.821 0.3000000119
46941  44.639  -37.651  3.516 0.4000000060
42970  42.083  -41.053  6.190 0.6999999881
43917  41.660  -40.630  6.870 0.6999999881
43902  41.197  -40.199  7.514 0.6999999881
142778  44.701  -36.802  5.278 0.4000000060
44882  40.612  -39.750  8.111 0.6999999881
48019  45.614  -36.589  5.630 0.3000000119
46905  43.822  -36.929  5.035 0.5000000000
46883  40.826  -37.884  8.024 0.6999999881
45878  40.226  -38.354  8.481 0.6999999881
48005  44.848  -36.084  6.429 0.5000000000
46863  39.614  -37.976  8.919 0.6999999881
51246  45.582  -33.823  7.230 0.4000000060
50135  44.255  -34.337  7.553 0.6000000238
51231  45.154  -33.040  7.417 0.5000000000
46839  39.038  -37.700  9.297 0.6999999881
52269  45.916  -33.020  6.991 0.3000000119
46840  38.396  -37.469  9.341 0.6999999881
57911  44.274  -27.738  5.614 0.4000000060
53317  44.885  -31.911  7.274 0.4000000060
46841  37.807  -37.136  9.189 0.6999999881
136377  45.325  -27.221  4.129 0.4000000060
54554  45.150  -30.750  6.333 0.4000000060
40583  37.315  -44.737  -2.567 0.6000000238
58858  45.401  -27.128  2.193 0.3000000119
57943  45.481  -27.914  2.813 0.3000000119
57935  45.443  -27.864  3.767 0.4000000060
133519  45.801  -29.524  4.240 0.4000000060
54571  44.894  -29.997  5.866 0.4000000060
46865  36.727  -37.183  8.109 0.6999999881
47947  37.875  -36.310  9.253 0.6999999881
56781  44.990  -28.442  4.957 0.4000000060
54555  44.517  -30.327  6.562 0.4000000060
135581  45.565  -28.992  3.979 0.3000000119
55662  44.765  -29.147  5.477 0.4000000060
154553  36.464  -37.132  7.292 0.8000000119
43029  39.768  -42.013  -1.522 1.0000000000
142174  36.409  -36.595  6.820 0.8999999762
145669  36.418  -37.516  4.782 1.0000000000
44963  37.458  -39.093  0.914 1.0000000000
46960  36.499  -37.149  2.598 1.0000000000
130614  36.445  -37.747  3.117 1.0000000000
46943  36.413  -37.450  3.968 1.0000000000
45980  36.986  -38.422  1.342 1.0000000000
45998  37.504  -38.184  0.534 1.0000000000
46973  36.959  -37.509  1.088 1.0000000000
42988  43.350  -40.867  4.448 0.6000000238
43934  43.350  -39.884  4.381 0.6000000238
44905  42.510  -39.740  5.496 0.6000000238
43916  42.130  -40.167  6.205 0.6999999881
44913  43.352  -38.957  4.253 0.5000000000
45935  42.921  -38.391  4.699 0.6000000238
44896  41.714  -39.707  6.857 0.6999999881
46924  44.383  -37.237  4.335 0.5000000000
46926  43.077  -37.682  4.633 0.4000000060
44881  41.251  -39.251  7.488 0.6999999881
46907  42.639  -37.745  5.257 0.6000000238
46894  41.796  -37.792  6.719 0.6999999881
48020  43.326  -36.735  5.650 0.6000000238
45902  41.303  -38.303  7.426 0.6999999881
147298  44.164  -35.803  6.753 0.6000000238
47992  40.937  -36.998  8.118 0.6999999881
46862  40.276  -37.496  8.578 0.6999999881
50134  45.080  -34.543  7.286 0.5000000000
50136  43.487  -34.446  7.688 0.6000000238
49081  42.346  -35.337  7.727 0.6000000238
47968  39.596  -37.086  9.120 0.6000000238
56741  42.397  -28.695  7.610 0.4000000060
52251  45.435  -32.344  7.088 0.4000000060
52252  44.484  -32.512  7.604 0.4000000060
50115  42.961  -34.086  8.024 0.5000000000
49060  41.612  -35.208  8.276 0.6000000238
136206  38.929  -37.068  9.395 0.6999999881
57898  43.376  -27.745  6.461 0.4000000060
52253  43.875  -33.008  7.950 0.5000000000
47946  38.398  -36.727  9.385 0.6999999881
56768  44.463  -28.340  5.540 0.4000000060
56756  42.899  -28.219  7.028 0.5000000000
53339  44.697  -31.112  6.970 0.4000000060
53318  44.100  -31.574  7.575 0.4000000060
141885  38.453  -36.057  9.416 0.6999999881
132328  38.979  -43.389  -3.253 0.8999999762
56780  45.383  -28.475  4.241 0.4000000060
54556  44.012  -29.938  6.804 0.4000000060
49063  36.994  -35.393  8.456 0.6999999881
47969  37.448  -35.837  8.896 0.6999999881
55650  44.356  -29.571  6.241 0.4000000060
141203  40.133  -42.372  -3.097 0.8999999762
145715  36.397  -36.667  6.068 0.8999999762
43028  40.287  -41.490  -2.137 0.8999999762
149111  37.885  -39.682  0.560 1.0000000000
134683  39.552  -41.152  -1.102 1.0000000000
48040  36.421  -36.814  4.632 1.0000000000
148912  36.438  -37.055  3.279 1.0000000000
45997  38.216  -38.936  -0.019 1.0000000000
43986  39.298  -40.281  -0.823 1.0000000000
48065  36.541  -36.334  2.957 1.0000000000
50195  37.385  -34.177  2.154 0.8999999762
50196  37.015  -34.876  2.648 1.0000000000
49135  36.780  -35.706  2.305 1.0000000000
46984  37.697  -37.294  0.238 1.0000000000
49142  37.042  -35.917  1.348 1.0000000000
48082  37.308  -36.621  0.692 1.0000000000
48081  38.103  -36.512  -0.089 0.8999999762
132003  37.411  -35.118  0.991 1.0000000000
49150  37.792  -35.704  0.308 0.8999999762
45924  42.518  -38.779  5.379 0.6000000238
45914  42.144  -38.246  6.003 0.6999999881
45915  41.744  -38.749  6.781 0.6999999881
46893  42.312  -37.346  6.052 0.6999999881
48008  41.995  -36.904  6.820 0.6999999881
48007  42.771  -36.590  6.322 0.6000000238
49093  43.237  -35.893  6.886 0.6000000238
46882  41.410  -37.379  7.441 0.6999999881
47990  42.393  -36.080  7.222 0.6999999881
49082  41.821  -35.825  7.801 0.6000000238
47966  41.108  -36.072  8.303 0.6000000238
49061  40.880  -35.417  8.666 0.6000000238
58815  42.583  -26.654  6.923 0.3000000119
49080  43.640  -35.156  7.358 0.6000000238
151575  42.908  -35.457  7.359 0.6000000238
49037  40.369  -35.893  8.895 0.6000000238
57885  42.226  -27.869  7.464 0.4000000060
147523  41.509  -27.506  7.833 0.4000000060
146250  42.300  -34.042  8.357 0.6000000238
50116  41.673  -34.380  8.549 0.6000000238
51212  41.817  -33.626  8.674 0.5000000000
49038  39.676  -35.681  9.293 0.6000000238
52226  42.564  -32.443  8.488 0.4000000060
50091  39.601  -34.810  9.413 0.6000000238
55638  41.871  -29.158  8.157 0.5000000000
53320  42.776  -31.076  8.243 0.4000000060
138810  43.390  -30.884  7.775 0.4000000060
137770  38.745  -34.693  9.491 0.6000000238
55637  42.587  -29.527  7.791 0.5000000000
55636  43.388  -29.942  7.373 0.4000000060
49062  37.555  -34.995  8.985 0.6000000238
142434  42.045  -30.787  8.544 0.4000000060
42176  39.750  -43.166  -3.153 0.8999999762
146420  36.460  -35.953  7.164 0.8999999762
49083  36.610  -35.702  7.849 0.8000000119
43046  40.131  -41.579  -3.319 0.8999999762
44000  40.414  -40.781  -2.618 0.8999999762
44987  40.345  -39.753  -2.352 0.8999999762
43985  40.116  -40.574  -1.709 0.8999999762
137204  36.484  -35.964  4.454 1.0000000000
137156  36.715  -35.504  3.027 1.0000000000
44976  39.146  -39.395  -0.756 1.0000000000
46983  38.341  -37.877  -0.305 0.8999999762
50202  37.557  -34.296  1.206 1.0000000000
50207  37.935  -34.743  0.302 1.0000000000
138556  38.617  -35.881  -0.487 0.8999999762
133017  37.991  -34.032  0.399 1.0000000000
50206  38.801  -34.233  -0.514 0.8999999762
137722  43.527  -25.996  6.141 0.3000000119
139698  42.092  -27.053  7.366 0.3000000119
128764  41.457  -26.780  7.664 0.3000000119
50089  40.943  -33.920  9.112 0.6000000238
56726  41.132  -28.829  8.475 0.5000000000
56727  40.301  -28.567  8.705 0.4000000060
139157  42.026  -32.960  8.689 0.5000000000
53294  42.343  -31.627  8.534 0.5000000000
51189  41.334  -33.046  9.075 0.5000000000
130997  39.987  -33.959  9.433 0.5000000000
52227  41.737  -32.268  8.863 0.5000000000
51190  40.379  -33.080  9.419 0.5000000000
54522  40.802  -30.137  8.996 0.5000000000
154148  41.289  -31.917  9.139 0.5000000000
49040  38.110  -35.410  9.349 0.6000000238
142497  41.489  -30.264  8.675 0.5000000000
54521  41.213  -30.827  8.968 0.5000000000
50117  37.624  -34.282  9.026 0.6999999881
53275  38.992  -31.565  9.466 0.5000000000
53274  39.783  -31.370  9.443 0.5000000000
50118  37.057  -34.547  8.488 0.6000000238
48009  36.444  -35.851  6.316 0.8999999762
49117  36.546  -35.202  5.046 0.8999999762
135711  36.438  -36.174  5.370 0.8999999762
50185  37.304  -34.008  2.991 0.8999999762
51284  37.223  -33.797  3.820 0.8999999762
50186  36.877  -34.803  3.546 0.8999999762
49125  36.579  -35.741  3.667 1.0000000000
46006  39.228  -38.438  -0.930 0.8999999762
44975  39.809  -39.806  -1.412 0.8999999762
135836  38.479  -37.104  -0.432 0.8999999762
51294  37.576  -33.610  1.706 0.8000000119
52330  37.649  -32.815  1.654 0.6999999881
46987  39.442  -37.362  -1.213 0.8999999762
49149  38.702  -35.144  -0.480 0.8999999762
48085  39.082  -36.473  -0.892 0.8999999762
59731  42.832  -25.865  6.658 0.3000000119
58800  41.956  -26.167  7.263 0.3000000119
58801  41.042  -26.165  7.721 0.4000000060
58802  40.149  -26.248  8.076 0.3000000119
57886  40.682  -27.042  8.122 0.3000000119
58787  39.630  -26.969  8.355 0.4000000060
56728  39.364  -28.402  8.777 0.4000000060
143754  40.349  -34.524  9.236 0.6000000238
55607  39.299  -29.842  9.218 0.5000000000
55623  38.813  -29.104  8.958 0.4000000060
147187  39.804  -32.729  9.524 0.5000000000
130611  39.274  -34.121  9.519 0.5000000000
54501  38.973  -30.708  9.357 0.5000000000
53273  40.803  -31.562  9.276 0.5000000000
51192  38.650  -33.854  9.497 0.5000000000
134776  38.524  -32.123  9.416 0.5000000000
51193  37.953  -33.582  9.299 0.5000000000
52209  37.991  -32.665  9.299 0.5000000000
53277  37.903  -31.882  9.167 0.5000000000
129032  36.928  -33.230  8.311 0.6000000238
50138  36.609  -34.393  7.685 0.6000000238
52270  36.615  -32.553  6.709 0.6999999881
50149  36.505  -34.216  6.733 0.6999999881
150108  36.485  -34.877  5.999 0.6999999881
51247  36.621  -33.364  6.263 0.6999999881
51259  36.862  -33.403  5.373 0.8000000119
136119  36.600  -33.991  5.900 0.8000000119
46986  40.142  -38.075  -1.849 0.8999999762
50174  36.843  -34.434  4.409 0.8999999762
51289  37.542  -33.357  2.428 0.6999999881
48084  40.064  -36.419  -1.791 0.8999999762
49154  39.664  -35.578  -1.368 0.8999999762
52335  37.933  -32.787  0.554 1.0000000000
59721  40.545  -25.386  7.722 0.3000000119
58803  39.317  -26.356  8.156 0.4000000060
130446  39.850  -25.009  7.743 0.3000000119
57871  39.002  -27.628  8.548 0.4000000060
59710  38.590  -26.041  7.865 0.3000000119
55624  37.865  -29.189  8.612 0.4000000060
57872  38.164  -27.587  8.254 0.4000000060
54502  38.244  -30.620  9.148 0.4000000060
132783  37.235  -28.936  7.899 0.4000000060
54523  37.773  -30.213  8.780 0.4000000060
54539  37.275  -30.794  8.391 0.4000000060
53297  36.835  -32.087  8.039 0.5000000000
53296  37.314  -31.739  8.590 0.5000000000
52283  36.892  -32.668  5.633 0.6000000238
51273  37.089  -33.569  4.605 0.8000000119
51272  37.420  -32.948  4.056 0.6999999881
50211  39.682  -34.699  -1.334 0.8999999762
49153  40.309  -34.832  -2.064 0.8999999762
53439  38.083  -32.109  0.004 0.8999999762
52340  39.635  -32.799  -1.476 0.8000000119
51301  39.506  -33.463  -1.168 0.8000000119
53446  38.161  -31.329  -0.461 0.6999999881
54646  37.986  -30.433  -0.951 0.8000000119
60649  39.576  -24.400  7.560 0.3000000119
132381  39.042  -25.130  7.705 0.3000000119
58789  37.935  -26.891  7.843 0.3000000119
58804  37.710  -26.092  7.305 0.4000000060
56743  37.291  -28.101  7.553 0.4000000060
57887  37.404  -27.170  7.295 0.4000000060
55653  36.886  -28.786  7.046 0.5000000000
54540  36.862  -30.539  7.625 0.5000000000
54557  36.755  -30.448  6.688 0.5000000000
55652  36.905  -29.633  6.182 0.5000000000
152834  36.657  -31.071  7.037 0.5000000000
54572  37.041  -30.574  5.707 0.5000000000
53340  36.801  -31.194  6.233 0.5000000000
52282  37.275  -32.074  5.070 0.6000000238
52297  37.512  -32.192  4.300 0.6999999881
53413  37.644  -31.617  2.930 0.6999999881
54619  37.612  -30.720  2.791 0.6999999881
130284  37.634  -31.974  2.020 0.6999999881
136066  37.508  -30.400  1.966 0.6999999881
149711  37.689  -31.480  0.596 0.8000000119
134359  37.382  -30.183  1.043 0.6999999881
60648  40.424  -24.539  7.571 0.3000000119
61570  39.263  -23.702  7.312 0.3000000119
60663  38.060  -24.172  6.839 0.4000000060
140355  38.237  -25.326  7.463 0.3000000119
60651  37.783  -24.984  6.937 0.4000000060
143485  37.359  -26.509  6.866 0.4000000060
128644  37.049  -27.934  6.791 0.4000000060
129137  37.142  -27.881  5.817 0.3000000119
152627  37.214  -29.292  5.384 0.5000000000
55663  37.308  -29.985  5.136 0.6000000238
56770  37.336  -28.662  5.095 0.3000000119
55675  37.489  -29.405  4.624 0.5000000000
129489  37.650  -28.744  4.190 0.4000000060
53379  37.486  -31.481  4.549 0.6999999881
54587  37.418  -30.752  4.824 0.6999999881
136070  37.565  -30.137  4.310 0.6000000238
53397  37.629  -31.584  3.801 0.6999999881
52310  37.613  -32.318  3.515 0.6999999881
136069  37.637  -30.225  3.480 0.6999999881
147754  37.707  -29.463  3.210 0.6000000238
137994  37.505  -24.973  6.201 0.3000000119
58816  37.264  -26.429  6.167 0.3000000119
57913  37.287  -27.113  5.568 0.3000000119
59742  37.369  -25.703  5.781 0.3000000119
58828  37.419  -26.410  5.271 0.3000000119
132507  37.855  -25.098  4.385 0.3000000119
56782  37.511  -27.851  4.691 0.3000000119
57924  37.858  -27.296  3.984 0.4000000060
55686  37.675  -29.481  3.850 0.5000000000
56791  37.836  -28.077  3.682 0.5000000000
57936  38.125  -27.452  3.181 0.5000000000
130220  37.783  -28.819  3.400 0.6000000238
148128  37.752  -28.926  2.596 0.6000000238
150665  39.202  -22.579  6.847 0.4000000060
137379  38.717  -22.272  6.392 0.3000000119
61583  38.087  -23.624  6.481 0.3000000119
62536  38.125  -23.139  6.168 0.3000000119
60675  37.649  -24.264  5.714 0.3000000119
61596  37.875  -23.587  5.251 0.3000000119
139870  37.529  -24.995  5.321 0.3000000119
60687  37.784  -24.328  4.834 0.3000000119
60700  38.167  -24.482  3.896 0.3000000119
59765  38.008  -25.867  3.926 0.4000000060
58846  38.413  -25.946  3.050 0.4000000060
135053  37.965  -28.167  2.923 0.6000000238
58860  38.329  -26.800  2.700 0.4000000060
58859  38.459  -26.149  2.207 0.4000000060
57944  38.123  -27.530  2.432 0.5000000000
137051  37.906  -28.163  2.288 0.6000000238
55725  37.538  -29.582  -0.762 0.6999999881
54645  39.046  -31.165  -1.578 0.8000000119
63516  39.626  -21.008  6.414 0.4000000060
62546  38.420  -22.125  5.844 0.3000000119
62547  38.118  -22.878  5.633 0.3000000119
62566  38.099  -22.908  4.775 0.3000000119
61610  38.087  -23.676  4.328 0.3000000119
61624  38.422  -23.812  3.328 0.4000000060
59775  38.543  -25.425  2.507 0.4000000060
59791  38.542  -25.500  1.743 0.4000000060
58877  38.241  -26.877  1.892 0.4000000060
57960  37.869  -27.675  1.589 0.5000000000
58876  38.313  -26.169  1.424 0.4000000060
56815  37.682  -28.577  1.754 0.6000000238
58888  37.953  -26.819  1.048 0.4000000060
147692  37.317  -29.073  0.129 0.6999999881
57971  37.552  -27.530  0.525 0.4000000060
58898  37.601  -26.717  0.027 0.4000000060
56827  37.310  -28.265  -0.066 0.6000000238
57982  37.334  -27.607  -0.870 0.5000000000
134839  37.518  -28.751  -1.227 0.6000000238
55729  38.344  -29.631  -1.762 0.6999999881
64581  40.354  -20.194  6.318 0.3000000119
63531  38.469  -21.322  5.426 0.3000000119
145979  38.282  -21.617  4.717 0.3000000119
144068  38.245  -22.236  4.346 0.3000000119
151018  38.616  -23.621  2.764 0.4000000060
60709  38.689  -24.786  2.122 0.3000000119
61651  39.110  -23.287  1.473 0.3000000119
60725  38.688  -24.785  1.234 0.3000000119
61664  38.979  -23.981  1.029 0.3000000119
58887  38.044  -26.027  0.617 0.4000000060
59801  38.415  -25.541  1.060 0.3000000119
60736  38.653  -24.406  0.559 0.3000000119
59810  38.227  -25.134  0.305 0.3000000119
60745  38.353  -24.344  -0.193 0.3000000119
59811  37.676  -25.863  -0.395 0.3000000119
60746  37.754  -25.023  -0.844 0.4000000060
58906  37.422  -26.638  -1.212 0.5000000000
57986  37.989  -28.043  -2.252 0.5000000000
56837  39.005  -28.880  -2.636 0.5000000000
64592  39.027  -19.920  5.717 0.3000000119
64593  38.579  -20.403  5.268 0.3000000119
132300  38.320  -21.538  3.972 0.3000000119
62584  38.431  -22.290  3.510 0.3000000119
149909  38.656  -22.336  2.798 0.3000000119
62631  39.285  -22.738  0.766 0.3000000119
146020  38.856  -23.801  0.322 0.3000000119
61673  38.602  -23.557  -0.484 0.3000000119
60756  37.969  -24.190  -1.236 0.3000000119
59820  37.513  -25.841  -1.682 0.4000000060
144151  37.610  -27.262  -1.962 0.5000000000
132531  38.923  -27.453  -2.970 0.5000000000
57989  39.648  -28.152  -3.374 0.5000000000
65597  38.662  -19.609  5.113 0.3000000119
64599  38.400  -20.113  4.480 0.3000000119
64639  38.412  -20.636  3.515 0.3000000119
63561  38.544  -21.628  3.082 0.3000000119
63575  38.865  -21.939  2.268 0.3000000119
62613  39.179  -22.361  1.520 0.3000000119
62630  39.356  -22.216  -0.040 0.3000000119
62643  38.893  -22.752  -0.700 0.3000000119
60757  37.665  -25.027  -2.100 0.4000000060
59827  38.303  -26.059  -3.108 0.4000000060
58910  39.558  -27.030  -3.572 0.4000000060
58913  39.833  -26.727  -3.850 0.4000000060
57988  40.082  -27.574  -3.852 0.5000000000
57991  40.209  -27.539  -4.004 0.4000000060
66702  40.457  -18.640  5.792 0.3000000119
65596  39.242  -19.103  5.533 0.3000000119
65618  38.425  -19.764  3.122 0.3000000119
141709  38.679  -21.063  2.446 0.3000000119
64657  39.077  -21.442  1.601 0.3000000119
63590  39.354  -21.858  0.814 0.3000000119
63616  39.357  -21.444  -0.608 0.3000000119
62654  38.794  -22.358  -1.539 0.3000000119
61683  38.330  -23.296  -1.630 0.3000000119
61684  37.977  -24.257  -2.418 0.4000000060
60766  38.334  -25.163  -3.219 0.3000000119
66704  39.138  -18.370  5.195 0.3000000119
66710  38.522  -18.689  4.238 0.3000000119
66725  38.428  -18.433  3.467 0.3000000119
138880  38.405  -19.181  3.661 0.3000000119
65636  38.549  -19.649  2.261 0.3000000119
133706  38.838  -20.432  1.700 0.3000000119
64668  39.190  -20.113  0.793 0.3000000119
63589  39.309  -20.961  0.895 0.3000000119
63603  39.425  -21.307  0.153 0.3000000119
65664  39.402  -19.954  -0.022 0.3000000119
62653  39.137  -22.062  -0.842 0.3000000119
138222  38.590  -17.966  4.163 0.3000000119
136068  38.419  -19.022  2.838 0.3000000119
66738  38.429  -18.235  2.544 0.3000000119
136274  38.543  -18.876  1.963 0.3000000119
65653  38.799  -19.510  1.399 0.3000000119
64675  39.455  -20.677  -0.404 0.3000000119
132033  39.464  -20.802  -1.239 0.3000000119
63625  38.947  -21.923  -2.296 0.3000000119
67826  38.450  -17.530  3.265 0.3000000119
68876  38.446  -16.923  2.655 0.3000000119
66752  38.566  -18.069  1.574 0.3000000119
67839  38.437  -17.477  2.230 0.4000000060
66766  38.839  -18.295  0.705 0.3000000119
66765  39.401  -19.196  -0.370 0.3000000119
64685  39.565  -19.901  -1.014 0.3000000119
136310  38.675  -17.528  0.891 0.4000000060
68901  38.574  -16.768  1.033 0.4000000060
150573  39.163  -18.551  0.032 0.4000000060
68893  38.449  -16.796  1.908 0.3000000119
68910  38.761  -16.591  0.086 0.4000000060
36809  35.938  -48.117  2.920 1.0000000000
37842  35.733  -47.182  2.696 1.0000000000
129337  37.687  -32.130  1.064 0.6999999881
135059  37.596  -30.739  0.250 0.8000000119
128625  37.396  -29.951  0.074 0.8000000119
145813  37.386  -29.533  0.846 0.6999999881
30256  48.475  -55.401  0.135 0.6000000238
30264  48.265  -55.081  -0.373 0.6000000238
31962  44.971  -53.779  -1.100 0.6000000238
30222  46.305  -55.836  4.554 0.5000000000
133959  48.607  -53.215  -0.998 0.6000000238
32817  37.050  -52.771  4.851 0.8999999762
32855  48.519  -52.583  -1.177 0.5000000000
32834  45.168  -52.157  2.807 0.4000000060
33863  45.799  -51.543  1.806 0.5000000000
31925  44.675  -52.886  4.175 0.4000000060
33865  43.607  -51.583  1.533 0.6999999881
32815  39.288  -52.492  4.908 0.8999999762
141053  44.841  -49.981  0.076 0.6999999881
35802  45.641  -49.973  2.637 0.5000000000
143234  42.519  -49.915  3.209 0.8000000119
32823  44.296  -52.078  4.291 0.4000000060
33837  40.967  -51.552  4.300 0.8000000119
35810  44.491  -49.548  0.836 0.6999999881
35816  47.414  -49.952  0.460 0.4000000060
34767  37.793  -50.085  6.151 0.8000000119
36816  38.016  -48.975  0.560 0.8000000119
36837  46.038  -48.763  -1.341 0.6000000238
35833  50.595  -49.496  -2.870 0.4000000060
35815  48.330  -49.154  0.525 0.4000000060
36795  42.251  -48.269  3.484 0.8000000119
36797  36.107  -48.919  3.619 1.0000000000
35832  51.102  -49.003  -3.149 0.5000000000
37859  46.185  -46.959  -0.993 0.6999999881
140914  35.643  -47.481  3.429 1.0000000000
131025  36.678  -43.296  1.809 1.0000000000
42141  36.811  -42.564  2.539 1.0000000000
38727  38.295  -46.199  7.218 0.8000000119
42131  36.385  -42.492  4.989 1.0000000000
42935  37.677  -41.942  8.338 0.8000000119
42122  36.333  -42.460  6.013 1.0000000000
41337  35.784  -44.337  4.856 1.0000000000
41308  40.184  -43.257  7.625 0.6999999881
43904  36.428  -39.945  6.932 0.8000000119
44923  36.514  -39.128  3.634 1.0000000000
46895  36.382  -37.520  6.438 1.0000000000
41334  42.250  -43.099  5.152 0.6000000238
133042  41.307  -43.227  6.463 0.6999999881
51245  46.323  -33.822  6.838 0.4000000060
40586  39.051  -44.912  -2.681 1.0000000000
52268  46.134  -32.109  6.508 0.4000000060
46974  36.629  -37.307  1.862 1.0000000000
49078  45.193  -35.410  6.863 0.4000000060
136009  44.925  -33.821  7.472 0.5000000000
56755  43.542  -28.537  6.568 0.4000000060
56754  44.148  -28.823  6.084 0.4000000060
52225  43.278  -32.705  8.221 0.5000000000
52334  38.699  -32.777  -0.530 0.8000000119
55606  40.101  -29.860  9.173 0.5000000000
52207  39.319  -32.326  9.525 0.5000000000
149604  37.505  -33.037  8.907 0.5000000000
52254  36.694  -32.656  7.742 0.6000000238
53321  36.792  -31.430  7.759 0.5000000000
53341  36.645  -31.719  6.824 0.5000000000
55639  36.873  -29.666  7.345 0.5000000000
149623  37.587  -31.558  1.435 0.6999999881
55710  37.518  -29.484  1.748 0.6999999881
136269  37.500  -28.334  0.906 0.6000000238
62601  38.918  -22.761  2.214 0.3000000119
30229  40.411  -55.304  3.120 0.5000000000
130412  41.569  -56.948  3.890 0.5000000000
29433  40.641  -56.047  3.629 0.5000000000
147093  42.524  -56.592  2.886 0.5000000000
29447  41.876  -56.108  2.915 0.5000000000
30228  41.147  -55.719  3.031 0.5000000000
29446  43.182  -56.855  2.502 0.5000000000
29454  44.219  -56.849  1.121 0.4000000060
29455  43.448  -56.360  1.559 0.5000000000
28605  44.911  -57.328  0.610 0.4000000060
29462  43.843  -56.066  0.635 0.5000000000
29460  45.284  -56.857  -0.252 0.5000000000
152663  38.893  -48.895  -2.305 0.6999999881
36839  37.765  -48.878  -1.917 0.6999999881
131287  39.467  -49.299  -1.986 0.8000000119
36823  39.510  -49.228  -1.480 0.8000000119
35828  39.604  -50.025  -1.735 0.8000000119
133992  39.002  -49.078  -0.441 0.8999999762
37872  38.106  -47.544  -2.467 0.6999999881
36832  39.461  -48.537  -1.990 0.8999999762
129903  39.202  -47.715  -2.384 0.8999999762
37862  39.189  -47.802  -1.515 0.8999999762
37853  38.060  -47.360  -0.233 0.8999999762
37871  38.790  -46.795  -2.755 0.6000000238
132810  39.119  -47.558  -2.493 0.8000000119
37861  39.219  -47.051  -2.401 0.8999999762
38808  38.676  -46.865  -1.236 0.8999999762
38809  38.076  -46.017  -0.910 0.8999999762
39718  36.949  -45.813  0.116 0.8999999762
131498  45.858  -42.737  1.552 0.5000000000
41372  45.061  -43.946  1.906 0.5000000000
41362  44.645  -43.496  2.493 0.5000000000
40563  45.800  -44.677  0.549 0.6000000238
39707  45.244  -45.109  1.088 0.5000000000
40548  44.416  -44.344  2.315 0.5000000000
39724  45.969  -45.802  -0.277 0.6000000238
38817  37.575  -46.351  -2.528 0.6000000238
38822  39.132  -46.145  -2.697 0.8999999762
38816  39.164  -46.435  -2.577 0.8999999762
37870  39.143  -46.874  -2.570 0.8999999762
38807  39.079  -46.341  -2.156 0.8999999762
39726  38.741  -45.544  -1.785 0.8999999762
40574  37.452  -45.117  -0.562 0.8999999762
42993  44.215  -41.645  3.498 0.5000000000
42129  43.580  -41.696  4.100 0.5000000000
142050  44.742  -41.909  2.961 0.5000000000
41352  44.204  -43.035  3.093 0.5000000000
131818  43.764  -42.491  3.685 0.5000000000
42140  45.497  -42.435  2.129 0.5000000000
131497  44.883  -42.589  2.638 0.5000000000
39737  39.150  -45.824  -3.101 0.8999999762
38823  38.678  -46.079  -2.977 0.6999999881
39725  39.142  -45.832  -2.687 0.8999999762
40573  38.460  -44.755  -1.545 0.8999999762
43941  44.302  -40.727  3.451 0.5000000000
43000  44.780  -41.188  2.973 0.5000000000
132917  45.297  -40.790  2.498 0.5000000000
141087  39.110  -45.320  -2.624 0.8999999762
40581  39.194  -44.597  -2.594 0.8999999762
41391  38.457  -43.977  -1.381 0.8999999762
42994  43.840  -41.068  3.879 0.5000000000
44921  44.279  -39.758  3.364 0.5000000000
44922  43.749  -39.463  3.819 0.5000000000
44932  44.811  -39.330  2.676 0.5000000000
152537  44.030  -39.171  3.469 0.4000000060
42178  37.852  -42.850  -2.871 0.6000000238
43043  36.790  -42.091  -2.412 0.6000000238
42177  38.921  -42.664  -3.302 0.8000000119
149950  37.837  -42.153  -2.882 0.6999999881
152937  37.345  -40.684  -2.589 0.6999999881
44001  36.549  -40.483  -2.211 0.6999999881
44988  36.545  -39.497  -2.090 0.6999999881
43048  38.582  -41.801  -3.231 0.8000000119
43047  39.707  -42.225  -3.351 0.8000000119
44007  38.160  -40.918  -2.998 0.6999999881
44008  37.680  -40.067  -2.676 0.6999999881
44995  37.792  -39.082  -2.622 0.6999999881
46020  37.965  -38.191  -2.605 0.6999999881
44992  40.173  -39.941  -3.238 0.8000000119
44993  39.594  -39.691  -3.381 0.8000000119
44005  40.264  -40.853  -3.183 0.8000000119
129702  39.151  -37.683  -3.118 0.6999999881
135103  39.179  -38.713  -3.241 0.6999999881
46019  39.950  -37.992  -3.247 0.8000000119
46014  40.300  -39.290  -3.030 0.8000000119
47001  39.856  -37.066  -3.123 0.6999999881
48092  40.225  -36.413  -2.586 0.8000000119
48096  39.661  -36.305  -3.064 0.6000000238
46996  40.307  -37.894  -2.624 0.8000000119
47000  40.131  -37.289  -2.945 0.8000000119
49161  40.118  -34.929  -2.544 0.6000000238
50223  40.248  -33.967  -2.655 0.6000000238
51308  40.607  -33.414  -2.870 0.6000000238
136437  40.117  -35.820  -2.706 0.8000000119
51303  40.442  -33.371  -2.855 0.6000000238
52341  40.691  -32.938  -2.754 0.6000000238
52347  40.669  -32.973  -2.908 0.6000000238
51300  40.337  -33.783  -2.162 0.6999999881
52342  40.064  -32.502  -2.084 0.6000000238
146010  39.603  -31.106  -2.454 0.6999999881
53452  39.762  -31.517  -2.870 0.6000000238
53449  40.295  -32.469  -2.817 0.6000000238
54652  39.666  -30.572  -2.854 0.6000000238
53445  39.142  -32.055  -1.219 0.6999999881
29461  44.515  -56.512  0.183 0.5000000000
29456  42.525  -55.972  2.138 0.5000000000
38800  37.527  -46.583  -0.121 0.8999999762
45960  44.882  -38.486  2.636 0.3000000119
154153  39.921  -40.650  -3.441 0.8000000119
29431  42.051  -56.775  3.434 0.5000000000
28597  43.953  -57.249  2.074 0.5000000000
36838  39.302  -48.488  -2.263 0.8000000119
40554  45.440  -44.335  1.270 0.5000000000
137830  38.951  -40.354  -3.320 0.8000000119
44994  38.684  -39.557  -3.133 0.6999999881
46018  40.200  -38.333  -3.069 0.8000000119
47002  38.960  -36.889  -3.017 0.6999999881
48095  40.050  -36.384  -2.913 0.6999999881
37866  50.937  -48.540  -2.757 0.4000000060
133010  49.896  -47.055  -1.848 0.4000000060
129415  50.053  -46.593  -4.185 0.4000000060
132310  50.411  -47.318  -3.479 0.4000000060
38821  48.757  -45.837  -3.968 0.5000000000
38813  49.914  -46.155  -3.356 0.4000000060
39723  46.621  -45.349  -1.316 0.5000000000
39731  48.311  -44.604  -3.291 0.5000000000
39735  49.123  -44.967  -3.883 0.4000000060
38804  49.404  -45.780  -1.749 0.4000000060
39730  49.450  -45.260  -3.763 0.4000000060
38819  49.508  -46.262  -4.321 0.4000000060
38797  49.746  -46.093  0.275 0.4000000060
39715  46.206  -45.005  -0.266 0.5000000000
39732  47.337  -45.183  -2.526 0.5000000000
40578  48.994  -43.922  -2.947 0.4000000060
40570  49.343  -43.826  -2.039 0.4000000060
42157  51.667  -43.453  -0.737 0.4000000060
40568  50.618  -44.288  0.103 0.4000000060
39721  49.324  -44.847  -0.890 0.4000000060
41386  52.518  -43.602  -0.398 0.4000000060
41387  51.833  -44.005  -0.019 0.4000000060
40572  46.756  -44.410  -1.188 0.5000000000
40580  47.383  -44.509  -2.390 0.5000000000
44965  57.349  -41.000  -1.651 0.3000000119
40579  48.361  -44.033  -2.983 0.4000000060
44984  56.763  -41.587  -2.119 0.3000000119
134932  49.066  -43.398  -2.232 0.4000000060
43975  56.998  -42.070  -1.885 0.3000000119
43023  56.262  -42.493  -1.929 0.3000000119
132933  55.088  -42.839  -1.715 0.3000000119
43036  53.943  -42.757  -1.586 0.3000000119
145461  52.555  -42.992  -1.348 0.4000000060
142542  50.759  -43.738  -0.463 0.4000000060
41388  49.884  -43.684  -1.137 0.4000000060
43012  55.469  -42.576  -1.385 0.3000000119
43024  54.071  -43.149  -1.208 0.3000000119
42156  52.803  -43.439  -0.992 0.4000000060
40562  46.381  -44.220  -0.098 0.4000000060
41390  46.843  -43.531  -0.890 0.4000000060
138164  48.303  -43.432  -2.537 0.4000000060
40571  47.438  -43.760  -2.164 0.4000000060
46001  56.458  -39.865  -1.045 0.3000000119
44968  53.700  -40.396  -1.388 0.3000000119
44985  55.833  -41.512  -2.251 0.3000000119
44986  54.729  -41.480  -2.150 0.3000000119
43994  53.140  -41.843  -1.782 0.3000000119
43038  51.544  -42.211  -1.514 0.4000000060
42169  50.892  -42.754  -1.334 0.4000000060
42158  50.338  -43.237  -1.204 0.4000000060
43035  55.800  -42.280  -2.222 0.3000000119
43993  54.475  -42.233  -2.138 0.3000000119
43037  52.757  -42.471  -1.589 0.3000000119
41381  46.020  -43.926  0.713 0.4000000060
44971  50.498  -39.920  -0.498 0.3000000119
43981  49.199  -40.388  -0.708 0.3000000119
43998  48.778  -40.879  -1.081 0.4000000060
43025  48.150  -40.838  -0.918 0.4000000060
149788  47.665  -42.087  -1.399 0.4000000060
42159  47.043  -42.650  -0.794 0.4000000060
46004  52.944  -39.504  -0.444 0.3000000119
44970  51.514  -40.045  -0.701 0.3000000119
43980  50.095  -40.459  -0.850 0.3000000119
43997  49.666  -40.970  -1.207 0.4000000060
42171  48.742  -42.086  -1.710 0.4000000060
41389  47.531  -43.011  -1.782 0.4000000060
44969  52.594  -40.191  -1.036 0.3000000119
43979  51.119  -40.613  -1.064 0.3000000119
43996  50.727  -41.165  -1.305 0.4000000060
43040  49.201  -41.512  -1.442 0.4000000060
132975  48.440  -42.752  -2.091 0.4000000060
43977  53.488  -41.200  -1.748 0.3000000119
43978  52.259  -40.848  -1.386 0.3000000119
42170  49.814  -42.351  -1.601 0.4000000060
41397  49.442  -42.845  -1.835 0.4000000060
132349  45.984  -40.825  1.743 0.4000000060
136791  46.527  -40.879  0.939 0.4000000060
138600  45.948  -41.914  1.736 0.4000000060
41370  46.317  -43.096  0.760 0.4000000060
43969  47.391  -40.048  -0.067 0.3000000119
43970  46.927  -40.526  0.261 0.4000000060
42152  46.741  -42.412  0.176 0.4000000060
44973  48.765  -39.859  -0.266 0.4000000060
43984  47.396  -40.650  -0.289 0.4000000060
141609  47.122  -41.826  -0.456 0.4000000060
130383  46.716  -43.085  -0.077 0.4000000060
46997  37.997  -37.376  -2.528 0.6000000238
46998  36.999  -37.732  -1.981 0.6000000238
49166  39.370  -35.596  -3.016 0.5000000000
48097  38.625  -36.206  -2.766 0.5000000000
50225  38.723  -34.730  -2.931 0.5000000000
145753  39.651  -33.431  -3.211 0.5000000000
52354  40.220  -32.333  -2.864 0.5000000000
54651  39.763  -30.801  -3.010 0.5000000000
55732  39.622  -29.799  -3.273 0.4000000060
65702  39.927  -19.844  -2.911 0.3000000119
64711  40.101  -20.229  -3.743 0.3000000119
64719  40.390  -20.942  -4.624 0.3000000119
66775  39.423  -18.403  -0.760 0.3000000119
146018  39.685  -19.459  -1.608 0.3000000119
146992  39.693  -20.096  -1.983 0.3000000119
65701  40.379  -19.259  -3.474 0.3000000119
65714  40.631  -20.004  -4.526 0.3000000119
64724  41.124  -20.979  -5.434 0.3000000119
64723  42.312  -21.206  -6.422 0.3000000119
67875  39.348  -17.636  -0.890 0.3000000119
66784  39.718  -18.698  -1.621 0.3000000119
65690  39.974  -19.139  -2.395 0.3000000119
66795  40.332  -18.538  -2.935 0.3000000119
66816  40.938  -19.043  -4.463 0.3000000119
65713  41.353  -19.961  -5.431 0.3000000119
65722  42.210  -19.945  -6.383 0.3000000119
64727  44.396  -21.425  -7.562 0.3000000119
66776  38.996  -17.634  -0.012 0.3000000119
67892  39.791  -17.333  -1.994 0.3000000119
66796  40.038  -18.141  -2.296 0.3000000119
67904  40.618  -17.464  -3.364 0.3000000119
66808  40.719  -18.267  -3.658 0.3000000119
66807  41.252  -18.190  -4.555 0.3000000119
66815  41.540  -18.954  -5.370 0.3000000119
65726  43.121  -19.902  -7.265 0.3000000119
69894  39.006  -16.102  -0.826 0.3000000119
68936  39.444  -16.588  -1.613 0.3000000119
67891  40.242  -17.395  -2.680 0.3000000119
67903  40.995  -17.523  -4.073 0.3000000119
67916  41.445  -17.454  -4.772 0.3000000119
67928  42.126  -18.048  -6.173 0.3000000119
69926  39.541  -15.953  -2.265 0.3000000119
68946  40.391  -16.795  -3.129 0.3000000119
68958  40.499  -16.246  -3.643 0.3000000119
128976  41.817  -17.368  -5.619 0.3000000119
69912  39.197  -15.770  -1.555 0.3000000119
69938  39.630  -15.374  -2.879 0.3000000119
69937  40.143  -15.580  -3.555 0.3000000119
134242  40.561  -15.792  -4.079 0.3000000119
70889  39.153  -15.062  -2.050 0.3000000119
146907  39.304  -14.686  -2.796 0.3000000119
70907  38.914  -14.141  -2.305 0.3000000119
153747  49.879  -45.237  0.258 0.4000000060
138553  50.602  -48.021  -2.061 0.4000000060
37858  50.409  -47.965  -0.607 0.4000000060
39714  50.737  -45.807  1.160 0.4000000060
149050  49.822  -46.901  -0.536 0.4000000060
42151  52.855  -43.370  0.103 0.4000000060
41379  52.337  -43.720  0.224 0.4000000060
40561  50.762  -45.037  0.708 0.4000000060
44951  58.108  -40.830  -0.835 0.3000000119
131712  56.636  -41.296  -0.608 0.3000000119
43976  56.532  -42.114  -1.464 0.3000000119
43013  54.445  -43.051  -1.056 0.3000000119
150171  53.326  -43.323  -0.427 0.3000000119
43964  57.498  -41.349  -1.449 0.3000000119
46002  55.073  -39.658  -0.802 0.3000000119
44955  51.927  -39.409  -0.227 0.3000000119
46003  53.938  -39.571  -0.651 0.3000000119
43957  45.983  -39.831  1.508 0.4000000060
43956  46.438  -40.120  0.973 0.4000000060
44961  46.910  -39.712  0.510 0.4000000060
44958  49.170  -39.448  0.182 0.3000000119
44957  50.016  -39.413  0.102 0.3000000119
43948  45.439  -39.887  2.182 0.4000000060
46016  36.820  -38.563  -2.071 0.6000000238
69895  38.659  -15.607  -0.089 0.3000000119
69913  38.841  -15.098  -0.987 0.3000000119
70890  38.761  -14.261  -1.499 0.3000000119
148335  38.480  -13.293  -0.975 0.3000000119
46000  57.927  -40.093  -1.157 0.3000000119
37874  50.398  -47.782  -3.949 0.4000000060
37867  47.495  -46.539  -2.869 0.5000000000
44967  54.852  -40.537  -1.622 0.3000000119
42145  46.392  -42.212  1.033 0.4000000060
147230  39.485  -17.284  -1.367 0.3000000119
66826  42.143  -18.883  -6.272 0.3000000119
152428  41.190  -16.970  -4.363 0.3000000119
68968  41.486  -16.756  -4.977 0.3000000119
71933  38.596  -13.402  -1.720 0.3000000119
138966  50.564  -48.571  -1.504 0.3000000119
139431  37.342  -52.864  0.472 0.6999999881
31957  36.885  -53.689  0.576 0.6999999881
145281  50.472  -47.450  0.595 0.3000000119
33835  44.082  -51.373  4.405 0.3000000119
34791  44.765  -50.707  3.456 0.3000000119
32857  39.416  -53.343  -1.726 0.6999999881
36812  49.266  -48.498  1.219 0.3000000119
31956  38.541  -53.892  -0.728 0.6999999881
37845  49.913  -48.019  1.774 0.3000000119
37850  50.423  -47.918  0.588 0.3000000119
128991  50.194  -47.521  2.217 0.3000000119
39698  51.064  -45.667  2.197 0.3000000119
37837  50.666  -47.033  2.224 0.3000000119
38791  51.012  -46.799  1.880 0.3000000119
40546  51.118  -44.792  2.176 0.3000000119
134109  51.345  -45.463  1.934 0.3000000119
39706  51.179  -46.089  1.861 0.3000000119
150737  45.143  -50.196  3.200 0.3000000119
35800  47.093  -49.022  1.969 0.4000000060
33882  39.730  -51.761  -1.791 0.6999999881
36803  48.755  -48.252  2.045 0.3000000119
36813  48.032  -48.741  1.553 0.3000000119
33871  39.450  -52.330  -1.303 0.6999999881
32849  38.586  -52.728  -0.475 0.6999999881
132770  49.261  -47.692  2.468 0.3000000119
38785  49.698  -47.035  2.788 0.3000000119
39690  49.506  -45.363  3.151 0.3000000119
38792  50.848  -46.772  1.482 0.3000000119
41360  49.763  -43.108  2.625 0.3000000119
35801  46.347  -49.422  2.299 0.4000000060
140293  39.780  -51.211  -2.066 0.6999999881
36792  47.199  -48.134  3.050 0.3000000119
36804  47.647  -48.457  2.340 0.3000000119
37829  48.613  -47.283  3.197 0.3000000119
37838  48.169  -47.888  2.756 0.3000000119
136017  39.364  -51.430  -0.789 0.6999999881
39691  48.792  -45.717  3.605 0.3000000119
40553  51.360  -44.903  1.635 0.3000000119
39713  51.249  -45.362  1.564 0.3000000119
41359  50.717  -43.563  2.126 0.3000000119
41369  51.374  -44.319  1.691 0.3000000119
33881  39.824  -51.269  -2.004 0.6999999881
37830  47.650  -47.531  3.497 0.3000000119
34814  39.648  -50.796  -1.491 0.6999999881
39684  47.520  -45.555  4.614 0.3000000119
39692  48.112  -46.092  4.088 0.3000000119
34815  38.972  -50.525  -0.292 0.6999999881
137868  51.556  -42.674  1.335 0.3000000119
38768  47.407  -46.432  4.477 0.3000000119
35818  39.457  -49.856  -0.859 0.6999999881
42144  52.143  -43.530  0.735 0.3000000119
45978  46.675  -38.731  1.414 0.3000000119
31087  36.559  -54.579  0.650 0.6999999881
31949  35.868  -53.760  1.570 0.6000000238
31088  35.716  -54.642  1.593 0.6000000238
31963  39.365  -53.774  -2.121 0.6999999881
33889  39.737  -51.978  -2.030 0.6999999881
35781  44.911  -49.162  3.926 0.3000000119
33890  39.459  -51.908  -2.221 0.6999999881
36794  45.585  -48.769  3.597 0.4000000060
34831  39.565  -50.448  -2.052 0.6999999881
36781  45.981  -48.073  3.989 0.4000000060
36805  46.718  -48.743  2.632 0.4000000060
35837  39.352  -49.511  -2.129 0.6999999881
37831  46.785  -47.791  3.754 0.3000000119
38770  46.013  -47.074  5.126 0.3000000119
38757  45.606  -46.631  5.719 0.3000000119
36819  50.184  -48.327  -0.194 0.3000000119
35836  39.545  -50.080  -1.925 0.6999999881
39685  46.914  -45.972  5.052 0.3000000119
135207  45.628  -47.737  4.677 0.3000000119
148277  39.933  -55.731  3.619 0.5000000000
31067  37.710  -54.818  4.012 0.5000000000
29435  38.322  -56.079  4.082 0.5000000000
30230  39.444  -55.113  3.474 0.4000000060
144703  35.782  -59.207  1.507 0.4000000060
26766  35.083  -60.426  1.174 0.5000000000
30231  38.472  -55.373  3.791 0.4000000060
130167  36.747  -54.928  3.917 0.5000000000
25851  33.513  -60.973  0.709 0.4000000060
25852  32.539  -61.029  0.749 0.4000000060
26754  35.331  -59.704  1.858 0.5000000000
31057  36.168  -54.106  3.921 0.4000000060
25865  32.834  -60.646  0.483 0.4000000060
24880  31.516  -61.020  0.673 0.4000000060
25863  34.623  -60.352  0.269 0.4000000060
26765  35.675  -59.914  0.758 0.5000000000
25849  35.227  -60.229  0.390 0.4000000060
131536  36.113  -58.648  1.230 0.5000000000
28598  36.721  -57.499  0.322 0.4000000060
31942  35.533  -54.039  2.455 0.5000000000
134649  35.644  -55.370  1.666 0.4000000060
30253  35.968  -56.296  1.148 0.4000000060
31080  35.482  -54.860  2.413 0.4000000060
141564  31.951  -60.698  0.549 0.4000000060
28610  30.497  -57.740  0.569 0.4000000060
26779  35.285  -59.876  -0.039 0.4000000060
29464  31.841  -56.085  0.122 0.4000000060
27683  36.461  -59.198  -0.311 0.5000000000
154561  36.113  -59.456  -0.328 0.4000000060
29474  32.755  -56.560  -0.189 0.4000000060
28607  36.648  -58.857  0.077 0.5000000000
30272  33.673  -55.635  -0.236 0.4000000060
28606  37.090  -58.354  -0.517 0.5000000000
29463  37.814  -57.638  -1.078 0.5000000000
31967  34.814  -53.836  -0.437 0.4000000060
146187  34.119  -54.220  -0.121 0.4000000060
30260  37.100  -56.872  -0.025 0.6000000238
31097  36.503  -55.670  0.586 0.6000000238
27687  30.349  -58.685  0.428 0.4000000060
28609  31.029  -57.318  0.199 0.4000000060
26776  33.005  -60.042  0.228 0.4000000060
136828  31.885  -56.952  -0.032 0.4000000060
139611  36.559  -58.972  -0.668 0.5000000000
27689  35.635  -59.150  -0.459 0.4000000060
28617  33.029  -57.489  -0.252 0.4000000060
27682  36.989  -58.766  -0.793 0.5000000000
29473  34.433  -56.463  -0.596 0.4000000060
152541  33.449  -56.237  -0.289 0.4000000060
30259  38.122  -56.691  -0.915 0.5000000000
31096  37.846  -55.522  -0.533 0.6000000238
27686  31.035  -58.254  0.170 0.4000000060
27690  34.380  -59.220  -0.171 0.4000000060
28608  32.081  -57.980  -0.065 0.4000000060
27691  33.301  -58.429  -0.149 0.4000000060
29472  35.299  -57.557  -0.851 0.4000000060
29471  38.008  -57.510  -1.581 0.5000000000
129657  35.915  -56.908  -1.318 0.4000000060
31109  35.062  -54.840  -0.712 0.4000000060
31108  35.904  -54.463  -1.223 0.4000000060
146719  37.709  -54.555  -0.278 0.6000000238
31107  38.658  -56.143  -1.729 0.6000000238
133478  31.714  -60.011  0.285 0.4000000060
153399  32.674  -58.636  -0.020 0.4000000060
28616  34.511  -58.198  -0.428 0.4000000060
135831  33.869  -57.030  -0.426 0.4000000060
28614  37.083  -58.000  -1.351 0.5000000000
28615  36.176  -58.549  -0.899 0.5000000000
29475  37.576  -57.145  -1.814 0.5000000000
30270  36.291  -55.977  -1.513 0.5000000000
29470  38.414  -56.925  -1.999 0.5000000000
30275  37.802  -56.495  -2.134 0.5000000000
151682  35.994  -55.132  -1.380 0.4000000060
30269  38.365  -56.982  -1.814 0.6000000238
132421  35.839  -53.385  -0.981 0.4000000060
31095  38.736  -55.116  -1.436 0.6000000238
30268  38.644  -56.226  -2.046 0.6000000238
30274  38.465  -56.141  -2.205 0.5000000000
31115  37.141  -55.456  -1.932 0.5000000000
31106  38.992  -55.456  -2.083 0.6000000238
147962  38.258  -55.318  -2.306 0.6000000238
31105  39.169  -54.697  -2.068 0.6000000238
31964  39.246  -54.481  -1.927 0.6000000238
35829  37.089  -49.640  -1.491 0.5000000000
34833  37.883  -50.475  -1.782 0.6000000238
134726  36.932  -51.176  -1.338 0.5000000000
32865  38.923  -52.491  -2.298 0.6000000238
33891  38.363  -51.568  -2.018 0.6000000238
33883  37.493  -52.334  -1.694 0.5000000000
32858  36.301  -52.600  -1.169 0.5000000000
31973  38.682  -54.500  -2.288 0.5000000000
31966  37.177  -54.430  -1.851 0.5000000000
35838  38.405  -49.555  -2.036 0.5000000000
144327  39.011  -50.158  -2.190 0.6000000238
34832  39.169  -50.962  -2.205 0.6000000238
131131  38.757  -53.365  -2.284 0.6000000238
31965  37.335  -53.430  -1.774 0.5000000000
32864  39.514  -53.004  -2.158 0.6000000238
31068  35.646  -54.463  3.262 0.4000000060
31972  39.275  -53.920  -2.197 0.6000000238
29434  39.212  -55.885  3.917 0.5000000000
30232  37.539  -55.587  3.853 0.5000000000
27675  36.204  -59.389  0.422 0.5000000000
25864  33.830  -60.560  0.395 0.4000000060
26775  34.123  -60.056  0.088 0.4000000060
30273  32.719  -55.772  -0.044 0.4000000060
27684  33.266  -59.236  0.036 0.4000000060
27685  32.097  -59.026  0.097 0.4000000060
29465  31.050  -56.445  0.341 0.3000000119
30261  32.900  -55.012  0.126 0.3000000119
30262  31.898  -55.256  0.308 0.3000000119
31959  33.687  -53.454  0.218 0.3000000119
31098  33.216  -54.242  0.252 0.3000000119
31099  31.999  -54.349  0.436 0.3000000119
26774  35.991  -59.850  0.009 0.4000000060
28576  47.887  -57.899  3.447 0.5000000000
28578  42.715  -57.372  3.146 0.5000000000
28588  48.498  -58.065  2.707 0.5000000000
28599  36.380  -58.098  0.813 0.5000000000
28613  37.384  -58.152  -1.153 0.5000000000
29415  46.979  -56.513  4.035 0.5000000000
29432  41.392  -56.367  3.561 0.5000000000
29444  48.580  -57.340  1.919 0.6000000238
29452  48.661  -56.940  0.993 0.6000000238
29458  48.435  -56.766  0.376 0.5000000000
29468  45.835  -56.339  -0.619 0.6000000238
30221  46.191  -55.027  4.200 0.5000000000
30241  47.892  -56.067  1.877 0.6000000238
30265  46.977  -55.271  -0.803 0.6000000238
30271  34.811  -55.735  -0.696 0.4000000060
31053  45.247  -54.206  5.171 0.3000000119
31075  46.809  -54.850  2.126 0.5000000000
31076  46.232  -54.337  2.634 0.5000000000
31083  48.340  -55.036  0.477 0.6999999881
31092  48.143  -54.262  0.253 0.6999999881
31104  44.888  -54.667  -0.877 0.6000000238
31110  33.945  -54.897  -0.172 0.4000000060
31114  38.907  -55.522  -2.182 0.6000000238
31914  45.229  -53.715  4.289 0.4000000060
31941  41.007  -54.119  2.958 0.6000000238
31948  43.690  -53.927  0.643 0.6999999881
31961  48.509  -53.621  -0.729 0.6000000238
31970  46.889  -53.500  -1.648 0.6999999881
31971  45.767  -53.605  -1.488 0.6999999881
32813  44.263  -52.706  4.962 0.4000000060
32822  44.723  -52.186  3.541 0.4000000060
32836  42.040  -53.058  2.727 0.8000000119
32841  46.612  -52.734  0.738 0.6000000238
33825  39.518  -51.100  5.484 0.8000000119
33846  42.164  -51.091  3.400 0.8000000119
33864  44.152  -51.068  0.959 0.6999999881
33869  46.720  -51.414  0.571 0.5000000000
33870  44.334  -51.627  0.434 0.6999999881
33878  48.269  -51.637  -0.871 0.4000000060
34790  45.246  -50.750  2.847 0.4000000060
34799  45.716  -50.776  2.170 0.5000000000
34800  42.987  -50.295  2.659 0.8000000119
34807  43.571  -50.271  1.955 0.6999999881
34812  46.921  -50.718  0.523 0.4000000060
34822  45.202  -50.915  -0.841 0.6000000238
35785  40.866  -48.996  4.775 0.8000000119
35789  45.925  -49.113  2.922 0.4000000060
35790  45.311  -49.530  3.328 0.3000000119
35791  44.733  -49.954  3.703 0.3000000119
35824  50.193  -49.565  -2.139 0.4000000060
35839  50.602  -49.354  -3.366 0.4000000060
35840  49.910  -49.786  -3.480 0.4000000060
36759  38.635  -48.561  6.426 0.6999999881
36760  37.778  -48.662  6.502 0.8000000119
36761  37.077  -48.689  6.352 0.8999999762
36762  36.529  -48.599  6.028 0.8999999762
36774  40.156  -48.308  5.500 0.8000000119
36777  35.889  -47.902  5.476 1.0000000000
36793  46.351  -48.435  3.325 0.4000000060
36796  41.723  -48.302  3.978 0.8000000119
36811  50.257  -48.200  0.949 0.3000000119
36831  45.586  -48.473  -0.570 0.6999999881
36841  50.713  -48.671  -3.669 0.5000000000
36842  49.521  -49.032  -3.814 0.5000000000
36845  50.276  -48.403  -4.018 0.5000000000
37797  36.754  -47.593  6.522 1.0000000000
37813  36.303  -47.862  6.108 1.0000000000
37814  35.863  -47.243  5.705 1.0000000000
37822  47.186  -47.169  4.207 0.3000000119
37823  46.395  -47.436  4.442 0.3000000119
37824  41.442  -47.595  4.254 0.8000000119
37841  36.128  -47.629  2.059 1.0000000000
37844  50.630  -47.478  1.503 0.3000000119
37852  44.829  -47.078  0.875 0.6999999881
37877  47.177  -47.443  -2.526 0.5000000000
38756  46.285  -46.340  5.413 0.3000000119
38769  46.713  -46.753  4.815 0.3000000119
38771  41.159  -46.912  4.537 0.6999999881
38772  40.631  -46.991  5.056 0.6999999881
38776  49.579  -46.235  3.076 0.3000000119
38777  48.778  -46.573  3.451 0.3000000119
38778  47.974  -46.883  3.880 0.3000000119
38779  42.198  -46.828  3.542 0.8000000119
38780  41.677  -46.870  4.033 0.8000000119
38783  50.926  -46.420  2.183 0.3000000119
38784  50.292  -46.570  2.594 0.3000000119
38787  42.725  -46.764  3.018 0.6999999881
38793  44.042  -46.911  1.807 0.6999999881
38814  47.978  -45.408  -3.309 0.5000000000
38815  46.810  -46.134  -1.960 0.5000000000
38820  49.626  -45.788  -4.210 0.4000000060
39648  38.445  -45.359  7.469 0.8000000119
39649  37.601  -45.632  7.436 0.8000000119
39650  36.862  -45.517  7.271 0.8000000119
39677  41.124  -45.220  5.254 0.6999999881
39679  35.544  -45.461  5.007 1.0000000000
39686  42.096  -45.140  4.074 0.6000000238
39693  43.088  -45.153  3.085 0.6000000238
39699  50.325  -45.916  2.650 0.3000000119
39700  44.205  -45.191  2.118 0.6999999881
39703  35.598  -45.699  2.720 1.0000000000
39716  45.627  -45.429  0.418 0.6000000238
39722  49.282  -44.417  -2.895 0.4000000060
39736  39.110  -45.580  -2.707 0.8999999762
40503  36.936  -44.251  7.536 0.8000000119
40517  40.348  -44.372  6.795 0.6999999881
40519  36.348  -44.325  6.816 0.8999999762
40555  44.821  -44.747  1.703 0.5000000000
40560  51.543  -44.528  0.906 0.4000000060
40564  37.504  -44.262  -0.532 1.0000000000
40569  49.775  -44.512  -0.368 0.4000000060
40582  39.069  -44.899  -1.866 0.8999999762
40585  49.041  -44.472  -3.407 0.4000000060
40587  39.007  -45.390  -3.015 0.8999999762
41293  37.985  -43.509  8.201 0.8000000119
41310  38.561  -43.828  8.085 0.8000000119
41336  36.030  -43.696  4.785 1.0000000000
41345  42.584  -43.441  4.484 0.6000000238
41356  36.053  -43.809  3.385 1.0000000000
41361  45.301  -43.145  2.070 0.5000000000
41368  51.721  -44.208  1.069 0.3000000119
41371  45.665  -43.543  1.411 0.5000000000
41378  53.054  -43.464  -0.432 0.4000000060
41380  46.474  -43.593  0.132 0.4000000060
42074  39.026  -42.369  8.462 0.8000000119
42095  40.372  -42.443  7.828 0.6999999881
42097  36.942  -42.821  7.674 0.8000000119
42112  36.494  -42.717  6.993 0.8000000119
42120  42.415  -42.265  5.344 0.6000000238
42135  44.368  -42.341  3.201 0.5000000000
42155  53.513  -43.399  -0.928 0.4000000060
42167  53.386  -43.167  -1.279 0.3000000119
42168  51.932  -43.056  -1.184 0.4000000060
42172  40.233  -42.298  -2.622 0.8999999762
42932  39.985  -41.173  8.401 0.6999999881
42999  45.357  -41.685  2.436 0.5000000000
43001  37.334  -41.094  1.956 1.0000000000
43006  46.360  -41.478  1.215 0.4000000060
43007  37.576  -41.563  1.312 1.0000000000
43014  53.723  -43.245  -0.714 0.3000000119
43016  46.762  -41.497  0.425 0.4000000060
43021  56.941  -42.053  -2.083 0.3000000119
43022  56.638  -42.246  -2.076 0.3000000119
43026  47.636  -41.167  -0.807 0.4000000060
43027  47.176  -41.125  -0.203 0.4000000060
43039  50.258  -41.733  -1.463 0.4000000060
43041  48.280  -41.389  -1.317 0.4000000060
43042  40.389  -41.650  -2.983 0.8999999762
43049  37.268  -41.334  -2.602 0.6999999881
43936  36.534  -40.237  4.483 1.0000000000
43949  44.821  -40.294  2.892 0.5000000000
43965  57.316  -41.517  -1.228 0.3000000119
43974  57.151  -41.752  -1.849 0.3000000119
43982  48.436  -40.374  -0.608 0.4000000060
43983  47.818  -40.474  -0.502 0.4000000060
43992  56.486  -42.014  -2.255 0.3000000119
43995  51.907  -41.439  -1.493 0.4000000060
43999  40.378  -40.133  -2.983 0.8000000119
44006  39.339  -41.290  -3.418 0.8000000119
44855  38.986  -39.734  8.947 0.6999999881
44856  38.174  -39.616  8.969 0.6999999881
44858  36.823  -39.212  8.168 0.6999999881
44895  42.144  -39.232  6.128 0.6999999881
44897  36.412  -39.774  6.013 1.0000000000
44914  42.894  -39.341  4.834 0.6000000238
44942  46.392  -39.322  1.200 0.3000000119
44950  58.136  -40.606  -1.045 0.3000000119
44952  57.350  -40.933  -0.451 0.3000000119
44959  48.365  -39.453  0.212 0.3000000119
44962  38.508  -39.923  -0.082 1.0000000000
44966  56.107  -40.688  -1.761 0.3000000119
44972  49.587  -39.865  -0.357 0.3000000119
44974  48.006  -39.870  -0.224 0.3000000119
45855  39.081  -38.359  9.189 0.6999999881
45856  38.490  -38.218  9.263 0.6999999881
45903  40.769  -38.779  8.025 0.6999999881
45904  36.509  -38.702  7.494 0.8000000119
45934  43.366  -38.052  4.137 0.6000000238
45943  44.407  -38.108  3.181 0.4000000060
45944  43.835  -38.559  3.615 0.4000000060
46005  39.956  -39.015  -1.611 0.8999999762
46015  40.337  -38.700  -2.494 0.8000000119
46906  43.142  -37.146  4.988 0.6000000238
46923  45.092  -37.378  4.016 0.3000000119
46925  43.574  -37.399  4.414 0.4000000060
46940  45.406  -37.624  3.395 0.3000000119
46942  43.928  -37.721  3.735 0.4000000060
47944  39.822  -36.337  9.129 0.6999999881
47945  39.127  -36.357  9.407 0.6999999881
47967  40.353  -36.648  8.697 0.6999999881
47970  36.868  -36.217  8.336 0.6999999881
47991  41.611  -36.524  7.600 0.6000000238
47993  36.553  -36.463  7.636 0.8000000119
48006  43.531  -36.305  6.318 0.6000000238
48021  42.798  -37.032  5.564 0.6999999881
48022  36.394  -37.130  5.441 1.0000000000
48053  36.454  -36.568  3.816 1.0000000000
48073  36.823  -36.795  1.401 1.0000000000
48074  36.651  -36.545  2.072 1.0000000000
49039  38.938  -35.504  9.483 0.6000000238
49059  42.323  -34.657  8.101 0.6000000238
49079  44.489  -35.081  7.240 0.5000000000
49094  36.493  -35.153  7.125 0.8999999762
49134  37.154  -35.017  1.793 1.0000000000
49165  40.001  -35.691  -2.914 0.6000000238
50090  40.964  -34.767  8.816 0.6000000238
50092  38.080  -34.470  9.346 0.6000000238
50137  42.928  -34.842  7.671 0.6000000238
50148  45.863  -34.631  6.966 0.4000000060
50160  36.727  -34.212  5.205 0.8000000119
50210  40.334  -34.295  -1.972 0.6999999881
50216  40.357  -34.082  -2.382 0.6999999881
50224  39.908  -34.875  -2.970 0.6000000238
51191  39.416  -33.290  9.537 0.5000000000
51210  43.312  -33.389  8.116 0.5000000000
51211  42.627  -33.339  8.384 0.6000000238
51213  37.346  -33.775  8.742 0.5000000000
51232  44.424  -33.398  7.671 0.5000000000
51233  43.719  -33.779  7.836 0.6000000238
51234  36.587  -33.463  7.389 0.6000000238
51258  37.219  -32.788  4.819 0.8000000119
51283  37.527  -33.140  3.262 0.8999999762
51296  38.342  -33.453  -0.039 0.8999999762
51297  37.750  -33.476  0.936 1.0000000000
51309  39.747  -34.062  -3.097 0.6000000238
51313  40.096  -33.012  -3.274 0.5000000000
52205  40.969  -32.351  9.282 0.5000000000
52206  40.173  -32.233  9.469 0.5000000000
52208  38.615  -32.974  9.491 0.5000000000
52228  37.586  -32.377  8.941 0.5000000000
52229  37.129  -32.529  8.464 0.6000000238
52320  37.623  -32.515  2.663 0.6999999881
52339  40.250  -33.217  -2.299 0.6999999881
53276  38.388  -31.320  9.300 0.5000000000
53295  41.583  -31.491  8.889 0.5000000000
53319  43.233  -31.782  8.175 0.4000000060
53338  45.365  -31.568  6.726 0.4000000060
53357  45.832  -31.147  6.091 0.4000000060
53358  37.189  -31.354  5.349 0.5000000000
53359  36.855  -31.933  5.911 0.5000000000
53427  37.567  -31.208  2.102 0.6999999881
53440  37.504  -30.941  1.251 0.6999999881
53450  39.783  -31.844  -2.350 0.8000000119
53457  39.827  -31.703  -2.907 0.5000000000
54499  40.467  -30.773  9.251 0.5000000000
54500  39.817  -30.467  9.326 0.5000000000
54503  37.779  -31.080  8.960 0.4000000060
54537  44.043  -30.611  7.205 0.4000000060
54538  42.726  -30.352  8.041 0.4000000060
54570  45.506  -30.397  5.636 0.4000000060
54604  37.604  -30.874  4.062 0.6999999881
54649  39.191  -30.418  -2.131 0.6999999881
55608  38.454  -29.912  9.075 0.4000000060
55619  42.035  -29.942  8.337 0.5000000000
55620  41.329  -29.617  8.585 0.5000000000
55621  40.579  -29.356  8.847 0.5000000000
55622  39.742  -29.161  9.017 0.5000000000
55651  43.763  -29.297  6.702 0.4000000060
55661  45.333  -29.695  5.165 0.4000000060
55674  45.289  -29.076  4.688 0.3000000119
55698  37.618  -29.862  2.666 0.6000000238
55728  39.517  -29.683  -2.781 0.6000000238
56729  38.422  -28.336  8.604 0.4000000060
56730  37.679  -28.259  8.190 0.4000000060
56740  43.119  -29.028  7.207 0.4000000060
56742  41.674  -28.340  7.989 0.4000000060
56757  36.989  -28.695  6.049 0.4000000060
56769  43.943  -28.098  6.020 0.4000000060
56790  45.559  -28.617  3.303 0.3000000119
56836  39.646  -28.868  -3.455 0.5000000000
57869  40.905  -27.985  8.338 0.4000000060
57870  39.988  -27.743  8.547 0.4000000060
57873  37.640  -27.600  7.845 0.4000000060
57900  37.176  -27.150  6.499 0.4000000060
57912  43.873  -27.351  5.951 0.4000000060
57922  45.159  -27.793  4.521 0.4000000060
57923  44.710  -27.735  5.153 0.4000000060
58788  38.714  -26.898  8.238 0.4000000060
58837  37.745  -26.502  4.368 0.4000000060
58847  38.147  -26.677  3.498 0.4000000060
59722  39.590  -25.679  7.933 0.3000000119
59732  37.454  -25.777  6.614 0.3000000119
59755  37.588  -25.746  4.844 0.3000000119
60650  38.565  -24.450  7.313 0.3000000119
60664  37.773  -24.257  6.386 0.3000000119
60699  38.499  -24.749  2.980 0.4000000060
61584  37.847  -23.594  5.973 0.3000000119
61609  38.271  -22.988  3.870 0.3000000119
61634  38.815  -23.496  2.280 0.3000000119
62534  39.374  -21.867  6.604 0.4000000060
62535  38.544  -22.999  6.602 0.3000000119
62565  38.214  -22.157  5.155 0.3000000119
63517  38.807  -21.506  6.167 0.3000000119
63546  38.352  -20.919  4.589 0.3000000119
63624  39.204  -21.598  -1.424 0.3000000119
64667  39.390  -20.605  0.278 0.3000000119
64712  39.605  -20.739  -3.138 0.3000000119
65602  38.380  -19.812  3.841 0.3000000119
65665  39.090  -19.205  0.537 0.3000000119
65725  44.315  -20.710  -7.581 0.3000000119
66703  39.772  -18.458  5.577 0.3000000119
67850  38.528  -17.320  1.520 0.4000000060
67863  38.724  -17.123  0.510 0.4000000060
67881  39.630  -17.916  -1.504 0.3000000119
68947  39.916  -16.701  -2.443 0.3000000119
68957  40.790  -16.883  -3.817 0.3000000119
68969  40.956  -16.334  -4.382 0.3000000119
69925  40.033  -16.113  -2.976 0.3000000119
72999  38.398  -12.590  -1.325 0.3000000119
128186  38.581  -14.081  -0.737 0.3000000119
128551  36.454  -38.752  4.206 1.0000000000
128872  41.695  -18.096  -5.411 0.3000000119
128990  36.493  -41.337  6.935 0.6999999881
129224  40.241  -35.653  -2.253 0.8000000119
129560  36.379  -38.380  6.235 1.0000000000
129627  36.326  -51.097  4.108 1.0000000000
130033  44.307  -55.877  -0.022 0.5000000000
130196  44.905  -29.385  1.100 0.3000000119
130211  37.454  -28.987  1.121 0.6000000238
130436  37.200  -40.757  8.239 0.8000000119
130528  36.653  -35.041  7.990 0.6000000238
131567  40.048  -38.970  -3.292 0.8000000119
131997  38.654  -24.097  2.529 0.4000000060
132788  40.312  -35.185  9.122 0.6000000238
132878  37.536  -27.030  4.770 0.3000000119
133288  43.817  -32.306  7.916 0.5000000000
133620  39.683  -52.668  -2.008 0.6999999881
133722  36.532  -37.891  2.357 1.0000000000
133890  38.871  -24.084  1.779 0.3000000119
134228  40.970  -24.077  7.403 0.3000000119
134348  44.187  -36.498  5.969 0.6000000238
134895  49.555  -46.253  -4.352 0.4000000060
134941  40.437  -17.955  -2.958 0.3000000119
135070  41.142  -41.118  7.481 0.6999999881
135229  51.499  -43.585  1.481 0.3000000119
135299  50.039  -44.040  2.640 0.3000000119
135421  43.800  -40.318  3.892 0.5000000000
135599  46.193  -50.116  1.901 0.5000000000
136067  38.476  -16.120  1.583 0.3000000119
136126  37.882  -41.096  8.571 0.8000000119
136466  37.089  -47.064  0.479 1.0000000000
136714  36.665  -32.091  7.412 0.6999999881
136908  47.863  -50.143  -2.945 0.6000000238
137185  37.859  -41.923  0.711 1.0000000000
137237  38.729  -18.893  4.911 0.3000000119
137274  37.845  -26.685  -2.465 0.4000000060
137443  39.856  -42.794  -2.098 1.0000000000
137479  39.848  -34.096  -1.492 0.8000000119
137797  40.260  -37.204  -2.260 0.8999999762
137842  38.584  -23.049  2.960 0.3000000119
138215  36.634  -35.232  4.225 1.0000000000
138337  35.555  -46.124  5.145 1.0000000000
138829  38.589  -48.244  -2.380 0.6999999881
138972  39.143  -23.106  0.114 0.3000000119
139596  42.877  -40.251  4.928 0.6999999881
139737  39.596  -19.134  -1.072 0.3000000119
139752  45.506  -46.075  0.331 0.6000000238
139912  38.547  -20.303  2.602 0.3000000119
139938  37.834  -37.984  9.147 0.6999999881
140265  38.263  -25.249  3.524 0.4000000060
140342  44.349  -38.856  3.127 0.3000000119
140893  43.730  -50.843  1.572 0.6999999881
141930  38.332  -22.668  6.143 0.3000000119
141996  47.591  -53.078  0.051 0.6000000238
142305  44.792  -47.744  0.817 0.6999999881
142613  40.217  -39.103  8.423 0.6999999881
143097  41.500  -42.391  6.693 0.6999999881
143524  42.014  -48.883  3.721 0.8000000119
143998  38.629  -41.107  8.674 0.8000000119
144239  40.199  -47.163  5.540 0.6999999881
145046  40.122  -21.643  6.700 0.4000000060
145066  37.265  -29.855  8.184 0.5000000000
145603  38.744  -18.788  1.228 0.3000000119
146069  40.305  -30.307  9.217 0.5000000000
146090  38.485  -19.376  4.398 0.3000000119
146113  37.332  -36.714  8.769 0.6999999881
146656  36.285  -43.055  4.645 1.0000000000
146767  46.959  -54.004  0.969 0.6000000238
146912  38.756  -18.329  4.695 0.3000000119
147060  38.471  -25.351  3.004 0.4000000060
147436  41.681  -44.128  5.173 0.6000000238
147510  45.525  -52.039  2.203 0.4000000060
147718  39.298  -43.002  -1.585 1.0000000000
147931  37.088  -58.681  -1.046 0.5000000000
148077  39.932  -19.012  5.842 0.3000000119
148097  37.620  -31.007  3.425 0.6999999881
148504  50.781  -48.373  -3.474 0.4000000060
148759  42.891  -49.564  2.821 0.8000000119
150600  39.992  -22.304  6.932 0.4000000060
151336  36.473  -35.531  5.680 0.6999999881
151732  39.162  -16.968  -0.782 0.3000000119
151861  37.472  -41.326  8.311 0.8000000119
152189  38.601  -13.756  -1.228 0.3000000119
152522  45.008  -32.447  7.366 0.4000000060
152665  48.646  -57.657  1.388 0.6000000238
152667  36.819  -33.889  8.184 0.6000000238
152760  36.785  -52.331  1.099 0.8000000119
152956  39.743  -50.694  -1.948 0.6999999881
153664  45.664  -29.049  2.647 0.3000000119
153752  39.524  -53.198  -2.086 0.6999999881
153958  39.315  -48.588  -1.196 0.8000000119
154182  45.011  -36.479  5.998 0.5000000000
154281  39.142  -23.404  0.749 0.3000000119
154745  43.270  -42.319  4.270 0.6000000238
