#!ascii label  , from subject sub-v1s4x0050695_ses-1 vox2ras=TkReg
1529
51408  -60.097  -24.087  49.122 0.0000000000
39328  -53.197  -36.964  57.576 0.0000000000
59944  -60.752  -14.334  40.317 0.0000000000
139354  -51.956  -22.096  41.183 0.0000000000
55033  -59.342  -19.221  45.820 0.0000000000
44062  -58.697  -30.933  51.775 0.0000000000
39448  -48.586  -37.564  45.452 0.0000000000
45962  -51.201  -30.350  41.928 0.0000000000
42041  -45.381  -33.903  61.563 0.0000000000
68486  -64.753  -4.500  43.699 0.0000000000
44083  -42.959  -32.092  48.991 0.0000000000
52299  -56.007  -22.750  45.120 0.0000000000
53243  -58.018  -21.552  40.729 0.0000000000
53165  -62.700  -21.930  45.605 0.0000000000
140155  -62.264  -29.177  48.188 0.0000000000
125668  -55.940  -31.621  45.489 0.0000000000
47643  -55.259  -27.064  45.024 0.0000000000
48625  -50.561  -26.350  41.808 0.0000000000
69436  -63.169  -4.732  39.444 0.0000000000
39294  -49.949  -36.563  60.954 0.0000000000
41190  -43.886  -34.155  54.695 0.0000000000
41215  -48.470  -34.156  53.436 0.0000000000
140902  -58.531  -15.818  44.181 0.0000000000
41199  -55.410  -34.650  54.858 0.0000000000
39381  -52.279  -37.270  50.480 0.0000000000
40329  -54.216  -35.045  47.884 0.0000000000
125576  -50.735  -32.214  43.368 0.0000000000
42965  -42.486  -32.041  64.521 0.0000000000
59847  -61.503  -14.099  50.100 0.0000000000
60880  -63.431  -13.208  46.225 0.0000000000
65695  -64.668  -8.111  45.767 0.0000000000
62989  -63.991  -11.144  43.037 0.0000000000
64867  -62.936  -9.617  40.684 0.0000000000
42104  -40.745  -34.185  56.571 0.0000000000
41272  -47.246  -35.073  46.813 0.0000000000
51419  -57.817  -23.577  46.955 0.0000000000
52302  -59.836  -22.313  45.609 0.0000000000
52272  -61.343  -22.367  48.277 0.0000000000
48556  -61.412  -26.591  48.757 0.0000000000
129909  -58.657  -28.441  46.536 0.0000000000
119779  -57.925  -25.496  46.940 0.0000000000
140945  -55.771  -25.292  45.246 0.0000000000
59968  -60.547  -14.263  38.250 0.0000000000
141233  -62.292  -13.834  39.734 0.0000000000
134135  -51.971  -36.903  59.278 0.0000000000
41128  -49.060  -34.649  57.052 0.0000000000
40259  -51.014  -35.668  55.510 0.0000000000
54182  -52.889  -21.045  39.090 0.0000000000
55104  -60.745  -19.988  41.430 0.0000000000
129716  -58.302  -20.076  39.015 0.0000000000
55075  -58.029  -19.363  42.759 0.0000000000
57918  -56.803  -17.396  42.972 0.0000000000
56967  -57.884  -17.552  45.100 0.0000000000
43101  -57.401  -32.948  52.788 0.0000000000
42161  -53.891  -33.830  51.960 0.0000000000
136446  -54.929  -31.677  49.879 0.0000000000
127858  -52.960  -30.653  43.647 0.0000000000
43201  -53.393  -32.767  43.698 0.0000000000
43220  -51.413  -32.519  41.058 0.0000000000
122334  -50.940  -23.995  41.543 0.0000000000
60869  -62.672  -13.368  48.025 0.0000000000
63917  -65.306  -10.026  44.628 0.0000000000
66589  -64.817  -7.602  42.973 0.0000000000
64854  -63.576  -9.655  41.253 0.0000000000
66598  -63.068  -7.272  41.967 0.0000000000
67555  -61.058  -7.323  38.379 0.0000000000
43900  -44.021  -31.741  62.878 0.0000000000
126290  -41.221  -32.435  59.924 0.0000000000
42080  -43.166  -34.198  58.841 0.0000000000
42173  -43.900  -33.109  51.759 0.0000000000
42154  -41.638  -33.262  52.347 0.0000000000
136408  -40.821  -32.167  49.770 0.0000000000
38594  -50.366  -37.327  47.495 0.0000000000
40311  -49.586  -36.044  48.302 0.0000000000
39430  -47.806  -37.557  46.026 0.0000000000
52328  -53.812  -22.856  43.279 0.0000000000
53241  -54.451  -21.463  41.460 0.0000000000
53212  -56.822  -21.705  43.222 0.0000000000
123341  -61.026  -21.983  42.967 0.0000000000
55051  -62.520  -19.570  44.805 0.0000000000
45872  -59.735  -29.100  50.222 0.0000000000
121436  -58.225  -31.801  47.965 0.0000000000
122748  -59.619  -30.935  46.971 0.0000000000
45938  -55.273  -29.613  45.397 0.0000000000
123364  -52.571  -28.146  43.430 0.0000000000
46789  -50.758  -28.170  42.178 0.0000000000
48613  -53.325  -26.462  43.563 0.0000000000
50530  -52.908  -24.465  43.025 0.0000000000
69411  -63.383  -4.357  41.733 0.0000000000
71465  -65.373  -1.508  40.196 0.0000000000
140074  -47.465  -35.691  61.844 0.0000000000
40206  -44.707  -35.295  58.319 0.0000000000
139338  -46.656  -34.934  57.568 0.0000000000
41213  -46.774  -33.954  53.934 0.0000000000
127327  -46.122  -33.403  51.094 0.0000000000
137563  -55.565  -21.438  38.865 0.0000000000
58949  -57.658  -15.553  40.952 0.0000000000
59919  -59.018  -15.051  41.913 0.0000000000
40245  -54.379  -36.217  56.807 0.0000000000
39355  -52.980  -37.354  54.025 0.0000000000
127454  -53.964  -36.802  53.681 0.0000000000
39393  -53.629  -37.167  49.759 0.0000000000
126640  -51.169  -36.419  47.161 0.0000000000
42226  -55.828  -33.698  46.470 0.0000000000
42234  -52.883  -33.536  45.535 0.0000000000
41303  -49.156  -34.181  44.999 0.0000000000
53118  -62.770  -21.658  51.351 0.0000000000
40197  -55.242  -35.675  59.694 0.0000000000
41202  -58.584  -34.584  54.766 0.0000000000
43104  -60.062  -32.966  53.430 0.0000000000
53138  -64.188  -20.713  48.932 0.0000000000
55937  -64.429  -18.923  48.299 0.0000000000
55920  -61.074  -18.146  48.899 0.0000000000
58844  -61.514  -14.621  51.264 0.0000000000
57869  -60.093  -16.753  48.565 0.0000000000
59864  -60.051  -15.161  47.214 0.0000000000
60903  -61.138  -13.921  45.280 0.0000000000
59908  -61.852  -13.792  43.230 0.0000000000
63887  -65.651  -10.001  46.744 0.0000000000
61951  -64.280  -12.279  44.868 0.0000000000
60935  -62.580  -13.255  42.485 0.0000000000
61993  -63.255  -12.103  41.281 0.0000000000
66612  -61.285  -7.431  40.094 0.0000000000
42038  -39.908  -32.869  61.941 0.0000000000
41163  -38.115  -34.270  54.924 0.0000000000
41166  -41.626  -34.440  55.611 0.0000000000
42130  -39.793  -34.147  53.472 0.0000000000
41228  -50.381  -34.970  52.043 0.0000000000
42199  -48.055  -33.903  50.163 0.0000000000
43159  -45.195  -32.802  47.923 0.0000000000
139031  -44.757  -33.172  45.427 0.0000000000
51413  -59.051  -23.818  48.065 0.0000000000
52279  -59.454  -23.080  47.729 0.0000000000
52271  -60.568  -22.981  48.768 0.0000000000
141581  -60.504  -25.469  49.337 0.0000000000
48570  -59.922  -26.246  48.015 0.0000000000
50485  -58.898  -24.730  48.090 0.0000000000
49551  -57.812  -24.567  47.105 0.0000000000
59943  -59.723  -14.646  40.527 0.0000000000
129986  -60.480  -14.392  39.052 0.0000000000
59969  -61.427  -14.169  38.895 0.0000000000
143038  -61.458  -14.155  40.128 0.0000000000
39321  -52.524  -37.000  58.312 0.0000000000
40228  -51.377  -36.243  57.151 0.0000000000
39337  -52.221  -36.934  56.915 0.0000000000
53254  -50.958  -21.926  40.112 0.0000000000
129941  -52.122  -21.423  40.021 0.0000000000
55077  -60.279  -19.618  42.924 0.0000000000
55087  -59.275  -19.606  41.746 0.0000000000
55063  -59.025  -19.461  44.036 0.0000000000
55983  -57.730  -18.412  44.662 0.0000000000
125568  -58.521  -18.211  46.154 0.0000000000
43113  -57.907  -32.339  52.408 0.0000000000
43124  -56.274  -31.915  51.642 0.0000000000
44059  -56.586  -31.313  51.158 0.0000000000
44994  -51.694  -30.672  42.268 0.0000000000
144146  -52.510  -32.000  42.326 0.0000000000
45004  -51.760  -31.579  41.532 0.0000000000
44147  -51.176  -32.391  40.001 0.0000000000
52344  -51.474  -22.727  41.329 0.0000000000
51473  -49.818  -23.575  40.597 0.0000000000
52357  -50.540  -22.573  40.467 0.0000000000
66577  -65.347  -7.168  43.796 0.0000000000
67519  -65.110  -6.653  43.555 0.0000000000
65718  -64.080  -7.986  42.159 0.0000000000
66587  -63.602  -6.313  42.558 0.0000000000
139837  -45.146  -32.765  62.431 0.0000000000
42039  -43.831  -32.816  60.897 0.0000000000
42051  -44.231  -33.859  60.258 0.0000000000
43132  -43.492  -32.479  50.107 0.0000000000
43120  -42.116  -32.494  50.871 0.0000000000
44074  -42.134  -31.996  49.340 0.0000000000
44072  -40.580  -31.879  48.993 0.0000000000
124807  -41.650  -31.542  48.068 0.0000000000
39432  -49.547  -37.588  46.505 0.0000000000
38592  -49.113  -37.678  46.561 0.0000000000
38617  -48.350  -37.734  45.612 0.0000000000
52316  -54.887  -22.818  44.175 0.0000000000
53210  -55.052  -21.658  43.013 0.0000000000
52318  -56.429  -22.158  44.616 0.0000000000
53163  -60.813  -22.317  45.504 0.0000000000
53199  -60.304  -22.252  43.826 0.0000000000
53200  -61.407  -22.064  43.637 0.0000000000
54155  -62.377  -20.694  43.207 0.0000000000
54129  -63.283  -20.608  44.795 0.0000000000
46741  -61.875  -29.563  49.127 0.0000000000
45909  -60.604  -30.511  48.204 0.0000000000
45924  -60.767  -30.381  47.755 0.0000000000
137811  -56.734  -27.235  45.902 0.0000000000
140514  -57.255  -28.580  46.192 0.0000000000
46781  -55.116  -28.235  45.169 0.0000000000
46779  -54.025  -28.826  44.541 0.0000000000
47655  -53.882  -27.376  44.194 0.0000000000
47653  -52.764  -27.197  43.367 0.0000000000
48614  -53.891  -26.655  44.040 0.0000000000
50515  -55.243  -24.149  44.799 0.0000000000
50514  -54.653  -24.725  44.339 0.0000000000
51448  -54.687  -23.770  44.309 0.0000000000
51453  -53.705  -23.689  43.465 0.0000000000
40178  -48.441  -36.209  61.334 0.0000000000
128491  -46.810  -35.486  59.175 0.0000000000
40210  -48.576  -35.347  58.855 0.0000000000
123697  -48.752  -34.362  54.973 0.0000000000
41194  -47.999  -34.175  54.982 0.0000000000
42138  -47.185  -33.885  53.196 0.0000000000
125040  -45.972  -33.613  52.521 0.0000000000
141852  -47.056  -33.652  51.910 0.0000000000
123265  -56.733  -21.636  41.056 0.0000000000
123076  -55.371  -21.497  40.308 0.0000000000
122044  -57.699  -21.381  39.926 0.0000000000
55110  -57.753  -19.698  39.135 0.0000000000
54191  -57.551  -20.392  38.401 0.0000000000
55116  -56.770  -19.789  37.834 0.0000000000
57919  -57.720  -16.350  43.391 0.0000000000
57943  -56.829  -16.502  41.839 0.0000000000
58916  -57.949  -15.850  42.809 0.0000000000
58943  -58.298  -15.335  41.453 0.0000000000
127241  -58.561  -15.497  43.052 0.0000000000
41174  -55.042  -35.209  55.566 0.0000000000
40271  -53.909  -36.575  54.729 0.0000000000
121513  -54.183  -35.699  54.149 0.0000000000
42190  -53.848  -34.254  49.915 0.0000000000
40298  -54.108  -36.171  50.466 0.0000000000
40313  -53.857  -35.779  48.658 0.0000000000
40327  -52.567  -36.623  48.121 0.0000000000
137777  -53.303  -35.759  47.850 0.0000000000
43171  -57.779  -32.528  46.719 0.0000000000
43160  -57.158  -33.013  46.985 0.0000000000
43177  -55.892  -33.136  45.509 0.0000000000
120591  -52.469  -32.684  43.602 0.0000000000
42248  -53.215  -33.264  44.629 0.0000000000
43176  -51.741  -32.724  44.627 0.0000000000
42232  -51.154  -33.201  45.449 0.0000000000
122744  -50.174  -27.056  41.665 0.0000000000
42124  -60.063  -34.076  54.418 0.0000000000
45840  -62.333  -29.534  52.072 0.0000000000
126962  -63.493  -20.943  49.824 0.0000000000
55922  -65.129  -18.769  49.380 0.0000000000
55904  -63.924  -18.039  49.746 0.0000000000
55936  -63.350  -18.708  48.344 0.0000000000
56893  -62.126  -17.298  50.490 0.0000000000
59837  -61.240  -14.688  50.321 0.0000000000
58859  -60.785  -15.484  49.653 0.0000000000
59846  -60.830  -14.923  49.320 0.0000000000
58873  -60.007  -15.610  47.804 0.0000000000
58874  -60.448  -14.957  47.939 0.0000000000
61905  -63.038  -13.263  47.126 0.0000000000
60878  -61.663  -13.752  46.497 0.0000000000
60890  -61.836  -13.645  45.770 0.0000000000
60917  -61.301  -13.868  44.460 0.0000000000
60905  -62.958  -13.328  44.776 0.0000000000
64818  -65.392  -9.106  46.586 0.0000000000
63916  -64.731  -9.989  43.510 0.0000000000
137041  -64.689  -11.619  44.769 0.0000000000
61969  -64.240  -11.863  44.091 0.0000000000
61967  -63.272  -12.854  43.683 0.0000000000
61986  -63.376  -12.047  42.375 0.0000000000
61992  -62.889  -12.769  41.897 0.0000000000
64868  -63.303  -10.095  40.627 0.0000000000
63933  -63.477  -10.457  41.012 0.0000000000
63942  -63.367  -10.650  40.236 0.0000000000
69419  -63.120  -4.499  40.600 0.0000000000
68502  -62.548  -5.313  41.024 0.0000000000
68512  -62.450  -5.375  39.959 0.0000000000
43042  -40.683  -32.984  58.497 0.0000000000
43041  -39.849  -32.935  58.828 0.0000000000
42091  -39.487  -33.527  57.484 0.0000000000
41136  -38.409  -34.042  56.306 0.0000000000
41164  -38.975  -34.201  55.496 0.0000000000
120734  -43.978  -34.647  56.079 0.0000000000
41141  -43.038  -34.765  56.464 0.0000000000
41189  -43.055  -34.193  54.653 0.0000000000
42131  -40.553  -33.886  53.182 0.0000000000
41240  -37.483  -34.099  50.092 0.0000000000
39369  -52.956  -37.686  52.596 0.0000000000
40278  -51.716  -36.307  53.211 0.0000000000
40297  -51.113  -35.922  50.876 0.0000000000
41262  -48.290  -35.036  47.775 0.0000000000
41248  -48.674  -34.279  49.536 0.0000000000
41253  -47.800  -34.092  48.423 0.0000000000
42205  -46.598  -33.415  48.726 0.0000000000
42224  -46.273  -33.535  47.264 0.0000000000
43174  -43.617  -32.269  45.193 0.0000000000
51427  -57.467  -22.938  46.304 0.0000000000
52300  -57.341  -22.427  45.590 0.0000000000
52287  -58.400  -22.777  46.657 0.0000000000
137167  -60.153  -22.376  46.230 0.0000000000
52290  -61.989  -22.140  46.194 0.0000000000
134802  -62.231  -27.672  48.008 0.0000000000
46758  -60.411  -28.701  47.016 0.0000000000
48583  -60.467  -27.105  47.503 0.0000000000
48590  -58.577  -26.767  46.840 0.0000000000
48600  -56.985  -26.474  46.099 0.0000000000
137567  -55.428  -25.811  44.955 0.0000000000
49572  -56.861  -25.506  46.121 0.0000000000
49560  -56.856  -24.545  46.263 0.0000000000
60965  -62.734  -13.658  39.558 0.0000000000
39301  -50.424  -36.521  60.016 0.0000000000
40211  -49.435  -35.382  58.507 0.0000000000
40212  -50.265  -35.732  58.300 0.0000000000
41148  -50.053  -34.957  55.899 0.0000000000
41173  -50.141  -34.896  54.995 0.0000000000
121343  -59.679  -21.239  40.601 0.0000000000
53260  -58.747  -21.019  39.741 0.0000000000
55102  -59.828  -20.356  40.494 0.0000000000
55101  -58.510  -19.673  40.413 0.0000000000
55085  -57.085  -19.176  41.455 0.0000000000
56033  -55.842  -18.321  41.179 0.0000000000
55998  -56.822  -18.230  43.090 0.0000000000
139830  -57.124  -17.607  43.651 0.0000000000
129883  -58.437  -16.223  44.730 0.0000000000
42121  -57.015  -33.846  53.940 0.0000000000
42140  -54.574  -34.039  53.301 0.0000000000
42163  -55.359  -33.247  52.920 0.0000000000
43110  -54.763  -32.570  51.556 0.0000000000
42200  -54.200  -33.625  48.904 0.0000000000
44987  -54.306  -31.189  44.575 0.0000000000
44116  -54.599  -32.409  44.510 0.0000000000
44121  -53.317  -32.402  43.431 0.0000000000
43211  -52.360  -32.225  42.394 0.0000000000
43198  -51.491  -32.450  42.514 0.0000000000
44127  -49.932  -31.995  42.392 0.0000000000
43218  -50.482  -32.621  41.365 0.0000000000
125189  -51.192  -24.812  41.924 0.0000000000
50543  -49.648  -24.366  40.800 0.0000000000
61878  -62.852  -12.142  51.218 0.0000000000
134198  -62.357  -13.411  49.012 0.0000000000
61879  -63.578  -12.135  50.276 0.0000000000
128221  -64.246  -12.398  48.492 0.0000000000
61906  -64.891  -12.061  47.939 0.0000000000
65703  -65.156  -6.835  45.286 0.0000000000
65697  -65.286  -8.188  45.564 0.0000000000
65704  -65.467  -8.212  44.780 0.0000000000
136857  -65.403  -8.388  43.960 0.0000000000
64846  -64.532  -9.443  42.740 0.0000000000
142962  -63.858  -10.636  42.251 0.0000000000
64855  -64.077  -9.470  42.043 0.0000000000
65727  -63.862  -8.864  41.739 0.0000000000
125150  -62.908  -8.568  41.314 0.0000000000
69449  -63.445  -4.855  38.233 0.0000000000
133430  -61.983  -6.128  38.482 0.0000000000
68524  -62.096  -6.166  37.625 0.0000000000
43884  -42.929  -31.598  63.153 0.0000000000
42989  -42.168  -31.779  62.795 0.0000000000
123057  -42.639  -31.981  61.567 0.0000000000
42062  -42.019  -32.767  59.547 0.0000000000
41121  -41.675  -34.073  57.443 0.0000000000
42134  -43.695  -33.628  53.283 0.0000000000
42133  -42.765  -33.559  53.175 0.0000000000
42155  -42.490  -33.225  52.423 0.0000000000
43119  -40.844  -32.650  51.003 0.0000000000
43118  -40.098  -32.699  50.676 0.0000000000
42195  -38.276  -33.168  49.396 0.0000000000
43139  -39.578  -32.381  49.473 0.0000000000
38564  -51.437  -37.153  49.234 0.0000000000
40303  -50.532  -36.144  49.196 0.0000000000
39402  -49.904  -37.097  47.902 0.0000000000
40325  -48.584  -36.288  47.332 0.0000000000
40341  -47.499  -36.443  46.423 0.0000000000
52345  -52.440  -22.273  41.749 0.0000000000
53240  -53.576  -21.534  41.424 0.0000000000
53225  -53.844  -21.705  42.186 0.0000000000
53227  -55.827  -21.568  42.141 0.0000000000
53228  -57.095  -21.771  42.103 0.0000000000
53197  -58.084  -21.959  44.003 0.0000000000
53214  -59.012  -22.135  43.057 0.0000000000
53230  -59.818  -21.615  41.348 0.0000000000
53232  -61.204  -20.797  41.807 0.0000000000
123340  -61.494  -19.795  43.089 0.0000000000
55050  -61.358  -19.417  45.018 0.0000000000
45853  -59.243  -29.617  51.010 0.0000000000
44950  -57.104  -30.264  50.033 0.0000000000
45907  -58.739  -30.029  48.862 0.0000000000
44096  -58.902  -31.749  47.227 0.0000000000
44984  -57.557  -31.545  46.211 0.0000000000
46769  -59.273  -29.244  46.634 0.0000000000
45940  -57.306  -29.575  46.210 0.0000000000
44982  -55.614  -30.629  45.489 0.0000000000
127848  -54.148  -30.238  44.655 0.0000000000
45947  -52.516  -29.966  43.478 0.0000000000
45953  -51.485  -29.661  42.558 0.0000000000
45952  -50.860  -29.222  42.184 0.0000000000
46790  -51.412  -28.539  42.607 0.0000000000
47662  -51.387  -27.520  42.497 0.0000000000
122278  -51.988  -25.985  42.638 0.0000000000
49580  -54.671  -25.634  44.393 0.0000000000
49589  -53.200  -25.801  43.386 0.0000000000
49598  -51.871  -25.167  42.417 0.0000000000
50529  -52.299  -24.549  42.572 0.0000000000
52337  -52.618  -22.922  42.332 0.0000000000
69401  -63.989  -4.242  42.781 0.0000000000
70390  -64.800  -2.217  42.408 0.0000000000
70402  -65.008  -2.230  41.347 0.0000000000
70419  -65.060  -3.259  39.511 0.0000000000
69450  -64.599  -3.962  38.578 0.0000000000
69459  -64.860  -4.119  37.525 0.0000000000
41069  -46.497  -35.021  61.713 0.0000000000
41084  -44.720  -34.644  60.071 0.0000000000
40190  -45.408  -35.378  59.393 0.0000000000
40224  -46.064  -35.267  58.038 0.0000000000
41143  -46.028  -34.480  56.292 0.0000000000
41127  -48.236  -34.611  57.264 0.0000000000
120361  -46.564  -34.178  55.404 0.0000000000
41211  -45.143  -33.899  53.939 0.0000000000
42158  -45.131  -33.511  52.522 0.0000000000
42185  -44.422  -33.021  50.988 0.0000000000
43143  -44.209  -32.550  49.489 0.0000000000
123242  -53.973  -21.294  39.821 0.0000000000
129370  -54.708  -21.343  38.980 0.0000000000
121865  -57.464  -21.196  39.080 0.0000000000
59930  -58.937  -14.999  41.047 0.0000000000
59931  -59.734  -14.708  41.493 0.0000000000
39329  -53.604  -36.752  57.432 0.0000000000
39347  -53.042  -37.134  55.842 0.0000000000
39348  -53.381  -36.925  55.783 0.0000000000
39363  -53.515  -37.318  53.394 0.0000000000
38539  -53.616  -37.674  52.219 0.0000000000
40285  -54.063  -35.854  52.303 0.0000000000
39376  -54.114  -37.466  51.580 0.0000000000
38552  -53.180  -37.593  50.473 0.0000000000
38596  -52.063  -37.308  48.842 0.0000000000
39418  -50.819  -37.251  47.570 0.0000000000
40343  -50.156  -36.796  46.458 0.0000000000
44967  -56.141  -31.249  48.782 0.0000000000
139433  -55.790  -32.969  47.608 0.0000000000
41277  -54.853  -34.245  46.815 0.0000000000
42250  -54.510  -33.476  45.143 0.0000000000
42235  -54.515  -33.776  45.762 0.0000000000
41276  -54.340  -34.478  46.885 0.0000000000
41274  -52.126  -34.921  46.873 0.0000000000
41273  -50.891  -35.256  46.488 0.0000000000
129864  -49.350  -29.165  40.751 0.0000000000
50465  -61.158  -24.834  50.440 0.0000000000
52260  -61.754  -22.441  50.379 0.0000000000
43877  -44.549  -31.545  64.728 0.0000000000
41042  -47.248  -34.685  63.496 0.0000000000
41055  -47.575  -35.124  62.938 0.0000000000
40146  -48.451  -35.693  62.522 0.0000000000
39303  -51.454  -36.680  60.756 0.0000000000
123379  -52.705  -36.585  60.127 0.0000000000
39305  -53.309  -36.455  59.657 0.0000000000
138808  -53.823  -36.389  58.828 0.0000000000
40230  -54.760  -35.836  57.608 0.0000000000
40246  -55.189  -35.516  56.852 0.0000000000
41150  -56.522  -34.940  56.119 0.0000000000
41152  -58.378  -35.078  56.142 0.0000000000
41201  -57.660  -34.378  54.609 0.0000000000
42122  -58.068  -34.016  53.916 0.0000000000
43103  -59.278  -32.985  53.124 0.0000000000
43115  -59.966  -32.249  52.923 0.0000000000
44915  -60.453  -31.168  52.583 0.0000000000
45855  -61.208  -29.342  51.433 0.0000000000
46718  -61.897  -29.049  50.784 0.0000000000
49516  -61.483  -25.774  50.131 0.0000000000
53128  -62.092  -21.908  49.618 0.0000000000
53148  -63.344  -21.492  47.921 0.0000000000
53156  -63.603  -21.512  46.779 0.0000000000
54990  -65.188  -19.518  49.952 0.0000000000
54108  -64.820  -19.787  48.659 0.0000000000
54120  -64.192  -20.354  46.360 0.0000000000
55037  -63.328  -19.464  46.049 0.0000000000
55036  -62.401  -19.341  45.812 0.0000000000
55952  -60.538  -18.784  47.537 0.0000000000
56892  -61.326  -17.094  50.047 0.0000000000
56917  -60.391  -17.616  48.669 0.0000000000
55951  -59.657  -18.505  47.248 0.0000000000
56951  -58.793  -17.533  46.537 0.0000000000
58882  -59.124  -16.189  46.291 0.0000000000
58895  -59.331  -15.368  45.331 0.0000000000
60877  -61.116  -14.098  47.111 0.0000000000
59874  -60.324  -14.657  46.576 0.0000000000
58905  -59.372  -15.177  44.654 0.0000000000
59906  -59.952  -14.663  43.313 0.0000000000
137339  -60.524  -14.410  42.664 0.0000000000
59922  -61.403  -14.055  42.462 0.0000000000
62932  -65.499  -10.924  47.839 0.0000000000
143013  -64.638  -12.280  46.223 0.0000000000
63900  -65.580  -9.843  45.758 0.0000000000
62961  -64.890  -11.730  45.489 0.0000000000
61932  -64.029  -12.778  45.188 0.0000000000
61949  -63.102  -13.172  44.181 0.0000000000
60934  -62.158  -13.666  42.678 0.0000000000
125154  -62.053  -13.735  41.958 0.0000000000
60956  -62.054  -13.935  40.291 0.0000000000
131363  -62.546  -13.673  40.049 0.0000000000
60957  -63.096  -13.261  40.142 0.0000000000
63003  -63.451  -11.300  40.693 0.0000000000
62002  -63.416  -12.259  40.439 0.0000000000
62009  -63.716  -12.423  39.873 0.0000000000
67529  -62.787  -6.206  42.070 0.0000000000
66597  -62.188  -7.492  41.342 0.0000000000
65737  -61.731  -8.602  40.704 0.0000000000
142338  -61.302  -7.050  39.585 0.0000000000
65743  -61.129  -8.926  40.123 0.0000000000
141785  -61.506  -9.626  39.997 0.0000000000
122282  -40.685  -32.270  61.236 0.0000000000
41096  -43.841  -34.683  59.050 0.0000000000
41140  -42.403  -34.611  56.854 0.0000000000
41138  -41.155  -34.436  56.063 0.0000000000
129161  -41.260  -33.962  53.637 0.0000000000
41207  -40.497  -34.194  54.042 0.0000000000
41187  -39.885  -34.348  55.042 0.0000000000
41186  -39.013  -34.338  54.568 0.0000000000
40260  -51.961  -36.662  55.492 0.0000000000
40277  -50.921  -35.423  53.597 0.0000000000
41227  -49.519  -34.499  52.148 0.0000000000
40302  -50.175  -35.199  49.869 0.0000000000
41241  -48.829  -34.210  50.424 0.0000000000
42177  -48.257  -34.014  51.861 0.0000000000
42187  -46.673  -33.464  50.446 0.0000000000
42196  -45.593  -33.071  49.413 0.0000000000
43151  -44.570  -32.540  48.482 0.0000000000
39429  -47.111  -37.133  45.742 0.0000000000
40340  -46.810  -35.803  46.134 0.0000000000
41270  -45.788  -33.974  45.966 0.0000000000
42230  -45.131  -33.061  46.148 0.0000000000
43157  -43.856  -32.059  46.930 0.0000000000
44102  -43.140  -31.772  47.266 0.0000000000
51414  -59.861  -23.499  48.485 0.0000000000
136989  -60.267  -23.524  48.953 0.0000000000
50477  -60.071  -24.989  49.236 0.0000000000
49543  -59.553  -25.347  48.494 0.0000000000
50486  -59.520  -24.408  48.635 0.0000000000
59956  -60.166  -14.462  39.739 0.0000000000
59957  -61.050  -14.258  39.626 0.0000000000
123959  -53.079  -36.895  58.318 0.0000000000
140355  -52.956  -37.079  57.724 0.0000000000
53265  -51.494  -21.485  39.699 0.0000000000
53255  -51.688  -21.765  40.428 0.0000000000
55064  -60.181  -19.515  44.072 0.0000000000
55048  -59.175  -19.365  45.002 0.0000000000
55984  -58.356  -19.043  44.846 0.0000000000
124803  -58.623  -18.888  45.664 0.0000000000
44050  -58.378  -31.653  52.073 0.0000000000
44049  -57.554  -31.715  51.857 0.0000000000
44061  -57.947  -30.982  51.541 0.0000000000
52358  -51.239  -22.329  40.792 0.0000000000
52365  -50.177  -22.137  39.763 0.0000000000
67510  -65.181  -4.976  44.269 0.0000000000
67511  -65.309  -5.810  44.145 0.0000000000
67518  -64.678  -5.797  43.471 0.0000000000
42025  -45.643  -33.438  62.462 0.0000000000
42040  -44.640  -33.410  61.136 0.0000000000
43142  -43.468  -32.324  49.418 0.0000000000
44075  -42.838  -32.253  49.778 0.0000000000
130457  -41.709  -31.737  48.753 0.0000000000
44082  -42.329  -31.769  48.509 0.0000000000
39449  -49.009  -37.874  45.976 0.0000000000
52298  -55.338  -23.189  44.750 0.0000000000
52317  -55.630  -22.433  44.448 0.0000000000
53164  -61.832  -22.163  45.466 0.0000000000
53180  -61.656  -22.159  44.574 0.0000000000
53181  -62.537  -21.801  44.749 0.0000000000
53201  -62.373  -21.474  43.758 0.0000000000
53182  -63.137  -21.437  45.121 0.0000000000
45892  -62.103  -29.622  48.635 0.0000000000
133929  -61.707  -29.935  48.237 0.0000000000
120343  -61.636  -29.997  48.075 0.0000000000
47644  -56.000  -27.192  45.478 0.0000000000
132375  -55.557  -27.782  45.331 0.0000000000
47650  -54.881  -27.657  44.885 0.0000000000
139092  -54.351  -27.677  44.534 0.0000000000
133281  -54.524  -26.992  44.505 0.0000000000
51437  -55.862  -23.535  45.304 0.0000000000
51454  -54.238  -23.338  43.784 0.0000000000
119533  -48.994  -36.289  60.663 0.0000000000
126348  -48.068  -35.650  59.586 0.0000000000
40193  -48.765  -35.853  59.755 0.0000000000
41195  -48.578  -34.256  54.278 0.0000000000
41214  -47.721  -34.036  53.959 0.0000000000
42139  -47.864  -33.998  53.131 0.0000000000
42160  -47.585  -33.852  52.403 0.0000000000
53259  -56.488  -21.538  40.130 0.0000000000
56048  -56.695  -19.230  39.982 0.0000000000
55113  -57.283  -19.800  38.435 0.0000000000
58917  -58.297  -15.823  43.555 0.0000000000
41175  -56.005  -34.707  55.505 0.0000000000
41198  -54.579  -35.433  54.895 0.0000000000
41250  -54.173  -34.782  48.742 0.0000000000
40304  -53.973  -35.789  49.118 0.0000000000
40328  -53.807  -35.598  48.147 0.0000000000
40345  -53.932  -35.061  47.474 0.0000000000
44110  -56.804  -32.015  45.833 0.0000000000
43178  -56.737  -32.805  45.961 0.0000000000
143448  -56.201  -32.445  45.557 0.0000000000
43188  -51.401  -32.433  43.735 0.0000000000
42247  -50.675  -32.654  44.838 0.0000000000
43187  -50.245  -32.225  44.191 0.0000000000
48624  -49.772  -26.564  41.385 0.0000000000
56905  -62.693  -17.842  50.060 0.0000000000
60852  -62.192  -12.880  51.585 0.0000000000
59838  -61.742  -13.705  51.648 0.0000000000
59854  -60.890  -14.629  48.775 0.0000000000
60879  -62.477  -13.487  46.350 0.0000000000
60891  -62.772  -13.417  45.537 0.0000000000
60892  -63.585  -13.144  45.368 0.0000000000
64823  -64.991  -8.392  46.428 0.0000000000
64824  -65.112  -8.482  46.286 0.0000000000
62978  -64.775  -11.004  44.180 0.0000000000
61968  -63.634  -12.236  43.419 0.0000000000
63941  -63.047  -10.340  40.087 0.0000000000
42975  -41.553  -32.130  63.309 0.0000000000
119677  -40.921  -33.547  57.701 0.0000000000
42078  -40.067  -33.223  57.986 0.0000000000
42103  -39.796  -33.906  56.703 0.0000000000
41137  -39.243  -34.044  56.248 0.0000000000
41165  -40.114  -34.287  55.885 0.0000000000
121042  -44.117  -34.345  55.306 0.0000000000
41168  -43.231  -34.495  55.516 0.0000000000
42167  -38.034  -33.856  50.846 0.0000000000
39375  -52.584  -37.372  52.030 0.0000000000
40291  -51.973  -36.731  51.235 0.0000000000
41261  -47.593  -34.518  47.580 0.0000000000
42215  -47.072  -33.731  48.223 0.0000000000
41260  -46.909  -33.944  47.375 0.0000000000
52280  -60.399  -22.699  47.869 0.0000000000
121877  -59.955  -22.561  47.056 0.0000000000
142415  -60.663  -22.435  47.167 0.0000000000
52289  -60.972  -22.325  46.402 0.0000000000
52281  -61.491  -22.241  47.160 0.0000000000
121397  -61.810  -27.108  48.126 0.0000000000
47616  -61.517  -27.532  47.692 0.0000000000
48571  -60.914  -26.733  48.118 0.0000000000
48581  -58.528  -26.024  47.199 0.0000000000
48582  -59.371  -26.699  47.326 0.0000000000
140369  -58.079  -26.206  46.770 0.0000000000
48589  -57.855  -26.708  46.505 0.0000000000
49573  -57.525  -25.919  46.484 0.0000000000
50492  -58.363  -24.120  47.597 0.0000000000
50497  -57.367  -24.232  46.689 0.0000000000
51426  -57.052  -23.641  46.360 0.0000000000
137313  -59.740  -14.447  38.552 0.0000000000
60964  -61.806  -14.063  39.647 0.0000000000
133507  -62.257  -13.909  39.202 0.0000000000
39312  -51.334  -36.794  60.080 0.0000000000
39319  -50.964  -36.472  59.067 0.0000000000
40243  -50.752  -35.567  56.508 0.0000000000
53266  -52.174  -21.202  39.377 0.0000000000
54174  -60.367  -20.580  40.805 0.0000000000
141422  -60.035  -20.798  40.453 0.0000000000
55103  -60.264  -19.977  41.058 0.0000000000
55086  -58.179  -19.490  41.610 0.0000000000
55100  -57.551  -19.452  40.167 0.0000000000
56015  -56.622  -18.501  42.313 0.0000000000
56016  -57.229  -18.970  42.499 0.0000000000
124017  -57.340  -18.347  43.879 0.0000000000
56987  -57.492  -17.621  44.365 0.0000000000
57906  -57.909  -16.871  44.613 0.0000000000
57896  -58.330  -16.809  45.323 0.0000000000
42142  -56.959  -33.349  53.262 0.0000000000
137373  -56.162  -33.498  53.474 0.0000000000
42164  -56.467  -32.998  52.779 0.0000000000
44058  -55.868  -31.537  51.011 0.0000000000
43123  -55.522  -32.147  51.541 0.0000000000
43135  -55.041  -31.972  50.766 0.0000000000
42191  -53.960  -33.087  49.850 0.0000000000
43134  -54.396  -32.239  49.923 0.0000000000
44986  -53.570  -30.719  44.145 0.0000000000
44115  -53.854  -31.951  43.894 0.0000000000
44992  -53.208  -31.617  43.423 0.0000000000
44128  -52.147  -32.136  41.814 0.0000000000
43210  -51.852  -32.425  41.774 0.0000000000
43199  -52.186  -32.505  42.720 0.0000000000
43209  -51.115  -32.601  41.649 0.0000000000
43219  -50.951  -32.925  40.862 0.0000000000
50535  -50.419  -24.612  41.391 0.0000000000
139858  -62.909  -12.815  50.005 0.0000000000
62906  -64.327  -10.923  49.994 0.0000000000
61890  -64.123  -12.096  49.498 0.0000000000
61891  -64.679  -11.571  49.178 0.0000000000
133473  -64.754  -5.336  45.146 0.0000000000
68469  -63.692  -5.260  44.775 0.0000000000
67501  -65.118  -6.010  45.191 0.0000000000
132132  -65.211  -6.495  45.076 0.0000000000
66569  -65.307  -7.302  45.120 0.0000000000
65711  -65.194  -8.058  43.423 0.0000000000
64839  -64.985  -8.940  43.353 0.0000000000
65719  -64.541  -8.630  42.549 0.0000000000
66599  -63.428  -8.369  41.641 0.0000000000
64853  -63.315  -9.044  41.244 0.0000000000
139104  -62.717  -7.995  41.513 0.0000000000
68533  -62.717  -5.574  37.387 0.0000000000
43885  -43.751  -31.567  63.486 0.0000000000
43898  -42.864  -31.727  62.321 0.0000000000
42990  -43.731  -31.923  62.291 0.0000000000
42050  -43.372  -33.154  60.136 0.0000000000
43019  -42.980  -32.350  60.862 0.0000000000
123455  -42.867  -33.412  59.435 0.0000000000
128266  -42.329  -33.642  58.688 0.0000000000
41122  -42.274  -34.177  57.871 0.0000000000
42157  -44.257  -33.412  52.518 0.0000000000
42156  -43.373  -33.289  52.497 0.0000000000
42172  -43.028  -32.951  51.761 0.0000000000
43130  -41.388  -32.370  50.471 0.0000000000
143118  -41.538  -32.627  51.135 0.0000000000
43129  -40.647  -32.435  50.398 0.0000000000
43128  -40.097  -32.365  50.005 0.0000000000
139272  -40.157  -32.148  49.406 0.0000000000
44080  -40.419  -31.725  48.185 0.0000000000
44071  -39.785  -32.067  48.742 0.0000000000
38578  -50.933  -37.274  48.222 0.0000000000
39403  -50.692  -37.057  48.457 0.0000000000
38577  -50.151  -37.355  47.581 0.0000000000
39431  -48.538  -37.716  46.262 0.0000000000
39416  -48.884  -37.409  46.902 0.0000000000
40342  -48.211  -36.987  46.655 0.0000000000
52338  -53.413  -22.459  42.650 0.0000000000
52346  -53.041  -22.009  42.028 0.0000000000
52339  -54.153  -21.983  42.905 0.0000000000
53211  -56.024  -21.652  43.059 0.0000000000
53213  -57.917  -21.899  42.889 0.0000000000
53177  -58.303  -22.104  45.039 0.0000000000
52319  -57.296  -22.064  44.768 0.0000000000
125356  -60.123  -22.176  42.975 0.0000000000
53198  -59.188  -22.173  43.984 0.0000000000
140178  -59.046  -21.997  42.176 0.0000000000
124251  -59.964  -21.908  42.158 0.0000000000
53231  -60.717  -21.297  41.382 0.0000000000
53215  -61.008  -21.586  42.166 0.0000000000
142957  -62.639  -20.221  43.563 0.0000000000
54154  -61.812  -20.453  42.585 0.0000000000
55065  -62.201  -19.767  43.878 0.0000000000
128095  -61.098  -19.546  44.205 0.0000000000
45871  -58.813  -29.498  50.361 0.0000000000
45889  -59.075  -29.464  49.484 0.0000000000
44975  -59.912  -30.945  47.476 0.0000000000
44970  -59.544  -31.266  47.739 0.0000000000
44097  -59.338  -31.379  47.212 0.0000000000
44104  -58.789  -31.787  46.934 0.0000000000
129158  -58.341  -31.413  46.545 0.0000000000
47635  -59.426  -28.279  46.764 0.0000000000
141780  -59.982  -29.206  46.847 0.0000000000
134109  -56.596  -28.918  45.961 0.0000000000
45939  -56.312  -29.845  45.852 0.0000000000
44981  -54.753  -30.398  45.086 0.0000000000
45944  -54.468  -29.375  44.912 0.0000000000
46785  -53.478  -28.812  44.163 0.0000000000
46784  -52.820  -28.902  43.695 0.0000000000
46791  -52.047  -29.022  43.172 0.0000000000
48618  -52.040  -26.871  42.825 0.0000000000
48612  -52.661  -26.258  43.134 0.0000000000
128429  -53.454  -25.062  43.473 0.0000000000
125581  -54.126  -25.159  43.968 0.0000000000
49599  -52.630  -25.341  42.955 0.0000000000
51459  -53.189  -23.524  42.975 0.0000000000
70420  -65.477  -2.138  40.241 0.0000000000
70401  -64.864  -2.892  40.533 0.0000000000
69451  -65.681  -3.236  38.577 0.0000000000
40158  -46.859  -35.516  61.422 0.0000000000
41086  -46.095  -35.232  60.971 0.0000000000
40176  -46.565  -35.608  60.606 0.0000000000
40225  -46.950  -35.187  58.298 0.0000000000
40208  -46.120  -35.469  58.866 0.0000000000
41124  -46.014  -34.938  57.235 0.0000000000
40226  -49.659  -35.117  57.656 0.0000000000
41113  -48.838  -34.915  57.903 0.0000000000
41146  -48.439  -34.427  56.445 0.0000000000
41193  -47.119  -34.074  54.715 0.0000000000
120840  -47.328  -34.177  55.407 0.0000000000
41192  -46.259  -34.048  54.622 0.0000000000
136143  -45.546  -34.042  54.493 0.0000000000
41212  -45.945  -33.904  53.902 0.0000000000
42136  -45.534  -33.721  53.232 0.0000000000
42175  -46.409  -33.549  51.846 0.0000000000
42174  -45.617  -33.421  51.791 0.0000000000
128863  -45.285  -33.229  50.994 0.0000000000
43133  -44.128  -32.723  50.339 0.0000000000
43144  -44.931  -32.948  50.097 0.0000000000
53257  -53.292  -21.395  40.637 0.0000000000
53258  -54.338  -21.384  40.624 0.0000000000
53268  -55.005  -21.451  39.641 0.0000000000
54179  -58.614  -20.425  39.506 0.0000000000
53270  -58.291  -20.882  39.268 0.0000000000
54184  -58.047  -20.474  38.886 0.0000000000
55117  -57.049  -20.227  37.902 0.0000000000
57018  -56.335  -17.835  42.359 0.0000000000
57031  -56.274  -17.218  41.804 0.0000000000
58941  -57.016  -16.050  41.102 0.0000000000
142826  -57.684  -15.387  40.320 0.0000000000
59920  -59.786  -14.731  42.361 0.0000000000
40229  -54.062  -36.535  57.354 0.0000000000
39340  -53.756  -36.798  56.542 0.0000000000
39349  -53.761  -36.754  55.628 0.0000000000
39357  -53.581  -37.082  53.925 0.0000000000
39364  -53.786  -37.357  52.989 0.0000000000
38533  -53.585  -37.523  52.817 0.0000000000
38534  -53.807  -37.591  52.397 0.0000000000
42162  -54.433  -33.543  52.570 0.0000000000
41229  -53.985  -34.597  52.732 0.0000000000
39382  -53.960  -37.171  50.293 0.0000000000
40293  -54.200  -36.991  50.901 0.0000000000
132048  -53.524  -37.642  50.984 0.0000000000
38567  -53.222  -37.473  49.878 0.0000000000
141417  -52.289  -37.340  49.310 0.0000000000
38580  -52.719  -37.369  49.359 0.0000000000
138295  -51.747  -36.748  47.744 0.0000000000
136573  -50.276  -37.426  46.911 0.0000000000
44963  -57.715  -30.240  49.129 0.0000000000
44962  -56.745  -30.662  49.232 0.0000000000
44968  -57.105  -31.366  48.343 0.0000000000
42227  -56.459  -33.333  46.707 0.0000000000
42218  -56.322  -33.369  47.114 0.0000000000
42217  -55.774  -33.778  46.916 0.0000000000
42209  -55.459  -33.639  47.415 0.0000000000
41265  -55.285  -34.055  46.808 0.0000000000
43202  -53.910  -32.781  43.938 0.0000000000
43191  -54.536  -33.160  44.568 0.0000000000
43190  -53.840  -33.180  44.320 0.0000000000
42249  -53.828  -33.622  45.352 0.0000000000
41290  -54.084  -34.101  46.277 0.0000000000
41289  -53.059  -34.060  46.264 0.0000000000
41275  -53.397  -34.844  47.074 0.0000000000
41288  -51.835  -33.868  46.099 0.0000000000
42231  -50.080  -33.535  45.342 0.0000000000
41287  -50.535  -34.256  45.875 0.0000000000
41286  -49.724  -34.550  45.469 0.0000000000
40359  -49.803  -35.715  45.820 0.0000000000
41285  -49.235  -35.273  45.237 0.0000000000
46797  -50.275  -28.792  41.700 0.0000000000
45960  -49.932  -29.464  41.135 0.0000000000
46796  -49.556  -28.369  41.237 0.0000000000
43866  -43.932  -31.507  65.260 0.0000000000
41043  -47.880  -34.862  63.773 0.0000000000
39296  -51.375  -36.432  61.245 0.0000000000
39315  -54.375  -36.011  59.211 0.0000000000
40214  -54.221  -36.248  58.314 0.0000000000
129448  -54.981  -35.799  59.071 0.0000000000
40247  -56.045  -35.189  56.699 0.0000000000
128151  -56.874  -35.139  56.834 0.0000000000
41176  -58.979  -34.972  55.471 0.0000000000
124388  -58.015  -34.801  55.392 0.0000000000
140856  -58.321  -34.299  54.328 0.0000000000
42145  -59.628  -33.556  53.720 0.0000000000
121960  -61.276  -30.575  52.614 0.0000000000
44934  -60.735  -30.117  52.008 0.0000000000
45856  -62.347  -29.289  51.516 0.0000000000
45857  -63.260  -29.029  51.471 0.0000000000
46731  -62.657  -29.138  50.053 0.0000000000
52249  -62.248  -22.314  51.175 0.0000000000
53129  -62.568  -21.555  50.364 0.0000000000
54097  -64.324  -20.372  49.866 0.0000000000
53137  -63.114  -21.340  49.099 0.0000000000
134413  -64.036  -21.039  48.217 0.0000000000
55905  -64.617  -18.629  49.108 0.0000000000
55938  -64.871  -19.120  48.673 0.0000000000
55016  -64.686  -19.582  47.788 0.0000000000
54114  -64.446  -20.357  47.131 0.0000000000
55026  -64.286  -19.666  46.840 0.0000000000
55038  -63.877  -19.747  46.064 0.0000000000
55025  -63.669  -19.258  46.712 0.0000000000
55935  -61.945  -18.598  48.544 0.0000000000
55024  -62.627  -19.138  46.728 0.0000000000
55953  -61.658  -18.916  47.637 0.0000000000
55023  -61.416  -19.155  46.799 0.0000000000
55934  -60.812  -18.438  48.299 0.0000000000
57861  -61.615  -16.358  50.792 0.0000000000
58852  -61.196  -15.443  50.561 0.0000000000
57870  -60.425  -16.158  49.124 0.0000000000
127742  -60.547  -16.900  49.221 0.0000000000
55933  -59.942  -18.107  47.978 0.0000000000
56916  -59.827  -17.352  48.093 0.0000000000
56932  -59.359  -17.586  47.361 0.0000000000
57876  -59.669  -16.539  47.739 0.0000000000
58883  -59.538  -15.845  46.950 0.0000000000
58894  -58.877  -16.062  45.509 0.0000000000
130647  -59.378  -15.603  46.095 0.0000000000
60868  -61.729  -13.822  48.029 0.0000000000
60889  -61.012  -14.040  46.145 0.0000000000
59884  -60.372  -14.455  45.644 0.0000000000
59883  -59.804  -14.832  45.116 0.0000000000
59893  -59.839  -14.758  44.289 0.0000000000
59894  -60.477  -14.345  44.797 0.0000000000
59907  -61.400  -13.884  43.773 0.0000000000
129138  -60.973  -14.157  43.228 0.0000000000
139590  -65.343  -9.322  47.227 0.0000000000
63874  -65.494  -9.986  47.699 0.0000000000
62946  -65.603  -10.983  47.014 0.0000000000
124353  -65.255  -11.646  47.398 0.0000000000
64831  -65.463  -8.984  45.198 0.0000000000
64825  -65.399  -8.826  45.968 0.0000000000
63909  -65.278  -10.965  45.100 0.0000000000
61933  -64.515  -12.305  45.702 0.0000000000
60906  -63.549  -13.071  44.773 0.0000000000
61950  -63.700  -12.793  44.497 0.0000000000
141681  -62.861  -13.049  43.124 0.0000000000
60947  -62.047  -13.863  41.113 0.0000000000
60948  -62.495  -13.391  41.490 0.0000000000
62001  -62.921  -12.936  40.937 0.0000000000
63934  -63.808  -10.214  41.754 0.0000000000
62996  -63.585  -11.125  41.733 0.0000000000
63009  -63.640  -11.325  39.994 0.0000000000
68496  -62.924  -5.293  41.982 0.0000000000
67536  -61.730  -6.891  40.860 0.0000000000
68495  -62.258  -6.119  41.351 0.0000000000
66607  -61.641  -7.787  40.791 0.0000000000
66621  -61.457  -6.733  38.996 0.0000000000
66620  -60.876  -8.101  39.717 0.0000000000
43003  -41.293  -32.094  61.599 0.0000000000
43017  -41.241  -32.202  60.771 0.0000000000
121435  -39.291  -33.294  58.309 0.0000000000
43027  -39.591  -32.860  59.595 0.0000000000
41120  -38.001  -34.081  57.209 0.0000000000
119863  -38.003  -34.139  55.668 0.0000000000
41162  -37.344  -34.426  55.325 0.0000000000
41184  -37.404  -34.498  54.449 0.0000000000
40189  -44.680  -35.252  58.977 0.0000000000
41097  -44.483  -34.924  59.444 0.0000000000
41111  -44.009  -35.070  58.516 0.0000000000
41167  -42.348  -34.588  56.070 0.0000000000
138304  -43.112  -34.839  57.193 0.0000000000
119905  -41.833  -34.475  56.306 0.0000000000
42132  -41.925  -33.579  53.065 0.0000000000
41208  -42.080  -33.949  53.830 0.0000000000
138912  -41.237  -33.636  52.921 0.0000000000
137795  -40.432  -34.302  54.736 0.0000000000
119453  -39.763  -34.294  54.291 0.0000000000
119809  -38.976  -34.340  53.658 0.0000000000
121002  -53.011  -37.200  54.889 0.0000000000
133309  -52.726  -37.071  55.425 0.0000000000
39354  -52.441  -36.921  54.673 0.0000000000
40283  -51.014  -35.532  52.649 0.0000000000
41217  -50.053  -34.746  53.012 0.0000000000
122498  -49.884  -35.482  49.056 0.0000000000
42207  -47.940  -33.902  49.291 0.0000000000
41234  -49.013  -34.266  51.383 0.0000000000
42189  -48.187  -33.964  51.021 0.0000000000
42188  -47.442  -33.704  50.716 0.0000000000
42198  -47.293  -33.618  49.866 0.0000000000
139728  -45.719  -33.068  48.201 0.0000000000
42204  -46.001  -33.187  48.761 0.0000000000
43152  -45.346  -32.906  48.667 0.0000000000
133311  -44.949  -32.787  49.227 0.0000000000
40357  -46.402  -36.640  45.498 0.0000000000
138888  -45.215  -33.697  45.525 0.0000000000
42223  -45.798  -33.391  46.771 0.0000000000
44109  -43.048  -31.777  45.526 0.0000000000
43167  -43.779  -32.080  46.038 0.0000000000
136528  -43.124  -31.712  46.373 0.0000000000
51420  -58.664  -23.335  47.392 0.0000000000
49531  -61.014  -25.919  49.429 0.0000000000
49544  -60.409  -25.900  48.811 0.0000000000
49542  -59.049  -25.707  47.807 0.0000000000
49552  -58.361  -25.102  47.508 0.0000000000
59955  -59.309  -14.688  39.692 0.0000000000
140886  -59.747  -14.537  39.207 0.0000000000
39320  -51.755  -36.792  58.504 0.0000000000
39326  -51.962  -36.855  57.730 0.0000000000
40244  -51.639  -36.388  56.283 0.0000000000
55088  -60.310  -19.748  41.843 0.0000000000
55076  -59.068  -19.535  42.905 0.0000000000
55062  -57.956  -19.141  43.882 0.0000000000
55971  -58.127  -18.302  45.447 0.0000000000
43112  -56.915  -32.333  52.176 0.0000000000
44048  -56.916  -31.691  51.644 0.0000000000
44991  -52.574  -31.260  42.989 0.0000000000
44995  -52.159  -31.460  42.270 0.0000000000
130000  -51.797  -32.254  41.288 0.0000000000
43232  -51.163  -32.612  40.537 0.0000000000
44138  -51.564  -32.094  40.668 0.0000000000
51465  -51.450  -23.445  41.661 0.0000000000
50544  -50.319  -23.808  41.062 0.0000000000
51464  -50.863  -23.127  41.127 0.0000000000
51474  -50.262  -23.186  40.704 0.0000000000
67502  -65.290  -5.925  44.722 0.0000000000
66578  -65.406  -6.772  44.566 0.0000000000
122660  -65.387  -6.435  44.153 0.0000000000
66588  -64.282  -6.971  42.725 0.0000000000
42991  -44.597  -32.271  62.478 0.0000000000
43006  -44.219  -32.506  61.679 0.0000000000
42063  -43.636  -34.020  59.510 0.0000000000
43122  -43.497  -32.735  50.968 0.0000000000
43121  -42.710  -32.657  51.169 0.0000000000
43131  -42.796  -32.452  50.531 0.0000000000
43141  -42.146  -32.261  50.157 0.0000000000
43140  -41.570  -32.136  49.808 0.0000000000
44073  -41.320  -31.898  49.219 0.0000000000
44081  -41.100  -31.660  48.523 0.0000000000
124381  -40.993  -31.502  47.818 0.0000000000
39433  -49.957  -37.619  46.906 0.0000000000
38593  -49.664  -37.607  46.943 0.0000000000
38607  -49.290  -37.649  46.444 0.0000000000
38606  -48.776  -37.841  46.081 0.0000000000
38605  -48.109  -37.773  45.744 0.0000000000
52329  -54.518  -22.394  43.550 0.0000000000
52330  -55.329  -22.004  43.764 0.0000000000
53195  -56.201  -21.842  43.870 0.0000000000
53178  -59.485  -22.206  44.844 0.0000000000
53179  -60.557  -22.290  44.673 0.0000000000
53216  -61.765  -21.281  42.732 0.0000000000
54143  -62.815  -20.685  43.921 0.0000000000
55066  -62.944  -20.013  44.219 0.0000000000
46729  -60.889  -29.193  49.559 0.0000000000
45890  -60.171  -29.577  49.080 0.0000000000
45891  -61.410  -29.989  48.508 0.0000000000
45910  -61.126  -30.278  48.071 0.0000000000
45934  -60.049  -30.237  46.983 0.0000000000
141184  -57.145  -27.827  46.134 0.0000000000
127910  -57.873  -28.119  46.361 0.0000000000
46775  -56.445  -28.011  45.769 0.0000000000
46774  -54.980  -28.829  45.218 0.0000000000
46780  -54.529  -28.357  44.795 0.0000000000
47649  -53.912  -28.124  44.359 0.0000000000
47654  -53.270  -27.916  43.848 0.0000000000
128757  -53.441  -27.096  43.773 0.0000000000
50504  -55.783  -24.520  45.277 0.0000000000
49581  -55.271  -25.061  44.785 0.0000000000
128201  -54.027  -24.334  43.812 0.0000000000
50522  -53.431  -24.256  43.367 0.0000000000
40177  -47.480  -35.919  61.131 0.0000000000
40192  -47.229  -35.731  59.973 0.0000000000
40209  -47.600  -35.391  58.988 0.0000000000
41112  -47.945  -34.974  58.114 0.0000000000
41147  -49.216  -34.581  56.205 0.0000000000
42137  -46.367  -33.789  53.219 0.0000000000
42159  -46.769  -33.704  52.517 0.0000000000
53242  -55.472  -21.512  41.205 0.0000000000
137018  -54.879  -21.449  40.923 0.0000000000
53269  -56.202  -21.470  39.244 0.0000000000
134489  -58.516  -19.913  39.519 0.0000000000
55114  -57.963  -20.038  38.705 0.0000000000
144082  -57.249  -16.930  43.344 0.0000000000
57929  -56.629  -17.074  42.368 0.0000000000
57930  -57.234  -16.499  42.661 0.0000000000
58942  -57.619  -15.833  41.867 0.0000000000
58929  -58.417  -15.434  42.309 0.0000000000
59905  -59.111  -15.115  42.796 0.0000000000
40262  -54.717  -35.729  56.203 0.0000000000
131090  -54.159  -36.483  56.162 0.0000000000
40261  -54.311  -36.093  55.568 0.0000000000
42178  -53.672  -34.043  51.108 0.0000000000
41237  -53.787  -34.848  51.720 0.0000000000
41244  -54.004  -35.558  49.739 0.0000000000
138246  -53.834  -36.572  49.497 0.0000000000
39405  -53.633  -36.566  48.997 0.0000000000
39419  -52.638  -37.156  48.769 0.0000000000
39420  -53.271  -36.559  48.559 0.0000000000
40344  -52.402  -35.862  47.517 0.0000000000
44095  -58.339  -32.225  47.300 0.0000000000
44085  -57.586  -32.242  47.695 0.0000000000
43170  -57.174  -32.883  46.700 0.0000000000
42237  -56.462  -33.270  46.223 0.0000000000
42236  -55.645  -33.633  45.928 0.0000000000
43189  -53.150  -32.927  43.832 0.0000000000
141183  -52.637  -32.958  44.317 0.0000000000
42233  -52.229  -33.145  45.215 0.0000000000
47670  -50.185  -27.810  41.701 0.0000000000
137112  -55.987  -35.553  59.340 0.0000000000
41203  -59.546  -34.653  54.900 0.0000000000
41178  -60.518  -34.468  55.223 0.0000000000
44916  -61.744  -30.198  52.787 0.0000000000
53119  -63.501  -21.180  51.701 0.0000000000
53130  -63.409  -20.932  50.725 0.0000000000
54087  -64.164  -20.385  51.017 0.0000000000
56906  -64.922  -18.136  49.812 0.0000000000
132883  -63.955  -18.489  48.914 0.0000000000
121572  -62.714  -18.311  49.294 0.0000000000
56904  -61.842  -17.783  49.832 0.0000000000
60846  -61.905  -12.598  52.526 0.0000000000
126245  -60.490  -15.539  48.988 0.0000000000
58865  -60.123  -15.958  48.461 0.0000000000
58866  -60.446  -15.262  48.522 0.0000000000
132059  -62.077  -13.617  47.166 0.0000000000
60904  -62.048  -13.574  44.954 0.0000000000
122798  -62.212  -13.541  44.073 0.0000000000
125097  -64.618  -8.886  46.957 0.0000000000
64817  -65.030  -8.873  47.059 0.0000000000
125619  -63.845  -12.461  44.151 0.0000000000
61985  -63.079  -12.734  42.864 0.0000000000
68501  -61.952  -6.079  40.467 0.0000000000
67543  -61.551  -6.703  39.931 0.0000000000
66632  -60.570  -7.987  37.961 0.0000000000
127200  -60.662  -8.003  38.858 0.0000000000
42987  -40.557  -32.386  62.015 0.0000000000
43028  -40.397  -32.605  59.509 0.0000000000
42102  -38.902  -33.781  56.940 0.0000000000
41142  -44.304  -34.921  56.796 0.0000000000
143442  -43.737  -35.007  57.267 0.0000000000
132164  -43.603  -34.874  56.775 0.0000000000
135874  -42.341  -34.429  55.296 0.0000000000
42153  -40.773  -33.423  52.349 0.0000000000
42152  -39.834  -33.751  52.500 0.0000000000
41225  -39.246  -34.151  52.929 0.0000000000
41233  -37.737  -34.363  51.650 0.0000000000
123036  -37.330  -34.480  50.899 0.0000000000
126275  -37.183  -34.397  49.459 0.0000000000
39362  -52.965  -37.576  53.244 0.0000000000
39361  -52.452  -37.005  53.710 0.0000000000
39368  -52.474  -37.167  52.869 0.0000000000
40284  -51.852  -36.475  52.289 0.0000000000
40290  -51.179  -35.743  51.730 0.0000000000
120326  -48.993  -35.519  47.988 0.0000000000
41255  -49.227  -34.985  48.843 0.0000000000
41254  -48.526  -34.538  48.628 0.0000000000
42206  -47.191  -33.611  49.024 0.0000000000
42214  -46.333  -33.361  48.037 0.0000000000
42213  -45.744  -33.130  47.570 0.0000000000
43185  -44.176  -32.957  44.929 0.0000000000
51438  -56.582  -23.045  45.800 0.0000000000
122056  -56.657  -22.457  45.252 0.0000000000
125720  -58.022  -22.446  45.951 0.0000000000
52301  -58.862  -22.316  45.812 0.0000000000
131324  -59.087  -22.803  47.143 0.0000000000
52288  -59.331  -22.487  46.474 0.0000000000
46750  -62.326  -28.566  47.999 0.0000000000
47625  -61.764  -28.494  47.620 0.0000000000
138551  -62.038  -28.015  47.750 0.0000000000
47624  -60.948  -28.120  47.293 0.0000000000
48591  -59.159  -27.388  46.891 0.0000000000
47634  -58.445  -27.551  46.575 0.0000000000
47633  -57.497  -27.303  46.285 0.0000000000
48599  -56.330  -26.660  45.630 0.0000000000
48598  -55.674  -26.497  45.241 0.0000000000
49571  -56.199  -25.908  45.546 0.0000000000
128636  -56.315  -24.989  45.677 0.0000000000
49561  -57.381  -25.032  46.609 0.0000000000
50505  -56.382  -24.002  45.822 0.0000000000
140623  -61.376  -14.034  37.920 0.0000000000
40194  -49.545  -36.168  59.940 0.0000000000
40195  -49.969  -35.953  59.160 0.0000000000
40213  -51.145  -36.253  58.035 0.0000000000
40227  -50.512  -35.567  57.410 0.0000000000
41129  -49.877  -34.968  56.795 0.0000000000
41172  -49.335  -34.570  55.381 0.0000000000
41196  -49.340  -34.533  54.570 0.0000000000
41216  -49.250  -34.439  53.711 0.0000000000
53244  -59.038  -21.290  40.372 0.0000000000
53245  -59.421  -20.691  40.090 0.0000000000
55111  -59.187  -20.153  40.051 0.0000000000
130896  -59.398  -19.833  40.735 0.0000000000
56034  -56.412  -18.887  40.873 0.0000000000
56047  -55.820  -18.589  40.322 0.0000000000
56014  -56.235  -18.400  41.726 0.0000000000
57003  -57.562  -16.918  43.923 0.0000000000
57907  -58.065  -16.305  44.068 0.0000000000
42120  -55.851  -34.033  54.182 0.0000000000
42141  -55.287  -33.805  53.642 0.0000000000
43111  -55.822  -32.537  52.187 0.0000000000
136505  -54.962  -32.826  52.238 0.0000000000
42179  -54.069  -33.223  51.376 0.0000000000
129375  -53.861  -33.402  50.629 0.0000000000
139856  -54.482  -34.595  47.848 0.0000000000
44988  -55.050  -31.429  45.108 0.0000000000
131558  -55.459  -32.368  45.172 0.0000000000
44120  -52.828  -32.138  42.852 0.0000000000
43200  -52.825  -32.469  43.215 0.0000000000
44119  -50.661  -32.225  42.689 0.0000000000
43230  -50.268  -32.879  40.765 0.0000000000
43231  -50.770  -32.957  40.265 0.0000000000
49607  -50.562  -25.440  41.653 0.0000000000
135277  -50.009  -25.895  41.419 0.0000000000
49606  -49.853  -25.216  41.207 0.0000000000
122457  -49.240  -25.096  40.746 0.0000000000
50542  -48.758  -24.553  40.310 0.0000000000
60853  -62.205  -13.320  50.209 0.0000000000
134387  -61.519  -14.016  48.993 0.0000000000
61889  -63.385  -12.806  49.044 0.0000000000
61880  -64.060  -11.472  50.197 0.0000000000
137311  -63.515  -12.977  47.959 0.0000000000
137327  -64.091  -12.735  47.203 0.0000000000
65702  -64.783  -7.395  45.415 0.0000000000
65696  -65.092  -7.816  45.559 0.0000000000
65712  -65.455  -7.612  44.295 0.0000000000
64840  -65.339  -9.110  44.198 0.0000000000
63924  -64.197  -10.147  42.515 0.0000000000
65738  -62.546  -8.954  40.983 0.0000000000
68525  -62.534  -5.482  38.908 0.0000000000
138229  -62.532  -5.658  38.098 0.0000000000
67556  -61.542  -6.700  37.974 0.0000000000
42976  -42.326  -31.865  63.634 0.0000000000
43897  -42.040  -31.855  61.964 0.0000000000
43004  -42.069  -32.088  61.011 0.0000000000
43005  -43.372  -32.127  61.591 0.0000000000
43018  -42.523  -32.588  60.176 0.0000000000
138073  -41.803  -32.347  60.282 0.0000000000
42061  -41.382  -32.869  59.004 0.0000000000
42079  -41.572  -33.537  58.165 0.0000000000
122665  -41.101  -34.025  57.109 0.0000000000
142299  -44.109  -33.773  53.642 0.0000000000
41210  -43.690  -33.906  54.017 0.0000000000
42171  -42.109  -32.847  51.630 0.0000000000
42170  -41.196  -32.981  51.654 0.0000000000
42169  -40.206  -33.157  51.534 0.0000000000
43127  -39.433  -32.688  50.161 0.0000000000
43138  -38.929  -32.718  49.522 0.0000000000
39391  -51.960  -37.266  49.775 0.0000000000
39380  -51.642  -36.761  50.237 0.0000000000
39390  -51.271  -36.863  49.376 0.0000000000
40312  -50.127  -36.424  48.563 0.0000000000
39417  -49.513  -37.500  47.148 0.0000000000
40326  -49.257  -36.764  47.579 0.0000000000
40324  -47.924  -35.706  47.069 0.0000000000
53239  -52.742  -21.736  41.322 0.0000000000
53226  -54.768  -21.540  42.195 0.0000000000
53229  -58.661  -21.742  41.433 0.0000000000
53196  -57.088  -21.816  43.939 0.0000000000
53246  -60.365  -21.082  40.793 0.0000000000
53247  -60.721  -20.833  41.114 0.0000000000
55089  -61.157  -20.020  41.936 0.0000000000
55049  -60.165  -19.433  45.061 0.0000000000
122502  -58.446  -30.112  51.110 0.0000000000
44932  -57.557  -30.445  50.811 0.0000000000
45870  -58.019  -29.691  49.945 0.0000000000
44969  -58.784  -31.112  48.216 0.0000000000
127818  -59.657  -30.028  48.713 0.0000000000
44086  -58.980  -31.650  47.587 0.0000000000
43162  -58.396  -32.240  46.963 0.0000000000
44103  -58.151  -32.085  46.645 0.0000000000
46759  -61.296  -29.372  47.514 0.0000000000
45933  -59.135  -30.240  46.624 0.0000000000
45932  -58.245  -29.210  46.423 0.0000000000
44977  -58.211  -30.462  46.406 0.0000000000
122786  -57.309  -30.574  46.163 0.0000000000
44983  -56.578  -31.017  45.830 0.0000000000
45943  -53.777  -29.598  44.439 0.0000000000
45948  -53.141  -29.749  43.987 0.0000000000
45954  -51.994  -30.335  42.879 0.0000000000
45961  -50.582  -29.904  41.527 0.0000000000
47663  -52.027  -27.844  42.992 0.0000000000
47661  -50.725  -27.231  42.065 0.0000000000
134734  -51.343  -26.593  42.341 0.0000000000
49608  -51.258  -25.719  42.163 0.0000000000
48608  -55.001  -26.377  44.695 0.0000000000
48607  -54.385  -26.294  44.288 0.0000000000
49590  -53.878  -25.872  43.842 0.0000000000
50528  -51.758  -24.507  42.231 0.0000000000
50536  -51.467  -24.130  41.924 0.0000000000
125599  -52.586  -23.860  42.636 0.0000000000
51458  -51.995  -23.762  42.195 0.0000000000
51466  -51.959  -22.834  41.770 0.0000000000
69402  -64.724  -3.291  43.721 0.0000000000
69412  -64.424  -3.221  42.607 0.0000000000
69420  -64.161  -3.293  41.370 0.0000000000
69437  -63.976  -3.826  40.078 0.0000000000
125492  -64.020  -4.201  39.143 0.0000000000
71472  -65.798  -1.773  39.543 0.0000000000
70429  -65.895  -2.355  39.238 0.0000000000
69458  -63.537  -5.002  37.089 0.0000000000
69466  -64.164  -4.596  36.645 0.0000000000
69465  -63.424  -5.056  36.241 0.0000000000
41053  -46.111  -34.388  62.074 0.0000000000
41068  -45.746  -34.673  61.251 0.0000000000
41085  -45.391  -34.903  60.518 0.0000000000
41098  -45.065  -35.096  59.868 0.0000000000
40191  -46.264  -35.562  59.724 0.0000000000
40207  -45.354  -35.385  58.576 0.0000000000
40223  -45.282  -35.237  57.780 0.0000000000
40242  -45.176  -34.954  56.952 0.0000000000
120209  -44.962  -34.596  56.151 0.0000000000
120801  -44.689  -34.380  55.510 0.0000000000
41126  -47.388  -34.738  57.450 0.0000000000
41170  -47.852  -34.266  55.869 0.0000000000
41145  -47.638  -34.429  56.662 0.0000000000
41125  -46.810  -34.581  56.877 0.0000000000
41169  -45.556  -34.238  55.312 0.0000000000
137411  -44.383  -33.912  54.039 0.0000000000
42135  -44.617  -33.686  53.300 0.0000000000
122651  -44.772  -33.275  51.766 0.0000000000
53256  -52.424  -21.558  40.599 0.0000000000
121487  -52.910  -21.244  39.844 0.0000000000
53267  -53.719  -21.134  39.081 0.0000000000
140333  -53.380  -20.919  38.314 0.0000000000
53279  -57.012  -21.174  38.554 0.0000000000
54183  -57.488  -20.808  38.533 0.0000000000
53278  -56.365  -21.302  38.344 0.0000000000
57942  -56.321  -16.685  41.197 0.0000000000
58950  -58.219  -15.221  40.652 0.0000000000
59942  -58.770  -14.936  40.222 0.0000000000
59932  -60.586  -14.405  41.111 0.0000000000
121142  -53.508  -36.657  58.226 0.0000000000
123594  -53.015  -37.115  57.225 0.0000000000
39339  -53.229  -37.016  56.727 0.0000000000
138008  -53.133  -37.038  55.093 0.0000000000
124708  -53.445  -36.909  54.871 0.0000000000
39356  -53.213  -37.164  54.173 0.0000000000
38529  -53.243  -37.465  53.360 0.0000000000
38544  -53.207  -37.737  51.929 0.0000000000
38543  -52.734  -37.551  51.166 0.0000000000
41219  -54.765  -34.581  54.134 0.0000000000
40279  -54.073  -35.768  53.274 0.0000000000
40292  -54.109  -36.036  51.308 0.0000000000
129843  -54.277  -36.917  51.838 0.0000000000
39370  -54.059  -37.485  52.228 0.0000000000
38540  -53.881  -37.649  51.856 0.0000000000
120582  -53.215  -37.686  51.099 0.0000000000
38551  -52.654  -37.470  50.343 0.0000000000
38565  -52.145  -37.314  49.540 0.0000000000
38579  -51.709  -37.241  48.865 0.0000000000
38595  -51.230  -37.259  48.222 0.0000000000
128083  -51.853  -37.058  48.066 0.0000000000
131510  -49.352  -37.270  45.881 0.0000000000
44931  -56.945  -30.803  50.736 0.0000000000
44949  -56.339  -30.894  50.346 0.0000000000
44076  -55.384  -31.404  49.299 0.0000000000
125021  -56.598  -31.872  48.101 0.0000000000
44084  -55.605  -32.023  48.272 0.0000000000
44067  -54.691  -31.988  49.034 0.0000000000
43153  -54.820  -32.897  48.251 0.0000000000
42208  -54.704  -33.850  48.062 0.0000000000
41264  -54.688  -34.413  47.274 0.0000000000
43192  -55.170  -33.019  44.878 0.0000000000
42251  -55.126  -33.390  45.293 0.0000000000
131426  -55.022  -33.751  45.792 0.0000000000
41291  -54.770  -34.025  46.321 0.0000000000
41263  -54.235  -34.764  47.344 0.0000000000
40358  -48.986  -36.488  45.250 0.0000000000
49615  -49.299  -25.887  40.978 0.0000000000
50478  -60.578  -24.394  49.761 0.0000000000
51401  -61.158  -23.577  50.324 0.0000000000
51387  -61.905  -23.269  51.182 0.0000000000
138789  -62.619  -22.302  51.648 0.0000000000
43875  -43.093  -31.637  63.967 0.0000000000
43876  -43.836  -31.517  64.337 0.0000000000
128764  -44.375  -31.583  63.996 0.0000000000
43887  -45.083  -31.802  64.224 0.0000000000
43886  -44.682  -31.903  63.369 0.0000000000
42992  -45.309  -32.611  62.957 0.0000000000
42012  -46.042  -33.290  63.399 0.0000000000
42013  -46.831  -34.063  63.975 0.0000000000
42026  -46.462  -34.188  62.999 0.0000000000
40144  -47.205  -35.343  62.154 0.0000000000
40145  -47.815  -35.552  62.439 0.0000000000
40134  -48.102  -35.296  63.087 0.0000000000
40159  -48.066  -35.938  61.929 0.0000000000
40160  -48.893  -36.138  62.008 0.0000000000
40161  -49.829  -36.330  61.849 0.0000000000
39295  -50.709  -36.523  61.286 0.0000000000
39313  -52.095  -36.784  60.115 0.0000000000
131610  -52.753  -36.783  59.262 0.0000000000
122855  -53.380  -36.593  58.944 0.0000000000
39314  -53.846  -36.215  59.387 0.0000000000
40215  -55.415  -35.657  58.480 0.0000000000
41149  -55.592  -35.179  56.151 0.0000000000
41151  -57.456  -34.974  56.118 0.0000000000
129199  -57.042  -34.654  55.409 0.0000000000
41200  -56.528  -34.333  54.743 0.0000000000
42143  -57.747  -33.473  53.356 0.0000000000
42123  -58.992  -34.161  54.161 0.0000000000
42144  -58.678  -33.563  53.485 0.0000000000
43102  -58.325  -32.989  52.908 0.0000000000
43114  -58.863  -32.300  52.622 0.0000000000
44051  -59.309  -31.470  52.292 0.0000000000
43105  -60.645  -32.538  53.570 0.0000000000
44933  -59.526  -30.371  51.763 0.0000000000
45854  -60.125  -29.453  51.261 0.0000000000
44935  -61.727  -29.874  52.144 0.0000000000
45873  -60.824  -29.008  50.615 0.0000000000
46730  -61.733  -29.068  49.941 0.0000000000
46742  -62.531  -29.316  49.288 0.0000000000
45893  -62.659  -29.195  48.950 0.0000000000
46733  -63.773  -28.419  50.323 0.0000000000
46744  -63.578  -28.270  49.645 0.0000000000
46743  -63.119  -28.676  49.047 0.0000000000
47607  -63.240  -27.767  49.049 0.0000000000
48572  -62.480  -27.202  48.637 0.0000000000
51409  -60.599  -23.496  49.423 0.0000000000
134238  -61.290  -22.576  49.384 0.0000000000
53147  -62.217  -21.911  48.677 0.0000000000
124087  -62.477  -21.950  47.545 0.0000000000
53155  -62.716  -21.968  46.469 0.0000000000
53166  -63.363  -21.584  45.895 0.0000000000
127830  -65.224  -19.534  50.701 0.0000000000
54098  -64.889  -19.869  49.467 0.0000000000
55006  -65.397  -19.063  49.749 0.0000000000
55005  -65.042  -19.397  49.290 0.0000000000
54107  -64.575  -20.422  48.074 0.0000000000
53149  -64.185  -21.043  47.398 0.0000000000
53157  -64.195  -20.951  46.694 0.0000000000
53183  -63.575  -21.064  45.494 0.0000000000
54130  -63.751  -20.389  45.654 0.0000000000
55052  -63.347  -19.786  45.201 0.0000000000
143316  -61.914  -19.367  45.389 0.0000000000
55035  -61.239  -19.292  45.989 0.0000000000
55034  -60.249  -19.302  45.929 0.0000000000
56903  -61.031  -17.549  49.396 0.0000000000
57860  -60.896  -16.351  49.867 0.0000000000
143397  -60.881  -16.982  49.650 0.0000000000
55963  -59.487  -18.934  46.548 0.0000000000
55962  -58.990  -18.264  46.768 0.0000000000
56968  -58.344  -17.526  45.807 0.0000000000
57886  -59.172  -16.726  46.832 0.0000000000
57885  -58.721  -16.789  46.079 0.0000000000
58904  -58.919  -15.632  44.706 0.0000000000
60867  -60.961  -14.374  48.026 0.0000000000
59865  -60.538  -14.663  47.372 0.0000000000
59873  -59.753  -14.987  45.908 0.0000000000
58918  -59.046  -15.289  43.822 0.0000000000
128777  -60.628  -14.271  43.981 0.0000000000
59921  -60.560  -14.415  41.947 0.0000000000
62931  -65.214  -11.292  48.402 0.0000000000
61919  -64.750  -12.236  46.833 0.0000000000
61918  -64.220  -12.742  46.060 0.0000000000
62962  -65.500  -10.982  46.048 0.0000000000
62945  -65.077  -11.832  46.373 0.0000000000
60918  -62.601  -13.344  43.345 0.0000000000
59933  -61.384  -14.117  41.560 0.0000000000
59945  -61.420  -14.147  40.755 0.0000000000
119858  -62.523  -13.545  40.643 0.0000000000
68485  -63.706  -5.388  42.719 0.0000000000
67528  -62.305  -6.793  41.529 0.0000000000
65726  -62.248  -8.265  41.178 0.0000000000
64866  -61.939  -9.331  40.523 0.0000000000
68511  -61.912  -6.058  39.444 0.0000000000
136508  -61.062  -7.412  39.278 0.0000000000
65736  -61.242  -8.158  40.320 0.0000000000
42988  -41.386  -32.084  62.448 0.0000000000
43002  -39.978  -32.599  61.209 0.0000000000
43016  -40.501  -32.388  60.519 0.0000000000
41161  -36.797  -34.775  55.745 0.0000000000
41135  -37.464  -34.361  56.297 0.0000000000
42064  -44.190  -34.478  59.630 0.0000000000
41123  -43.482  -34.959  57.826 0.0000000000
123319  -42.815  -34.620  57.644 0.0000000000
41109  -42.817  -34.331  58.243 0.0000000000
138797  -42.221  -34.426  57.274 0.0000000000
41139  -41.658  -34.382  56.757 0.0000000000
41209  -42.932  -33.895  53.908 0.0000000000
41188  -42.252  -34.218  54.575 0.0000000000
144067  -41.848  -34.393  55.083 0.0000000000
136559  -41.315  -34.293  54.665 0.0000000000
120069  -40.766  -34.392  55.361 0.0000000000
41185  -38.213  -34.421  54.099 0.0000000000
136196  -38.240  -34.448  53.405 0.0000000000
41206  -37.586  -34.563  53.639 0.0000000000
42182  -37.977  -33.575  49.973 0.0000000000
39338  -52.873  -37.144  56.727 0.0000000000
39346  -52.487  -37.004  56.133 0.0000000000
40270  -51.640  -36.215  54.104 0.0000000000
140502  -51.568  -36.190  54.862 0.0000000000
40269  -50.908  -35.450  54.523 0.0000000000
41197  -50.091  -34.850  54.069 0.0000000000
128947  -49.081  -34.305  52.857 0.0000000000
123254  -50.938  -35.924  49.996 0.0000000000
40296  -50.374  -35.182  50.695 0.0000000000
41249  -49.417  -34.681  49.733 0.0000000000
41242  -49.612  -34.615  50.599 0.0000000000
41235  -49.894  -34.715  51.380 0.0000000000
125559  -48.837  -34.212  52.181 0.0000000000
41226  -48.350  -34.081  52.646 0.0000000000
42176  -47.571  -33.780  51.528 0.0000000000
134160  -46.886  -33.569  51.254 0.0000000000
42197  -46.451  -33.352  49.502 0.0000000000
42186  -45.843  -33.250  50.252 0.0000000000
121233  -43.722  -32.267  48.726 0.0000000000
39447  -47.422  -37.740  45.374 0.0000000000
41284  -46.125  -35.226  45.767 0.0000000000
41271  -46.491  -34.337  46.532 0.0000000000
43169  -45.185  -32.824  47.079 0.0000000000
43175  -44.343  -32.610  45.715 0.0000000000
43168  -44.495  -32.473  46.570 0.0000000000
43158  -44.542  -32.460  47.480 0.0000000000
43150  -43.848  -32.162  47.841 0.0000000000
44093  -43.095  -31.915  48.161 0.0000000000
44092  -42.358  -31.579  47.627 0.0000000000
44091  -41.451  -31.414  47.111 0.0000000000
38538  -53.280  -37.672  52.707 0.0000000000
38545  -53.589  -37.695  51.562 0.0000000000
38546  -53.884  -37.505  51.124 0.0000000000
38566  -52.725  -37.465  49.838 0.0000000000
39302  -50.818  -36.686  60.705 0.0000000000
39327  -52.687  -37.100  57.427 0.0000000000
39392  -53.597  -37.470  50.466 0.0000000000
39404  -53.252  -37.182  49.245 0.0000000000
40175  -45.752  -35.357  60.210 0.0000000000
40179  -49.237  -36.382  61.461 0.0000000000
40222  -44.361  -35.165  57.637 0.0000000000
40299  -54.051  -36.507  49.979 0.0000000000
41034  -47.995  -34.544  64.506 0.0000000000
41067  -45.038  -34.288  60.762 0.0000000000
41110  -43.346  -34.682  58.346 0.0000000000
41144  -47.044  -34.286  56.094 0.0000000000
41171  -48.592  -34.363  55.643 0.0000000000
41191  -44.775  -34.136  54.738 0.0000000000
41218  -54.239  -34.848  53.579 0.0000000000
41236  -50.563  -35.238  51.354 0.0000000000
41243  -53.852  -35.162  50.698 0.0000000000
41256  -54.114  -35.213  48.373 0.0000000000
42024  -44.985  -32.976  61.909 0.0000000000
42092  -40.323  -33.698  57.243 0.0000000000
42216  -55.070  -34.121  47.312 0.0000000000
42225  -55.274  -33.905  46.363 0.0000000000
43145  -54.286  -32.704  49.132 0.0000000000
43154  -56.775  -32.690  47.476 0.0000000000
43161  -57.872  -32.651  46.961 0.0000000000
43179  -57.424  -32.359  46.344 0.0000000000
43899  -43.424  -31.649  62.843 0.0000000000
44060  -57.240  -31.152  51.329 0.0000000000
44068  -55.554  -31.332  50.222 0.0000000000
44094  -57.701  -32.689  47.202 0.0000000000
44961  -55.978  -31.015  49.605 0.0000000000
44971  -60.153  -30.817  47.827 0.0000000000
44974  -59.469  -31.292  47.532 0.0000000000
44978  -59.026  -31.146  46.751 0.0000000000
45908  -59.780  -30.904  48.126 0.0000000000
45911  -62.058  -29.569  48.318 0.0000000000
45912  -62.540  -29.017  48.502 0.0000000000
45925  -62.032  -29.333  47.933 0.0000000000
45935  -60.573  -29.655  47.209 0.0000000000
46719  -63.057  -29.111  50.686 0.0000000000
47617  -62.768  -28.149  48.448 0.0000000000
47623  -59.968  -27.688  47.091 0.0000000000
53167  -63.956  -21.079  46.086 0.0000000000
53202  -62.930  -21.252  44.392 0.0000000000
54088  -64.852  -19.907  50.348 0.0000000000
54175  -60.776  -20.327  41.301 0.0000000000
55014  -62.913  -18.900  47.564 0.0000000000
55015  -64.091  -19.064  47.474 0.0000000000
55022  -60.354  -19.110  46.752 0.0000000000
55078  -62.297  -20.106  43.121 0.0000000000
55906  -65.399  -18.470  50.010 0.0000000000
55921  -61.652  -18.137  49.245 0.0000000000
55999  -57.398  -18.805  43.288 0.0000000000
56894  -63.263  -17.420  50.593 0.0000000000
120727  -49.261  -35.701  59.216 0.0000000000
121562  -54.272  -32.662  50.741 0.0000000000
121901  -48.142  -35.995  60.414 0.0000000000
123194  -54.366  -33.139  51.979 0.0000000000
127811  -55.734  -28.728  45.553 0.0000000000
133997  -57.670  -30.939  48.535 0.0000000000
134692  -64.653  -20.206  48.914 0.0000000000
136830  -58.876  -18.739  46.276 0.0000000000
137455  -54.151  -36.884  52.745 0.0000000000
138144  -59.759  -15.241  46.565 0.0000000000
138493  -60.718  -25.220  49.778 0.0000000000
141113  -57.891  -31.030  46.322 0.0000000000
142362  -55.275  -32.498  51.890 0.0000000000
142666  -44.889  -35.200  59.426 0.0000000000
142780  -62.300  -29.360  48.588 0.0000000000
143116  -44.205  -35.013  59.017 0.0000000000
143196  -57.137  -32.760  46.451 0.0000000000
