#!ascii label  , from subject sub-v1s4x0050691_ses-1 vox2ras=TkReg
1971
142490  -53.749  -27.388  53.980 0.0000000000
48955  -37.041  -33.307  69.794 0.0000000000
143819  -54.284  -21.584  38.803 0.0000000000
55369  -41.130  -25.975  45.794 0.0000000000
138107  -52.623  -21.116  48.654 0.0000000000
51126  -44.826  -30.504  60.165 0.0000000000
48143  -36.682  -33.633  55.075 0.0000000000
49152  -41.540  -32.816  50.052 0.0000000000
140121  -28.423  -25.311  68.719 0.0000000000
69270  -62.311  -13.191  42.431 0.0000000000
46984  -30.739  -34.450  63.608 0.0000000000
53310  -47.410  -28.693  49.320 0.0000000000
131025  -48.105  -23.994  46.772 0.0000000000
58218  -50.701  -22.952  52.814 0.0000000000
52173  -50.415  -29.460  56.803 0.0000000000
136933  -45.523  -34.095  56.361 0.0000000000
52186  -45.577  -29.791  53.090 0.0000000000
52267  -39.121  -29.517  48.358 0.0000000000
140257  -61.596  -10.974  39.032 0.0000000000
54109  -32.204  -28.020  71.058 0.0000000000
53150  -31.337  -28.248  62.709 0.0000000000
51091  -34.430  -30.772  64.794 0.0000000000
62305  -54.127  -20.195  43.843 0.0000000000
48991  -42.261  -33.672  65.768 0.0000000000
145292  -38.791  -31.682  62.701 0.0000000000
45991  -42.094  -34.989  59.261 0.0000000000
47129  -40.161  -35.174  51.689 0.0000000000
132357  -26.521  -29.489  68.406 0.0000000000
61232  -58.101  -20.148  51.147 0.0000000000
61317  -59.839  -21.031  44.655 0.0000000000
67268  -61.685  -14.944  46.301 0.0000000000
65316  -57.274  -16.299  41.528 0.0000000000
65353  -57.771  -16.063  37.344 0.0000000000
50110  -27.441  -31.213  60.670 0.0000000000
142183  -33.727  -33.776  60.994 0.0000000000
53303  -51.772  -28.422  51.139 0.0000000000
129631  -51.988  -26.370  49.716 0.0000000000
57252  -52.358  -24.883  53.796 0.0000000000
53254  -53.005  -28.684  55.960 0.0000000000
50179  -49.877  -31.424  55.182 0.0000000000
51216  -49.879  -29.886  52.931 0.0000000000
52236  -47.293  -29.512  50.174 0.0000000000
59340  -52.718  -22.287  35.029 0.0000000000
61424  -54.111  -20.610  36.805 0.0000000000
51035  -34.230  -31.051  71.092 0.0000000000
52075  -33.082  -29.938  67.300 0.0000000000
50028  -35.710  -31.268  68.214 0.0000000000
149969  -42.220  -24.226  43.899 0.0000000000
59257  -50.778  -22.494  47.443 0.0000000000
60283  -48.349  -21.488  45.622 0.0000000000
61292  -50.798  -20.455  46.438 0.0000000000
62302  -51.109  -19.596  43.814 0.0000000000
125128  -53.307  -19.296  46.204 0.0000000000
50088  -43.535  -32.001  62.589 0.0000000000
45961  -43.053  -35.437  62.866 0.0000000000
45973  -45.272  -35.086  60.999 0.0000000000
132450  -41.672  -32.790  53.039 0.0000000000
149048  -42.356  -34.996  53.841 0.0000000000
47142  -43.283  -34.191  50.684 0.0000000000
54400  -41.131  -28.236  47.075 0.0000000000
60268  -59.459  -21.029  48.080 0.0000000000
65287  -60.639  -16.423  43.953 0.0000000000
67312  -59.954  -14.512  42.214 0.0000000000
66345  -56.441  -15.467  39.385 0.0000000000
68311  -58.804  -13.667  40.304 0.0000000000
67369  -60.846  -14.053  37.480 0.0000000000
55100  -26.641  -26.643  68.187 0.0000000000
51087  -27.279  -30.265  64.730 0.0000000000
127157  -27.748  -27.774  64.359 0.0000000000
49034  -31.429  -32.244  61.587 0.0000000000
50134  -31.057  -30.779  58.835 0.0000000000
47026  -30.437  -34.668  59.884 0.0000000000
49082  -38.284  -32.827  58.596 0.0000000000
134880  -36.537  -31.439  61.116 0.0000000000
49078  -34.623  -32.546  57.823 0.0000000000
54402  -44.418  -27.186  47.696 0.0000000000
56355  -44.934  -25.170  46.441 0.0000000000
56336  -48.293  -25.785  48.161 0.0000000000
148783  -51.598  -24.288  48.854 0.0000000000
60236  -51.967  -21.516  50.865 0.0000000000
51155  -47.123  -30.024  57.904 0.0000000000
127874  -47.713  -34.368  59.023 0.0000000000
48128  -49.987  -33.458  57.017 0.0000000000
51166  -45.312  -30.988  55.078 0.0000000000
51226  -41.001  -30.497  52.090 0.0000000000
50206  -39.093  -31.670  49.002 0.0000000000
52215  -43.167  -29.452  50.892 0.0000000000
52263  -43.893  -29.007  48.567 0.0000000000
125886  -62.797  -11.481  41.081 0.0000000000
71168  -63.680  -9.812  41.256 0.0000000000
55090  -30.670  -25.806  69.147 0.0000000000
55136  -30.486  -26.553  65.395 0.0000000000
143227  -31.740  -28.202  66.984 0.0000000000
52094  -32.408  -29.947  64.692 0.0000000000
48998  -32.505  -32.979  63.836 0.0000000000
58275  -45.508  -23.338  44.354 0.0000000000
61365  -51.689  -20.755  41.264 0.0000000000
140007  -54.144  -21.655  40.851 0.0000000000
48967  -39.862  -33.450  68.164 0.0000000000
50050  -38.358  -32.534  66.268 0.0000000000
46973  -40.447  -34.701  64.973 0.0000000000
48065  -40.646  -34.107  60.783 0.0000000000
48106  -39.221  -34.184  57.427 0.0000000000
46022  -44.170  -35.720  57.221 0.0000000000
46048  -40.697  -35.548  55.210 0.0000000000
47104  -37.763  -34.543  53.878 0.0000000000
60185  -54.272  -22.281  56.498 0.0000000000
51046  -38.796  -31.198  69.181 0.0000000000
51083  -43.214  -29.873  65.196 0.0000000000
127510  -45.350  -29.387  63.543 0.0000000000
61179  -52.355  -20.329  55.670 0.0000000000
63185  -51.555  -18.703  53.479 0.0000000000
62207  -53.806  -20.203  51.581 0.0000000000
64117  -56.064  -17.748  52.812 0.0000000000
61263  -55.421  -20.750  50.401 0.0000000000
62258  -56.106  -19.889  47.371 0.0000000000
60296  -57.020  -21.065  44.270 0.0000000000
60335  -57.085  -21.161  41.910 0.0000000000
63267  -61.728  -18.593  45.695 0.0000000000
147973  -58.491  -19.300  42.822 0.0000000000
63328  -55.449  -18.797  39.939 0.0000000000
64335  -54.767  -17.888  37.902 0.0000000000
69323  -59.633  -12.661  38.412 0.0000000000
48004  -26.117  -33.063  64.622 0.0000000000
47073  -26.284  -34.346  55.516 0.0000000000
53165  -29.254  -28.678  60.992 0.0000000000
49099  -28.501  -32.200  56.320 0.0000000000
144022  -36.897  -30.813  63.853 0.0000000000
49013  -34.410  -32.511  63.276 0.0000000000
46985  -32.529  -34.571  64.140 0.0000000000
143148  -32.715  -36.335  61.340 0.0000000000
53294  -52.388  -28.479  52.349 0.0000000000
54376  -52.602  -27.340  51.450 0.0000000000
56298  -53.750  -25.979  53.999 0.0000000000
53267  -53.532  -28.348  55.101 0.0000000000
51184  -52.004  -30.064  54.870 0.0000000000
52190  -52.232  -29.219  53.508 0.0000000000
145425  -50.575  -29.368  51.701 0.0000000000
128879  -53.651  -21.634  38.806 0.0000000000
60379  -53.472  -21.523  37.424 0.0000000000
60391  -53.394  -21.515  36.627 0.0000000000
60380  -54.011  -21.281  37.527 0.0000000000
48946  -35.770  -32.403  70.292 0.0000000000
50020  -35.002  -31.862  69.804 0.0000000000
50022  -36.284  -32.344  68.807 0.0000000000
150336  -40.112  -25.692  45.070 0.0000000000
57317  -42.115  -24.793  44.862 0.0000000000
60258  -52.044  -21.644  48.288 0.0000000000
60275  -50.481  -21.446  46.857 0.0000000000
61282  -52.060  -20.518  47.283 0.0000000000
62265  -52.462  -19.729  46.675 0.0000000000
61283  -52.821  -20.159  47.529 0.0000000000
50102  -43.986  -31.259  61.376 0.0000000000
49040  -44.804  -33.288  61.859 0.0000000000
49054  -45.595  -33.077  60.523 0.0000000000
49147  -41.588  -32.750  51.277 0.0000000000
149458  -42.504  -33.801  51.760 0.0000000000
140004  -43.368  -33.908  50.512 0.0000000000
47169  -43.614  -34.344  49.535 0.0000000000
128506  -40.922  -27.284  46.542 0.0000000000
54406  -38.848  -27.834  45.937 0.0000000000
55367  -39.346  -26.462  45.271 0.0000000000
67314  -61.534  -14.600  43.203 0.0000000000
68298  -60.736  -13.992  42.072 0.0000000000
67329  -59.325  -14.253  41.534 0.0000000000
68313  -60.481  -13.467  41.455 0.0000000000
56094  -27.322  -26.115  67.848 0.0000000000
54144  -27.326  -27.524  66.062 0.0000000000
55117  -28.128  -26.423  66.261 0.0000000000
48033  -31.069  -33.365  62.351 0.0000000000
48072  -31.099  -33.092  60.369 0.0000000000
47009  -30.566  -34.605  61.758 0.0000000000
125473  -30.252  -36.126  61.044 0.0000000000
45959  -30.408  -35.620  62.896 0.0000000000
48105  -37.686  -33.199  57.216 0.0000000000
49080  -36.467  -32.087  58.277 0.0000000000
49102  -35.616  -32.675  56.529 0.0000000000
54394  -46.454  -27.741  48.572 0.0000000000
55352  -46.598  -26.128  47.920 0.0000000000
130575  -47.880  -27.169  48.825 0.0000000000
138854  -51.818  -25.419  50.611 0.0000000000
56334  -51.864  -25.526  49.428 0.0000000000
58245  -51.459  -23.949  49.820 0.0000000000
136035  -51.581  -23.096  49.423 0.0000000000
137366  -50.976  -22.085  51.672 0.0000000000
52167  -48.622  -29.302  57.225 0.0000000000
50139  -49.036  -32.355  58.301 0.0000000000
133211  -50.310  -31.800  57.680 0.0000000000
51180  -47.776  -30.526  54.457 0.0000000000
51168  -47.417  -31.074  55.167 0.0000000000
51178  -45.157  -30.436  54.335 0.0000000000
51176  -43.579  -30.595  54.238 0.0000000000
52184  -43.815  -29.792  52.947 0.0000000000
150146  -42.140  -29.743  51.971 0.0000000000
52216  -43.986  -29.462  51.411 0.0000000000
52253  -47.468  -29.227  49.687 0.0000000000
52251  -45.264  -29.354  49.541 0.0000000000
53308  -46.278  -29.004  49.136 0.0000000000
54392  -44.521  -28.315  48.251 0.0000000000
54108  -31.782  -27.066  70.528 0.0000000000
55104  -31.429  -26.764  67.756 0.0000000000
53074  -32.045  -28.455  68.463 0.0000000000
51067  -33.651  -30.163  66.520 0.0000000000
51066  -33.024  -30.001  66.097 0.0000000000
51076  -32.999  -30.268  65.141 0.0000000000
51102  -32.503  -31.167  63.702 0.0000000000
50059  -33.460  -31.428  64.153 0.0000000000
57311  -46.442  -24.560  46.349 0.0000000000
57320  -45.392  -24.234  45.372 0.0000000000
58258  -46.800  -23.853  45.849 0.0000000000
61312  -47.871  -20.934  44.171 0.0000000000
60307  -47.078  -21.466  43.765 0.0000000000
60317  -47.063  -21.200  42.845 0.0000000000
62303  -52.096  -19.776  43.574 0.0000000000
61330  -52.000  -20.300  42.746 0.0000000000
61348  -52.667  -20.724  42.278 0.0000000000
61366  -52.654  -21.008  41.472 0.0000000000
61349  -53.973  -21.149  42.291 0.0000000000
48976  -40.966  -33.380  67.038 0.0000000000
46953  -40.120  -34.775  66.635 0.0000000000
46956  -41.551  -34.883  65.938 0.0000000000
45969  -42.357  -35.132  61.161 0.0000000000
47012  -41.833  -34.976  61.733 0.0000000000
47029  -41.632  -34.714  59.757 0.0000000000
129294  -40.240  -34.212  58.907 0.0000000000
47038  -40.734  -34.665  58.362 0.0000000000
47065  -46.563  -35.035  56.757 0.0000000000
130226  -46.255  -35.490  58.093 0.0000000000
47063  -44.758  -35.140  56.310 0.0000000000
46078  -41.227  -35.314  52.965 0.0000000000
138276  -41.449  -35.667  54.017 0.0000000000
46062  -40.124  -35.272  53.993 0.0000000000
47096  -39.263  -34.876  54.378 0.0000000000
51234  -38.790  -30.722  49.290 0.0000000000
128417  -44.771  -29.350  64.303 0.0000000000
54243  -48.209  -27.963  60.245 0.0000000000
142054  -53.301  -20.557  56.363 0.0000000000
65134  -51.867  -16.775  54.710 0.0000000000
134070  -52.279  -16.992  53.444 0.0000000000
63193  -52.452  -18.870  52.500 0.0000000000
64115  -53.867  -17.671  52.706 0.0000000000
63197  -57.204  -18.412  52.496 0.0000000000
62196  -55.994  -19.185  52.001 0.0000000000
61249  -56.749  -20.454  50.715 0.0000000000
142316  -56.120  -20.431  49.077 0.0000000000
126263  -57.086  -20.559  49.333 0.0000000000
60278  -60.001  -21.206  46.773 0.0000000000
140936  -58.108  -20.892  45.953 0.0000000000
60298  -58.754  -21.263  44.483 0.0000000000
125036  -57.257  -21.313  42.966 0.0000000000
61334  -58.187  -21.089  43.042 0.0000000000
64235  -62.297  -17.152  45.723 0.0000000000
65285  -58.945  -16.717  43.203 0.0000000000
64266  -59.637  -17.794  43.831 0.0000000000
64282  -57.748  -17.621  42.347 0.0000000000
63320  -57.065  -18.870  41.632 0.0000000000
132429  -56.656  -18.055  41.346 0.0000000000
63335  -54.958  -18.660  39.203 0.0000000000
65331  -55.977  -16.787  40.184 0.0000000000
66357  -57.015  -14.980  38.108 0.0000000000
143556  -56.093  -16.456  37.430 0.0000000000
65361  -57.454  -16.702  36.993 0.0000000000
127844  -61.494  -11.331  39.601 0.0000000000
70237  -60.921  -11.963  39.901 0.0000000000
69324  -60.290  -12.191  38.197 0.0000000000
50082  -27.331  -30.743  63.130 0.0000000000
49021  -26.721  -32.075  62.902 0.0000000000
49059  -26.747  -32.495  59.906 0.0000000000
48085  -25.979  -33.888  57.958 0.0000000000
49075  -26.852  -32.556  58.394 0.0000000000
54176  -30.946  -27.139  64.380 0.0000000000
144602  -29.622  -27.072  63.585 0.0000000000
54225  -30.380  -28.046  61.921 0.0000000000
50152  -29.676  -31.711  56.894 0.0000000000
44133  -29.605  -37.495  56.662 0.0000000000
49001  -39.034  -32.297  64.394 0.0000000000
50063  -38.264  -31.626  65.191 0.0000000000
50087  -38.269  -31.262  63.187 0.0000000000
49048  -34.647  -32.727  60.747 0.0000000000
49036  -35.180  -32.350  62.100 0.0000000000
48050  -34.116  -33.263  62.344 0.0000000000
48034  -33.562  -33.693  63.016 0.0000000000
48049  -33.600  -33.915  62.014 0.0000000000
45020  -32.262  -36.385  63.794 0.0000000000
53312  -49.860  -28.928  50.267 0.0000000000
54385  -49.625  -27.676  49.462 0.0000000000
149409  -51.809  -27.655  50.325 0.0000000000
56324  -52.391  -26.207  51.184 0.0000000000
57251  -51.410  -24.424  53.272 0.0000000000
129222  -52.026  -29.745  56.450 0.0000000000
50149  -51.136  -31.690  56.729 0.0000000000
51169  -51.609  -30.891  55.867 0.0000000000
51201  -50.072  -30.215  53.697 0.0000000000
51214  -48.542  -29.834  52.642 0.0000000000
52200  -46.958  -29.586  51.919 0.0000000000
52202  -48.946  -29.701  51.922 0.0000000000
52238  -49.676  -29.348  50.777 0.0000000000
61442  -54.376  -20.592  35.337 0.0000000000
52037  -32.912  -29.646  70.992 0.0000000000
52054  -32.703  -29.686  68.806 0.0000000000
51050  -33.651  -30.559  69.236 0.0000000000
51059  -34.836  -30.609  67.747 0.0000000000
147193  -35.127  -30.483  66.122 0.0000000000
58261  -49.451  -23.048  47.016 0.0000000000
143517  -48.091  -23.081  46.340 0.0000000000
59261  -49.744  -22.283  46.870 0.0000000000
60284  -49.128  -20.995  45.974 0.0000000000
61314  -49.301  -20.142  44.762 0.0000000000
130073  -49.956  -19.855  43.676 0.0000000000
62274  -51.274  -19.539  45.379 0.0000000000
126423  -52.110  -19.353  45.271 0.0000000000
62276  -53.886  -19.348  45.369 0.0000000000
49017  -43.132  -32.463  64.123 0.0000000000
46976  -42.940  -35.025  64.637 0.0000000000
48037  -44.250  -33.916  63.401 0.0000000000
45963  -44.352  -35.153  62.182 0.0000000000
128087  -43.350  -35.301  60.005 0.0000000000
50159  -42.888  -32.597  55.211 0.0000000000
48144  -43.126  -34.296  55.122 0.0000000000
150366  -42.358  -33.580  54.248 0.0000000000
126763  -42.271  -34.585  51.753 0.0000000000
47130  -41.635  -34.936  51.401 0.0000000000
47154  -40.368  -34.578  49.350 0.0000000000
47155  -42.421  -34.643  50.157 0.0000000000
129022  -39.922  -29.074  47.864 0.0000000000
125110  -37.985  -29.145  46.536 0.0000000000
63209  -58.815  -18.785  51.735 0.0000000000
61266  -58.956  -20.735  49.484 0.0000000000
61253  -59.850  -20.403  50.053 0.0000000000
128403  -60.599  -20.784  48.451 0.0000000000
61287  -61.010  -20.875  46.953 0.0000000000
67276  -62.177  -14.978  45.711 0.0000000000
65274  -62.065  -16.340  44.809 0.0000000000
66288  -61.894  -15.652  44.339 0.0000000000
66287  -60.238  -15.674  43.341 0.0000000000
66301  -58.697  -15.523  42.360 0.0000000000
66332  -56.944  -15.848  40.843 0.0000000000
67327  -57.891  -14.844  40.983 0.0000000000
67337  -58.279  -14.235  40.577 0.0000000000
144006  -57.820  -13.963  38.799 0.0000000000
70265  -61.643  -11.092  37.439 0.0000000000
70264  -60.981  -11.688  37.780 0.0000000000
69342  -61.921  -12.642  36.953 0.0000000000
53073  -26.390  -28.030  68.261 0.0000000000
52061  -26.857  -30.022  67.156 0.0000000000
53093  -27.099  -29.026  66.147 0.0000000000
52092  -27.414  -29.309  64.348 0.0000000000
53146  -27.830  -28.965  62.659 0.0000000000
136290  -31.693  -30.259  61.369 0.0000000000
52140  -30.926  -29.243  60.299 0.0000000000
135597  -31.484  -31.407  60.159 0.0000000000
124802  -30.774  -33.362  58.841 0.0000000000
46017  -29.915  -35.219  57.927 0.0000000000
44125  -29.614  -37.405  58.268 0.0000000000
45036  -29.808  -36.456  59.381 0.0000000000
49037  -38.942  -32.137  60.997 0.0000000000
50099  -37.255  -31.222  61.626 0.0000000000
50125  -37.246  -31.651  59.692 0.0000000000
131265  -35.241  -32.023  59.274 0.0000000000
134790  -34.065  -33.086  59.186 0.0000000000
55349  -43.185  -26.840  47.094 0.0000000000
56353  -43.006  -25.540  46.122 0.0000000000
55361  -44.389  -25.790  46.904 0.0000000000
56345  -47.058  -25.301  47.404 0.0000000000
57302  -48.417  -24.593  47.331 0.0000000000
137316  -50.029  -26.126  48.718 0.0000000000
56348  -49.665  -25.031  48.001 0.0000000000
142173  -50.002  -24.450  47.808 0.0000000000
58255  -51.273  -23.604  48.174 0.0000000000
59253  -51.791  -22.362  48.578 0.0000000000
60251  -52.473  -21.541  49.743 0.0000000000
52160  -45.916  -30.093  58.879 0.0000000000
49083  -46.267  -32.341  58.986 0.0000000000
50138  -47.826  -31.894  58.322 0.0000000000
48107  -49.325  -34.069  57.651 0.0000000000
49105  -47.269  -33.605  56.379 0.0000000000
49124  -49.843  -32.663  56.142 0.0000000000
49122  -47.748  -32.664  56.058 0.0000000000
49120  -45.290  -32.529  56.071 0.0000000000
50175  -42.792  -31.679  54.809 0.0000000000
51194  -41.731  -31.139  53.508 0.0000000000
50198  -40.506  -31.756  51.203 0.0000000000
49151  -40.144  -32.257  49.555 0.0000000000
144751  -40.075  -31.069  51.144 0.0000000000
52231  -40.435  -29.974  50.727 0.0000000000
142218  -40.157  -29.522  49.428 0.0000000000
143941  -44.960  -29.441  50.483 0.0000000000
52248  -42.801  -29.322  49.398 0.0000000000
52261  -42.235  -29.204  48.748 0.0000000000
144885  -42.209  -28.652  47.733 0.0000000000
54401  -42.583  -27.592  47.190 0.0000000000
69291  -61.955  -12.725  41.641 0.0000000000
70226  -63.661  -10.846  42.383 0.0000000000
71155  -63.389  -10.814  41.344 0.0000000000
71167  -63.149  -10.391  40.485 0.0000000000
71179  -62.905  -10.046  39.641 0.0000000000
71199  -62.600  -9.807  37.574 0.0000000000
56085  -30.108  -25.648  68.362 0.0000000000
56107  -29.525  -25.906  66.832 0.0000000000
55103  -30.822  -26.136  67.985 0.0000000000
136075  -31.124  -26.821  66.075 0.0000000000
54177  -31.409  -27.650  64.817 0.0000000000
142872  -32.251  -29.147  67.641 0.0000000000
52073  -31.977  -29.142  66.013 0.0000000000
52093  -31.908  -29.400  64.061 0.0000000000
51101  -32.105  -30.646  63.339 0.0000000000
49010  -31.781  -32.427  63.275 0.0000000000
48019  -31.457  -33.372  63.598 0.0000000000
57308  -43.820  -24.570  45.261 0.0000000000
58273  -43.445  -23.965  44.105 0.0000000000
59267  -47.084  -22.594  45.090 0.0000000000
125025  -53.471  -21.598  39.655 0.0000000000
60346  -54.252  -21.787  40.052 0.0000000000
149101  -38.111  -33.771  69.165 0.0000000000
48974  -37.820  -33.599  68.196 0.0000000000
47973  -38.874  -34.354  67.774 0.0000000000
47996  -39.371  -33.962  65.903 0.0000000000
48023  -39.995  -33.616  63.272 0.0000000000
46988  -41.703  -35.308  64.131 0.0000000000
48036  -40.646  -34.250  62.843 0.0000000000
49038  -39.504  -32.771  61.592 0.0000000000
49066  -39.416  -33.239  59.710 0.0000000000
48091  -38.741  -33.535  58.077 0.0000000000
126502  -37.877  -33.604  56.594 0.0000000000
45996  -46.562  -34.888  59.498 0.0000000000
45994  -45.097  -35.444  59.402 0.0000000000
46006  -42.836  -35.492  58.140 0.0000000000
46050  -43.065  -35.821  55.198 0.0000000000
131748  -42.389  -36.050  55.720 0.0000000000
46020  -41.706  -35.503  57.298 0.0000000000
47062  -40.338  -35.018  56.589 0.0000000000
47078  -38.304  -34.356  55.135 0.0000000000
48208  -40.249  -32.857  47.199 0.0000000000
55271  -54.491  -26.079  55.764 0.0000000000
57225  -54.524  -24.821  55.552 0.0000000000
54107  -26.136  -26.923  69.797 0.0000000000
56074  -28.758  -24.707  70.082 0.0000000000
56063  -29.375  -24.498  71.124 0.0000000000
149552  -30.886  -25.708  71.077 0.0000000000
52031  -33.569  -29.394  71.564 0.0000000000
52033  -34.723  -30.566  71.413 0.0000000000
51037  -36.501  -31.432  70.609 0.0000000000
50015  -38.325  -32.508  69.606 0.0000000000
50023  -39.079  -32.345  69.041 0.0000000000
50031  -40.337  -32.427  67.797 0.0000000000
133587  -41.580  -31.694  66.278 0.0000000000
51070  -42.326  -29.924  66.157 0.0000000000
50052  -42.386  -31.887  65.043 0.0000000000
51095  -43.232  -30.460  64.329 0.0000000000
51110  -43.981  -30.399  62.963 0.0000000000
52126  -45.380  -29.699  61.851 0.0000000000
135429  -46.156  -29.256  60.368 0.0000000000
53222  -46.883  -28.793  58.979 0.0000000000
54269  -48.271  -27.849  58.854 0.0000000000
135847  -53.706  -26.877  56.188 0.0000000000
58193  -53.519  -23.725  55.342 0.0000000000
59210  -51.959  -22.593  54.960 0.0000000000
59209  -51.302  -22.086  54.311 0.0000000000
64095  -52.497  -17.050  56.080 0.0000000000
62163  -51.706  -19.043  54.958 0.0000000000
61199  -51.101  -20.575  53.626 0.0000000000
61212  -51.408  -20.967  52.189 0.0000000000
61226  -52.229  -21.063  51.264 0.0000000000
128668  -53.801  -20.867  50.767 0.0000000000
63195  -54.539  -18.576  52.329 0.0000000000
62208  -54.740  -20.088  51.474 0.0000000000
61261  -53.974  -20.699  49.564 0.0000000000
62244  -54.322  -20.085  48.264 0.0000000000
62267  -54.722  -19.404  46.843 0.0000000000
62278  -55.726  -19.821  45.749 0.0000000000
61285  -57.610  -20.513  47.735 0.0000000000
62279  -56.617  -20.295  45.730 0.0000000000
61315  -55.060  -20.456  43.976 0.0000000000
60308  -55.668  -21.111  43.239 0.0000000000
124648  -55.370  -21.569  41.700 0.0000000000
60348  -55.346  -21.562  40.003 0.0000000000
134985  -61.648  -19.672  46.819 0.0000000000
61306  -60.909  -20.362  45.524 0.0000000000
130960  -61.269  -17.960  44.798 0.0000000000
63283  -60.209  -19.359  44.325 0.0000000000
62307  -59.368  -20.452  43.742 0.0000000000
141607  -57.671  -20.193  41.990 0.0000000000
61380  -56.268  -20.702  40.566 0.0000000000
61393  -55.301  -20.901  39.415 0.0000000000
62340  -54.556  -20.074  38.182 0.0000000000
62345  -54.411  -19.107  37.066 0.0000000000
62361  -54.870  -19.225  35.753 0.0000000000
65345  -55.607  -16.390  38.604 0.0000000000
142310  -55.407  -17.541  36.908 0.0000000000
62362  -55.549  -19.357  35.264 0.0000000000
69302  -60.716  -12.512  40.558 0.0000000000
69312  -59.441  -12.762  39.238 0.0000000000
67367  -58.478  -14.702  37.639 0.0000000000
68351  -60.200  -13.204  37.576 0.0000000000
137161  -59.376  -14.837  37.534 0.0000000000
132379  -58.673  -16.038  37.422 0.0000000000
50057  -26.796  -31.828  64.624 0.0000000000
55134  -28.575  -26.541  65.476 0.0000000000
53133  -28.285  -27.807  63.243 0.0000000000
52122  -28.150  -29.822  60.961 0.0000000000
52159  -30.127  -29.879  58.991 0.0000000000
51146  -29.112  -30.406  58.469 0.0000000000
49089  -27.540  -31.765  58.151 0.0000000000
48113  -27.314  -32.977  56.102 0.0000000000
50030  -37.182  -31.980  67.426 0.0000000000
50048  -37.083  -30.866  65.685 0.0000000000
132173  -35.709  -30.874  64.247 0.0000000000
146746  -36.206  -31.299  62.641 0.0000000000
128302  -35.646  -31.501  63.095 0.0000000000
49000  -34.073  -31.954  63.857 0.0000000000
49012  -33.624  -32.782  63.643 0.0000000000
48006  -32.183  -33.681  64.174 0.0000000000
46971  -31.421  -34.674  64.773 0.0000000000
48102  -33.768  -33.526  57.659 0.0000000000
47036  -33.474  -34.630  58.889 0.0000000000
47019  -33.216  -34.952  60.436 0.0000000000
138782  -32.538  -35.406  63.045 0.0000000000
45949  -32.202  -35.358  64.597 0.0000000000
45935  -30.905  -35.033  64.965 0.0000000000
54352  -53.384  -27.723  53.326 0.0000000000
55317  -53.411  -27.166  53.104 0.0000000000
55304  -53.813  -26.641  53.923 0.0000000000
54334  -53.719  -27.871  54.504 0.0000000000
53279  -53.331  -28.553  54.466 0.0000000000
127726  -53.431  -28.108  53.836 0.0000000000
127671  -52.518  -28.718  53.048 0.0000000000
60368  -53.243  -21.555  38.088 0.0000000000
60369  -53.939  -21.581  38.165 0.0000000000
60370  -54.355  -21.344  38.440 0.0000000000
48947  -36.349  -32.741  70.155 0.0000000000
48963  -35.635  -32.490  70.003 0.0000000000
48964  -36.778  -33.120  69.476 0.0000000000
56365  -40.686  -25.450  45.087 0.0000000000
56366  -41.623  -25.335  45.350 0.0000000000
60266  -51.768  -21.383  47.690 0.0000000000
60267  -52.409  -20.880  47.966 0.0000000000
61271  -53.100  -20.522  48.298 0.0000000000
51125  -44.404  -30.886  60.636 0.0000000000
50115  -44.354  -31.820  60.609 0.0000000000
50127  -44.931  -32.253  60.044 0.0000000000
48183  -42.587  -33.361  50.719 0.0000000000
55358  -41.515  -26.647  46.380 0.0000000000
55357  -40.205  -26.991  46.159 0.0000000000
55368  -40.178  -26.191  45.550 0.0000000000
56364  -39.618  -25.873  44.926 0.0000000000
68284  -62.566  -13.545  43.389 0.0000000000
68299  -61.652  -13.967  42.695 0.0000000000
68314  -61.390  -13.406  41.893 0.0000000000
56095  -28.089  -25.764  67.723 0.0000000000
55102  -27.721  -26.279  67.063 0.0000000000
48032  -30.769  -34.045  62.750 0.0000000000
48047  -30.846  -33.774  61.683 0.0000000000
46999  -30.547  -34.850  62.855 0.0000000000
126226  -30.449  -35.304  62.135 0.0000000000
48104  -37.105  -33.055  56.756 0.0000000000
49093  -36.305  -32.600  57.012 0.0000000000
124627  -35.981  -33.092  55.665 0.0000000000
54395  -47.239  -27.886  48.878 0.0000000000
54384  -48.028  -28.088  49.249 0.0000000000
147694  -50.711  -24.101  51.843 0.0000000000
138447  -51.352  -24.545  50.452 0.0000000000
58239  -50.824  -23.799  51.008 0.0000000000
59240  -50.850  -22.817  51.341 0.0000000000
59235  -50.714  -22.486  52.205 0.0000000000
52172  -49.356  -28.902  56.845 0.0000000000
51158  -50.065  -30.949  57.573 0.0000000000
52169  -50.833  -30.576  57.214 0.0000000000
51198  -46.960  -30.171  53.832 0.0000000000
133473  -45.890  -30.102  53.767 0.0000000000
142692  -45.104  -30.089  53.694 0.0000000000
52185  -44.593  -29.857  53.175 0.0000000000
52198  -44.360  -29.603  52.313 0.0000000000
52199  -45.279  -29.606  52.365 0.0000000000
53311  -48.308  -28.930  49.647 0.0000000000
53309  -46.893  -29.006  49.357 0.0000000000
53324  -46.691  -28.548  48.972 0.0000000000
53323  -45.933  -28.453  48.674 0.0000000000
53066  -32.072  -28.040  69.634 0.0000000000
51077  -33.838  -30.383  65.531 0.0000000000
51090  -33.623  -30.726  64.674 0.0000000000
126290  -34.111  -31.247  64.312 0.0000000000
57312  -47.274  -24.257  46.529 0.0000000000
58259  -47.526  -23.680  46.270 0.0000000000
61313  -48.595  -20.504  44.463 0.0000000000
62304  -53.162  -19.960  43.700 0.0000000000
61331  -52.834  -20.409  42.972 0.0000000000
140137  -53.327  -20.812  42.501 0.0000000000
61332  -53.834  -20.687  43.038 0.0000000000
48983  -41.596  -33.211  66.422 0.0000000000
47988  -41.695  -34.351  66.221 0.0000000000
47997  -42.246  -34.572  65.600 0.0000000000
45980  -42.257  -34.950  60.204 0.0000000000
47021  -41.748  -34.795  60.748 0.0000000000
47028  -40.969  -34.514  59.310 0.0000000000
47039  -41.442  -34.840  58.785 0.0000000000
48124  -46.410  -34.357  56.489 0.0000000000
47064  -45.559  -34.970  56.486 0.0000000000
48123  -44.684  -34.354  56.182 0.0000000000
47107  -40.464  -35.353  53.136 0.0000000000
47118  -39.823  -35.220  52.570 0.0000000000
47106  -39.460  -35.084  53.469 0.0000000000
127744  -39.136  -35.068  52.075 0.0000000000
52258  -38.753  -30.199  48.981 0.0000000000
126492  -38.380  -30.045  48.388 0.0000000000
64107  -52.884  -17.185  52.987 0.0000000000
62198  -58.219  -18.993  52.081 0.0000000000
63198  -57.843  -18.352  52.406 0.0000000000
62197  -57.519  -19.074  52.146 0.0000000000
62210  -56.994  -19.673  51.638 0.0000000000
61231  -57.256  -20.139  51.175 0.0000000000
61265  -57.347  -20.569  50.124 0.0000000000
61250  -57.680  -20.397  50.693 0.0000000000
60286  -59.852  -21.220  45.853 0.0000000000
138836  -59.164  -21.288  45.339 0.0000000000
148102  -58.185  -21.317  43.881 0.0000000000
60311  -58.599  -21.159  43.810 0.0000000000
131211  -61.147  -15.040  46.576 0.0000000000
66256  -61.597  -15.680  46.566 0.0000000000
126317  -62.028  -16.242  46.517 0.0000000000
66257  -62.122  -15.693  46.186 0.0000000000
147786  -58.072  -16.457  42.394 0.0000000000
135328  -58.262  -17.031  42.734 0.0000000000
135327  -57.069  -17.239  41.689 0.0000000000
149080  -56.606  -17.315  41.210 0.0000000000
64317  -56.228  -17.442  40.765 0.0000000000
65315  -56.595  -16.674  40.958 0.0000000000
66360  -57.295  -15.433  37.644 0.0000000000
65352  -56.788  -16.094  37.430 0.0000000000
65362  -58.367  -16.690  37.164 0.0000000000
70246  -60.915  -11.570  38.771 0.0000000000
51057  -26.788  -30.777  67.545 0.0000000000
51107  -27.463  -30.561  62.231 0.0000000000
50094  -26.988  -31.937  61.132 0.0000000000
50109  -27.071  -31.947  60.249 0.0000000000
50122  -27.128  -32.026  59.264 0.0000000000
54209  -31.177  -27.774  63.219 0.0000000000
54191  -30.600  -27.299  63.521 0.0000000000
53149  -31.000  -28.229  61.981 0.0000000000
45052  -29.513  -36.761  56.255 0.0000000000
49015  -38.979  -31.932  63.480 0.0000000000
50075  -38.417  -31.458  64.156 0.0000000000
49035  -34.671  -32.799  61.733 0.0000000000
48063  -34.137  -33.280  61.349 0.0000000000
53302  -50.351  -29.021  50.627 0.0000000000
53313  -50.755  -28.467  50.269 0.0000000000
53314  -51.511  -28.194  50.551 0.0000000000
56297  -52.948  -25.760  53.426 0.0000000000
55316  -52.742  -26.781  51.711 0.0000000000
56307  -52.679  -26.227  52.336 0.0000000000
56306  -51.693  -25.513  51.816 0.0000000000
56296  -51.888  -25.355  52.872 0.0000000000
53253  -52.355  -28.930  56.283 0.0000000000
133265  -51.815  -30.429  56.399 0.0000000000
52175  -52.415  -29.656  56.043 0.0000000000
51203  -51.035  -29.917  53.795 0.0000000000
51182  -50.615  -30.509  54.374 0.0000000000
144609  -48.928  -30.082  53.259 0.0000000000
51215  -49.297  -29.856  52.689 0.0000000000
52201  -48.082  -29.646  51.874 0.0000000000
52203  -49.634  -29.684  52.097 0.0000000000
52223  -51.143  -29.036  51.425 0.0000000000
52222  -49.980  -29.525  51.519 0.0000000000
52239  -50.452  -29.249  51.091 0.0000000000
52254  -49.018  -29.239  50.163 0.0000000000
60405  -52.474  -21.865  35.778 0.0000000000
60392  -53.762  -21.238  36.653 0.0000000000
138098  -53.996  -20.753  36.011 0.0000000000
51034  -33.621  -30.613  70.958 0.0000000000
51033  -33.257  -30.195  70.420 0.0000000000
146180  -34.071  -31.034  70.024 0.0000000000
51052  -34.950  -31.207  68.892 0.0000000000
144460  -34.537  -30.356  66.501 0.0000000000
51068  -35.620  -30.636  66.914 0.0000000000
57327  -41.123  -24.590  43.955 0.0000000000
59256  -50.122  -23.008  47.302 0.0000000000
61291  -49.939  -20.694  46.213 0.0000000000
61302  -49.555  -20.342  45.507 0.0000000000
62273  -50.434  -19.948  45.638 0.0000000000
62272  -49.925  -19.855  45.000 0.0000000000
62264  -51.170  -19.854  46.017 0.0000000000
137086  -53.223  -19.641  47.042 0.0000000000
137013  -52.526  -19.378  45.874 0.0000000000
62275  -52.975  -19.305  45.265 0.0000000000
124479  -43.393  -32.294  63.402 0.0000000000
128166  -43.712  -33.440  63.926 0.0000000000
49027  -44.027  -33.057  63.110 0.0000000000
47014  -45.278  -34.611  61.606 0.0000000000
47013  -44.770  -34.726  62.279 0.0000000000
142718  -44.902  -35.031  61.747 0.0000000000
45972  -44.502  -35.277  61.385 0.0000000000
45983  -44.717  -35.347  60.464 0.0000000000
49132  -42.271  -32.532  54.450 0.0000000000
48154  -42.695  -33.446  54.871 0.0000000000
49135  -41.983  -33.201  53.698 0.0000000000
48177  -42.805  -33.939  51.336 0.0000000000
48171  -42.387  -34.074  52.045 0.0000000000
47131  -42.883  -34.310  51.125 0.0000000000
47141  -42.204  -34.742  50.837 0.0000000000
53338  -40.166  -28.609  47.234 0.0000000000
53328  -38.559  -29.063  46.957 0.0000000000
53337  -39.332  -28.350  46.651 0.0000000000
63219  -59.283  -18.524  51.228 0.0000000000
61252  -59.447  -20.171  50.641 0.0000000000
63221  -60.613  -19.323  49.429 0.0000000000
62247  -60.763  -20.240  49.001 0.0000000000
61279  -61.150  -20.425  48.141 0.0000000000
61278  -60.904  -20.901  47.699 0.0000000000
61288  -61.304  -20.465  47.311 0.0000000000
68256  -62.279  -12.993  45.476 0.0000000000
67287  -62.391  -14.580  44.935 0.0000000000
67286  -62.176  -14.898  44.299 0.0000000000
67313  -60.884  -14.527  42.685 0.0000000000
67299  -61.039  -15.098  43.272 0.0000000000
66303  -60.330  -14.989  42.821 0.0000000000
66302  -59.544  -15.217  42.636 0.0000000000
66319  -58.255  -15.195  41.691 0.0000000000
67311  -59.021  -14.846  41.987 0.0000000000
68312  -59.571  -13.623  41.000 0.0000000000
145789  -58.883  -14.046  40.968 0.0000000000
68331  -58.088  -13.870  39.636 0.0000000000
69352  -61.561  -11.752  37.115 0.0000000000
54117  -26.343  -27.171  68.637 0.0000000000
134029  -26.666  -28.342  67.391 0.0000000000
54128  -26.584  -27.337  67.747 0.0000000000
54159  -27.552  -27.641  65.195 0.0000000000
131102  -27.250  -28.376  65.671 0.0000000000
53103  -27.428  -28.485  64.811 0.0000000000
52102  -27.581  -29.149  63.454 0.0000000000
53117  -27.617  -28.463  63.969 0.0000000000
50096  -31.645  -31.397  61.781 0.0000000000
50111  -31.609  -30.829  60.703 0.0000000000
142652  -31.539  -31.625  60.971 0.0000000000
48061  -30.731  -34.042  60.762 0.0000000000
48071  -30.765  -33.687  59.691 0.0000000000
48087  -30.537  -34.068  58.951 0.0000000000
147131  -30.420  -34.222  58.414 0.0000000000
46002  -30.233  -34.859  58.750 0.0000000000
45988  -29.830  -35.801  58.671 0.0000000000
45989  -30.088  -35.610  59.588 0.0000000000
45028  -30.306  -36.644  61.590 0.0000000000
45032  -30.152  -36.837  60.750 0.0000000000
49065  -38.607  -32.626  59.379 0.0000000000
50126  -38.077  -31.899  59.894 0.0000000000
49064  -37.767  -32.139  59.126 0.0000000000
49079  -35.423  -32.100  58.285 0.0000000000
50135  -36.032  -31.747  58.986 0.0000000000
138623  -34.592  -32.492  58.751 0.0000000000
55350  -44.003  -26.551  47.254 0.0000000000
55360  -43.541  -25.977  46.703 0.0000000000
128532  -44.794  -26.444  47.479 0.0000000000
55353  -47.454  -25.888  48.034 0.0000000000
56346  -47.944  -25.210  47.623 0.0000000000
144738  -51.692  -27.253  49.888 0.0000000000
55336  -50.357  -26.757  49.209 0.0000000000
55337  -51.302  -26.617  49.395 0.0000000000
56340  -51.589  -24.904  48.848 0.0000000000
56339  -51.095  -25.252  48.607 0.0000000000
56349  -50.546  -24.815  48.197 0.0000000000
57304  -50.805  -24.130  47.990 0.0000000000
58250  -51.506  -23.707  48.627 0.0000000000
59246  -51.665  -22.506  50.008 0.0000000000
59249  -51.644  -23.081  48.817 0.0000000000
59250  -51.912  -22.287  49.348 0.0000000000
60246  -52.021  -21.850  50.216 0.0000000000
52161  -46.561  -29.579  58.524 0.0000000000
50137  -46.819  -31.614  58.434 0.0000000000
51151  -47.362  -30.974  58.008 0.0000000000
48108  -49.880  -33.477  57.520 0.0000000000
48095  -49.521  -33.739  58.071 0.0000000000
48127  -49.465  -33.897  57.126 0.0000000000
48126  -48.122  -34.599  56.981 0.0000000000
130071  -48.810  -34.112  56.846 0.0000000000
50167  -50.770  -31.859  55.939 0.0000000000
50154  -50.868  -32.127  56.571 0.0000000000
50166  -50.177  -32.015  55.717 0.0000000000
51167  -46.413  -31.018  55.155 0.0000000000
50164  -48.105  -31.825  55.593 0.0000000000
136951  -45.938  -31.487  55.488 0.0000000000
133033  -46.031  -32.189  55.906 0.0000000000
50162  -45.171  -31.763  55.659 0.0000000000
50160  -43.472  -31.969  55.386 0.0000000000
50161  -44.308  -31.431  55.311 0.0000000000
51213  -42.153  -30.405  53.202 0.0000000000
144118  -42.339  -30.829  53.823 0.0000000000
51212  -41.336  -30.789  52.808 0.0000000000
49138  -40.943  -31.679  52.269 0.0000000000
51211  -40.827  -31.066  52.293 0.0000000000
51225  -40.480  -30.797  51.619 0.0000000000
52214  -42.242  -29.575  51.266 0.0000000000
125262  -41.363  -29.637  50.783 0.0000000000
52246  -40.697  -29.567  50.014 0.0000000000
52232  -42.467  -29.428  50.343 0.0000000000
52218  -46.661  -29.522  50.877 0.0000000000
125696  -45.775  -29.492  50.872 0.0000000000
52250  -44.566  -29.213  49.010 0.0000000000
52234  -44.316  -29.362  49.762 0.0000000000
52249  -43.692  -29.279  49.176 0.0000000000
52262  -43.112  -29.144  48.623 0.0000000000
53319  -41.814  -28.970  48.102 0.0000000000
53320  -42.614  -28.918  48.106 0.0000000000
146943  -44.793  -27.780  48.086 0.0000000000
54391  -43.322  -27.738  47.518 0.0000000000
129176  -43.786  -27.245  47.491 0.0000000000
71156  -63.772  -9.918  42.249 0.0000000000
72129  -63.347  -9.319  39.547 0.0000000000
71190  -62.772  -9.688  38.669 0.0000000000
149239  -63.314  -9.079  38.896 0.0000000000
140382  -31.731  -27.848  67.706 0.0000000000
54130  -31.471  -27.185  66.945 0.0000000000
54145  -31.541  -27.650  66.372 0.0000000000
137314  -31.457  -27.596  65.654 0.0000000000
53094  -31.728  -28.425  66.251 0.0000000000
52064  -33.027  -30.052  68.473 0.0000000000
53085  -32.332  -29.152  68.225 0.0000000000
52063  -32.538  -29.534  67.722 0.0000000000
52085  -32.453  -29.683  65.597 0.0000000000
52084  -31.947  -29.245  65.061 0.0000000000
52103  -32.015  -29.951  63.482 0.0000000000
51088  -32.336  -30.308  63.958 0.0000000000
49011  -32.419  -32.163  63.665 0.0000000000
50072  -32.050  -31.490  63.231 0.0000000000
48997  -31.944  -33.160  63.844 0.0000000000
56354  -43.923  -25.199  46.142 0.0000000000
56368  -43.200  -24.992  45.627 0.0000000000
57309  -44.716  -24.679  45.706 0.0000000000
58265  -45.276  -23.856  44.829 0.0000000000
57331  -44.048  -24.063  44.587 0.0000000000
58274  -44.774  -23.767  44.439 0.0000000000
59269  -48.363  -22.261  46.160 0.0000000000
59268  -47.756  -22.350  45.676 0.0000000000
130619  -46.408  -21.671  43.083 0.0000000000
62301  -50.415  -19.663  43.938 0.0000000000
61329  -50.594  -19.913  43.221 0.0000000000
61347  -51.847  -20.619  42.033 0.0000000000
145730  -51.574  -20.840  40.454 0.0000000000
60330  -53.471  -21.343  41.316 0.0000000000
60345  -53.236  -21.435  40.595 0.0000000000
48966  -39.207  -33.394  68.793 0.0000000000
47965  -38.648  -34.144  68.349 0.0000000000
47974  -39.323  -34.359  67.727 0.0000000000
46961  -40.199  -34.899  65.968 0.0000000000
137165  -39.710  -34.620  66.484 0.0000000000
131848  -39.843  -34.282  65.322 0.0000000000
49002  -39.429  -33.284  64.816 0.0000000000
48008  -39.937  -33.873  64.316 0.0000000000
46989  -43.114  -35.189  64.147 0.0000000000
45938  -42.399  -35.286  64.418 0.0000000000
143387  -42.231  -35.418  63.751 0.0000000000
47011  -41.248  -34.547  61.291 0.0000000000
47001  -41.348  -34.762  62.427 0.0000000000
48052  -40.679  -34.134  61.787 0.0000000000
48035  -40.047  -33.504  62.223 0.0000000000
48051  -40.070  -33.549  61.216 0.0000000000
49051  -39.487  -32.985  60.653 0.0000000000
48064  -40.058  -33.671  60.290 0.0000000000
47037  -40.009  -34.482  57.928 0.0000000000
48092  -39.517  -33.961  58.373 0.0000000000
128000  -38.383  -33.636  57.300 0.0000000000
48121  -38.665  -34.118  56.605 0.0000000000
48080  -47.474  -33.965  59.453 0.0000000000
48079  -46.770  -33.730  59.978 0.0000000000
47030  -47.062  -34.415  59.508 0.0000000000
46023  -45.156  -35.601  57.329 0.0000000000
46009  -45.834  -35.456  58.648 0.0000000000
125943  -44.500  -35.631  57.887 0.0000000000
125300  -44.313  -35.518  58.746 0.0000000000
46007  -43.721  -35.606  58.002 0.0000000000
47097  -42.680  -34.501  54.387 0.0000000000
47081  -43.530  -35.116  55.363 0.0000000000
46065  -42.549  -35.495  54.428 0.0000000000
149597  -41.251  -35.800  54.667 0.0000000000
46049  -41.548  -35.916  55.344 0.0000000000
46034  -41.577  -35.762  56.381 0.0000000000
46033  -40.824  -35.486  56.072 0.0000000000
46019  -40.968  -35.311  56.972 0.0000000000
46032  -40.179  -35.097  55.753 0.0000000000
47105  -38.543  -34.803  53.742 0.0000000000
47079  -38.972  -34.655  55.053 0.0000000000
47095  -38.412  -34.592  54.458 0.0000000000
47094  -37.723  -34.297  54.518 0.0000000000
47093  -37.088  -34.200  53.992 0.0000000000
50201  -39.510  -31.510  49.779 0.0000000000
49158  -39.853  -32.379  48.637 0.0000000000
53065  -26.269  -27.902  69.221 0.0000000000
52030  -33.056  -29.030  71.595 0.0000000000
50039  -41.141  -32.240  66.885 0.0000000000
51061  -41.234  -30.812  66.882 0.0000000000
52086  -43.026  -29.412  65.905 0.0000000000
51082  -42.625  -30.144  65.581 0.0000000000
51081  -42.057  -31.014  65.647 0.0000000000
51094  -42.600  -30.749  64.958 0.0000000000
50064  -42.723  -31.558  64.387 0.0000000000
52104  -44.599  -29.785  63.484 0.0000000000
52113  -44.860  -29.861  62.609 0.0000000000
142728  -44.789  -30.134  61.745 0.0000000000
138427  -46.385  -29.126  61.290 0.0000000000
53192  -46.939  -28.757  61.026 0.0000000000
53208  -46.854  -28.752  59.994 0.0000000000
54255  -48.057  -28.009  59.427 0.0000000000
54270  -48.806  -27.446  58.615 0.0000000000
53224  -48.299  -27.981  58.085 0.0000000000
55270  -54.085  -26.955  55.756 0.0000000000
59195  -54.399  -23.493  55.959 0.0000000000
57224  -54.376  -24.207  55.634 0.0000000000
147892  -54.330  -22.959  56.249 0.0000000000
60196  -52.678  -21.295  55.792 0.0000000000
59193  -52.693  -22.219  55.540 0.0000000000
60211  -51.809  -21.705  55.081 0.0000000000
60195  -51.772  -20.903  55.167 0.0000000000
64100  -51.711  -17.541  54.473 0.0000000000
62177  -51.408  -19.156  54.201 0.0000000000
62184  -51.332  -19.610  53.533 0.0000000000
127477  -51.001  -20.964  52.901 0.0000000000
137694  -51.442  -20.197  52.702 0.0000000000
62193  -53.175  -19.535  52.032 0.0000000000
62192  -52.249  -19.739  52.237 0.0000000000
62206  -52.938  -20.175  51.742 0.0000000000
61227  -53.204  -20.674  51.238 0.0000000000
64108  -56.595  -16.856  53.219 0.0000000000
64116  -55.087  -17.770  52.718 0.0000000000
63196  -55.546  -18.535  52.386 0.0000000000
61248  -55.776  -20.623  50.786 0.0000000000
62209  -55.626  -19.872  51.495 0.0000000000
61229  -55.266  -20.491  51.103 0.0000000000
61247  -54.804  -20.809  50.798 0.0000000000
61262  -54.748  -20.755  50.055 0.0000000000
61273  -54.668  -20.387  49.044 0.0000000000
61274  -55.440  -20.595  49.615 0.0000000000
62246  -55.762  -20.065  48.190 0.0000000000
62268  -55.522  -19.595  46.683 0.0000000000
142301  -54.995  -19.410  46.185 0.0000000000
61277  -58.789  -20.827  48.712 0.0000000000
61286  -58.570  -20.811  47.708 0.0000000000
61304  -57.395  -20.864  45.218 0.0000000000
61294  -57.239  -20.448  46.240 0.0000000000
61303  -56.362  -20.482  44.969 0.0000000000
61316  -56.027  -20.764  44.112 0.0000000000
60309  -56.685  -21.231  43.489 0.0000000000
60320  -56.859  -21.330  42.284 0.0000000000
60334  -56.281  -21.351  41.470 0.0000000000
60333  -55.522  -21.583  40.815 0.0000000000
60349  -55.996  -21.297  40.661 0.0000000000
63256  -62.162  -18.067  46.105 0.0000000000
142493  -61.901  -18.695  46.603 0.0000000000
125783  -61.726  -19.113  46.137 0.0000000000
62280  -61.407  -20.050  46.138 0.0000000000
62295  -61.323  -19.405  45.478 0.0000000000
65288  -61.485  -16.384  44.366 0.0000000000
126955  -61.700  -17.089  44.797 0.0000000000
65273  -60.980  -17.189  44.406 0.0000000000
63295  -58.698  -18.708  43.089 0.0000000000
64248  -60.355  -18.165  44.322 0.0000000000
63296  -59.478  -18.773  43.726 0.0000000000
137437  -59.637  -19.814  43.839 0.0000000000
136765  -58.909  -19.846  43.229 0.0000000000
61352  -58.386  -20.620  42.881 0.0000000000
62312  -58.197  -19.904  42.489 0.0000000000
63319  -56.632  -19.113  41.168 0.0000000000
62320  -57.234  -19.795  41.560 0.0000000000
62329  -56.192  -19.563  40.540 0.0000000000
62328  -55.758  -20.167  39.941 0.0000000000
131032  -54.868  -20.169  38.835 0.0000000000
62337  -55.144  -19.604  39.319 0.0000000000
63334  -54.782  -18.161  38.622 0.0000000000
63337  -54.596  -18.516  38.108 0.0000000000
63342  -54.612  -18.478  37.463 0.0000000000
62353  -54.575  -19.151  36.352 0.0000000000
63349  -54.738  -18.529  36.745 0.0000000000
129965  -56.788  -15.474  40.193 0.0000000000
65341  -55.932  -16.202  39.433 0.0000000000
144632  -56.027  -15.800  38.725 0.0000000000
64345  -56.078  -17.561  36.481 0.0000000000
64337  -55.768  -16.994  37.117 0.0000000000
139141  -55.891  -18.223  36.011 0.0000000000
63361  -55.405  -18.693  35.830 0.0000000000
70224  -62.428  -12.042  41.336 0.0000000000
69290  -61.018  -12.879  41.228 0.0000000000
69303  -61.493  -12.269  40.888 0.0000000000
69313  -60.143  -12.244  39.033 0.0000000000
69322  -58.986  -13.110  38.612 0.0000000000
142886  -58.715  -13.544  38.093 0.0000000000
68350  -58.927  -13.993  37.688 0.0000000000
68352  -61.210  -13.144  37.299 0.0000000000
69340  -60.557  -12.472  37.627 0.0000000000
138216  -60.636  -15.157  37.639 0.0000000000
145342  -58.840  -15.355  37.492 0.0000000000
51075  -27.124  -30.446  65.675 0.0000000000
50047  -27.076  -31.112  65.091 0.0000000000
49033  -26.531  -32.574  61.521 0.0000000000
136817  -26.427  -32.612  62.354 0.0000000000
47035  -25.523  -34.596  58.371 0.0000000000
48099  -26.065  -33.840  56.996 0.0000000000
47055  -25.755  -34.534  56.436 0.0000000000
46043  -25.980  -35.063  55.051 0.0000000000
46057  -26.422  -35.336  54.270 0.0000000000
55119  -30.235  -26.183  66.274 0.0000000000
55118  -29.112  -26.152  66.161 0.0000000000
55135  -29.580  -26.359  65.448 0.0000000000
146839  -29.384  -27.408  62.965 0.0000000000
54190  -28.812  -27.349  63.379 0.0000000000
53148  -28.901  -28.256  61.876 0.0000000000
52111  -28.205  -28.780  62.050 0.0000000000
52137  -28.771  -29.314  60.522 0.0000000000
52151  -31.072  -29.780  59.776 0.0000000000
142537  -30.490  -29.555  59.638 0.0000000000
51148  -30.387  -30.436  58.526 0.0000000000
50151  -28.959  -31.623  56.780 0.0000000000
51153  -29.275  -30.742  57.872 0.0000000000
50142  -28.765  -31.240  57.360 0.0000000000
50132  -28.439  -30.947  58.164 0.0000000000
50141  -28.107  -31.496  57.500 0.0000000000
129387  -27.626  -32.000  57.187 0.0000000000
49116  -28.018  -32.762  55.811 0.0000000000
43164  -29.839  -38.042  58.844 0.0000000000
43174  -29.784  -38.127  57.978 0.0000000000
48982  -38.446  -33.764  67.438 0.0000000000
48973  -37.140  -32.807  68.339 0.0000000000
50038  -37.725  -32.503  67.205 0.0000000000
140782  -37.643  -30.962  64.435 0.0000000000
50061  -36.737  -30.741  64.571 0.0000000000
51093  -36.152  -30.662  65.185 0.0000000000
139703  -36.983  -31.042  62.431 0.0000000000
50098  -36.375  -31.394  62.000 0.0000000000
49024  -35.053  -32.212  62.836 0.0000000000
50084  -35.668  -31.812  62.421 0.0000000000
49014  -34.890  -31.835  63.443 0.0000000000
46986  -33.000  -33.985  63.650 0.0000000000
48021  -33.265  -33.461  63.612 0.0000000000
48020  -32.527  -33.966  64.145 0.0000000000
125598  -31.974  -34.292  64.583 0.0000000000
150660  -32.177  -34.390  64.511 0.0000000000
46018  -33.423  -35.138  58.055 0.0000000000
48088  -33.619  -33.973  58.356 0.0000000000
45033  -33.220  -36.466  60.024 0.0000000000
45990  -33.228  -35.607  59.858 0.0000000000
45979  -32.911  -35.834  60.691 0.0000000000
131486  -33.016  -35.077  61.158 0.0000000000
45968  -32.693  -35.641  61.694 0.0000000000
45014  -31.834  -35.853  65.130 0.0000000000
45937  -31.476  -35.410  65.209 0.0000000000
137599  -30.994  -35.513  65.380 0.0000000000
145677  -52.220  -28.289  51.685 0.0000000000
53298  -52.317  -27.859  51.273 0.0000000000
54365  -52.664  -27.876  52.074 0.0000000000
56308  -53.316  -26.485  53.221 0.0000000000
53255  -53.357  -28.321  55.628 0.0000000000
52180  -52.430  -29.761  55.087 0.0000000000
52177  -53.033  -29.186  54.975 0.0000000000
52189  -51.769  -29.738  54.084 0.0000000000
51218  -50.852  -29.683  52.978 0.0000000000
51217  -50.322  -29.632  52.383 0.0000000000
52204  -51.161  -29.319  52.274 0.0000000000
53297  -51.806  -28.784  51.869 0.0000000000
125548  -52.814  -21.446  38.631 0.0000000000
60378  -52.879  -21.548  37.512 0.0000000000
60390  -52.906  -21.690  36.715 0.0000000000
60406  -53.207  -21.958  35.658 0.0000000000
143006  -53.678  -21.369  37.118 0.0000000000
50004  -34.703  -31.585  70.814 0.0000000000
50011  -34.574  -31.546  70.297 0.0000000000
50012  -35.187  -32.011  70.405 0.0000000000
50021  -35.585  -32.084  69.297 0.0000000000
57328  -41.844  -24.488  44.213 0.0000000000
59258  -51.525  -22.296  47.929 0.0000000000
60265  -51.190  -21.740  47.403 0.0000000000
60276  -51.306  -20.933  47.078 0.0000000000
61293  -51.599  -20.117  46.585 0.0000000000
50101  -43.750  -31.844  61.916 0.0000000000
49039  -44.123  -32.676  62.259 0.0000000000
49052  -44.152  -32.290  61.414 0.0000000000
49041  -45.507  -33.674  61.351 0.0000000000
48054  -45.611  -34.170  61.364 0.0000000000
49139  -41.422  -32.503  52.400 0.0000000000
135464  -42.071  -33.451  52.291 0.0000000000
49143  -42.116  -33.275  51.743 0.0000000000
49148  -42.709  -33.601  51.151 0.0000000000
47156  -43.568  -34.148  50.024 0.0000000000
47157  -43.676  -34.193  49.613 0.0000000000
48198  -43.765  -33.993  49.284 0.0000000000
54408  -40.230  -27.837  46.635 0.0000000000
54407  -39.568  -27.478  46.128 0.0000000000
54417  -39.085  -27.111  45.591 0.0000000000
68270  -62.689  -13.224  44.519 0.0000000000
67300  -62.070  -14.368  43.576 0.0000000000
146816  -26.928  -26.385  67.974 0.0000000000
54129  -26.988  -27.458  66.916 0.0000000000
55101  -27.022  -26.683  67.412 0.0000000000
55116  -27.442  -26.811  66.527 0.0000000000
55133  -27.811  -26.952  65.684 0.0000000000
141712  -31.297  -32.788  62.145 0.0000000000
49047  -31.381  -32.250  60.686 0.0000000000
147704  -30.970  -33.514  61.061 0.0000000000
47018  -30.475  -34.850  60.847 0.0000000000
45978  -30.278  -35.503  60.492 0.0000000000
45967  -30.395  -35.408  61.352 0.0000000000
125302  -30.350  -35.952  61.929 0.0000000000
45024  -30.344  -36.481  62.676 0.0000000000
48090  -37.934  -33.037  57.853 0.0000000000
49081  -37.395  -32.388  58.379 0.0000000000
49094  -37.023  -32.611  57.573 0.0000000000
146658  -36.131  -32.269  57.666 0.0000000000
49092  -35.440  -32.400  57.354 0.0000000000
54393  -45.594  -27.554  48.287 0.0000000000
150389  -45.037  -27.084  47.920 0.0000000000
55341  -46.252  -26.919  48.265 0.0000000000
55342  -47.077  -26.847  48.456 0.0000000000
139543  -47.835  -26.408  48.434 0.0000000000
56335  -52.202  -25.965  49.852 0.0000000000
57294  -51.987  -25.491  49.792 0.0000000000
57290  -51.733  -24.856  49.851 0.0000000000
58248  -51.676  -23.854  49.028 0.0000000000
131417  -51.229  -23.065  50.370 0.0000000000
60245  -51.414  -22.182  50.852 0.0000000000
52166  -47.834  -29.640  57.578 0.0000000000
50145  -48.360  -31.252  57.923 0.0000000000
51157  -48.804  -30.428  57.515 0.0000000000
50146  -49.485  -31.541  57.864 0.0000000000
48109  -50.363  -33.061  57.157 0.0000000000
50178  -49.329  -31.069  54.912 0.0000000000
50177  -48.478  -31.068  55.048 0.0000000000
144839  -46.904  -30.633  54.669 0.0000000000
51177  -44.342  -30.760  54.689 0.0000000000
51197  -44.389  -30.303  53.981 0.0000000000
51196  -43.705  -30.151  53.564 0.0000000000
52183  -43.049  -29.985  53.118 0.0000000000
52195  -41.708  -30.154  52.432 0.0000000000
52196  -42.525  -29.857  52.518 0.0000000000
126638  -42.912  -29.576  51.749 0.0000000000
52235  -46.112  -29.513  50.050 0.0000000000
52252  -46.679  -29.307  49.613 0.0000000000
143133  -45.984  -29.288  49.407 0.0000000000
53322  -44.595  -28.785  48.573 0.0000000000
53321  -44.002  -28.546  48.198 0.0000000000
124626  -45.143  -28.371  48.452 0.0000000000
55080  -31.210  -26.155  70.020 0.0000000000
55091  -31.323  -26.452  68.721 0.0000000000
146515  -31.732  -26.956  69.408 0.0000000000
54118  -31.771  -27.428  68.564 0.0000000000
53084  -32.022  -28.710  67.657 0.0000000000
51089  -32.895  -30.751  64.318 0.0000000000
50058  -32.892  -31.588  63.968 0.0000000000
48999  -33.147  -32.325  63.870 0.0000000000
57310  -45.563  -24.673  46.025 0.0000000000
57321  -46.064  -24.219  45.721 0.0000000000
58266  -46.038  -23.679  45.145 0.0000000000
60295  -48.154  -20.948  44.937 0.0000000000
60294  -47.529  -21.637  44.832 0.0000000000
146868  -51.391  -19.927  43.158 0.0000000000
61367  -53.343  -21.090  41.932 0.0000000000
60331  -54.036  -21.424  41.611 0.0000000000
48975  -40.460  -33.454  67.567 0.0000000000
47975  -39.972  -34.289  67.613 0.0000000000
46947  -40.534  -34.536  66.945 0.0000000000
149372  -41.041  -34.941  66.235 0.0000000000
46962  -40.910  -35.115  65.529 0.0000000000
137149  -43.215  -35.413  62.211 0.0000000000
140890  -41.927  -35.189  62.547 0.0000000000
47020  -41.151  -34.469  60.286 0.0000000000
48077  -40.555  -34.134  59.844 0.0000000000
46040  -47.313  -35.183  57.507 0.0000000000
46026  -47.468  -35.142  58.116 0.0000000000
46039  -46.695  -35.319  57.173 0.0000000000
46038  -45.874  -35.388  56.885 0.0000000000
128702  -44.511  -35.589  56.775 0.0000000000
46073  -41.615  -35.296  53.361 0.0000000000
46074  -42.049  -35.442  53.841 0.0000000000
46072  -40.958  -35.520  53.616 0.0000000000
46063  -40.717  -35.549  54.400 0.0000000000
46047  -39.988  -35.103  54.895 0.0000000000
50200  -38.768  -31.104  49.237 0.0000000000
51053  -39.552  -31.060  68.554 0.0000000000
52055  -40.141  -29.686  68.318 0.0000000000
52087  -43.754  -29.144  65.512 0.0000000000
125662  -43.924  -29.568  64.743 0.0000000000
52096  -44.476  -28.959  65.088 0.0000000000
53193  -47.616  -28.345  60.673 0.0000000000
143120  -54.308  -20.665  57.067 0.0000000000
61180  -53.771  -21.365  56.436 0.0000000000
62155  -53.940  -20.018  56.955 0.0000000000
62154  -53.005  -19.593  56.300 0.0000000000
65142  -51.841  -16.864  53.966 0.0000000000
64106  -51.775  -17.737  53.592 0.0000000000
63186  -51.965  -18.304  52.944 0.0000000000
146428  -52.272  -17.617  53.066 0.0000000000
64114  -52.735  -18.006  52.690 0.0000000000
63194  -53.467  -18.664  52.341 0.0000000000
132062  -57.509  -17.652  52.650 0.0000000000
64118  -56.906  -17.661  52.850 0.0000000000
140218  -56.447  -18.472  52.480 0.0000000000
146172  -56.776  -19.117  52.112 0.0000000000
61230  -56.277  -20.199  51.183 0.0000000000
61264  -56.281  -20.675  50.116 0.0000000000
61275  -56.784  -20.310  48.222 0.0000000000
60277  -59.407  -21.095  47.178 0.0000000000
61296  -58.731  -20.977  46.615 0.0000000000
148765  -58.785  -21.179  45.801 0.0000000000
61305  -58.387  -21.234  45.132 0.0000000000
60297  -57.941  -21.316  44.366 0.0000000000
141974  -57.584  -21.296  43.644 0.0000000000
60310  -57.919  -21.264  43.307 0.0000000000
60321  -57.517  -21.159  42.652 0.0000000000
65248  -61.483  -16.513  46.886 0.0000000000
64221  -62.262  -17.290  46.250 0.0000000000
65286  -59.740  -16.490  43.564 0.0000000000
64267  -60.108  -17.188  44.000 0.0000000000
127396  -59.440  -17.167  43.624 0.0000000000
64265  -58.925  -17.716  43.338 0.0000000000
63310  -58.068  -18.720  42.510 0.0000000000
63309  -57.609  -19.302  42.036 0.0000000000
131841  -57.334  -18.272  41.958 0.0000000000
63329  -56.083  -18.396  40.678 0.0000000000
64316  -55.639  -17.656  40.098 0.0000000000
64325  -55.131  -17.866  39.338 0.0000000000
128388  -55.476  -16.967  39.386 0.0000000000
67344  -56.884  -14.839  38.866 0.0000000000
66356  -56.480  -15.382  38.440 0.0000000000
66359  -56.665  -15.510  37.881 0.0000000000
65360  -56.535  -16.842  36.949 0.0000000000
70238  -61.988  -11.543  40.490 0.0000000000
138434  -61.823  -14.855  37.715 0.0000000000
48996  -26.411  -32.487  65.049 0.0000000000
141982  -27.064  -31.442  63.293 0.0000000000
141148  -27.154  -31.359  62.546 0.0000000000
49046  -26.645  -32.543  60.658 0.0000000000
48070  -26.312  -33.172  60.091 0.0000000000
48069  -25.872  -33.973  58.889 0.0000000000
48086  -26.330  -33.297  58.559 0.0000000000
48100  -26.545  -33.100  57.542 0.0000000000
48112  -26.650  -33.317  56.556 0.0000000000
144332  -30.583  -26.788  64.767 0.0000000000
55150  -29.939  -26.564  64.771 0.0000000000
55165  -30.241  -26.853  64.185 0.0000000000
143688  -30.014  -27.357  62.955 0.0000000000
53166  -29.814  -28.223  61.479 0.0000000000
124981  -30.628  -31.879  57.783 0.0000000000
50133  -30.614  -31.071  58.104 0.0000000000
134270  -29.547  -32.853  56.157 0.0000000000
48138  -28.231  -33.305  55.272 0.0000000000
149335  -29.410  -36.823  54.843 0.0000000000
44141  -29.600  -37.425  55.596 0.0000000000
43194  -29.765  -38.073  56.413 0.0000000000
43195  -30.131  -38.781  56.700 0.0000000000
48990  -38.890  -32.670  65.384 0.0000000000
148267  -38.679  -31.946  64.775 0.0000000000
50074  -37.574  -30.938  63.606 0.0000000000
50112  -35.856  -31.772  60.692 0.0000000000
50097  -35.783  -31.847  61.607 0.0000000000
49049  -35.230  -32.295  61.198 0.0000000000
49023  -34.587  -32.753  62.597 0.0000000000
48022  -33.983  -33.124  63.122 0.0000000000
47000  -33.012  -34.352  63.000 0.0000000000
44110  -32.753  -36.975  61.583 0.0000000000
45025  -32.501  -36.383  62.269 0.0000000000
130257  -49.284  -28.677  49.780 0.0000000000
128250  -48.776  -28.216  49.458 0.0000000000
142567  -50.096  -28.362  49.888 0.0000000000
54386  -50.816  -27.623  49.694 0.0000000000
137838  -52.356  -27.384  50.879 0.0000000000
55333  -52.452  -26.739  50.834 0.0000000000
55338  -52.268  -26.424  50.190 0.0000000000
57268  -51.103  -24.737  52.333 0.0000000000
58233  -50.799  -23.847  52.657 0.0000000000
53252  -51.225  -28.922  56.510 0.0000000000
52174  -51.496  -30.151  56.804 0.0000000000
51163  -51.483  -31.067  56.354 0.0000000000
50180  -50.431  -31.310  55.220 0.0000000000
131887  -51.633  -30.560  55.317 0.0000000000
133470  -49.868  -30.696  54.429 0.0000000000
51181  -48.885  -30.479  54.172 0.0000000000
51199  -48.127  -30.089  53.527 0.0000000000
52188  -47.557  -29.788  52.790 0.0000000000
132487  -46.064  -29.610  52.411 0.0000000000
52219  -47.653  -29.559  51.025 0.0000000000
52221  -49.290  -29.568  51.320 0.0000000000
127907  -48.129  -29.512  50.538 0.0000000000
133812  -48.191  -29.430  50.059 0.0000000000
59341  -53.390  -22.375  34.770 0.0000000000
53058  -32.665  -28.652  71.435 0.0000000000
53067  -32.503  -28.931  70.399 0.0000000000
52046  -32.841  -29.681  69.879 0.0000000000
51042  -33.177  -30.190  69.479 0.0000000000
146190  -33.464  -30.256  68.215 0.0000000000
51051  -34.370  -31.146  69.504 0.0000000000
126136  -34.146  -30.628  68.531 0.0000000000
51058  -33.911  -30.286  67.431 0.0000000000
51078  -34.783  -30.546  65.497 0.0000000000
127457  -48.845  -23.457  46.875 0.0000000000
59260  -48.893  -22.672  46.590 0.0000000000
60273  -48.961  -21.821  46.325 0.0000000000
60274  -49.622  -21.430  46.456 0.0000000000
61301  -48.789  -20.671  45.275 0.0000000000
61328  -49.237  -20.095  43.835 0.0000000000
62300  -49.899  -19.814  44.331 0.0000000000
62287  -50.631  -19.565  44.664 0.0000000000
62288  -51.616  -19.424  44.506 0.0000000000
124646  -51.829  -19.581  45.988 0.0000000000
62289  -52.573  -19.479  44.446 0.0000000000
62290  -53.532  -19.601  44.528 0.0000000000
49003  -42.657  -33.050  65.209 0.0000000000
48009  -42.850  -34.008  65.183 0.0000000000
49004  -43.175  -33.350  64.644 0.0000000000
144890  -43.867  -34.222  63.925 0.0000000000
46990  -43.584  -35.079  63.646 0.0000000000
49028  -44.554  -33.613  62.652 0.0000000000
48038  -44.528  -34.353  62.849 0.0000000000
45962  -43.700  -35.315  62.588 0.0000000000
45971  -43.777  -35.375  61.810 0.0000000000
45981  -42.896  -35.237  60.570 0.0000000000
45992  -42.734  -35.141  59.680 0.0000000000
48122  -44.167  -33.354  56.075 0.0000000000
48145  -43.728  -34.069  55.727 0.0000000000
49117  -43.138  -33.419  55.393 0.0000000000
48163  -42.253  -34.245  53.554 0.0000000000
48162  -42.115  -33.809  52.795 0.0000000000
47120  -42.118  -34.362  52.788 0.0000000000
47108  -42.036  -34.890  53.274 0.0000000000
47119  -41.839  -34.827  52.572 0.0000000000
47140  -40.314  -34.947  50.788 0.0000000000
128086  -40.976  -34.734  50.174 0.0000000000
47167  -41.175  -34.646  48.818 0.0000000000
47168  -42.975  -34.692  49.514 0.0000000000
52266  -38.429  -29.588  47.730 0.0000000000
52265  -37.816  -29.664  47.121 0.0000000000
52271  -37.391  -29.582  46.335 0.0000000000
53336  -38.457  -28.565  46.274 0.0000000000
53335  -37.741  -28.870  45.901 0.0000000000
63199  -58.353  -18.183  52.193 0.0000000000
62212  -58.551  -19.616  51.518 0.0000000000
140566  -58.413  -20.383  50.667 0.0000000000
61233  -58.871  -20.205  50.994 0.0000000000
61251  -59.106  -20.513  50.245 0.0000000000
60253  -59.565  -20.924  48.795 0.0000000000
62235  -60.341  -20.070  49.839 0.0000000000
61268  -60.234  -20.606  49.257 0.0000000000
60260  -59.990  -21.095  48.278 0.0000000000
60270  -60.561  -21.082  47.283 0.0000000000
60279  -60.527  -21.065  46.442 0.0000000000
60287  -60.328  -20.997  45.492 0.0000000000
66264  -62.300  -15.815  45.698 0.0000000000
66274  -62.349  -15.550  45.000 0.0000000000
137894  -61.211  -15.708  43.852 0.0000000000
126850  -61.706  -15.038  43.782 0.0000000000
66286  -59.222  -15.928  43.002 0.0000000000
66285  -58.487  -16.231  42.635 0.0000000000
66300  -57.947  -15.946  42.061 0.0000000000
66318  -57.571  -15.537  41.312 0.0000000000
66333  -57.290  -15.186  40.573 0.0000000000
67328  -58.578  -14.553  41.317 0.0000000000
67336  -57.622  -14.533  40.170 0.0000000000
67345  -57.427  -14.371  39.292 0.0000000000
67357  -57.477  -14.465  38.433 0.0000000000
67366  -57.714  -14.791  37.802 0.0000000000
70255  -61.477  -10.990  38.236 0.0000000000
69341  -61.187  -12.314  37.296 0.0000000000
52053  -26.659  -29.360  67.631 0.0000000000
53082  -26.902  -29.167  66.855 0.0000000000
52083  -27.245  -29.413  65.390 0.0000000000
53083  -27.028  -28.304  66.502 0.0000000000
51100  -27.398  -30.075  63.759 0.0000000000
128466  -27.559  -29.838  62.839 0.0000000000
51112  -27.667  -30.519  61.333 0.0000000000
132263  -31.446  -28.713  62.197 0.0000000000
53168  -31.254  -28.744  61.501 0.0000000000
52124  -31.424  -29.339  61.024 0.0000000000
134904  -31.341  -30.513  59.705 0.0000000000
50123  -31.328  -31.254  59.358 0.0000000000
49060  -31.068  -32.784  59.227 0.0000000000
49076  -30.820  -32.671  58.304 0.0000000000
48101  -30.570  -33.581  58.138 0.0000000000
126043  -29.642  -36.026  57.814 0.0000000000
45043  -29.621  -36.632  58.496 0.0000000000
45037  -30.050  -36.289  60.218 0.0000000000
44113  -29.882  -37.064  59.973 0.0000000000
49025  -38.914  -31.858  61.899 0.0000000000
133001  -38.021  -31.218  62.284 0.0000000000
50100  -38.175  -31.506  61.309 0.0000000000
50113  -37.476  -31.470  60.608 0.0000000000
135834  -36.596  -31.513  60.209 0.0000000000
50136  -36.884  -31.825  58.970 0.0000000000
148271  -36.520  -31.647  59.515 0.0000000000
50124  -35.890  -31.702  59.790 0.0000000000
49063  -35.227  -32.152  60.234 0.0000000000
49062  -34.602  -32.584  59.727 0.0000000000
48074  -34.019  -33.309  60.227 0.0000000000
137685  -42.843  -26.190  46.548 0.0000000000
55351  -45.657  -26.460  47.807 0.0000000000
56343  -45.261  -25.694  47.157 0.0000000000
56356  -45.802  -25.100  46.704 0.0000000000
56357  -46.514  -25.033  46.944 0.0000000000
57301  -47.640  -24.668  47.094 0.0000000000
54396  -48.682  -27.378  49.164 0.0000000000
55344  -49.395  -26.669  48.962 0.0000000000
56337  -49.262  -25.800  48.372 0.0000000000
55345  -50.856  -25.996  48.837 0.0000000000
56338  -50.244  -25.495  48.422 0.0000000000
56347  -48.791  -25.147  47.810 0.0000000000
57303  -49.232  -24.519  47.554 0.0000000000
58260  -48.853  -24.066  47.180 0.0000000000
58253  -49.752  -23.760  47.429 0.0000000000
58254  -50.764  -23.367  47.707 0.0000000000
141691  -51.276  -23.023  47.927 0.0000000000
129926  -51.493  -23.059  48.320 0.0000000000
60259  -52.274  -21.702  48.962 0.0000000000
146639  -52.774  -21.233  49.294 0.0000000000
51141  -45.267  -30.577  59.445 0.0000000000
50128  -45.343  -31.783  59.340 0.0000000000
51149  -45.904  -31.207  58.723 0.0000000000
125884  -47.333  -32.529  58.749 0.0000000000
49084  -47.966  -33.390  58.962 0.0000000000
49085  -48.935  -33.444  58.484 0.0000000000
47040  -48.182  -34.622  58.364 0.0000000000
47052  -48.063  -34.833  57.530 0.0000000000
48125  -47.334  -34.583  56.705 0.0000000000
51159  -50.891  -31.585  57.291 0.0000000000
49109  -50.657  -32.643  56.868 0.0000000000
49108  -50.223  -33.015  56.720 0.0000000000
50165  -49.287  -31.846  55.537 0.0000000000
49123  -48.858  -32.683  56.060 0.0000000000
49106  -48.411  -33.496  56.421 0.0000000000
49121  -46.806  -32.651  56.097 0.0000000000
49104  -46.026  -33.206  56.278 0.0000000000
49103  -44.955  -33.282  56.261 0.0000000000
49119  -44.337  -32.403  55.886 0.0000000000
51175  -42.836  -30.945  54.337 0.0000000000
50189  -42.218  -31.470  54.147 0.0000000000
50188  -41.721  -32.081  53.695 0.0000000000
50192  -41.270  -31.659  52.918 0.0000000000
49142  -41.046  -32.196  51.835 0.0000000000
49146  -40.632  -32.244  50.505 0.0000000000
49159  -41.320  -32.779  49.242 0.0000000000
50197  -39.836  -31.327  50.544 0.0000000000
51230  -39.719  -30.805  50.567 0.0000000000
52212  -40.730  -30.192  51.371 0.0000000000
51231  -40.135  -30.529  50.944 0.0000000000
51235  -39.236  -30.882  49.914 0.0000000000
52230  -39.729  -30.154  50.141 0.0000000000
52259  -39.397  -29.794  49.251 0.0000000000
52217  -45.071  -29.484  51.507 0.0000000000
125261  -43.968  -29.396  50.516 0.0000000000
52233  -43.404  -29.363  50.009 0.0000000000
52247  -41.790  -29.380  49.691 0.0000000000
127430  -41.100  -29.252  48.901 0.0000000000
52260  -40.069  -29.304  48.617 0.0000000000
53318  -40.876  -28.940  47.841 0.0000000000
53330  -41.642  -28.638  47.587 0.0000000000
150397  -43.513  -28.311  47.850 0.0000000000
129713  -42.046  -28.207  47.325 0.0000000000
54409  -41.776  -27.496  46.848 0.0000000000
55359  -42.344  -26.771  46.705 0.0000000000
69292  -62.991  -12.379  42.213 0.0000000000
70225  -63.218  -11.598  41.773 0.0000000000
70239  -62.752  -11.037  40.629 0.0000000000
70247  -62.252  -10.780  39.836 0.0000000000
72118  -63.735  -8.843  41.198 0.0000000000
71180  -63.495  -9.578  40.372 0.0000000000
71178  -62.142  -10.419  38.880 0.0000000000
71189  -62.079  -10.392  37.906 0.0000000000
71198  -62.223  -10.595  36.946 0.0000000000
129870  -29.307  -25.337  68.832 0.0000000000
56096  -29.220  -25.647  67.737 0.0000000000
56097  -30.230  -25.911  67.308 0.0000000000
128075  -30.944  -26.401  67.010 0.0000000000
55151  -31.093  -26.994  65.153 0.0000000000
53134  -31.563  -28.415  63.544 0.0000000000
53075  -32.416  -29.054  69.202 0.0000000000
52062  -32.054  -29.042  66.996 0.0000000000
52074  -32.478  -29.550  66.633 0.0000000000
53104  -31.688  -28.487  65.407 0.0000000000
53118  -31.658  -28.515  64.493 0.0000000000
140824  -31.762  -29.173  62.988 0.0000000000
51108  -31.822  -30.737  62.498 0.0000000000
50083  -31.722  -31.672  62.691 0.0000000000
49022  -31.515  -32.259  62.424 0.0000000000
135097  -31.349  -32.958  62.875 0.0000000000
143818  -31.099  -33.515  63.131 0.0000000000
48018  -31.024  -33.936  63.730 0.0000000000
48142  -35.128  -33.228  55.203 0.0000000000
56367  -42.475  -25.177  45.520 0.0000000000
57318  -42.912  -24.671  45.054 0.0000000000
57329  -42.648  -24.345  44.332 0.0000000000
57319  -44.667  -24.197  45.009 0.0000000000
58282  -43.667  -23.503  43.471 0.0000000000
58267  -47.344  -23.152  45.762 0.0000000000
146070  -46.751  -23.266  45.291 0.0000000000
58276  -46.367  -22.974  44.673 0.0000000000
59278  -46.728  -22.203  44.337 0.0000000000
59277  -45.978  -22.649  43.947 0.0000000000
59276  -45.238  -22.943  43.652 0.0000000000
140253  -51.184  -20.239  42.553 0.0000000000
126304  -52.306  -21.057  40.760 0.0000000000
61378  -52.408  -21.216  39.931 0.0000000000
60361  -52.859  -21.429  39.211 0.0000000000
60362  -54.323  -21.711  39.357 0.0000000000
48956  -37.823  -33.371  69.559 0.0000000000
48965  -37.608  -33.682  69.034 0.0000000000
47964  -38.109  -33.936  68.837 0.0000000000
47972  -38.279  -34.053  68.417 0.0000000000
47986  -39.535  -34.543  67.165 0.0000000000
47985  -39.125  -34.339  66.955 0.0000000000
131442  -38.841  -33.516  66.401 0.0000000000
49016  -39.487  -32.880  63.803 0.0000000000
49026  -39.452  -32.558  62.699 0.0000000000
46964  -42.126  -35.105  65.263 0.0000000000
46975  -41.617  -35.248  65.055 0.0000000000
46974  -41.075  -35.106  64.568 0.0000000000
47002  -41.773  -35.222  63.259 0.0000000000
46987  -41.188  -34.908  63.530 0.0000000000
48024  -40.572  -34.443  63.913 0.0000000000
49050  -38.829  -32.441  60.188 0.0000000000
145715  -40.021  -33.830  59.558 0.0000000000
48075  -39.067  -33.330  58.863 0.0000000000
125373  -37.124  -33.474  55.895 0.0000000000
49067  -45.719  -32.659  59.720 0.0000000000
48066  -46.203  -33.927  60.680 0.0000000000
45984  -45.910  -34.970  60.250 0.0000000000
46010  -46.647  -35.254  58.646 0.0000000000
45995  -45.957  -35.255  59.478 0.0000000000
125493  -45.421  -35.237  60.169 0.0000000000
125301  -44.099  -35.404  59.780 0.0000000000
45993  -43.355  -35.342  59.048 0.0000000000
138515  -42.564  -35.204  58.885 0.0000000000
47082  -44.175  -35.084  55.899 0.0000000000
46051  -43.696  -35.605  55.868 0.0000000000
46036  -43.853  -35.733  56.538 0.0000000000
144732  -42.360  -35.993  54.938 0.0000000000
46035  -43.157  -36.005  56.112 0.0000000000
131867  -42.403  -35.890  56.677 0.0000000000
145983  -42.390  -35.636  57.509 0.0000000000
46005  -41.990  -35.256  58.257 0.0000000000
46004  -41.203  -35.068  57.858 0.0000000000
47051  -40.518  -34.860  57.453 0.0000000000
47050  -39.851  -34.671  57.039 0.0000000000
143128  -39.552  -34.783  55.456 0.0000000000
47061  -39.714  -34.747  56.214 0.0000000000
47049  -39.300  -34.471  56.622 0.0000000000
48120  -38.122  -34.009  55.838 0.0000000000
47077  -37.554  -33.957  55.130 0.0000000000
139267  -37.588  -30.799  47.563 0.0000000000
55285  -54.366  -26.531  55.276 0.0000000000
55296  -54.479  -26.042  55.061 0.0000000000
56274  -54.547  -25.490  55.551 0.0000000000
58194  -54.666  -24.117  56.008 0.0000000000
59181  -54.522  -23.152  56.510 0.0000000000
55089  -26.404  -26.374  69.158 0.0000000000
56083  -26.806  -25.980  68.660 0.0000000000
56084  -27.483  -25.529  68.646 0.0000000000
56073  -27.731  -24.780  69.873 0.0000000000
136416  -29.811  -25.241  69.637 0.0000000000
56075  -30.347  -25.284  70.777 0.0000000000
135096  -31.325  -26.239  71.456 0.0000000000
54098  -31.860  -27.065  71.781 0.0000000000
54099  -32.380  -27.722  71.793 0.0000000000
52038  -33.359  -29.923  71.251 0.0000000000
51027  -33.885  -30.356  71.375 0.0000000000
49999  -34.724  -31.316  71.138 0.0000000000
50005  -35.270  -31.892  70.753 0.0000000000
50006  -35.965  -32.172  70.568 0.0000000000
50013  -36.734  -32.532  70.297 0.0000000000
51044  -37.257  -31.840  70.286 0.0000000000
50014  -37.496  -32.710  70.029 0.0000000000
48957  -38.537  -33.347  69.266 0.0000000000
50024  -39.760  -32.301  68.409 0.0000000000
140464  -40.754  -32.618  67.327 0.0000000000
50051  -42.056  -32.468  65.720 0.0000000000
51069  -41.751  -30.566  66.337 0.0000000000
148183  -42.793  -32.499  64.662 0.0000000000
50076  -43.095  -31.389  63.749 0.0000000000
127629  -43.380  -31.231  63.029 0.0000000000
52095  -44.004  -30.008  63.910 0.0000000000
51103  -43.493  -30.634  63.573 0.0000000000
51109  -43.681  -31.152  62.258 0.0000000000
51113  -44.225  -30.527  62.005 0.0000000000
148602  -44.443  -30.533  61.324 0.0000000000
52125  -44.952  -30.100  60.987 0.0000000000
52114  -45.801  -29.383  62.742 0.0000000000
52127  -46.149  -29.259  61.960 0.0000000000
128577  -45.722  -29.523  61.108 0.0000000000
52141  -45.368  -29.857  60.244 0.0000000000
52152  -45.734  -29.744  59.619 0.0000000000
52153  -46.277  -29.287  59.370 0.0000000000
53209  -47.525  -28.353  59.663 0.0000000000
53223  -47.663  -28.350  58.652 0.0000000000
52162  -47.185  -29.110  58.067 0.0000000000
53238  -47.916  -28.695  57.717 0.0000000000
53239  -48.661  -28.354  57.389 0.0000000000
53240  -49.342  -28.053  57.071 0.0000000000
55237  -50.029  -26.555  58.242 0.0000000000
54285  -49.596  -27.395  57.458 0.0000000000
53251  -50.066  -28.464  56.662 0.0000000000
54301  -50.632  -27.851  56.612 0.0000000000
54302  -51.638  -27.925  56.426 0.0000000000
54304  -53.469  -27.708  55.969 0.0000000000
54321  -53.729  -27.763  55.489 0.0000000000
54322  -54.074  -27.419  55.061 0.0000000000
150508  -54.072  -25.538  54.593 0.0000000000
57253  -53.389  -25.263  54.270 0.0000000000
58207  -52.883  -24.360  54.594 0.0000000000
60197  -53.460  -21.988  56.062 0.0000000000
147379  -52.799  -22.959  55.338 0.0000000000
141714  -52.343  -23.448  54.807 0.0000000000
58220  -51.811  -23.984  54.131 0.0000000000
58219  -51.102  -23.466  53.502 0.0000000000
59223  -50.950  -22.531  53.557 0.0000000000
134209  -52.519  -17.963  56.000 0.0000000000
63171  -52.395  -18.847  55.776 0.0000000000
64094  -52.006  -17.377  55.329 0.0000000000
63170  -51.884  -18.201  55.176 0.0000000000
62164  -52.147  -19.579  55.506 0.0000000000
148337  -51.475  -20.037  54.665 0.0000000000
60218  -50.926  -21.573  53.467 0.0000000000
59222  -50.740  -22.221  52.919 0.0000000000
60227  -50.916  -21.659  52.443 0.0000000000
60235  -51.485  -21.459  51.541 0.0000000000
61213  -52.139  -20.526  51.784 0.0000000000
60247  -52.712  -21.169  50.582 0.0000000000
60252  -53.299  -21.066  49.988 0.0000000000
65157  -53.735  -16.713  53.163 0.0000000000
62194  -54.153  -19.439  51.952 0.0000000000
62195  -55.105  -19.303  51.905 0.0000000000
61228  -54.345  -20.612  51.153 0.0000000000
147458  -54.110  -20.851  50.365 0.0000000000
61260  -53.283  -20.826  49.080 0.0000000000
61272  -53.830  -20.394  48.678 0.0000000000
62255  -53.665  -19.956  47.776 0.0000000000
62256  -54.474  -19.704  47.591 0.0000000000
148398  -55.392  -20.283  48.833 0.0000000000
62266  -53.929  -19.435  46.942 0.0000000000
125230  -54.258  -19.275  46.185 0.0000000000
62277  -54.793  -19.529  45.478 0.0000000000
62291  -54.477  -19.809  44.632 0.0000000000
132293  -58.075  -20.643  49.441 0.0000000000
61276  -57.851  -20.628  48.578 0.0000000000
61284  -56.995  -20.247  47.169 0.0000000000
61295  -57.878  -20.631  46.916 0.0000000000
62269  -56.375  -19.988  46.485 0.0000000000
62292  -55.411  -20.094  44.793 0.0000000000
61333  -54.700  -20.749  43.321 0.0000000000
61350  -54.843  -21.238  42.578 0.0000000000
60318  -54.586  -21.462  41.907 0.0000000000
141642  -56.512  -21.365  42.823 0.0000000000
60319  -55.953  -21.460  42.326 0.0000000000
60332  -54.814  -21.672  41.185 0.0000000000
129719  -54.902  -21.791  40.365 0.0000000000
60347  -54.802  -21.752  39.760 0.0000000000
60363  -54.806  -21.514  39.214 0.0000000000
148070  -61.296  -20.442  46.688 0.0000000000
61297  -60.983  -20.719  46.228 0.0000000000
61318  -60.425  -20.644  44.919 0.0000000000
65260  -62.293  -16.383  45.386 0.0000000000
64250  -62.119  -16.948  45.164 0.0000000000
64249  -61.853  -17.761  45.356 0.0000000000
63284  -60.937  -18.924  44.827 0.0000000000
62294  -60.713  -19.922  44.868 0.0000000000
62293  -59.982  -20.411  44.321 0.0000000000
145138  -59.340  -20.971  44.020 0.0000000000
62306  -58.805  -20.803  43.438 0.0000000000
61351  -57.768  -20.834  42.356 0.0000000000
61369  -57.231  -20.703  41.684 0.0000000000
61368  -56.638  -21.046  41.227 0.0000000000
61379  -55.784  -21.073  40.105 0.0000000000
61403  -54.755  -20.995  38.683 0.0000000000
61413  -54.362  -20.891  37.832 0.0000000000
145896  -54.332  -19.931  37.377 0.0000000000
62336  -54.682  -19.135  38.619 0.0000000000
139158  -54.459  -19.158  37.822 0.0000000000
150678  -54.319  -19.713  36.672 0.0000000000
61431  -54.340  -19.903  35.937 0.0000000000
61432  -54.841  -19.876  35.253 0.0000000000
64328  -55.115  -17.257  38.467 0.0000000000
65351  -55.562  -16.645  37.806 0.0000000000
64344  -54.920  -17.926  37.154 0.0000000000
63350  -55.318  -18.141  36.447 0.0000000000
68323  -60.190  -12.997  40.755 0.0000000000
69301  -60.081  -12.551  39.930 0.0000000000
68322  -59.441  -13.119  40.116 0.0000000000
68336  -58.359  -13.564  38.732 0.0000000000
67358  -58.161  -14.078  38.039 0.0000000000
66361  -58.100  -15.378  37.516 0.0000000000
69339  -59.918  -12.674  37.886 0.0000000000
67368  -59.821  -14.029  37.515 0.0000000000
68337  -59.350  -13.211  37.898 0.0000000000
51065  -26.953  -30.758  66.607 0.0000000000
50046  -26.768  -31.788  65.512 0.0000000000
49009  -26.394  -32.546  64.220 0.0000000000
50070  -26.768  -31.932  63.759 0.0000000000
125574  -25.266  -36.388  55.941 0.0000000000
47045  -25.605  -34.523  57.408 0.0000000000
46029  -25.425  -35.258  56.328 0.0000000000
56106  -28.615  -26.008  66.919 0.0000000000
54160  -28.203  -27.098  64.756 0.0000000000
55149  -29.069  -26.631  64.762 0.0000000000
54174  -28.261  -27.471  63.910 0.0000000000
144814  -27.901  -27.920  63.721 0.0000000000
53132  -27.874  -28.391  63.259 0.0000000000
127906  -27.850  -29.611  61.895 0.0000000000
51122  -27.875  -30.488  60.590 0.0000000000
53184  -31.019  -28.817  60.885 0.0000000000
53182  -30.022  -28.622  60.744 0.0000000000
52138  -29.552  -29.085  60.256 0.0000000000
51154  -29.956  -30.748  57.861 0.0000000000
51138  -29.458  -29.943  58.997 0.0000000000
52149  -29.080  -29.611  59.704 0.0000000000
51137  -28.560  -30.363  59.156 0.0000000000
51136  -27.859  -30.769  59.883 0.0000000000
50131  -27.769  -31.180  59.056 0.0000000000
49088  -27.130  -32.634  56.866 0.0000000000
48136  -26.813  -33.592  55.739 0.0000000000
47088  -27.442  -34.427  54.394 0.0000000000
46058  -27.134  -35.032  53.950 0.0000000000
140140  -29.596  -37.501  57.462 0.0000000000
50029  -36.601  -31.461  67.561 0.0000000000
50049  -37.771  -31.586  66.048 0.0000000000
50037  -37.221  -31.426  66.728 0.0000000000
51080  -36.457  -30.796  66.330 0.0000000000
51079  -35.583  -30.587  65.760 0.0000000000
51092  -35.262  -30.713  64.830 0.0000000000
50086  -37.500  -30.988  62.924 0.0000000000
50085  -36.641  -30.954  63.150 0.0000000000
50073  -36.096  -30.925  63.686 0.0000000000
142575  -35.391  -31.309  63.658 0.0000000000
50060  -34.828  -31.268  64.117 0.0000000000
48007  -32.844  -33.245  63.860 0.0000000000
48005  -31.521  -34.000  64.254 0.0000000000
46970  -30.950  -34.493  64.359 0.0000000000
49091  -34.746  -32.677  56.917 0.0000000000
48103  -34.089  -33.005  57.343 0.0000000000
48116  -33.736  -33.581  56.897 0.0000000000
144217  -33.812  -33.492  58.792 0.0000000000
48073  -33.662  -33.888  59.333 0.0000000000
48062  -33.561  -34.158  60.275 0.0000000000
46003  -33.398  -35.409  59.066 0.0000000000
47027  -33.396  -34.759  59.627 0.0000000000
139423  -33.361  -34.398  61.131 0.0000000000
47010  -32.965  -34.753  61.982 0.0000000000
46972  -31.856  -34.786  64.830 0.0000000000
45948  -30.572  -35.109  64.008 0.0000000000
45019  -30.399  -35.967  63.845 0.0000000000
45051  -25.247  -35.867  56.324 0.0000000000
45936  -31.305  -35.102  65.138 0.0000000000
45950  -42.906  -35.387  63.645 0.0000000000
45951  -43.501  -35.275  63.191 0.0000000000
45960  -42.372  -35.402  63.078 0.0000000000
45970  -43.063  -35.359  61.479 0.0000000000
45982  -43.769  -35.374  60.814 0.0000000000
46008  -45.122  -35.582  58.309 0.0000000000
46011  -47.323  -34.828  58.852 0.0000000000
46021  -43.223  -35.838  57.123 0.0000000000
46024  -46.100  -35.495  57.495 0.0000000000
46025  -46.795  -35.396  57.817 0.0000000000
46037  -45.029  -35.392  56.658 0.0000000000
46052  -44.340  -35.445  56.325 0.0000000000
46064  -41.930  -35.866  54.451 0.0000000000
46068  -26.898  -35.704  53.638 0.0000000000
46946  -39.997  -34.638  67.124 0.0000000000
46954  -40.550  -34.762  66.572 0.0000000000
46955  -41.078  -34.717  66.454 0.0000000000
46963  -41.324  -35.053  65.786 0.0000000000
46977  -43.534  -34.767  64.097 0.0000000000
47003  -44.153  -34.983  62.969 0.0000000000
47022  -45.784  -34.549  60.884 0.0000000000
47023  -46.389  -34.472  60.179 0.0000000000
47048  -33.524  -34.216  57.408 0.0000000000
47053  -48.762  -34.470  57.785 0.0000000000
47056  -26.277  -33.916  56.234 0.0000000000
47060  -38.950  -34.491  55.849 0.0000000000
47066  -47.393  -35.044  57.018 0.0000000000
47067  -48.819  -34.367  57.278 0.0000000000
47072  -25.715  -34.932  55.760 0.0000000000
47074  -27.057  -33.941  54.970 0.0000000000
47080  -43.096  -35.154  54.787 0.0000000000
47087  -26.679  -34.627  54.613 0.0000000000
47170  -43.635  -34.257  49.326 0.0000000000
47958  -37.710  -33.628  69.243 0.0000000000
47959  -38.557  -33.939  68.810 0.0000000000
47966  -39.196  -34.120  68.306 0.0000000000
47976  -40.633  -34.114  67.219 0.0000000000
47987  -41.130  -34.194  66.773 0.0000000000
48010  -43.369  -34.274  64.547 0.0000000000
48017  -25.970  -33.273  63.859 0.0000000000
48025  -44.041  -34.565  63.514 0.0000000000
48048  -31.174  -33.034  61.416 0.0000000000
48053  -45.107  -34.117  62.069 0.0000000000
48060  -26.217  -33.194  61.037 0.0000000000
48067  -46.798  -34.100  60.002 0.0000000000
48076  -39.689  -33.741  59.073 0.0000000000
48078  -46.211  -33.360  60.187 0.0000000000
48089  -33.988  -33.068  58.273 0.0000000000
48093  -48.288  -34.022  58.815 0.0000000000
48094  -48.970  -34.141  58.248 0.0000000000
48119  -36.442  -32.941  56.346 0.0000000000
48137  -27.532  -33.376  55.398 0.0000000000
48184  -43.199  -33.921  50.847 0.0000000000
48954  -36.309  -32.864  69.957 0.0000000000
49053  -44.843  -32.731  60.934 0.0000000000
49061  -31.326  -32.079  59.710 0.0000000000
49068  -47.127  -33.281  59.363 0.0000000000
49077  -31.102  -31.737  58.679 0.0000000000
49086  -49.792  -33.130  58.107 0.0000000000
49090  -30.439  -32.728  57.395 0.0000000000
49095  -50.309  -32.889  57.579 0.0000000000
49096  -50.609  -32.675  57.180 0.0000000000
49098  -27.797  -32.334  56.468 0.0000000000
49100  -29.233  -32.173  56.356 0.0000000000
49101  -29.946  -32.384  56.689 0.0000000000
49107  -49.465  -33.424  56.640 0.0000000000
49118  -43.521  -32.897  55.731 0.0000000000
49125  -50.490  -32.457  56.340 0.0000000000
50003  -34.165  -31.147  70.658 0.0000000000
50062  -37.584  -31.028  65.195 0.0000000000
50071  -27.158  -31.078  64.066 0.0000000000
50081  -26.888  -31.996  62.020 0.0000000000
50095  -27.270  -31.283  61.655 0.0000000000
50114  -38.326  -31.801  60.573 0.0000000000
50140  -50.044  -32.394  57.928 0.0000000000
50143  -29.453  -31.199  57.343 0.0000000000
50144  -30.129  -31.349  57.448 0.0000000000
50147  -50.593  -32.335  57.435 0.0000000000
50148  -50.881  -32.264  57.008 0.0000000000
50150  -28.289  -31.750  56.861 0.0000000000
50155  -51.199  -31.552  56.196 0.0000000000
50163  -46.917  -31.791  55.652 0.0000000000
50176  -43.509  -31.151  54.849 0.0000000000
50195  -40.571  -31.356  51.740 0.0000000000
51028  -34.315  -30.704  71.301 0.0000000000
51043  -33.655  -30.650  70.147 0.0000000000
51074  -26.978  -31.164  65.878 0.0000000000
51123  -28.354  -30.039  60.111 0.0000000000
51124  -31.452  -29.925  60.413 0.0000000000
51139  -30.760  -30.081  59.183 0.0000000000
51140  -44.696  -31.352  59.915 0.0000000000
51147  -29.742  -30.337  58.426 0.0000000000
51150  -46.550  -30.577  58.330 0.0000000000
51156  -47.840  -30.439  57.710 0.0000000000
51162  -51.394  -31.017  56.855 0.0000000000
51164  -52.020  -30.442  56.007 0.0000000000
51170  -52.025  -30.284  55.512 0.0000000000
51179  -46.071  -30.517  54.532 0.0000000000
51183  -51.372  -30.328  54.673 0.0000000000
51195  -42.904  -30.461  53.752 0.0000000000
51200  -49.540  -30.166  53.495 0.0000000000
51202  -50.419  -29.934  53.363 0.0000000000
51240  -37.874  -30.322  47.844 0.0000000000
52072  -27.064  -29.827  66.314 0.0000000000
52112  -31.690  -29.533  62.030 0.0000000000
52123  -28.464  -29.018  61.343 0.0000000000
52139  -30.227  -29.083  60.168 0.0000000000
52150  -29.848  -29.452  59.564 0.0000000000
52168  -49.669  -29.914  57.180 0.0000000000
52176  -52.451  -29.733  55.548 0.0000000000
52187  -46.506  -29.761  52.993 0.0000000000
52197  -43.437  -29.661  52.360 0.0000000000
52205  -51.963  -29.021  52.662 0.0000000000
52213  -41.486  -29.891  51.697 0.0000000000
52220  -48.529  -29.581  51.173 0.0000000000
52237  -48.814  -29.460  50.642 0.0000000000
52240  -51.030  -28.800  50.805 0.0000000000
52245  -39.128  -30.375  49.534 0.0000000000
53147  -28.288  -28.279  62.613 0.0000000000
53167  -30.595  -28.435  61.270 0.0000000000
53183  -30.557  -28.818  60.664 0.0000000000
53266  -53.019  -29.025  55.564 0.0000000000
53290  -52.932  -28.763  53.803 0.0000000000
53291  -52.998  -28.206  52.996 0.0000000000
53307  -45.418  -29.022  48.912 0.0000000000
53329  -39.278  -29.034  47.449 0.0000000000
53331  -42.816  -28.366  47.656 0.0000000000
54175  -28.860  -27.010  64.083 0.0000000000
54192  -31.326  -27.703  63.960 0.0000000000
54206  -28.849  -27.722  62.691 0.0000000000
54207  -29.718  -27.745  62.322 0.0000000000
54208  -30.635  -27.733  62.621 0.0000000000
54271  -49.473  -27.004  58.288 0.0000000000
54335  -54.180  -26.776  54.627 0.0000000000
54366  -53.113  -27.673  52.736 0.0000000000
54377  -52.955  -27.291  52.237 0.0000000000
54381  -52.043  -27.778  50.722 0.0000000000
54387  -51.382  -27.876  50.134 0.0000000000
54388  -52.182  -27.114  50.309 0.0000000000
55251  -49.932  -26.883  57.740 0.0000000000
55343  -48.543  -26.508  48.651 0.0000000000
55346  -51.539  -25.743  49.129 0.0000000000
55356  -39.672  -26.819  45.761 0.0000000000
56286  -54.227  -26.072  54.550 0.0000000000
56287  -54.405  -25.470  55.060 0.0000000000
56331  -52.304  -26.078  50.309 0.0000000000
56344  -46.153  -25.584  47.343 0.0000000000
56352  -42.120  -25.898  46.109 0.0000000000
57237  -54.036  -24.778  54.999 0.0000000000
57267  -50.627  -23.335  51.965 0.0000000000
57284  -51.066  -24.739  51.335 0.0000000000
57293  -51.745  -24.714  49.288 0.0000000000
57297  -51.152  -24.640  48.444 0.0000000000
57300  -47.007  -24.749  46.865 0.0000000000
57305  -51.374  -24.202  48.506 0.0000000000
57330  -43.367  -24.322  44.663 0.0000000000
58206  -51.482  -23.031  54.262 0.0000000000
59194  -53.742  -22.795  55.872 0.0000000000
60186  -54.611  -22.194  56.933 0.0000000000
60210  -51.287  -21.138  54.404 0.0000000000
60254  -60.117  -20.929  48.697 0.0000000000
60261  -60.408  -21.042  48.022 0.0000000000
60269  -60.041  -21.177  47.641 0.0000000000
60285  -59.359  -21.200  46.227 0.0000000000
60299  -59.554  -21.249  44.979 0.0000000000
61172  -54.420  -21.373  56.901 0.0000000000
61267  -59.685  -20.718  49.428 0.0000000000
62211  -57.779  -19.657  51.638 0.0000000000
62213  -59.337  -19.518  51.161 0.0000000000
62245  -54.981  -19.972  48.244 0.0000000000
62257  -55.252  -19.683  47.485 0.0000000000
62319  -56.762  -20.235  41.097 0.0000000000
63180  -51.547  -18.398  54.327 0.0000000000
63192  -51.738  -19.182  52.835 0.0000000000
63285  -61.445  -18.546  45.240 0.0000000000
63360  -54.942  -18.700  36.177 0.0000000000
64283  -58.315  -17.930  42.814 0.0000000000
64336  -55.195  -17.332  37.556 0.0000000000
65127  -52.098  -16.651  55.391 0.0000000000
65158  -54.786  -16.944  53.099 0.0000000000
65249  -62.124  -16.939  46.615 0.0000000000
65250  -62.317  -16.490  46.091 0.0000000000
65302  -57.682  -16.725  42.162 0.0000000000
65332  -56.411  -16.053  40.203 0.0000000000
65346  -56.059  -15.925  37.960 0.0000000000
66346  -57.016  -14.925  39.761 0.0000000000
68297  -60.003  -13.950  41.676 0.0000000000
68332  -58.805  -13.305  39.447 0.0000000000
124739  -44.226  -23.646  44.019 0.0000000000
124944  -26.379  -28.772  68.786 0.0000000000
125013  -25.512  -35.618  55.612 0.0000000000
126673  -58.271  -20.558  50.141 0.0000000000
126728  -51.494  -29.497  53.191 0.0000000000
127517  -25.353  -35.033  56.961 0.0000000000
128025  -46.444  -33.082  59.672 0.0000000000
128151  -41.136  -35.207  52.266 0.0000000000
128316  -45.978  -29.517  51.644 0.0000000000
128437  -48.249  -32.720  58.630 0.0000000000
129588  -29.528  -36.805  57.668 0.0000000000
130394  -52.537  -29.425  54.404 0.0000000000
132477  -40.004  -25.395  44.617 0.0000000000
133096  -26.590  -32.829  59.255 0.0000000000
133097  -42.513  -35.310  62.176 0.0000000000
136922  -26.671  -30.129  67.988 0.0000000000
139062  -43.336  -28.776  48.117 0.0000000000
139289  -33.249  -30.166  70.955 0.0000000000
140404  -26.191  -33.456  59.326 0.0000000000
141942  -44.069  -27.923  47.855 0.0000000000
142118  -26.380  -32.630  62.886 0.0000000000
142285  -42.747  -34.713  65.054 0.0000000000
143300  -40.772  -26.585  46.107 0.0000000000
143426  -31.883  -30.048  62.897 0.0000000000
143532  -51.145  -31.077  55.409 0.0000000000
144007  -53.082  -26.819  52.475 0.0000000000
144517  -59.222  -21.148  44.377 0.0000000000
144704  -27.122  -32.399  57.615 0.0000000000
145032  -54.521  -26.007  55.386 0.0000000000
145182  -49.910  -27.768  56.892 0.0000000000
145385  -48.041  -34.161  56.654 0.0000000000
145577  -36.109  -32.703  69.641 0.0000000000
145971  -40.691  -34.960  66.190 0.0000000000
146441  -29.530  -26.773  64.257 0.0000000000
146632  -27.436  -31.430  59.825 0.0000000000
146800  -45.718  -35.560  57.937 0.0000000000
147309  -54.065  -20.772  56.776 0.0000000000
147419  -51.800  -20.986  51.668 0.0000000000
148997  -26.477  -28.821  68.074 0.0000000000
149008  -39.768  -34.570  65.956 0.0000000000
149136  -53.025  -28.987  54.444 0.0000000000
149624  -53.965  -27.363  54.546 0.0000000000
149914  -56.338  -19.640  51.655 0.0000000000
150197  -39.440  -34.813  54.956 0.0000000000
