#!ascii label  , from subject sub-v1s4x0050691_ses-1 vox2ras=TkReg
591
18856  -23.859  -64.630  -12.377 0.6999999881
135698  -23.159  -64.250  -13.038 0.6000000238
18863  -22.354  -63.813  -13.579 0.6000000238
19786  -22.236  -63.629  -14.749 0.4000000060
18812  -26.748  -64.342  -7.008 0.6999999881
19722  -27.272  -63.480  -7.468 0.6999999881
19721  -26.399  -64.120  -7.775 0.6999999881
19737  -26.972  -63.288  -8.165 0.6000000238
18811  -26.081  -65.038  -7.521 0.6999999881
19736  -26.086  -63.764  -8.430 0.6000000238
18822  -25.687  -64.697  -8.219 0.6000000238
19750  -25.686  -63.351  -9.032 0.6000000238
128353  -25.417  -65.541  -8.828 0.6000000238
19735  -25.246  -64.312  -8.756 0.6000000238
20736  -24.744  -62.343  -10.161 0.5000000000
19748  -24.101  -64.340  -9.755 0.5000000000
20735  -23.809  -62.789  -10.298 0.5000000000
19758  -23.160  -63.870  -10.882 0.6000000238
18849  -23.390  -64.318  -11.181 0.6000000238
19757  -22.526  -63.235  -11.224 0.6000000238
19767  -22.170  -63.229  -11.903 0.6000000238
19776  -22.197  -63.403  -12.725 0.6000000238
20693  -27.609  -62.823  -7.831 0.6000000238
20707  -27.365  -62.476  -8.392 0.6000000238
20722  -26.954  -62.053  -9.022 0.6000000238
20706  -26.565  -62.894  -8.742 0.6000000238
21756  -25.900  -61.070  -10.117 0.6000000238
21732  -25.633  -61.965  -9.935 0.6000000238
20720  -25.225  -62.860  -9.606 0.6000000238
128740  -24.603  -60.926  -10.512 0.6000000238
21754  -24.120  -61.726  -10.504 0.6000000238
19759  -23.604  -63.781  -10.258 0.6000000238
21753  -23.077  -61.482  -10.627 0.6999999881
21752  -21.995  -61.424  -10.855 0.6000000238
20732  -21.635  -61.994  -11.344 0.6000000238
130040  -21.833  -62.961  -13.331 0.5000000000
20781  -21.998  -63.023  -14.109 0.5000000000
19723  -28.052  -62.762  -7.151 0.6000000238
20708  -28.104  -62.086  -7.848 0.6000000238
22809  -27.450  -60.460  -9.334 0.6000000238
22808  -26.740  -60.582  -9.781 0.6000000238
21733  -26.466  -61.566  -9.598 0.6000000238
23885  -26.110  -59.510  -10.301 0.6000000238
23884  -25.333  -59.580  -10.474 0.6000000238
22834  -25.261  -60.561  -10.431 0.6000000238
21755  -25.085  -61.441  -10.341 0.6000000238
22833  -23.898  -60.788  -10.570 0.6999999881
21768  -21.185  -61.512  -11.707 0.6000000238
21779  -21.168  -61.659  -12.228 0.6000000238
21808  -22.207  -62.262  -14.003 0.4000000060
21705  -28.745  -61.460  -7.318 0.6000000238
149799  -28.427  -62.116  -7.243 0.6000000238
22788  -27.889  -60.798  -8.826 0.6000000238
23872  -26.582  -59.801  -10.049 0.6000000238
138327  -25.911  -58.848  -10.392 0.5000000000
24866  -25.099  -58.613  -10.521 0.6000000238
24852  -23.574  -58.811  -10.522 0.6999999881
23870  -21.506  -59.320  -10.579 0.6000000238
125027  -22.593  -60.885  -10.656 0.6000000238
22831  -22.002  -60.682  -10.696 0.6000000238
22830  -21.407  -60.765  -10.950 0.6000000238
22847  -20.768  -60.287  -11.502 0.6000000238
22859  -21.112  -60.349  -12.369 0.6000000238
21793  -21.404  -61.693  -12.838 0.6000000238
22870  -22.291  -60.747  -13.327 0.4000000060
21794  -21.905  -61.593  -13.410 0.5000000000
21690  -28.982  -61.774  -5.836 0.5000000000
22773  -28.902  -60.626  -7.740 0.6000000238
22789  -28.471  -60.308  -8.423 0.6000000238
22810  -27.946  -59.983  -9.054 0.6000000238
23873  -27.268  -59.690  -9.648 0.5000000000
24855  -27.382  -58.645  -9.751 0.5000000000
24854  -26.655  -59.100  -10.127 0.5000000000
25851  -25.068  -57.787  -10.519 0.6000000238
25837  -24.383  -57.327  -10.498 0.6000000238
24853  -24.220  -58.203  -10.531 0.6999999881
24851  -22.798  -58.289  -10.439 0.6999999881
23882  -23.598  -59.838  -10.557 0.6999999881
24850  -21.708  -58.005  -10.400 0.6000000238
142694  -22.107  -59.506  -10.516 0.6999999881
24849  -21.095  -58.670  -10.590 0.6000000238
145003  -20.629  -58.273  -10.775 0.6000000238
23869  -20.900  -59.497  -10.797 0.6000000238
23880  -20.656  -59.677  -11.117 0.6000000238
24883  -20.575  -59.033  -11.612 0.6000000238
22860  -21.821  -60.185  -12.814 0.5000000000
23924  -22.706  -59.928  -13.140 0.4000000060
146027  -29.340  -60.098  -7.312 0.6000000238
22774  -29.043  -59.850  -8.009 0.6000000238
23852  -28.543  -59.390  -8.669 0.5000000000
23874  -27.898  -59.243  -9.275 0.6000000238
25853  -26.802  -57.368  -10.212 0.5000000000
24868  -26.529  -58.194  -10.246 0.6000000238
26845  -26.384  -56.793  -10.375 0.5000000000
24867  -25.698  -58.161  -10.447 0.6000000238
26844  -25.689  -56.563  -10.464 0.5000000000
25838  -25.107  -57.032  -10.491 0.5000000000
136624  -23.224  -55.979  -10.265 0.5000000000
25836  -23.444  -57.550  -10.441 0.6000000238
27864  -22.458  -55.295  -10.005 0.5000000000
132843  -22.834  -56.721  -10.302 0.5000000000
25835  -22.335  -57.385  -10.333 0.6000000238
132113  -21.405  -55.407  -10.009 0.4000000060
27863  -21.055  -54.626  -9.970 0.4000000060
26843  -20.616  -56.442  -10.700 0.5000000000
25833  -20.696  -57.065  -10.629 0.6000000238
27893  -20.855  -55.185  -10.865 0.5000000000
26857  -20.443  -56.645  -10.934 0.6000000238
27892  -20.616  -56.139  -11.069 0.5000000000
133614  -20.525  -58.251  -11.406 0.6000000238
23909  -22.163  -59.393  -12.722 0.5000000000
26870  -20.595  -56.995  -11.240 0.6000000238
140440  -20.854  -58.072  -11.763 0.6000000238
24896  -21.623  -58.908  -12.411 0.6000000238
23835  -29.481  -59.358  -7.552 0.5000000000
24856  -28.250  -58.509  -9.166 0.5000000000
133983  -27.749  -57.985  -9.598 0.5000000000
26846  -27.073  -56.645  -10.209 0.4000000060
27867  -25.343  -55.790  -10.451 0.4000000060
26828  -25.016  -56.405  -10.485 0.5000000000
27866  -24.348  -55.960  -10.399 0.5000000000
28805  -24.024  -54.340  -10.147 0.5000000000
30645  -21.198  -52.565  -9.904 0.4000000060
28795  -21.690  -54.030  -9.741 0.4000000060
29747  -21.147  -53.096  -10.003 0.4000000060
29758  -21.156  -53.228  -10.260 0.5000000000
27877  -20.926  -54.974  -10.438 0.5000000000
29759  -21.582  -53.181  -10.919 0.5000000000
28826  -21.164  -54.437  -11.013 0.5000000000
28827  -22.009  -53.976  -11.312 0.5000000000
146317  -22.879  -56.688  -12.243 0.5000000000
25880  -23.123  -57.325  -12.453 0.5000000000
26871  -21.292  -56.626  -11.598 0.6000000238
137348  -21.581  -58.122  -12.213 0.5000000000
139796  -24.719  -55.032  -10.350 0.4000000060
29734  -23.476  -53.773  -9.842 0.5000000000
29723  -22.259  -52.842  -9.473 0.5000000000
31624  -21.400  -51.984  -10.226 0.4000000060
136091  -22.592  -53.105  -11.388 0.5000000000
134090  -23.143  -56.055  -12.175 0.5000000000
26873  -23.627  -56.659  -12.426 0.3000000119
30674  -23.076  -52.239  -11.417 0.5000000000
29772  -23.223  -53.852  -11.695 0.5000000000
27908  -22.526  -55.499  -11.819 0.5000000000
142796  -23.437  -52.961  -9.649 0.4000000060
29722  -21.766  -52.750  -9.334 0.4000000060
133376  -22.041  -51.860  -9.226 0.4000000060
32570  -21.530  -50.446  -10.043 0.4000000060
31625  -21.331  -50.999  -9.879 0.4000000060
32571  -22.844  -50.563  -10.888 0.4000000060
143195  -23.422  -49.910  -10.989 0.4000000060
147660  -23.569  -50.894  -11.330 0.5000000000
28846  -24.970  -53.938  -12.261 0.4000000060
139594  -23.978  -55.934  -12.362 0.4000000060
29760  -23.698  -53.039  -11.729 0.5000000000
28845  -23.777  -54.545  -11.972 0.5000000000
147671  -23.677  -51.771  -11.542 0.5000000000
125991  -24.167  -53.813  -11.959 0.5000000000
34566  -23.379  -49.206  -10.751 0.4000000060
33564  -24.138  -49.645  -11.250 0.4000000060
30685  -26.005  -52.647  -12.398 0.4000000060
29773  -24.661  -53.105  -12.022 0.5000000000
134766  -24.140  -51.276  -11.605 0.5000000000
145731  -24.257  -52.200  -11.797 0.5000000000
34567  -24.544  -49.007  -11.248 0.4000000060
31643  -25.866  -51.826  -12.284 0.4000000060
145364  -26.593  -52.157  -12.463 0.3000000119
33565  -25.029  -49.793  -11.575 0.5000000000
32573  -24.973  -50.719  -11.796 0.5000000000
30684  -25.226  -52.423  -12.168 0.5000000000
35533  -24.938  -48.149  -11.116 0.4000000060
32582  -27.119  -50.335  -12.300 0.3000000119
32583  -28.021  -50.289  -12.363 0.3000000119
34568  -25.612  -48.854  -11.571 0.4000000060
32580  -25.749  -50.992  -12.101 0.5000000000
137533  -26.513  -48.289  -11.686 0.4000000060
33566  -25.961  -49.659  -11.867 0.5000000000
33575  -26.721  -49.635  -12.090 0.5000000000
35534  -25.552  -47.572  -11.189 0.4000000060
33577  -28.411  -49.470  -12.329 0.3000000119
33578  -29.356  -49.450  -12.399 0.3000000119
140433  -25.788  -48.065  -11.423 0.4000000060
34578  -27.906  -48.642  -12.161 0.4000000060
34577  -27.058  -48.900  -11.981 0.4000000060
36468  -26.351  -45.908  -11.046 0.5000000000
34579  -28.828  -48.666  -12.308 0.3000000119
34580  -29.747  -48.566  -12.424 0.4000000060
34581  -30.655  -48.477  -12.666 0.4000000060
33579  -30.281  -49.372  -12.533 0.4000000060
150495  -27.362  -46.562  -11.633 0.4000000060
138757  -28.482  -48.009  -12.188 0.5000000000
35547  -29.210  -47.838  -12.344 0.4000000060
35537  -27.923  -46.843  -11.865 0.5000000000
34569  -27.298  -48.201  -11.892 0.5000000000
35546  -28.680  -47.151  -12.167 0.5000000000
137540  -29.478  -47.063  -12.421 0.4000000060
138609  -30.784  -46.816  -12.863 0.4000000060
35549  -31.084  -47.568  -12.938 0.4000000060
35558  -32.687  -47.565  -13.815 0.3000000119
128954  -27.186  -45.874  -11.440 0.5000000000
36477  -27.887  -45.984  -11.794 0.5000000000
36488  -32.528  -46.193  -12.909 0.4000000060
36489  -33.228  -46.366  -12.575 0.3000000119
38432  -27.764  -44.617  -11.294 0.5000000000
37466  -31.166  -45.583  -12.513 0.4000000060
36486  -30.970  -46.127  -12.887 0.4000000060
36496  -31.518  -46.704  -13.135 0.4000000060
36498  -33.066  -46.618  -13.303 0.4000000060
35550  -33.719  -47.003  -13.240 0.3000000119
37452  -27.809  -45.193  -11.605 0.5000000000
36478  -28.568  -46.205  -12.082 0.5000000000
36485  -30.112  -46.435  -12.652 0.5000000000
37453  -28.502  -45.391  -11.961 0.5000000000
143479  -32.692  -45.900  -12.221 0.4000000060
36479  -33.648  -46.240  -11.743 0.4000000060
38417  -28.117  -44.199  -11.030 0.5000000000
35551  -34.420  -47.434  -12.493 0.3000000119
38433  -28.521  -44.717  -11.630 0.5000000000
38434  -29.385  -44.739  -11.783 0.5000000000
141946  -30.932  -45.106  -11.960 0.5000000000
37465  -30.493  -45.263  -12.263 0.5000000000
37464  -29.776  -45.207  -12.259 0.5000000000
37457  -34.065  -45.905  -11.035 0.4000000060
39328  -28.523  -43.847  -10.437 0.5000000000
38420  -31.353  -44.596  -10.634 0.5000000000
35525  -35.230  -46.884  -10.786 0.3000000119
35538  -34.749  -47.278  -11.542 0.3000000119
39329  -29.563  -44.058  -10.315 0.5000000000
38419  -30.493  -44.372  -10.532 0.5000000000
125539  -29.870  -44.517  -11.210 0.5000000000
141897  -23.353  -64.269  -11.974 0.6000000238
18872  -22.269  -64.036  -14.595 0.5000000000
19749  -24.783  -63.849  -9.285 0.6000000238
23883  -24.393  -59.179  -10.549 0.6999999881
22858  -20.719  -60.371  -11.992 0.6000000238
142496  -23.531  -58.210  -10.488 0.6999999881
24895  -20.883  -58.806  -11.995 0.6000000238
26827  -21.256  -56.177  -10.202 0.5000000000
139802  -20.469  -58.822  -11.165 0.6000000238
27865  -23.615  -55.166  -10.217 0.5000000000
141939  -22.788  -54.422  -9.855 0.5000000000
142248  -21.923  -56.656  -10.224 0.4000000060
27907  -21.452  -55.746  -11.470 0.5000000000
25879  -22.114  -57.184  -12.129 0.5000000000
134128  -21.899  -51.206  -10.503 0.4000000060
31633  -22.226  -51.834  -10.922 0.5000000000
31591  -21.515  -51.732  -9.473 0.4000000060
33576  -27.521  -49.536  -12.231 0.4000000060
35548  -30.166  -47.541  -12.578 0.4000000060
35557  -31.892  -47.512  -13.360 0.3000000119
38418  -28.978  -44.300  -11.156 0.5000000000
127492  -30.718  -44.728  -11.318 0.5000000000
146939  -26.338  -73.838  -7.320 0.5000000000
136138  -27.336  -72.987  -9.180 0.5000000000
150406  -26.962  -72.974  -8.392 0.5000000000
12934  -27.610  -71.937  -11.129 0.5000000000
12074  -27.870  -73.059  -9.827 0.5000000000
12073  -27.412  -72.306  -9.786 0.4000000060
12032  -27.013  -72.347  -7.936 0.5000000000
12912  -27.310  -71.544  -9.643 0.6000000238
12933  -27.365  -71.786  -10.513 0.5000000000
136468  -27.233  -71.105  -10.383 0.5000000000
13834  -26.688  -70.515  -13.994 0.4000000060
13698  -27.628  -70.631  -6.206 0.6999999881
144229  -27.155  -71.249  -5.910 0.6999999881
13722  -27.804  -70.624  -7.819 0.6999999881
13744  -27.469  -70.703  -9.451 0.5000000000
13733  -27.447  -71.113  -8.691 0.6999999881
14598  -26.737  -70.348  -12.517 0.5000000000
13762  -27.133  -70.648  -11.004 0.5000000000
15457  -26.543  -69.740  -14.025 0.5000000000
128263  -26.703  -70.713  -13.249 0.5000000000
126759  -26.257  -70.056  -4.306 0.5000000000
12838  -26.368  -70.834  -4.742 0.6999999881
149386  -27.518  -69.691  -5.053 0.6999999881
13678  -27.111  -70.736  -5.342 0.6999999881
14525  -28.117  -69.744  -6.111 0.6999999881
13721  -27.674  -70.888  -7.095 0.6000000238
14569  -28.096  -69.442  -9.708 0.6999999881
13734  -27.890  -70.257  -8.623 0.6000000238
15444  -27.042  -69.401  -12.601 0.5000000000
15432  -27.400  -69.236  -11.815 0.6000000238
141791  -27.693  -69.204  -11.049 0.6000000238
127094  -26.598  -70.121  -13.290 0.5000000000
16371  -25.524  -68.423  -16.250 0.5000000000
14472  -26.766  -69.318  -4.284 0.5000000000
14493  -27.449  -69.265  -4.802 0.6999999881
14526  -28.565  -69.215  -6.887 0.6999999881
146452  -28.807  -68.435  -7.254 0.6999999881
15357  -28.395  -68.904  -5.945 0.6999999881
14556  -28.442  -69.344  -8.708 0.8000000119
15396  -28.877  -68.491  -8.453 0.6999999881
15433  -28.330  -68.343  -11.098 0.6000000238
15421  -28.725  -68.132  -10.184 0.6999999881
16345  -27.834  -67.792  -12.956 0.6999999881
15445  -27.930  -68.304  -12.201 0.6000000238
16362  -26.228  -67.948  -15.259 0.6000000238
16355  -27.205  -68.268  -13.849 0.6000000238
17183  -25.177  -67.456  -15.635 0.6000000238
15321  -25.488  -68.598  -3.569 0.5000000000
16244  -26.947  -67.787  -4.176 0.6000000238
14471  -25.906  -69.344  -3.882 0.5000000000
15342  -27.243  -68.534  -4.460 0.6000000238
15343  -27.921  -68.517  -5.227 0.6999999881
16281  -28.751  -67.771  -7.149 0.6999999881
16269  -28.393  -67.648  -6.355 0.6000000238
15382  -28.990  -68.080  -7.852 0.6999999881
133565  -28.730  -67.362  -7.884 0.6999999881
15410  -28.725  -68.508  -9.363 0.6999999881
17152  -26.994  -66.520  -13.888 0.6999999881
17166  -26.279  -66.904  -14.658 0.6999999881
144564  -25.828  -67.960  -3.537 0.5000000000
17043  -27.057  -67.128  -4.507 0.6000000238
16245  -27.531  -67.761  -4.816 0.6000000238
16257  -28.022  -67.674  -5.568 0.6000000238
16296  -28.975  -67.747  -8.622 0.8000000119
143581  -28.075  -66.419  -9.116 0.5000000000
137202  -28.269  -67.017  -7.013 0.6000000238
16322  -28.711  -67.426  -10.463 0.6999999881
17988  -27.217  -65.733  -11.381 0.6999999881
18019  -26.029  -65.974  -14.032 0.6999999881
150532  -26.000  -65.464  -13.129 0.6999999881
17165  -24.055  -66.713  -15.569 0.5000000000
132451  -25.323  -66.570  -14.833 0.6999999881
18026  -23.089  -66.279  -16.025 0.5000000000
16211  -24.957  -67.095  -3.055 0.5000000000
17029  -26.207  -66.836  -3.697 0.5000000000
17042  -26.593  -66.557  -4.119 0.6000000238
133227  -26.669  -67.200  -4.013 0.6000000238
17055  -26.879  -66.341  -4.930 0.6000000238
127993  -27.103  -66.353  -5.862 0.6000000238
17922  -26.672  -65.623  -6.096 0.6000000238
142687  -27.489  -66.562  -6.571 0.6000000238
17933  -26.383  -65.588  -7.070 0.6000000238
17971  -25.989  -65.716  -10.098 0.6000000238
17956  -26.346  -65.916  -9.448 0.5000000000
139590  -26.087  -65.745  -7.787 0.5000000000
17998  -26.354  -65.471  -12.114 0.6000000238
17987  -26.167  -65.571  -10.927 0.6000000238
18008  -25.155  -65.402  -13.580 0.6000000238
17997  -25.290  -65.214  -12.458 0.6000000238
18006  -23.024  -65.146  -14.685 0.5000000000
16212  -25.674  -66.482  -3.326 0.5000000000
17899  -26.538  -65.687  -4.309 0.6000000238
18803  -26.463  -65.038  -6.558 0.6000000238
149381  -25.713  -65.823  -9.046 0.5000000000
18821  -25.172  -65.040  -8.678 0.5000000000
17969  -24.400  -65.224  -10.568 0.4000000060
17970  -25.219  -65.575  -10.300 0.5000000000
17953  -24.697  -65.392  -9.706 0.5000000000
18865  -23.529  -64.742  -13.578 0.6000000238
17873  -25.484  -65.782  -3.052 0.5000000000
17887  -26.124  -65.904  -3.609 0.6000000238
18779  -26.802  -64.790  -4.581 0.6000000238
18791  -26.711  -64.965  -5.633 0.6000000238
18844  -23.777  -64.596  -10.497 0.5000000000
18832  -24.229  -65.001  -9.881 0.4000000060
138547  -25.167  -65.072  -2.683 0.5000000000
18770  -25.830  -65.027  -3.196 0.5000000000
18771  -26.376  -64.919  -3.778 0.6000000238
18804  -27.089  -64.349  -6.153 0.6000000238
134559  -24.376  -65.095  -2.476 0.5000000000
131365  -26.173  -64.231  -3.269 0.5000000000
19670  -26.881  -64.017  -3.875 0.6000000238
18792  -27.276  -64.247  -5.280 0.6000000238
18761  -23.964  -64.436  -2.467 0.5000000000
19640  -25.031  -63.792  -2.623 0.5000000000
19671  -27.496  -63.413  -4.314 0.6000000238
19687  -27.728  -63.562  -5.010 0.6000000238
19639  -24.356  -63.757  -2.591 0.5000000000
19657  -26.397  -63.418  -3.315 0.5000000000
20602  -24.893  -63.073  -2.767 0.5000000000
19706  -28.208  -62.948  -6.234 0.5000000000
20619  -25.795  -62.719  -3.070 0.5000000000
19672  -28.030  -62.929  -4.705 0.5000000000
20618  -24.287  -62.439  -3.109 0.5000000000
148886  -25.689  -62.143  -3.155 0.5000000000
20639  -27.709  -62.749  -4.062 0.5000000000
20660  -28.607  -62.389  -5.694 0.4000000060
21635  -25.441  -61.616  -3.278 0.5000000000
20622  -27.738  -62.126  -3.869 0.5000000000
20640  -28.277  -62.195  -4.430 0.4000000060
145223  -28.454  -62.502  -5.043 0.4000000060
21636  -26.345  -61.902  -3.300 0.4000000060
21638  -28.047  -61.550  -3.933 0.4000000060
21657  -29.138  -61.034  -4.805 0.4000000060
17985  -24.472  -65.043  -11.720 0.6000000238
18864  -22.674  -64.444  -14.187 0.5000000000
18880  -22.386  -64.204  -15.303 0.4000000060
17080  -26.693  -66.177  -7.996 0.6000000238
21676  -29.248  -61.181  -5.475 0.4000000060
22759  -29.509  -60.335  -6.589 0.4000000060
13699  -28.133  -70.193  -6.958 0.6999999881
16310  -28.842  -67.521  -9.516 0.6999999881
17140  -27.966  -66.762  -12.681 0.6999999881
16335  -28.504  -67.366  -11.422 0.6999999881
136261  -27.803  -66.432  -8.306 0.6000000238
17081  -27.412  -66.427  -7.358 0.6000000238
18018  -24.719  -65.976  -14.496 0.6999999881
17972  -26.937  -65.750  -10.433 0.6999999881
18007  -24.061  -65.316  -14.096 0.6000000238
18017  -23.464  -65.893  -15.101 0.6000000238
11181  -26.782  -73.744  -8.021 0.5000000000
11182  -27.308  -73.780  -8.710 0.5000000000
12031  -26.633  -72.978  -7.408 0.5000000000
12053  -27.183  -72.122  -8.823 0.6000000238
12090  -27.780  -72.411  -10.444 0.5000000000
12866  -27.306  -71.398  -6.692 0.6000000238
12878  -27.335  -71.511  -7.749 0.6999999881
13658  -25.732  -70.594  -4.360 0.5000000000
13659  -27.083  -70.039  -4.749 0.6999999881
13745  -27.855  -69.990  -9.294 0.6999999881
13778  -26.883  -71.054  -12.031 0.5000000000
13796  -26.830  -70.996  -12.858 0.5000000000
14511  -27.885  -69.367  -5.398 0.6999999881
14542  -28.328  -69.776  -7.791 0.6999999881
14568  -27.484  -70.257  -10.061 0.5000000000
14580  -27.542  -69.713  -10.580 0.6000000238
14581  -28.232  -68.842  -10.316 0.6999999881
14592  -27.026  -70.101  -11.496 0.5000000000
15322  -26.414  -68.473  -3.871 0.5000000000
15369  -28.625  -68.347  -6.552 0.6999999881
15381  -28.776  -68.888  -7.812 0.6999999881
15468  -26.265  -69.095  -15.696 0.5000000000
15469  -26.548  -68.901  -14.776 0.6000000238
16228  -25.650  -67.228  -3.395 0.5000000000
16229  -26.326  -67.588  -3.762 0.5000000000
16258  -28.372  -68.197  -5.888 0.6999999881
17056  -27.452  -67.042  -5.264 0.6000000238
17069  -26.779  -66.124  -6.714 0.6000000238
17070  -27.861  -67.037  -6.077 0.6000000238
17092  -27.101  -66.182  -8.872 0.6000000238
17093  -28.595  -66.923  -8.724 0.6999999881
17104  -27.672  -66.121  -9.872 0.6999999881
17105  -28.519  -66.746  -9.732 0.6999999881
17114  -27.745  -66.031  -10.811 0.6999999881
17115  -28.359  -66.562  -10.669 0.6999999881
17127  -28.094  -66.389  -11.654 0.6999999881
17141  -28.266  -67.299  -12.214 0.6000000238
17153  -27.448  -66.381  -13.151 0.6999999881
17167  -26.968  -67.516  -14.361 0.6000000238
17872  -24.742  -65.813  -2.662 0.5000000000
17911  -26.721  -65.559  -5.157 0.6000000238
17943  -25.679  -65.341  -8.253 0.5000000000
17944  -26.012  -65.937  -8.571 0.6000000238
17954  -24.975  -65.310  -9.121 0.6000000238
17955  -25.409  -65.678  -9.476 0.5000000000
17986  -25.256  -65.368  -11.297 0.6000000238
17996  -24.461  -64.933  -12.981 0.6000000238
17999  -27.413  -65.975  -12.352 0.6999999881
18009  -26.791  -65.829  -13.163 0.6999999881
18016  -22.791  -65.484  -15.674 0.4000000060
18762  -24.739  -64.390  -2.528 0.5000000000
18763  -25.473  -64.336  -2.799 0.5000000000
18780  -27.281  -64.020  -4.580 0.6000000238
18833  -24.642  -64.835  -9.247 0.6000000238
18850  -23.838  -64.790  -11.283 0.6000000238
18855  -22.788  -63.893  -12.583 0.6000000238
18873  -22.525  -64.705  -15.192 0.5000000000
19656  -25.649  -63.573  -2.887 0.5000000000
19658  -27.108  -63.166  -3.711 0.5000000000
19688  -28.177  -63.011  -5.419 0.6000000238
19705  -27.728  -63.624  -5.800 0.6000000238
19768  -22.788  -63.762  -11.724 0.6000000238
19781  -22.082  -63.458  -14.061 0.6000000238
20601  -23.950  -63.158  -2.832 0.5000000000
20620  -26.549  -62.715  -3.348 0.5000000000
20621  -27.144  -62.393  -3.578 0.5000000000
20677  -28.663  -62.120  -6.569 0.6000000238
20719  -24.317  -63.332  -9.833 0.5000000000
20721  -26.119  -62.451  -9.345 0.6000000238
20733  -22.415  -62.405  -10.917 0.6000000238
20734  -23.054  -63.153  -10.667 0.6000000238
20748  -21.392  -62.228  -12.008 0.6000000238
20749  -21.910  -62.709  -11.614 0.6000000238
20761  -21.504  -62.301  -12.699 0.6000000238
20762  -21.745  -62.826  -12.392 0.6000000238
20772  -21.755  -62.355  -13.391 0.5000000000
20782  -22.422  -62.981  -14.781 0.4000000060
21637  -27.292  -61.642  -3.584 0.4000000060
21656  -28.642  -61.403  -4.431 0.4000000060
21675  -28.830  -61.815  -5.079 0.4000000060
21691  -29.213  -61.203  -6.397 0.5000000000
21706  -29.203  -60.772  -7.093 0.6000000238
21717  -27.688  -61.639  -8.597 0.6000000238
21718  -28.358  -61.174  -8.161 0.6000000238
21734  -27.253  -61.206  -9.245 0.6000000238
21751  -21.410  -61.322  -11.231 0.6000000238
21767  -20.867  -60.975  -11.853 0.6000000238
21778  -21.055  -61.041  -12.348 0.6000000238
22806  -20.931  -60.191  -10.963 0.6000000238
22807  -21.545  -60.044  -10.680 0.6000000238
22829  -21.009  -60.757  -11.360 0.6000000238
22832  -23.199  -60.621  -10.586 0.6000000238
22835  -26.017  -60.195  -10.262 0.6000000238
22869  -21.536  -60.967  -12.878 0.6000000238
23853  -29.149  -59.193  -8.153 0.5000000000
23871  -22.805  -59.222  -10.509 0.6999999881
23881  -22.587  -60.121  -10.565 0.6000000238
23897  -20.614  -59.645  -11.560 0.6000000238
23907  -20.742  -59.649  -12.002 0.6000000238
23908  -21.301  -59.579  -12.381 0.6000000238
24865  -20.533  -57.745  -10.832 0.6000000238
24869  -27.227  -57.887  -9.956 0.5000000000
24897  -22.403  -58.602  -12.589 0.6000000238
25834  -21.268  -57.037  -10.357 0.6000000238
25839  -27.587  -57.269  -9.782 0.5000000000
25850  -20.462  -57.183  -10.899 0.6000000238
25852  -25.903  -57.413  -10.437 0.5000000000
25864  -20.424  -57.426  -11.116 0.6000000238
25877  -20.632  -57.659  -11.424 0.6000000238
25878  -21.111  -57.459  -11.727 0.6000000238
26826  -20.846  -56.435  -10.448 0.5000000000
26872  -22.267  -56.296  -11.918 0.5000000000
27862  -20.864  -55.680  -10.363 0.5000000000
27876  -20.648  -55.877  -10.718 0.5000000000
27909  -23.452  -55.314  -12.073 0.5000000000
27910  -24.292  -55.162  -12.289 0.4000000060
28804  -21.193  -53.618  -9.928 0.4000000060
28817  -21.075  -54.013  -10.174 0.5000000000
28843  -21.743  -54.892  -11.414 0.5000000000
28844  -22.831  -54.679  -11.736 0.5000000000
29732  -21.272  -52.887  -9.800 0.4000000060
29733  -22.577  -53.568  -9.625 0.5000000000
29774  -25.497  -53.271  -12.311 0.4000000060
30627  -21.364  -52.333  -9.679 0.4000000060
30628  -21.933  -52.146  -9.192 0.4000000060
30629  -22.583  -52.206  -9.370 0.4000000060
30662  -20.863  -52.569  -10.200 0.4000000060
30672  -21.356  -52.695  -10.399 0.5000000000
30673  -21.932  -52.477  -10.945 0.5000000000
31592  -21.577  -51.125  -9.194 0.4000000060
31607  -21.359  -51.953  -9.780 0.4000000060
31608  -21.472  -51.049  -9.450 0.4000000060
31634  -23.060  -51.382  -11.236 0.5000000000
31635  -25.045  -51.564  -12.027 0.5000000000
32572  -24.063  -50.391  -11.397 0.5000000000
32574  -25.628  -50.296  -11.891 0.5000000000
32581  -26.306  -50.349  -12.125 0.5000000000
33563  -22.366  -49.796  -10.458 0.4000000060
34561  -23.946  -48.497  -10.791 0.4000000060
34582  -31.458  -48.432  -13.058 0.3000000119
35535  -26.242  -47.475  -11.418 0.4000000060
35536  -27.125  -47.403  -11.704 0.4000000060
35545  -27.896  -47.719  -11.978 0.5000000000
36467  -25.739  -46.812  -11.004 0.5000000000
36480  -34.400  -46.538  -11.311 0.3000000119
36484  -29.287  -46.357  -12.357 0.5000000000
36487  -31.790  -46.086  -12.979 0.4000000060
36490  -34.008  -46.793  -12.155 0.3000000119
36497  -32.443  -46.725  -13.413 0.4000000060
37454  -29.063  -45.026  -12.092 0.5000000000
37463  -29.157  -45.617  -12.249 0.5000000000
37467  -31.999  -45.710  -12.478 0.4000000060
38435  -31.501  -44.988  -11.423 0.5000000000
38442  -30.192  -44.871  -11.879 0.5000000000
125024  -25.125  -62.272  -3.058 0.5000000000
125833  -27.093  -68.932  -13.167 0.5000000000
127137  -23.271  -62.335  -10.576 0.6999999881
128545  -21.191  -53.879  -10.645 0.5000000000
128771  -20.566  -58.880  -10.910 0.6000000238
129742  -27.563  -63.580  -6.648 0.6000000238
130161  -30.379  -45.681  -12.579 0.5000000000
130742  -20.943  -54.493  -10.579 0.5000000000
132709  -23.824  -56.702  -10.421 0.6000000238
133886  -20.902  -57.778  -10.561 0.6000000238
134438  -24.525  -60.139  -10.548 0.6000000238
134443  -27.562  -67.183  -13.506 0.6999999881
135434  -24.552  -56.687  -10.473 0.5000000000
136044  -26.670  -46.677  -11.396 0.5000000000
136223  -22.113  -56.037  -10.100 0.5000000000
136687  -22.013  -58.837  -10.461 0.6000000238
136881  -28.296  -66.781  -7.860 0.6999999881
138104  -27.613  -51.075  -12.416 0.3000000119
138348  -29.737  -45.809  -12.492 0.5000000000
138695  -26.641  -51.218  -12.334 0.4000000060
139130  -26.383  -49.073  -11.846 0.4000000060
142032  -20.398  -57.954  -11.022 0.6000000238
142053  -27.607  -70.056  -5.425 0.6999999881
142055  -21.752  -54.749  -9.838 0.4000000060
142576  -26.508  -66.055  -7.377 0.5000000000
143126  -22.533  -57.873  -12.447 0.5000000000
144829  -27.228  -71.388  -11.254 0.5000000000
145330  -21.662  -53.266  -9.627 0.4000000060
146566  -24.485  -54.461  -12.204 0.5000000000
147514  -20.453  -58.324  -10.956 0.6000000238
147912  -20.807  -60.241  -11.213 0.6000000238
147959  -25.336  -66.804  -3.187 0.5000000000
148061  -33.147  -46.078  -11.989 0.4000000060
148738  -26.749  -65.971  -5.534 0.6000000238
149280  -22.077  -63.401  -13.475 0.5000000000
