#!ascii label  , from subject sub-v1s4x0050691_ses-1 vox2ras=TkReg
1947
32564  -21.320  -50.376  -9.373 0.5000000000
32554  -21.373  -50.343  -9.080 0.4000000060
32538  -21.772  -50.486  -8.856 0.6000000238
33544  -21.270  -49.594  -9.026 0.6000000238
34560  -22.640  -48.439  -10.210 0.6000000238
34559  -21.516  -48.911  -9.543 0.5000000000
148384  -24.363  -47.119  -10.537 0.6000000238
33532  -21.465  -49.601  -8.709 0.6999999881
131822  -22.295  -49.983  -8.605 0.6999999881
127147  -21.252  -48.100  -8.762 0.6999999881
34549  -21.467  -48.245  -9.285 0.6999999881
35522  -22.472  -47.509  -9.782 0.6999999881
37439  -25.412  -45.963  -10.631 0.5000000000
37438  -24.369  -45.919  -10.215 0.6999999881
35524  -24.936  -47.348  -10.809 0.5000000000
26748  -27.108  -56.825  -3.829 0.5000000000
33523  -22.518  -49.204  -8.431 0.6999999881
33522  -21.541  -48.766  -8.451 0.6999999881
35513  -21.388  -47.405  -9.008 0.6999999881
35491  -21.417  -47.093  -8.191 0.6999999881
37428  -22.516  -45.426  -9.246 0.6999999881
35512  -21.275  -47.324  -8.520 0.6999999881
36459  -21.774  -46.048  -8.759 0.6999999881
37440  -25.981  -45.162  -10.651 0.6000000238
31612  -27.722  -50.967  -10.341 0.6999999881
130464  -27.179  -50.188  -10.146 0.6999999881
134028  -23.471  -49.879  -8.805 0.6999999881
137112  -24.506  -49.776  -9.179 0.6999999881
26768  -26.297  -56.321  -4.423 0.6000000238
26783  -24.291  -56.633  -5.390 0.4000000060
34527  -22.090  -48.266  -8.167 0.6999999881
140975  -23.303  -46.008  -9.757 0.6999999881
131643  -25.041  -45.283  -10.280 0.6999999881
38412  -23.151  -44.753  -9.383 0.6999999881
38416  -27.303  -44.200  -10.876 0.6000000238
31613  -29.381  -51.436  -10.091 0.6999999881
136593  -28.692  -50.852  -10.343 0.6999999881
32541  -26.281  -50.164  -9.880 0.6999999881
132617  -28.111  -50.126  -10.288 0.6999999881
27784  -27.633  -55.570  -3.847 0.6000000238
33545  -26.746  -49.467  -9.858 0.6999999881
34538  -24.758  -48.547  -8.931 0.6999999881
33535  -25.933  -49.433  -9.619 0.6999999881
33546  -27.595  -49.401  -10.083 0.6999999881
33547  -28.497  -49.332  -10.193 0.6999999881
27815  -24.945  -55.362  -5.393 0.5000000000
26767  -25.609  -55.844  -4.969 0.5000000000
36435  -21.715  -46.359  -8.171 0.6999999881
35492  -22.111  -46.777  -8.003 0.6999999881
34551  -27.997  -48.592  -9.982 0.6999999881
27814  -24.119  -55.805  -5.475 0.4000000060
148490  -22.528  -44.801  -9.084 0.6999999881
34528  -23.062  -47.461  -8.166 0.6999999881
145885  -26.378  -48.879  -9.634 0.6999999881
34550  -27.088  -48.708  -9.792 0.6999999881
135886  -23.242  -55.839  -5.496 0.4000000060
138590  -22.464  -45.898  -7.991 0.6999999881
35501  -26.042  -47.143  -9.111 0.6999999881
149289  -26.794  -47.353  -9.399 0.6999999881
37437  -23.738  -45.381  -9.731 0.6999999881
37420  -22.319  -45.048  -8.786 0.6999999881
148677  -25.034  -45.460  -8.156 0.6999999881
36449  -25.382  -46.553  -8.622 0.6999999881
38413  -24.361  -44.759  -9.785 0.6999999881
37409  -24.381  -45.113  -7.954 0.6999999881
39327  -27.655  -43.707  -10.452 0.6000000238
38397  -24.725  -43.860  -9.720 0.6999999881
39306  -23.760  -43.151  -9.349 0.6999999881
40197  -30.364  -43.069  -8.674 0.5000000000
39312  -29.891  -43.626  -9.320 0.5000000000
135699  -32.806  -44.684  -10.235 0.4000000060
38399  -32.122  -44.376  -9.849 0.5000000000
32557  -29.873  -50.073  -10.035 0.6999999881
28738  -27.739  -54.213  -4.153 0.6000000238
34539  -25.681  -48.684  -9.375 0.6999999881
27797  -26.331  -55.453  -4.629 0.5000000000
37407  -22.473  -45.246  -8.199 0.6999999881
36436  -23.311  -46.421  -8.114 0.6999999881
38395  -22.677  -44.303  -9.049 0.6999999881
38375  -23.924  -44.361  -7.828 0.6999999881
40194  -27.583  -42.697  -9.211 0.6999999881
39325  -25.840  -43.691  -10.128 0.6999999881
39309  -27.186  -43.134  -9.892 0.6999999881
39308  -26.286  -43.018  -9.891 0.6999999881
40195  -28.460  -42.916  -8.957 0.6999999881
29659  -31.581  -53.954  -4.618 0.6999999881
29699  -32.316  -53.031  -6.192 0.6999999881
30617  -32.238  -52.128  -7.265 0.8000000119
31577  -31.945  -51.836  -7.843 0.8000000119
28725  -30.997  -54.452  -4.171 0.6000000238
29660  -32.055  -53.335  -4.839 0.6000000238
29645  -31.190  -53.604  -3.974 0.6000000238
29644  -30.707  -53.223  -3.657 0.6000000238
32558  -30.623  -50.139  -9.561 0.6999999881
130199  -28.723  -54.766  -3.618 0.6000000238
28723  -29.427  -53.989  -3.588 0.6000000238
33548  -29.408  -49.308  -10.104 0.6999999881
27796  -25.682  -55.016  -5.155 0.5000000000
28737  -26.308  -54.620  -4.859 0.6000000238
33549  -30.277  -49.351  -9.762 0.6999999881
35514  -27.451  -47.780  -9.645 0.6999999881
38386  -22.685  -44.059  -8.793 0.6999999881
37408  -23.183  -45.043  -7.935 0.6999999881
36450  -26.395  -46.206  -8.726 0.6999999881
137649  -25.868  -42.416  -9.572 0.8000000119
39307  -25.086  -42.920  -9.624 0.6999999881
38374  -23.056  -44.277  -8.097 0.6999999881
36438  -25.565  -45.758  -8.371 0.6999999881
149036  -26.612  -41.898  -9.016 0.8000000119
39305  -22.960  -43.500  -9.014 0.6999999881
39280  -23.203  -43.338  -8.232 0.6999999881
129452  -30.777  -43.694  -9.161 0.5000000000
38400  -33.085  -44.308  -9.589 0.5000000000
39315  -33.510  -43.780  -8.995 0.5000000000
38401  -34.355  -44.565  -9.667 0.4000000060
30557  -31.783  -53.080  -4.320 0.6000000238
30609  -32.501  -52.347  -6.518 0.6999999881
31565  -32.952  -51.759  -6.072 0.8000000119
129111  -32.639  -51.767  -6.828 0.8999999762
32544  -32.409  -50.588  -7.906 0.8000000119
32543  -31.884  -50.425  -8.509 0.8000000119
33537  -31.787  -49.581  -8.816 0.8000000119
29643  -29.925  -53.195  -3.556 0.6000000238
29658  -27.888  -53.372  -4.300 0.6000000238
33536  -31.071  -49.437  -9.360 0.8000000119
28754  -25.104  -54.467  -5.447 0.6000000238
135993  -26.862  -54.092  -4.664 0.6000000238
141630  -27.255  -53.405  -4.640 0.6000000238
34541  -30.687  -48.625  -9.460 0.6999999881
28753  -24.209  -54.715  -5.515 0.5000000000
140987  -28.945  -47.242  -9.356 0.6999999881
35505  -29.751  -47.087  -9.047 0.6999999881
27813  -23.558  -55.199  -5.505 0.5000000000
35504  -28.134  -46.963  -9.333 0.6999999881
35503  -27.323  -47.020  -9.360 0.6999999881
40193  -25.948  -41.713  -9.307 0.8000000119
40191  -23.856  -42.178  -9.325 0.8000000119
39293  -23.033  -43.130  -8.687 0.6999999881
39261  -23.744  -43.536  -7.803 0.6999999881
125048  -25.510  -44.995  -8.021 0.6999999881
136928  -23.194  -42.560  -9.020 0.6999999881
39314  -32.609  -43.806  -9.039 0.5000000000
30544  -32.023  -52.266  -4.047 0.6999999881
31556  -32.852  -51.893  -5.178 0.6999999881
31566  -33.272  -51.099  -6.109 0.8000000119
30543  -31.284  -52.627  -3.745 0.6999999881
31524  -33.086  -51.370  -4.772 0.8000000119
32514  -33.347  -50.563  -6.553 0.8000000119
33538  -32.410  -49.810  -8.240 0.8000000119
29642  -29.074  -53.075  -3.699 0.6000000238
28755  -26.207  -53.838  -5.140 0.6000000238
29657  -26.665  -53.414  -4.988 0.6000000238
149604  -30.543  -47.308  -8.922 0.8000000119
35507  -31.835  -47.932  -8.636 0.6999999881
29672  -24.574  -53.745  -5.550 0.6000000238
36455  -31.225  -47.087  -8.477 0.8000000119
28752  -23.307  -54.479  -5.537 0.4000000060
37410  -26.348  -45.355  -8.274 0.6999999881
36451  -27.446  -46.323  -8.929 0.6999999881
128687  -28.966  -46.583  -8.880 0.6999999881
28749  -20.551  -54.417  -5.555 0.4000000060
137059  -26.972  -45.012  -8.042 0.6999999881
36452  -28.304  -46.247  -8.763 0.6999999881
41071  -25.035  -41.232  -9.420 0.8000000119
40177  -23.162  -42.083  -8.714 0.8000000119
38376  -26.425  -44.667  -7.857 0.6999999881
39262  -24.691  -43.366  -7.587 0.6999999881
40179  -28.074  -42.124  -8.644 0.8000000119
40180  -29.000  -42.258  -8.528 0.6999999881
39297  -34.938  -43.052  -8.615 0.5000000000
39295  -33.078  -43.122  -8.533 0.5000000000
38403  -35.997  -44.262  -9.351 0.4000000060
31493  -31.581  -51.810  -3.631 0.6000000238
32485  -32.928  -51.080  -4.120 0.6999999881
31557  -33.254  -51.254  -5.436 0.8000000119
32500  -33.553  -50.606  -5.749 0.8000000119
30542  -30.340  -52.369  -3.525 0.6999999881
30541  -29.410  -52.206  -3.699 0.6999999881
33524  -32.955  -49.330  -7.790 0.8000000119
30540  -28.733  -52.236  -4.030 0.6000000238
33525  -33.378  -49.824  -7.102 0.8000000119
30555  -27.586  -52.506  -4.675 0.6000000238
34529  -33.004  -48.479  -7.784 0.8000000119
34543  -32.352  -48.836  -8.432 0.8000000119
29673  -25.452  -53.501  -5.467 0.6000000238
29674  -26.207  -52.954  -5.368 0.6000000238
36453  -29.683  -46.277  -8.412 0.8999999762
37423  -28.924  -45.769  -8.221 0.8000000119
128629  -23.766  -53.779  -5.571 0.5000000000
39283  -27.387  -43.794  -7.220 0.8000000119
37411  -27.638  -45.069  -7.938 0.6999999881
127978  -22.929  -53.597  -5.561 0.4000000060
41072  -25.532  -40.618  -9.263 0.8000000119
142134  -23.990  -41.181  -9.358 0.8000000119
42007  -23.423  -40.599  -8.829 0.8000000119
128510  -23.759  -42.168  -7.765 0.8000000119
39282  -26.582  -43.990  -7.496 0.6999999881
41055  -27.693  -41.260  -8.525 0.8000000119
41047  -23.424  -41.505  -8.234 0.8000000119
39281  -25.757  -44.251  -7.684 0.6999999881
41988  -23.739  -40.618  -7.896 0.8000000119
41056  -28.660  -41.371  -8.394 0.8000000119
41999  -23.545  -40.234  -8.452 0.8000000119
134033  -31.779  -42.511  -8.364 0.6000000238
129614  -30.949  -42.231  -8.360 0.6000000238
39296  -34.010  -43.109  -8.551 0.5000000000
32458  -31.388  -50.874  -3.210 0.6000000238
32486  -33.495  -50.667  -4.797 0.6999999881
33510  -34.080  -49.442  -5.883 0.6999999881
31490  -28.756  -51.063  -4.197 0.6000000238
31491  -29.688  -51.062  -3.618 0.6000000238
34530  -33.498  -48.930  -7.255 0.8000000119
30586  -26.347  -51.822  -5.457 0.6000000238
138948  -27.595  -51.478  -4.849 0.6000000238
129842  -33.856  -49.238  -6.551 0.6999999881
30584  -24.751  -52.674  -5.594 0.5000000000
35508  -32.513  -48.000  -8.159 0.8000000119
30583  -23.940  -51.791  -5.558 0.3000000119
37414  -30.160  -45.334  -7.353 0.8000000119
137619  -30.915  -46.348  -8.031 0.8000000119
125416  -28.583  -44.411  -7.154 0.8000000119
37413  -29.309  -45.056  -7.404 0.8000000119
40159  -27.014  -42.512  -6.873 0.8000000119
42026  -23.841  -40.213  -9.218 0.8000000119
40157  -24.921  -42.547  -7.476 0.8000000119
39264  -26.756  -43.232  -7.201 0.8000000119
38377  -27.284  -44.476  -7.616 0.6999999881
41038  -24.522  -41.736  -7.530 0.8000000119
42896  -23.804  -39.838  -8.037 0.8000000119
141399  -29.593  -41.505  -8.340 0.6999999881
40184  -33.549  -42.287  -8.234 0.6000000238
39319  -37.119  -43.138  -9.304 0.3000000119
32459  -32.422  -50.700  -3.326 0.6999999881
32460  -33.357  -50.275  -3.765 0.6999999881
33479  -33.918  -49.811  -4.493 0.6999999881
31485  -24.039  -49.908  -3.925 0.5000000000
32457  -30.265  -50.333  -3.202 0.6000000238
34519  -34.238  -48.752  -5.967 0.6999999881
31555  -26.542  -50.581  -5.382 0.5000000000
31522  -27.924  -50.635  -4.702 0.5000000000
145324  -28.881  -49.898  -3.897 0.6000000238
141003  -24.133  -50.337  -5.338 0.3000000119
30585  -25.544  -52.201  -5.562 0.5000000000
34518  -33.892  -48.434  -6.685 0.8000000119
36428  -32.648  -45.949  -6.822 0.8000000119
36442  -32.431  -46.586  -7.447 0.8000000119
38360  -29.427  -44.367  -6.811 0.8999999762
37399  -30.705  -44.929  -6.774 0.8999999762
37415  -31.000  -45.717  -7.406 0.8000000119
37416  -31.869  -45.835  -7.174 0.8000000119
130090  -23.390  -52.794  -5.573 0.4000000060
40160  -27.704  -42.571  -6.696 0.8999999762
39284  -28.114  -43.746  -6.937 0.8999999762
38378  -29.955  -44.786  -6.940 0.8999999762
42008  -26.317  -40.035  -8.986 0.8000000119
42028  -25.408  -39.624  -9.286 0.8000000119
41039  -25.456  -41.751  -7.364 0.8000000119
40158  -26.101  -42.510  -7.274 0.8000000119
42009  -27.298  -40.304  -8.608 0.8000000119
133902  -30.200  -40.860  -8.221 0.6999999881
41058  -31.915  -41.576  -8.149 0.6000000238
40185  -35.387  -42.257  -8.435 0.6000000238
32438  -31.700  -50.120  -2.670 0.6000000238
32439  -32.706  -50.058  -2.886 0.6000000238
149750  -33.395  -49.700  -3.137 0.6999999881
127133  -33.879  -49.489  -3.652 0.6999999881
32456  -29.255  -49.507  -3.419 0.6000000238
33480  -34.299  -49.071  -4.219 0.8000000119
32498  -26.036  -49.439  -5.119 0.6000000238
32483  -27.335  -49.350  -4.675 0.5000000000
32484  -28.192  -49.522  -4.289 0.6000000238
33493  -34.294  -49.173  -5.136 0.6999999881
35476  -34.541  -47.583  -5.263 0.8000000119
148496  -24.791  -50.088  -5.337 0.4000000060
140178  -34.270  -47.804  -6.044 0.6999999881
31553  -24.805  -51.315  -5.561 0.4000000060
35496  -33.685  -47.608  -6.844 0.8000000119
38361  -30.159  -44.321  -6.568 0.8000000119
37401  -32.052  -45.298  -6.550 0.8000000119
40140  -27.423  -41.874  -6.673 0.8999999762
39267  -29.678  -43.768  -6.516 0.8000000119
37400  -31.404  -45.298  -6.819 0.8000000119
40141  -28.217  -42.168  -6.586 0.8000000119
43866  -24.385  -38.631  -8.836 0.8000000119
42898  -25.151  -39.161  -7.475 0.8000000119
42917  -25.852  -38.871  -9.297 0.8000000119
129998  -25.707  -41.019  -7.301 0.8000000119
129120  -24.803  -41.029  -7.464 0.8000000119
133389  -28.291  -40.395  -8.389 0.8000000119
42938  -24.724  -38.764  -9.219 0.8000000119
147822  -32.353  -40.803  -8.011 0.6999999881
41060  -34.065  -41.405  -8.064 0.6999999881
42029  -36.790  -40.721  -8.835 0.6000000238
42030  -37.414  -40.694  -9.385 0.6000000238
41074  -37.768  -41.537  -9.648 0.6000000238
33469  -29.522  -49.169  -2.841 0.6000000238
143312  -33.036  -49.501  -2.439 0.8000000119
31486  -25.349  -50.510  -3.643 0.5000000000
33478  -27.564  -48.748  -3.975 0.5000000000
132453  -34.476  -48.563  -4.610 0.8000000119
34501  -34.457  -48.293  -5.269 0.6999999881
32453  -25.779  -48.972  -4.086 0.5000000000
34487  -34.583  -48.368  -3.944 0.8000000119
35451  -34.832  -47.688  -3.699 0.8000000119
126425  -25.104  -49.361  -3.964 0.5000000000
35459  -34.696  -47.811  -4.528 0.8000000119
36419  -34.397  -46.972  -5.590 0.8000000119
129761  -34.523  -46.183  -5.158 0.8000000119
35486  -33.906  -46.911  -6.310 0.8000000119
36429  -33.415  -46.104  -6.363 0.8000000119
36418  -34.041  -46.249  -5.823 0.8000000119
129379  -30.867  -44.248  -6.346 0.8000000119
40142  -29.086  -42.542  -6.549 0.8000000119
38362  -31.463  -44.744  -6.408 0.8000000119
43867  -24.764  -37.936  -8.760 0.8000000119
41973  -26.931  -40.249  -6.836 0.8000000119
42899  -26.208  -39.592  -7.212 0.8999999762
42919  -27.821  -39.420  -8.675 0.8000000119
42918  -26.840  -38.573  -9.327 0.8000000119
42012  -31.667  -40.629  -8.104 0.6999999881
42011  -30.868  -40.332  -8.215 0.6999999881
140823  -35.461  -40.550  -8.334 0.6999999881
42923  -32.264  -40.044  -8.071 0.6999999881
42013  -32.878  -40.406  -7.998 0.6999999881
42015  -34.627  -39.827  -8.311 0.6999999881
42927  -36.203  -40.075  -8.679 0.6999999881
33437  -30.534  -48.855  -1.686 0.8000000119
33450  -31.034  -49.370  -2.159 0.6000000238
33438  -31.509  -49.057  -1.676 0.6000000238
33439  -32.512  -49.133  -1.782 0.8000000119
30523  -26.021  -53.203  -1.427 0.6000000238
30528  -26.694  -52.464  -2.402 0.5000000000
33468  -28.712  -48.803  -3.085 0.6000000238
33449  -29.996  -49.002  -2.275 0.6000000238
130387  -33.772  -49.111  -2.820 0.8000000119
142822  -24.728  -53.115  -0.462 0.6000000238
30516  -25.608  -52.871  -0.695 0.6000000238
31474  -27.086  -52.091  -1.300 0.6000000238
130634  -28.102  -50.215  -2.224 0.5000000000
142631  -28.188  -48.973  -2.789 0.5000000000
31464  -22.880  -51.015  -0.043 0.5000000000
30515  -23.847  -52.443  -0.153 0.5000000000
31466  -24.790  -52.073  -0.146 0.6000000238
30517  -26.406  -52.560  -0.976 0.6000000238
31487  -25.920  -49.569  -3.701 0.5000000000
150640  -34.859  -47.605  -3.194 0.8000000119
35460  -35.006  -47.099  -4.073 0.8000000119
32426  -24.383  -50.899  0.150 0.5000000000
33467  -27.113  -48.768  -3.901 0.5000000000
147600  -22.273  -50.688  -0.110 0.4000000060
33477  -26.942  -48.718  -4.179 0.5000000000
36403  -34.988  -46.370  -4.388 0.6999999881
38363  -32.238  -44.668  -6.066 0.8000000119
38349  -33.235  -44.691  -5.658 0.8000000119
37389  -34.217  -45.250  -5.267 0.6999999881
41025  -28.820  -41.643  -6.533 0.8000000119
39249  -29.724  -43.140  -6.476 0.8000000119
38347  -31.604  -44.107  -6.033 0.8000000119
40144  -31.153  -42.667  -6.184 0.8000000119
42939  -27.803  -38.456  -9.435 0.8999999762
44821  -25.445  -37.325  -9.316 0.8999999762
130493  -25.669  -38.580  -7.446 0.8000000119
41024  -27.988  -41.303  -6.546 0.8000000119
43837  -24.713  -38.456  -7.862 1.0000000000
43821  -26.670  -38.781  -7.127 0.8000000119
128095  -28.962  -39.503  -8.460 0.8000000119
42921  -30.777  -39.443  -8.457 0.6999999881
34449  -31.068  -48.639  -1.098 0.8000000119
34450  -32.033  -48.717  -1.141 0.8000000119
34451  -32.950  -48.657  -1.321 0.8000000119
31451  -26.208  -51.380  0.048 0.6000000238
144948  -29.699  -48.865  -1.691 0.6000000238
33440  -33.357  -48.936  -2.027 0.8000000119
34452  -33.672  -48.401  -1.628 0.8000000119
31467  -25.901  -52.104  -0.355 0.6000000238
31468  -27.525  -51.450  -0.897 0.6000000238
132594  -29.065  -48.950  -1.996 0.6000000238
34453  -34.160  -48.148  -1.902 0.8000000119
35442  -34.830  -47.484  -2.624 0.8000000119
36389  -35.188  -46.728  -2.545 0.6999999881
32412  -25.405  -50.734  0.321 0.5000000000
32433  -28.617  -50.166  -1.003 0.6000000238
32424  -22.830  -50.141  -0.151 0.4000000060
33408  -24.543  -49.942  0.313 0.4000000060
36404  -35.211  -46.475  -3.678 0.6999999881
33424  -23.860  -49.149  0.124 0.4000000060
34412  -24.729  -48.998  0.455 0.4000000060
32413  -27.687  -50.396  0.298 0.4000000060
37375  -34.872  -45.569  -4.588 0.6999999881
34413  -25.239  -48.315  0.696 0.4000000060
34414  -26.063  -48.358  1.101 0.5000000000
38350  -34.116  -44.297  -5.171 0.6999999881
34432  -23.989  -48.323  0.126 0.3000000119
148086  -26.599  -48.969  1.151 0.5000000000
141594  -29.481  -41.956  -6.525 0.8000000119
141595  -30.494  -42.407  -6.388 0.8000000119
39251  -31.779  -43.342  -5.917 0.8000000119
130504  -33.399  -43.818  -5.425 0.8000000119
39252  -32.563  -43.082  -5.677 0.8000000119
43887  -26.007  -37.683  -9.574 0.8000000119
44806  -25.129  -37.408  -8.927 1.0000000000
43839  -26.126  -38.036  -7.436 0.8000000119
43840  -27.051  -38.012  -7.236 0.8000000119
42879  -27.209  -39.600  -6.780 0.8000000119
126418  -29.499  -41.264  -6.499 0.8000000119
41026  -30.092  -41.848  -6.480 0.8000000119
126536  -26.228  -36.937  -9.697 1.0000000000
42881  -29.035  -39.666  -6.493 0.8000000119
147659  -28.381  -38.999  -8.734 0.8000000119
44789  -26.154  -36.787  -8.608 0.8000000119
42880  -28.120  -39.698  -6.548 0.8000000119
42920  -29.911  -39.014  -8.641 0.8999999762
142244  -32.115  -39.254  -8.533 0.6999999881
125954  -33.846  -39.368  -8.455 0.6999999881
42926  -35.406  -39.476  -8.702 0.6999999881
127947  -36.060  -39.333  -9.086 0.6999999881
42941  -36.841  -39.761  -9.286 0.6999999881
150121  -38.471  -40.388  -11.360 0.6000000238
42952  -37.655  -39.505  -10.670 0.6999999881
43896  -36.218  -38.936  -9.766 0.6999999881
42979  -38.554  -39.795  -12.872 0.6000000238
42953  -38.209  -39.949  -11.073 0.6000000238
34436  -32.590  -48.292  -0.564 0.8000000119
139456  -26.778  -51.860  -0.603 0.5000000000
33426  -29.680  -48.979  -0.631 0.8000000119
34433  -30.141  -48.637  -0.179 0.8000000119
34434  -30.808  -48.429  -0.414 0.8000000119
34437  -33.428  -48.113  -0.911 0.8000000119
31450  -25.332  -51.470  0.053 0.5000000000
31452  -27.183  -51.176  -0.146 0.6000000238
32414  -28.364  -49.848  0.277 0.5000000000
33427  -30.314  -48.694  -1.024 0.8000000119
35421  -34.506  -47.646  -1.888 0.6999999881
142964  -25.371  -49.913  0.548 0.4000000060
33410  -26.956  -49.702  0.916 0.5000000000
33413  -29.438  -48.958  0.228 0.6999999881
33425  -28.979  -49.505  -0.067 0.6999999881
35406  -33.953  -47.479  -0.613 0.6999999881
36388  -34.916  -46.967  -1.866 0.6999999881
131321  -24.552  -48.149  0.397 0.3000000119
36394  -35.296  -46.466  -3.076 0.6999999881
136410  -35.391  -45.343  -3.521 0.6999999881
38338  -35.238  -45.065  -4.052 0.6999999881
35392  -26.419  -47.565  1.337 0.5000000000
39238  -34.844  -43.866  -4.675 0.6999999881
36338  -25.165  -46.735  0.610 0.4000000060
36339  -25.992  -46.728  1.158 0.4000000060
41028  -31.528  -41.815  -6.172 0.8000000119
39254  -34.225  -43.459  -5.157 0.6999999881
41027  -30.790  -41.826  -6.368 0.8000000119
41977  -30.530  -40.228  -6.448 0.8000000119
126415  -31.928  -41.041  -6.178 0.6999999881
44774  -26.962  -37.158  -7.781 0.8000000119
41976  -29.657  -40.401  -6.484 0.8000000119
43868  -28.903  -38.572  -9.241 0.8999999762
43888  -27.019  -37.364  -10.067 0.8999999762
44822  -27.112  -36.605  -10.193 0.8000000119
44808  -26.634  -36.500  -9.545 0.8000000119
131622  -27.893  -37.098  -7.702 0.8000000119
43870  -30.778  -38.681  -9.101 0.8999999762
43869  -29.842  -38.523  -9.421 0.8000000119
143773  -31.419  -39.106  -8.645 0.8999999762
43872  -32.591  -38.732  -9.268 0.8000000119
41080  -38.636  -41.535  -11.083 0.4000000060
42925  -34.384  -38.871  -9.040 0.8000000119
42940  -35.257  -38.803  -9.556 0.6999999881
42951  -37.012  -39.154  -10.171 0.6999999881
43007  -37.989  -38.935  -14.959 0.5000000000
34418  -31.237  -48.081  0.241 0.6999999881
34435  -31.611  -48.360  -0.432 0.8000000119
34403  -30.255  -48.008  1.030 0.6999999881
35395  -33.051  -47.172  0.743 0.6999999881
138864  -28.600  -48.032  1.592 0.6000000238
35394  -31.463  -47.615  0.988 0.6999999881
35407  -34.507  -47.198  -1.203 0.6999999881
36368  -35.266  -46.217  -1.866 0.6999999881
37343  -35.477  -45.387  -1.958 0.6999999881
133721  -35.508  -45.303  -2.862 0.6999999881
35376  -27.310  -47.540  1.644 0.5000000000
38326  -35.504  -44.623  -3.394 0.6999999881
36318  -26.839  -46.775  1.583 0.4000000060
137270  -35.291  -44.259  -4.092 0.6999999881
130738  -26.249  -45.169  1.015 0.3000000119
37286  -26.597  -45.902  1.427 0.3000000119
36319  -27.679  -46.667  1.910 0.5000000000
126416  -31.099  -41.023  -6.396 0.6999999881
39253  -33.488  -42.974  -5.451 0.6999999881
39239  -35.450  -43.345  -4.096 0.6999999881
37287  -27.541  -45.689  1.851 0.4000000060
41029  -32.210  -41.756  -5.937 0.6999999881
40147  -34.367  -42.737  -5.211 0.6999999881
40146  -32.887  -42.181  -5.685 0.6999999881
41978  -31.477  -40.055  -6.317 0.6999999881
44790  -27.096  -36.537  -8.646 0.8000000119
43841  -28.066  -38.205  -6.794 0.8000000119
143637  -28.795  -38.288  -6.604 0.8000000119
43824  -29.309  -38.796  -6.490 0.8000000119
44775  -28.614  -37.699  -6.905 0.8000000119
44840  -28.148  -36.706  -10.941 0.8000000119
43892  -31.278  -38.371  -10.234 0.8000000119
43891  -30.307  -38.220  -10.325 0.8000000119
43889  -28.161  -37.528  -10.481 0.8999999762
43871  -31.756  -38.697  -9.291 0.8999999762
43895  -33.632  -38.575  -10.106 0.8000000119
140072  -35.419  -38.667  -10.436 0.8000000119
42978  -37.842  -39.304  -12.419 0.6999999881
142462  -38.037  -39.137  -14.124 0.6000000238
43932  -35.822  -38.974  -11.903 0.6999999881
43933  -36.883  -39.072  -12.099 0.6999999881
44882  -35.278  -38.024  -14.510 0.6999999881
34419  -32.196  -47.810  0.361 0.6999999881
36322  -30.576  -46.723  1.958 0.6000000238
131390  -31.377  -47.003  1.524 0.6000000238
35381  -32.187  -47.056  1.250 0.6999999881
36341  -33.555  -46.513  0.714 0.6999999881
35396  -33.818  -47.029  0.163 0.6999999881
36350  -34.439  -46.712  -0.459 0.6999999881
35377  -28.172  -47.487  1.830 0.5000000000
34402  -29.368  -48.158  1.309 0.6000000238
37311  -34.234  -46.216  0.274 0.6999999881
36367  -34.920  -46.433  -1.162 0.6999999881
35379  -29.947  -47.478  1.661 0.6000000238
37308  -25.613  -45.786  0.731 0.3000000119
135874  -28.602  -46.754  2.100 0.5000000000
35378  -29.039  -47.468  1.841 0.5000000000
36323  -31.427  -46.196  1.835 0.6000000238
38318  -35.614  -44.506  -2.416 0.6999999881
37288  -28.479  -45.286  2.103 0.4000000060
37290  -30.413  -45.102  2.166 0.6000000238
128054  -35.682  -43.980  -3.045 0.6999999881
40148  -34.953  -42.162  -4.987 0.6999999881
39162  -28.051  -43.422  0.907 0.3000000119
130685  -33.758  -41.240  -5.601 0.6999999881
43842  -29.443  -38.068  -6.552 0.8000000119
43825  -30.126  -38.602  -6.439 0.8000000119
42883  -30.752  -39.297  -6.396 0.6999999881
141032  -31.454  -39.110  -6.300 0.6999999881
41980  -33.347  -40.469  -5.764 0.6999999881
45714  -28.116  -36.456  -8.528 0.8000000119
43843  -30.306  -37.872  -6.499 0.8000000119
43909  -29.799  -37.484  -10.883 0.8000000119
45744  -27.383  -36.210  -10.187 0.8000000119
45725  -27.529  -36.139  -9.587 0.8000000119
131606  -28.827  -37.106  -7.560 0.8000000119
43911  -31.702  -38.050  -10.615 0.8000000119
45785  -30.163  -35.905  -10.932 0.8000000119
45727  -29.394  -35.938  -9.497 0.8000000119
46788  -31.304  -35.522  -10.077 0.8000000119
46789  -32.109  -35.333  -10.087 0.8000000119
42999  -37.026  -38.971  -14.554 0.6000000238
42992  -37.260  -39.150  -13.828 0.6999999881
43947  -35.197  -38.799  -12.476 0.8000000119
43948  -35.698  -39.085  -12.765 0.6000000238
142486  -35.029  -37.056  -15.093 0.6999999881
43970  -35.573  -38.329  -14.731 0.6000000238
143395  -31.779  -46.650  1.547 0.6000000238
133352  -30.765  -45.870  2.182 0.6000000238
134825  -34.482  -45.351  0.261 0.6999999881
37324  -34.861  -45.778  -0.465 0.6999999881
37292  -31.933  -45.410  1.661 0.6000000238
38298  -35.094  -44.224  -0.271 0.6999999881
38299  -35.401  -44.344  -0.947 0.6999999881
145863  -35.487  -44.734  -1.513 0.6999999881
38259  -28.898  -44.216  1.772 0.4000000060
37289  -29.458  -45.101  2.214 0.4000000060
38262  -31.602  -44.527  1.598 0.5000000000
38279  -34.679  -44.668  0.173 0.6999999881
38312  -35.623  -43.938  -1.672 0.6999999881
38261  -30.873  -44.346  1.752 0.5000000000
39166  -31.318  -43.733  1.354 0.5000000000
39216  -35.777  -43.577  -2.491 0.6999999881
39224  -35.783  -43.327  -3.285 0.6999999881
38258  -28.189  -43.909  1.348 0.3000000119
39163  -28.762  -43.384  1.096 0.3000000119
39164  -29.654  -43.434  1.269 0.4000000060
126704  -32.822  -41.237  -5.843 0.6999999881
40121  -35.901  -42.460  -3.659 0.6999999881
39178  -28.399  -42.858  0.540 0.3000000119
39179  -29.370  -42.674  0.592 0.3000000119
41031  -35.292  -41.435  -4.880 0.6999999881
129636  -35.658  -41.882  -4.381 0.6999999881
41981  -34.298  -40.605  -5.483 0.6999999881
41016  -35.803  -41.070  -4.459 0.6999999881
44776  -29.496  -37.540  -6.846 0.8000000119
42884  -32.157  -39.370  -6.138 0.6999999881
41979  -32.440  -40.300  -6.058 0.6999999881
42888  -35.249  -39.725  -5.023 0.6999999881
131983  -33.010  -39.589  -5.868 0.6999999881
43828  -34.252  -38.218  -5.256 0.6999999881
45745  -28.155  -35.941  -10.484 0.8000000119
43826  -31.878  -38.511  -6.155 0.6999999881
42886  -33.622  -38.915  -5.611 0.6999999881
44841  -29.416  -36.609  -11.136 0.8000000119
133599  -28.877  -35.801  -10.317 0.8000000119
45716  -29.984  -36.327  -8.622 0.8000000119
146567  -30.207  -37.304  -6.919 0.8000000119
44777  -30.907  -37.526  -6.586 0.8000000119
44767  -33.006  -37.467  -5.906 0.8000000119
45704  -34.399  -36.976  -5.676 0.6999999881
44842  -30.210  -36.799  -11.065 0.8000000119
45728  -30.279  -35.861  -9.471 0.8000000119
46757  -31.770  -36.156  -8.425 0.8000000119
45717  -32.990  -36.421  -7.289 0.8000000119
43910  -30.754  -37.769  -10.748 0.8000000119
44844  -32.112  -37.665  -10.668 0.8000000119
146764  -30.843  -35.647  -10.322 0.8000000119
46771  -31.151  -35.760  -9.402 0.8000000119
46759  -33.509  -35.809  -8.191 0.8000000119
43912  -32.570  -38.246  -10.509 0.8000000119
143396  -33.524  -36.034  -10.480 0.8000000119
132441  -32.725  -35.057  -9.941 0.8000000119
46772  -32.084  -35.462  -9.557 0.8000000119
46774  -33.935  -35.025  -9.093 0.8000000119
147772  -34.448  -38.022  -11.425 0.8000000119
46790  -33.050  -34.982  -10.014 0.8000000119
44859  -34.865  -38.446  -11.905 0.8000000119
43979  -37.459  -38.412  -15.909 0.5000000000
43964  -36.116  -38.718  -14.699 0.6000000238
142042  -35.175  -37.582  -12.236 0.8000000119
44870  -35.073  -38.534  -12.826 0.8000000119
43965  -36.984  -38.645  -15.324 0.6000000238
44895  -36.539  -37.439  -15.979 0.6000000238
45817  -35.503  -37.088  -15.616 0.6000000238
45824  -36.334  -36.614  -16.142 0.6000000238
37309  -32.722  -45.526  1.406 0.6999999881
37310  -33.624  -45.643  0.908 0.6999999881
37291  -31.211  -45.237  1.947 0.6000000238
38278  -34.001  -44.697  0.671 0.6999999881
39200  -34.882  -43.385  0.037 0.6999999881
39201  -35.457  -43.454  -0.872 0.6999999881
139863  -32.511  -43.872  1.174 0.5000000000
39184  -34.117  -43.312  0.485 0.6999999881
39180  -30.325  -42.848  0.792 0.4000000060
40080  -30.951  -42.404  0.589 0.4000000060
39181  -31.103  -43.035  0.948 0.5000000000
39208  -35.816  -43.027  -1.804 0.6999999881
40108  -36.038  -42.713  -2.698 0.6999999881
40954  -29.711  -41.468  0.236 0.3000000119
133899  -30.918  -41.765  0.411 0.3000000119
132291  -31.668  -42.668  0.754 0.5000000000
40102  -36.126  -41.997  -1.953 0.6999999881
40122  -36.269  -41.833  -2.967 0.6999999881
40077  -28.668  -42.245  0.196 0.3000000119
41910  -30.942  -40.924  0.501 0.3000000119
41008  -36.384  -40.961  -3.164 0.6999999881
41909  -30.074  -40.801  0.421 0.3000000119
43819  -36.232  -38.972  -3.949 0.6999999881
43844  -31.554  -37.821  -6.268 0.8000000119
42885  -32.699  -38.686  -5.876 0.6999999881
43829  -35.132  -38.790  -4.910 0.6999999881
43845  -32.408  -37.938  -5.911 0.6999999881
44768  -33.801  -37.507  -5.580 0.6999999881
44769  -34.513  -37.472  -5.226 0.6999999881
46800  -30.363  -35.824  -10.707 0.8000000119
45729  -30.842  -36.409  -8.286 0.8000000119
44779  -32.265  -37.399  -6.299 0.6999999881
44780  -33.601  -37.006  -6.049 0.8000000119
45766  -29.720  -35.979  -11.014 0.8000000119
45718  -33.946  -36.246  -7.256 0.8000000119
45768  -31.611  -36.527  -10.633 0.8000000119
46758  -32.607  -35.946  -8.366 0.8000000119
47782  -34.896  -34.965  -8.529 0.8000000119
45769  -32.742  -37.032  -10.605 0.8000000119
142591  -33.760  -37.813  -10.906 0.8000000119
125066  -32.277  -35.689  -10.290 0.8000000119
47808  -33.770  -34.537  -9.975 0.8000000119
47822  -34.805  -33.993  -10.139 0.8000000119
47797  -35.243  -34.201  -9.036 0.8000000119
45786  -34.964  -37.281  -11.540 0.8000000119
127192  -34.422  -35.439  -10.533 0.8000000119
46802  -35.103  -34.855  -10.610 0.8000000119
48831  -36.277  -33.113  -10.385 0.8000000119
45805  -35.176  -37.556  -14.274 0.8000000119
38263  -32.319  -44.660  1.439 0.6000000238
39183  -33.433  -43.777  0.805 0.6000000238
39165  -30.565  -43.548  1.340 0.5000000000
40081  -32.379  -42.352  0.616 0.5000000000
40083  -34.338  -42.549  0.331 0.6999999881
40095  -35.670  -42.472  -1.111 0.6999999881
128015  -34.930  -42.096  0.011 0.6999999881
126603  -35.388  -42.062  -0.521 0.6999999881
40978  -35.781  -41.516  -0.968 0.6999999881
40970  -35.134  -41.474  -0.134 0.6999999881
41908  -29.244  -40.767  0.281 0.3000000119
43744  -31.825  -38.642  1.450 0.3000000119
40979  -36.194  -41.026  -1.686 0.6999999881
41951  -36.423  -40.385  -2.366 0.6999999881
45615  -29.296  -37.012  1.366 0.3000000119
44693  -30.163  -37.768  1.510 0.3000000119
134217  -30.770  -38.021  1.534 0.3000000119
44694  -31.422  -37.914  1.526 0.3000000119
45637  -28.645  -36.153  0.735 0.3000000119
42874  -35.792  -39.329  -4.488 0.6999999881
43818  -35.726  -38.406  -4.380 0.6999999881
134890  -34.245  -36.608  -6.446 0.8000000119
46760  -34.474  -35.674  -7.956 0.8000000119
128308  -34.517  -36.838  -10.963 0.8000000119
45770  -35.263  -36.061  -11.067 0.8000000119
46823  -36.299  -35.612  -11.945 0.8000000119
46813  -35.873  -35.351  -11.262 0.8000000119
47832  -36.376  -34.659  -11.481 0.8000000119
48839  -36.827  -33.972  -11.757 0.8000000119
48821  -35.578  -33.549  -10.225 0.8000000119
45806  -35.473  -36.662  -13.639 0.8000000119
47839  -36.646  -34.797  -12.353 0.8000000119
46831  -34.902  -36.582  -14.802 0.8000000119
46860  -34.101  -35.197  -15.927 0.6999999881
46850  -34.591  -35.820  -15.574 0.6000000238
40082  -33.319  -42.822  0.632 0.6000000238
41914  -34.568  -40.749  0.290 0.6000000238
42818  -32.143  -39.418  1.245 0.4000000060
137434  -34.494  -39.933  0.512 0.6000000238
41927  -35.426  -40.745  -0.363 0.6999999881
40971  -35.958  -40.721  -0.988 0.6999999881
43764  -34.419  -38.615  1.012 0.4000000060
42842  -36.202  -39.506  -1.090 0.6999999881
42853  -36.413  -39.665  -1.817 0.6999999881
41959  -36.437  -40.105  -3.301 0.6999999881
45641  -32.865  -36.642  1.376 0.3000000119
43765  -35.122  -38.431  0.541 0.4000000060
131908  -36.068  -38.862  -0.615 0.6000000238
43810  -36.540  -38.549  -2.497 0.6999999881
42870  -36.419  -39.411  -3.472 0.6999999881
44760  -36.480  -37.369  -3.248 0.6999999881
44763  -35.758  -37.499  -4.388 0.6999999881
45690  -36.127  -36.688  -4.646 0.6999999881
135202  -32.909  -36.952  -6.426 0.8000000119
46761  -35.354  -35.500  -7.621 0.8000000119
47810  -34.853  -33.829  -9.922 0.8000000119
48811  -36.347  -33.430  -8.893 0.8000000119
47823  -35.694  -34.255  -10.742 0.8000000119
48840  -36.813  -33.089  -11.145 0.8000000119
46839  -35.534  -35.701  -14.131 0.8000000119
47847  -36.435  -34.721  -13.303 0.8000000119
48846  -36.933  -33.949  -12.722 0.8000000119
48851  -37.274  -33.119  -13.023 0.8000000119
48850  -36.673  -33.754  -13.534 0.8000000119
46862  -35.298  -35.542  -16.328 0.6000000238
46838  -34.574  -35.703  -15.098 0.8000000119
48884  -34.555  -34.344  -16.443 0.6000000238
47867  -33.811  -34.800  -15.931 0.6999999881
49946  -33.318  -32.649  -16.329 0.6999999881
136869  -33.601  -41.113  0.516 0.6000000238
41915  -35.129  -39.983  0.076 0.6000000238
43762  -32.810  -38.582  1.454 0.3000000119
127827  -35.789  -39.988  -0.617 0.6000000238
44713  -32.879  -37.533  1.531 0.3000000119
44715  -34.669  -37.794  1.000 0.3000000119
135291  -34.868  -37.131  0.882 0.3000000119
44716  -35.305  -37.598  0.512 0.5000000000
43803  -36.453  -38.708  -1.574 0.6999999881
46702  -31.481  -35.040  -0.330 0.3000000119
149618  -32.894  -35.785  0.810 0.3000000119
45664  -36.417  -36.354  -0.828 0.4000000060
44754  -36.618  -37.171  -2.546 0.6999999881
47750  -31.098  -34.642  -0.898 0.3000000119
45687  -36.712  -36.585  -3.186 0.6000000238
46738  -36.705  -35.877  -4.947 0.6000000238
128955  -36.655  -36.305  -4.076 0.6000000238
45706  -36.048  -36.009  -6.192 0.8000000119
46744  -36.602  -35.614  -5.808 0.6999999881
46739  -37.260  -35.103  -4.950 0.6000000238
46751  -35.714  -35.852  -6.825 0.8000000119
46753  -36.853  -35.089  -6.281 0.6999999881
147895  -36.943  -35.404  -5.368 0.6999999881
47783  -35.740  -34.805  -8.094 0.8000000119
46762  -36.129  -35.236  -7.302 0.8000000119
47785  -37.142  -34.164  -7.270 0.6999999881
47779  -37.325  -34.442  -6.360 0.6999999881
48822  -36.097  -33.161  -9.679 0.8000000119
48798  -36.784  -33.818  -8.082 0.8000000119
48812  -37.007  -33.126  -8.552 0.6999999881
48799  -37.403  -33.376  -7.685 0.6999999881
142312  -36.710  -32.705  -10.437 0.8000000119
49870  -36.539  -32.721  -9.828 0.8000000119
50898  -37.529  -31.868  -8.993 0.6999999881
49859  -37.588  -32.495  -8.210 0.6999999881
45787  -35.654  -36.351  -11.686 0.8000000119
46832  -36.235  -35.685  -12.920 0.8000000119
48847  -37.239  -33.275  -12.109 0.8000000119
129889  -37.135  -32.390  -10.789 0.8000000119
47857  -35.960  -34.515  -14.120 0.8000000119
49911  -37.252  -32.567  -13.502 0.8000000119
144582  -37.471  -32.676  -12.349 0.8000000119
45799  -35.768  -36.541  -12.506 0.8000000119
48860  -35.072  -34.103  -14.626 0.8000000119
49922  -36.696  -32.487  -14.153 0.8000000119
50955  -36.924  -31.605  -14.250 0.8000000119
47856  -34.612  -35.053  -14.854 0.8000000119
48871  -33.196  -33.520  -15.665 0.6999999881
125290  -35.198  -33.514  -16.588 0.6000000238
125288  -35.324  -32.698  -16.620 0.6000000238
48859  -33.819  -34.444  -15.497 0.8000000119
48883  -33.219  -33.453  -16.011 0.6999999881
43787  -36.261  -37.998  -0.635 0.5000000000
45642  -33.745  -36.435  1.221 0.3000000119
45644  -35.362  -36.707  0.470 0.4000000060
44733  -36.335  -37.144  -0.713 0.5000000000
128267  -36.578  -37.839  -2.069 0.6000000238
46676  -34.051  -35.741  0.780 0.3000000119
137739  -36.588  -36.951  -1.580 0.5000000000
45682  -36.780  -36.363  -2.224 0.6000000238
47723  -34.057  -34.470  -0.095 0.3000000119
47724  -34.978  -34.555  -0.101 0.3000000119
46728  -37.029  -35.799  -2.762 0.6000000238
132022  -30.857  -34.110  -1.456 0.3000000119
48740  -33.555  -33.844  -0.682 0.3000000119
47751  -36.058  -34.387  -0.753 0.3000000119
48739  -32.546  -33.903  -0.964 0.3000000119
134362  -37.455  -34.848  -4.100 0.6000000238
148713  -30.649  -33.657  -1.826 0.3000000119
47776  -37.543  -34.403  -5.461 0.6999999881
48793  -37.673  -33.626  -6.814 0.6999999881
50936  -37.868  -31.605  -12.641 0.8000000119
50921  -37.392  -31.854  -10.297 0.6999999881
50908  -37.636  -31.480  -9.680 0.6999999881
50929  -37.630  -31.796  -11.218 0.6999999881
50945  -37.462  -31.782  -13.547 0.8000000119
51944  -37.986  -30.959  -13.105 0.6999999881
129810  -35.521  -33.045  -14.525 0.8000000119
50954  -35.831  -31.900  -14.572 0.6999999881
129235  -37.483  -30.926  -13.905 0.6000000238
126332  -36.829  -31.356  -16.511 0.6000000238
126540  -34.006  -33.553  -14.960 0.6999999881
49934  -32.914  -32.677  -15.499 0.6999999881
50952  -33.306  -32.424  -14.981 0.6999999881
125734  -33.547  -31.769  -16.639 0.6999999881
50976  -34.342  -32.278  -16.683 0.6999999881
49933  -32.876  -32.701  -15.882 0.6999999881
55023  -31.589  -27.801  -16.549 0.5000000000
55024  -32.545  -27.743  -17.220 0.5000000000
46729  -37.240  -35.027  -2.565 0.6000000238
46734  -37.277  -35.290  -3.363 0.6000000238
47768  -37.476  -34.506  -3.270 0.6000000238
143323  -37.713  -34.039  -4.081 0.6000000238
48790  -37.867  -33.710  -5.941 0.6999999881
48791  -38.252  -32.881  -5.581 0.6999999881
49835  -37.950  -32.835  -7.193 0.6999999881
49802  -28.718  -32.311  -2.873 0.3000000119
48794  -38.082  -33.086  -6.405 0.6999999881
49860  -37.897  -31.705  -8.324 0.6999999881
128596  -36.629  -30.909  -14.453 0.6999999881
50930  -38.098  -31.056  -11.414 0.6999999881
50922  -37.868  -31.147  -10.499 0.6000000238
50937  -38.189  -30.967  -12.258 0.6999999881
49921  -34.321  -32.658  -14.773 0.6999999881
50953  -34.254  -31.764  -14.794 0.6999999881
125047  -35.422  -30.923  -14.728 0.6999999881
51959  -35.110  -30.111  -14.909 0.6000000238
51972  -32.945  -30.922  -15.189 0.6999999881
125702  -35.630  -31.774  -16.650 0.6000000238
50977  -36.534  -32.237  -16.519 0.5000000000
145112  -32.913  -31.386  -16.475 0.6999999881
52995  -32.369  -29.986  -16.544 0.6999999881
52996  -33.361  -30.087  -17.136 0.6999999881
54043  -33.924  -28.799  -17.447 0.6000000238
47765  -37.286  -34.249  -2.466 0.5000000000
48774  -37.122  -33.426  -2.262 0.4000000060
125454  -37.615  -33.531  -3.172 0.5000000000
48783  -38.006  -33.229  -4.108 0.6000000238
49821  -37.839  -32.657  -3.483 0.5000000000
49830  -38.412  -32.054  -5.576 0.6000000238
49820  -29.422  -31.961  -3.055 0.3000000119
49843  -38.122  -31.936  -7.515 0.6999999881
50899  -37.965  -31.095  -8.950 0.6000000238
50887  -38.224  -31.073  -7.948 0.6000000238
50909  -37.976  -30.908  -9.760 0.6000000238
51961  -37.276  -30.133  -14.181 0.6000000238
51939  -38.368  -30.340  -11.737 0.6000000238
50966  -34.024  -30.944  -14.894 0.6999999881
51960  -36.300  -30.098  -14.617 0.6000000238
51952  -37.934  -30.199  -13.431 0.6000000238
124786  -33.809  -30.193  -15.145 0.6999999881
132017  -34.870  -29.289  -15.163 0.6000000238
51970  -32.141  -30.472  -15.932 0.6999999881
53007  -33.931  -29.469  -17.383 0.6999999881
124579  -35.134  -30.390  -16.967 0.6000000238
54033  -36.320  -28.958  -16.702 0.5000000000
52997  -34.535  -29.802  -17.253 0.6000000238
138774  -35.507  -29.623  -16.948 0.6000000238
55013  -35.746  -28.155  -16.967 0.5000000000
54031  -31.982  -29.269  -16.631 0.6000000238
53008  -34.546  -29.114  -17.359 0.5000000000
53006  -33.060  -29.411  -17.231 0.5000000000
55025  -33.970  -27.773  -17.482 0.5000000000
55026  -35.193  -27.420  -17.330 0.5000000000
134771  -33.399  -26.700  -17.504 0.5000000000
137593  -33.110  -25.419  -17.663 0.5000000000
49810  -37.396  -32.688  -2.747 0.4000000060
50844  -37.542  -31.488  -3.213 0.4000000060
49790  -34.483  -32.071  -1.784 0.4000000060
49828  -38.372  -32.270  -4.900 0.6000000238
131187  -29.850  -31.396  -3.440 0.3000000119
50841  -31.285  -31.568  -3.172 0.3000000119
50821  -32.515  -31.599  -2.796 0.3000000119
128634  -38.431  -31.058  -6.896 0.6000000238
51875  -31.058  -30.266  -4.636 0.3000000119
51914  -38.352  -30.274  -8.486 0.6000000238
52959  -38.526  -29.682  -11.096 0.5000000000
51923  -38.268  -30.336  -9.434 0.6000000238
52971  -37.740  -29.419  -13.720 0.6000000238
52972  -38.289  -29.499  -12.965 0.6000000238
52978  -36.017  -29.311  -14.822 0.6000000238
52965  -38.488  -29.566  -12.073 0.6000000238
54009  -36.702  -28.560  -14.509 0.6000000238
54021  -34.567  -28.311  -15.325 0.6000000238
52985  -31.641  -29.618  -16.006 0.6999999881
54041  -31.615  -28.528  -16.582 0.5000000000
54042  -32.850  -28.602  -17.267 0.5000000000
56010  -32.011  -26.827  -17.125 0.5000000000
141907  -35.985  -32.121  -1.843 0.4000000060
50845  -37.973  -31.929  -3.651 0.4000000060
50825  -37.171  -31.935  -2.675 0.4000000060
49822  -38.193  -32.461  -4.184 0.5000000000
51857  -36.652  -30.341  -3.106 0.4000000060
50862  -38.274  -31.683  -4.296 0.4000000060
50875  -38.451  -31.453  -5.030 0.4000000060
50881  -38.491  -31.297  -5.878 0.5000000000
128033  -31.371  -30.807  -3.745 0.3000000119
51876  -31.925  -30.178  -4.491 0.3000000119
51839  -32.786  -30.962  -3.263 0.4000000060
51902  -38.556  -30.080  -6.797 0.4000000060
52865  -32.443  -29.686  -5.090 0.3000000119
52850  -34.179  -30.011  -3.555 0.4000000060
52939  -38.547  -29.507  -9.029 0.5000000000
128808  -38.464  -30.220  -7.549 0.6000000238
52950  -38.500  -29.661  -10.090 0.5000000000
53988  -38.638  -28.788  -11.531 0.5000000000
54001  -37.472  -28.645  -13.954 0.6000000238
54958  -38.580  -28.036  -11.983 0.5000000000
54022  -35.754  -28.473  -14.987 0.6000000238
55003  -35.521  -27.749  -15.032 0.6000000238
54019  -32.063  -28.638  -15.669 0.6000000238
55001  -33.513  -27.591  -15.429 0.6000000238
54018  -31.182  -29.010  -15.995 0.5000000000
54030  -31.158  -29.027  -15.966 0.5000000000
55012  -31.253  -28.252  -16.031 0.5000000000
137221  -31.316  -26.549  -16.567 0.5000000000
56991  -32.012  -25.450  -17.197 0.5000000000
49808  -36.500  -31.715  -2.381 0.4000000060
51859  -37.987  -31.150  -3.781 0.4000000060
51878  -38.290  -30.820  -4.444 0.4000000060
51888  -38.491  -30.533  -5.223 0.4000000060
52852  -37.308  -29.892  -3.594 0.4000000060
52886  -38.508  -29.586  -5.442 0.4000000060
52901  -38.624  -29.411  -6.308 0.4000000060
52864  -31.646  -29.855  -5.645 0.3000000119
127236  -38.803  -28.648  -8.567 0.4000000060
52916  -38.653  -29.395  -7.162 0.5000000000
52881  -31.023  -29.895  -6.584 0.3000000119
130107  -38.864  -28.093  -10.044 0.4000000060
54966  -38.302  -28.158  -12.762 0.5000000000
55926  -38.486  -27.266  -11.591 0.4000000060
54010  -37.160  -28.001  -14.157 0.6000000238
54975  -37.725  -27.905  -13.461 0.5000000000
54965  -38.136  -27.392  -12.541 0.5000000000
55002  -34.841  -27.299  -15.170 0.6000000238
54986  -35.660  -27.122  -14.702 0.5000000000
54974  -37.018  -27.397  -13.934 0.5000000000
54999  -31.377  -28.080  -15.957 0.5000000000
55000  -32.137  -27.573  -15.625 0.6000000238
55985  -34.236  -26.669  -15.127 0.6000000238
55986  -35.043  -26.742  -14.832 0.6000000238
55984  -33.025  -26.615  -15.347 0.6000000238
54998  -31.220  -27.323  -16.190 0.5000000000
56984  -31.054  -25.960  -16.434 0.5000000000
57961  -33.023  -23.934  -18.142 0.5000000000
55983  -31.539  -26.802  -15.692 0.5000000000
137327  -28.972  -27.667  -6.625 0.3000000119
130666  -30.590  -27.264  -6.415 0.4000000060
55844  -30.913  -26.539  -6.311 0.4000000060
55963  -33.699  -26.044  -14.867 0.5000000000
136616  -28.577  -25.952  -6.388 0.4000000060
56933  -34.455  -25.822  -13.090 0.5000000000
55923  -35.924  -25.988  -12.726 0.5000000000
56969  -31.126  -25.787  -15.279 0.5000000000
56953  -34.148  -25.774  -14.087 0.5000000000
55982  -30.859  -26.398  -15.936 0.5000000000
56968  -30.433  -25.605  -15.730 0.6000000238
142138  -32.192  -24.000  -17.621 0.5000000000
57952  -31.122  -24.750  -16.739 0.6000000238
57951  -30.268  -23.662  -16.518 0.5000000000
57960  -31.489  -22.862  -17.616 0.6000000238
56857  -30.331  -25.752  -6.335 0.4000000060
141835  -32.696  -26.637  -6.395 0.4000000060
56970  -32.494  -25.918  -15.125 0.5000000000
131907  -31.914  -25.470  -14.649 0.5000000000
143174  -30.280  -25.285  -15.006 0.5000000000
56950  -30.089  -24.744  -14.537 0.5000000000
138144  -31.764  -25.207  -13.535 0.5000000000
56982  -30.064  -24.909  -15.894 0.5000000000
56967  -29.749  -24.837  -15.213 0.5000000000
59982  -31.006  -21.271  -17.451 0.4000000060
58966  -29.663  -23.019  -16.270 0.5000000000
58967  -30.362  -22.098  -17.139 0.5000000000
136627  -31.325  -24.903  -6.421 0.4000000060
146199  -29.222  -24.376  -6.458 0.4000000060
56952  -32.946  -25.490  -14.248 0.5000000000
56921  -34.918  -25.825  -12.359 0.4000000060
57920  -29.374  -24.151  -14.970 0.4000000060
58938  -29.517  -23.334  -15.062 0.4000000060
59974  -29.924  -22.227  -16.382 0.5000000000
60973  -30.799  -21.034  -17.009 0.3000000119
56919  -32.618  -25.728  -12.104 0.4000000060
57897  -29.858  -24.113  -14.455 0.4000000060
59952  -30.288  -22.191  -15.325 0.5000000000
148059  -30.740  -21.379  -15.831 0.4000000060
58918  -30.711  -23.840  -13.892 0.4000000060
59955  -33.578  -21.715  -14.812 0.4000000060
58939  -30.176  -23.315  -14.567 0.4000000060
59953  -31.484  -21.435  -15.261 0.4000000060
58899  -31.880  -23.892  -12.541 0.4000000060
138916  -32.821  -21.241  -14.424 0.4000000060
135324  -32.840  -21.347  -15.054 0.4000000060
59937  -33.507  -20.923  -13.994 0.4000000060
59956  -34.269  -21.911  -14.190 0.4000000060
58919  -31.608  -23.185  -13.509 0.4000000060
59935  -32.106  -21.747  -14.162 0.3000000119
135654  -32.856  -21.202  -13.742 0.4000000060
59915  -32.417  -22.336  -13.260 0.4000000060
58900  -32.738  -22.950  -12.365 0.4000000060
59936  -33.443  -20.801  -13.607 0.4000000060
59938  -34.756  -21.371  -13.506 0.4000000060
60954  -33.864  -20.518  -13.382 0.5000000000
59916  -33.039  -21.258  -13.159 0.4000000060
60937  -33.676  -20.541  -13.175 0.4000000060
34537  -23.528  -48.425  -8.460 0.6999999881
143737  -30.879  -50.783  -9.254 0.6999999881
27798  -27.110  -55.000  -4.298 0.6000000238
30588  -32.607  -52.488  -5.673 0.6999999881
34542  -31.501  -48.703  -9.049 0.8000000119
139621  -32.822  -50.042  -7.676 0.8000000119
31492  -30.788  -51.596  -3.418 0.6000000238
31494  -32.206  -51.462  -3.728 0.6000000238
36441  -31.596  -46.439  -7.789 0.8000000119
32496  -23.590  -49.628  -4.944 0.4000000060
42937  -23.962  -39.366  -9.106 0.8000000119
33451  -32.087  -49.598  -2.225 0.6000000238
30539  -26.327  -51.413  -3.205 0.5000000000
131393  -34.773  -47.021  -4.847 0.8000000119
33452  -34.232  -48.564  -2.821 0.8000000119
129777  -23.678  -49.983  0.062 0.4000000060
33436  -29.131  -49.463  -0.940 0.6000000238
130210  -26.430  -50.481  0.510 0.5000000000
33412  -28.656  -49.231  0.681 0.6000000238
35405  -33.218  -47.713  -0.092 0.6999999881
42882  -29.908  -39.487  -6.458 0.6999999881
37342  -35.251  -45.677  -1.257 0.6999999881
38277  -33.139  -44.684  1.172 0.6999999881
47795  -33.887  -34.446  -9.903 0.8000000119
40094  -35.209  -42.688  -0.310 0.6999999881
45694  -35.222  -36.957  -5.047 0.6999999881
45695  -36.040  -36.327  -5.486 0.6999999881
42841  -35.525  -39.176  -0.065 0.6000000238
126422  -36.279  -37.083  -3.878 0.6999999881
41913  -33.689  -40.271  0.718 0.6000000238
44732  -35.892  -37.362  -0.028 0.5000000000
48757  -36.884  -34.138  -1.749 0.4000000060
149739  -38.405  -30.086  -10.602 0.6000000238
51858  -37.437  -30.715  -3.385 0.4000000060
52871  -38.307  -29.916  -4.666 0.4000000060
57898  -30.792  -24.531  -13.915 0.4000000060
33556  -22.123  -49.175  -10.173 0.5000000000
35523  -23.891  -47.684  -10.533 0.5000000000
30630  -23.721  -52.030  -9.505 0.6999999881
37451  -26.989  -44.980  -11.139 0.5000000000
38415  -26.427  -44.336  -10.606 0.6999999881
138955  -29.460  -50.680  -10.168 0.6999999881
32556  -29.014  -50.055  -10.292 0.6999999881
35500  -24.450  -47.764  -8.607 0.6999999881
143678  -25.175  -47.266  -8.767 0.6999999881
38359  -24.503  -43.923  -7.692 0.6999999881
36437  -24.550  -45.979  -8.249 0.6999999881
39326  -26.802  -43.644  -10.385 0.6999999881
143774  -30.363  -44.032  -9.823 0.5000000000
39311  -28.958  -43.500  -9.558 0.6000000238
40182  -31.278  -43.132  -8.616 0.5000000000
133648  -28.548  -53.748  -3.820 0.6000000238
35515  -28.473  -47.811  -9.705 0.6999999881
134074  -26.687  -42.448  -9.391 0.6999999881
134578  -30.399  -54.082  -3.718 0.6000000238
32542  -31.308  -50.241  -9.087 0.8000000119
35516  -29.372  -47.838  -9.594 0.6999999881
39316  -34.460  -43.857  -9.064 0.4000000060
32513  -32.957  -51.203  -6.729 0.8000000119
30556  -28.331  -52.835  -4.179 0.6000000238
30554  -26.862  -52.666  -5.084 0.6000000238
139043  -24.572  -40.612  -9.389 0.8000000119
130865  -24.101  -53.034  -5.580 0.5000000000
36440  -30.316  -45.976  -7.932 0.8000000119
33492  -33.902  -49.971  -5.395 0.6999999881
30587  -27.065  -51.639  -5.173 0.6000000238
131562  -33.469  -48.207  -7.271 0.8000000119
135108  -27.981  -44.635  -7.534 0.8000000119
41057  -30.993  -41.217  -8.171 0.6999999881
139475  -34.496  -42.284  -8.304 0.6000000238
41040  -26.490  -41.613  -7.044 0.8999999762
42897  -24.375  -39.409  -7.748 0.8000000119
41061  -34.996  -41.462  -8.209 0.6000000238
39330  -37.773  -43.017  -9.704 0.4000000060
31520  -23.580  -49.598  -4.483 0.3000000119
31554  -25.595  -50.589  -5.491 0.5000000000
32495  -22.833  -49.643  -4.989 0.4000000060
40161  -28.367  -43.059  -6.658 0.8999999762
131806  -26.872  -39.486  -8.904 0.8000000119
32437  -30.668  -49.783  -2.661 0.6000000238
33470  -34.266  -48.805  -3.441 0.8000000119
32455  -28.319  -48.989  -3.589 0.5000000000
32497  -25.100  -49.345  -4.977 0.4000000060
32481  -25.803  -48.992  -4.462 0.5000000000
32482  -26.515  -48.962  -4.614 0.5000000000
39250  -30.400  -43.104  -6.354 0.8000000119
134963  -34.609  -40.721  -8.121 0.6999999881
42942  -37.575  -39.926  -9.917 0.6000000238
42049  -38.778  -40.980  -11.693 0.4000000060
30538  -25.603  -51.955  -3.376 0.5000000000
33446  -27.982  -48.848  -3.381 0.5000000000
32454  -26.547  -48.944  -3.775 0.5000000000
35443  -35.108  -47.103  -3.279 0.6999999881
30524  -26.646  -52.687  -1.674 0.5000000000
31475  -27.668  -51.385  -1.656 0.6000000238
31478  -27.030  -51.565  -2.623 0.5000000000
33448  -29.132  -48.884  -2.541 0.5000000000
31488  -26.870  -50.092  -3.198 0.5000000000
32436  -28.650  -49.454  -1.941 0.6000000238
32432  -28.156  -50.735  -1.327 0.6000000238
31489  -27.506  -49.144  -3.199 0.5000000000
33423  -23.108  -49.274  -0.175 0.4000000060
37376  -35.237  -45.800  -3.943 0.6999999881
41975  -28.687  -40.641  -6.500 0.8000000119
43838  -25.370  -37.788  -7.831 0.8999999762
32427  -27.982  -50.787  -0.567 0.6000000238
142529  -28.933  -49.465  -1.414 0.6000000238
32428  -28.472  -50.124  -0.318 0.6000000238
33409  -25.867  -49.289  0.840 0.4000000060
33411  -27.874  -49.606  0.818 0.5000000000
33403  -27.381  -49.033  1.235 0.5000000000
38337  -34.790  -44.715  -4.650 0.6999999881
35391  -25.590  -47.555  0.903 0.4000000060
34399  -26.926  -48.323  1.396 0.5000000000
34400  -27.868  -48.330  1.519 0.5000000000
40145  -32.000  -42.483  -5.905 0.6999999881
44807  -25.687  -36.918  -9.196 0.8000000119
43949  -36.790  -39.150  -13.115 0.6999999881
34416  -29.852  -48.473  0.600 0.6999999881
34417  -30.547  -48.274  0.322 0.6999999881
34415  -29.183  -48.709  0.831 0.6000000238
144585  -35.546  -43.899  -3.598 0.6999999881
40134  -34.979  -43.038  -4.826 0.6999999881
142587  -34.292  -38.620  -10.051 0.8000000119
35380  -30.760  -47.495  1.348 0.6000000238
34401  -28.619  -48.614  1.233 0.6000000238
33404  -28.084  -49.022  1.184 0.5000000000
38257  -26.988  -44.964  1.398 0.3000000119
143187  -33.969  -42.052  -5.472 0.6999999881
40135  -35.452  -42.582  -4.406 0.6999999881
133810  -27.879  -44.662  1.680 0.3000000119
43893  -32.174  -38.459  -10.185 0.8999999762
43914  -34.557  -38.555  -10.662 0.8000000119
43913  -33.799  -38.402  -10.707 0.8000000119
43958  -35.267  -38.810  -13.218 0.6000000238
42991  -36.284  -39.054  -14.001 0.6000000238
43963  -35.473  -38.652  -14.046 0.6000000238
44876  -35.183  -38.320  -13.710 0.8000000119
36321  -29.541  -46.759  2.120 0.6000000238
36340  -32.935  -46.416  1.225 0.6999999881
36320  -29.034  -46.008  2.293 0.5000000000
38260  -29.991  -44.215  1.862 0.4000000060
41030  -34.628  -41.368  -5.300 0.6999999881
147537  -30.948  -37.882  -6.380 0.8000000119
135674  -33.932  -39.808  -5.593 0.6999999881
44845  -33.031  -38.120  -10.688 0.8000000119
39182  -31.812  -43.326  1.097 0.5000000000
41007  -36.139  -41.489  -3.773 0.6999999881
40078  -29.391  -42.028  0.215 0.3000000119
41982  -35.196  -40.649  -5.093 0.6999999881
41017  -36.246  -40.625  -3.910 0.6999999881
143529  -34.699  -40.020  -5.358 0.6999999881
41965  -35.813  -40.217  -4.520 0.6999999881
44770  -35.057  -37.839  -4.804 0.6999999881
44793  -30.867  -37.000  -7.166 0.8000000119
44778  -31.562  -37.201  -6.685 0.8000000119
129992  -32.252  -36.447  -7.636 0.8000000119
40079  -30.179  -42.123  0.374 0.3000000119
40992  -36.325  -41.246  -2.437 0.6999999881
40955  -30.383  -41.441  0.357 0.3000000119
40956  -32.308  -41.539  0.520 0.5000000000
142613  -31.494  -41.453  0.473 0.4000000060
42875  -36.255  -39.789  -3.999 0.6999999881
42815  -29.590  -40.076  0.734 0.3000000119
44764  -36.208  -38.023  -3.721 0.6999999881
40957  -34.345  -41.641  0.314 0.6000000238
44695  -32.156  -37.946  1.533 0.3000000119
45617  -30.843  -37.173  1.435 0.3000000119
45618  -31.914  -37.072  1.444 0.3000000119
47878  -33.937  -34.871  -16.085 0.6999999881
42819  -34.097  -39.433  0.932 0.6000000238
42820  -34.829  -39.263  0.524 0.6000000238
43763  -33.716  -38.839  1.291 0.4000000060
42862  -36.515  -39.385  -2.631 0.6999999881
43815  -36.473  -38.736  -3.237 0.6999999881
49893  -37.373  -32.568  -11.608 0.8000000119
49947  -34.048  -33.385  -16.501 0.6000000238
44714  -33.827  -37.944  1.440 0.3000000119
138421  -33.118  -39.592  1.119 0.5000000000
141589  -34.267  -37.141  1.274 0.3000000119
43786  -35.747  -38.228  0.013 0.5000000000
130955  -36.477  -37.716  -1.293 0.5000000000
46703  -33.493  -35.088  0.292 0.3000000119
45676  -36.643  -36.146  -1.481 0.5000000000
46733  -36.989  -35.924  -3.507 0.6000000238
47778  -36.769  -34.865  -6.923 0.8000000119
47773  -37.600  -34.420  -4.740 0.6000000238
145145  -37.309  -32.016  -9.632 0.6999999881
144245  -33.816  -30.808  -16.962 0.6999999881
46677  -34.979  -35.854  0.565 0.3000000119
47722  -33.009  -34.483  -0.343 0.3000000119
46705  -35.454  -35.279  0.052 0.3000000119
126440  -31.308  -33.540  -1.729 0.3000000119
48753  -33.066  -33.252  -1.318 0.3000000119
48787  -37.956  -33.676  -4.969 0.6000000238
50964  -32.583  -31.971  -15.698 0.6999999881
51971  -32.443  -31.045  -15.644 0.6999999881
48784  -38.237  -32.927  -4.756 0.6000000238
131436  -38.302  -32.206  -6.447 0.6999999881
51945  -38.286  -30.262  -12.599 0.6000000238
52986  -32.043  -30.132  -15.870 0.6999999881
51982  -35.973  -30.866  -16.706 0.5000000000
132238  -33.602  -29.380  -15.341 0.6000000238
54020  -33.231  -28.686  -15.451 0.6000000238
54032  -35.252  -29.021  -17.160 0.6000000238
56011  -34.617  -26.563  -17.525 0.4000000060
49809  -36.682  -32.601  -2.128 0.4000000060
50823  -34.561  -31.386  -2.307 0.4000000060
50842  -32.001  -31.251  -3.275 0.3000000119
51853  -30.433  -30.754  -3.923 0.3000000119
52928  -38.604  -29.440  -8.061 0.5000000000
53981  -38.709  -28.797  -10.569 0.5000000000
54002  -38.103  -28.728  -13.268 0.5000000000
52987  -32.667  -30.307  -15.432 0.5000000000
51894  -38.562  -30.317  -6.085 0.4000000060
127654  -32.935  -30.416  -3.701 0.4000000060
52866  -33.160  -29.531  -4.720 0.4000000060
126405  -38.755  -28.730  -9.567 0.5000000000
130123  -38.983  -27.800  -9.138 0.4000000060
55946  -37.390  -27.092  -13.249 0.5000000000
134149  -29.851  -27.650  -6.565 0.3000000119
55845  -31.806  -26.597  -6.334 0.4000000060
56859  -32.154  -25.935  -6.367 0.4000000060
59934  -31.106  -22.623  -14.405 0.4000000060
57886  -31.401  -24.356  -13.157 0.4000000060
128134  -34.026  -20.688  -13.653 0.4000000060
59900  -33.457  -21.871  -12.219 0.4000000060
59917  -35.316  -21.021  -13.079 0.3000000119
26829  -27.691  -56.533  -9.848 0.5000000000
27878  -26.396  -55.955  -10.414 0.5000000000
24816  -29.968  -58.722  -7.092 0.4000000060
131471  -29.305  -57.988  -8.316 0.5000000000
25827  -28.746  -58.003  -8.815 0.5000000000
26830  -28.278  -56.833  -9.406 0.5000000000
27868  -27.373  -55.901  -10.175 0.6000000238
141237  -26.647  -54.412  -10.411 0.6000000238
25828  -29.676  -57.342  -8.087 0.5000000000
25819  -30.222  -57.352  -7.375 0.5000000000
26831  -28.968  -56.272  -9.024 0.5000000000
27869  -28.631  -55.421  -9.452 0.5000000000
25806  -30.540  -57.443  -6.577 0.5000000000
141684  -28.034  -54.145  -10.191 0.6000000238
29737  -27.084  -53.831  -10.415 0.6000000238
28808  -27.324  -54.520  -10.348 0.6000000238
132842  -26.701  -53.027  -10.402 0.6000000238
134556  -25.769  -52.837  -10.279 0.6000000238
30648  -26.411  -52.106  -10.294 0.6000000238
31609  -24.821  -51.739  -9.745 0.6000000238
31610  -25.035  -50.937  -9.647 0.6000000238
26815  -30.071  -56.682  -7.852 0.5000000000
27850  -29.343  -55.464  -8.894 0.5000000000
139884  -28.496  -54.738  -9.731 0.6000000238
143287  -30.558  -57.680  -5.600 0.5000000000
26806  -30.660  -56.597  -7.015 0.5000000000
132141  -27.725  -53.170  -10.368 0.6000000238
25760  -29.944  -57.202  -4.078 0.5000000000
26784  -30.721  -56.873  -5.111 0.5000000000
144180  -27.210  -52.506  -10.411 0.6000000238
31611  -25.713  -51.447  -10.001 0.6000000238
31594  -23.967  -51.187  -9.336 0.6000000238
131842  -29.741  -56.081  -8.393 0.5000000000
127621  -28.975  -54.136  -9.554 0.5000000000
26797  -30.885  -56.714  -6.028 0.5000000000
27838  -30.663  -55.117  -7.705 0.5000000000
129440  -30.414  -55.930  -7.719 0.5000000000
28796  -29.617  -54.698  -8.876 0.5000000000
29738  -28.518  -53.486  -10.059 0.6000000238
134516  -30.398  -56.839  -4.493 0.5000000000
26771  -31.003  -56.122  -5.314 0.5000000000
148014  -27.860  -52.416  -10.394 0.6000000238
128276  -29.174  -57.174  -3.650 0.5000000000
26752  -30.215  -56.363  -4.091 0.5000000000
30649  -27.374  -51.810  -10.374 0.6000000238
135517  -26.641  -51.051  -10.185 0.6000000238
31595  -24.293  -50.413  -9.259 0.6000000238
32540  -25.325  -50.110  -9.544 0.6000000238
26798  -31.178  -55.867  -6.084 0.5000000000
28798  -30.747  -53.839  -8.192 0.5000000000
29724  -29.955  -53.768  -8.941 0.6000000238
29739  -29.998  -52.784  -9.284 0.6000000238
128645  -29.225  -53.219  -9.689 0.6000000238
30651  -29.297  -52.334  -9.911 0.6000000238
26750  -28.682  -56.458  -3.527 0.5000000000
26749  -27.797  -56.225  -3.662 0.5000000000
32555  -25.816  -50.740  -9.867 0.6000000238
33534  -25.083  -49.287  -9.288 0.6000000238
27830  -31.428  -54.955  -6.263 0.5000000000
27839  -31.199  -54.754  -7.160 0.5000000000
29725  -30.620  -53.092  -8.596 0.6000000238
27799  -30.526  -55.673  -4.220 0.5000000000
27787  -30.004  -55.696  -3.745 0.5000000000
137407  -31.810  -54.146  -6.047 0.6000000238
28781  -31.325  -53.921  -7.437 0.5000000000
29726  -31.202  -53.216  -7.971 0.5000000000
30631  -30.670  -52.305  -8.886 0.6000000238
28739  -30.839  -55.108  -4.358 0.6000000238
28756  -31.616  -54.522  -5.356 0.6000000238
31614  -30.075  -51.896  -9.541 0.6000000238
137194  -29.733  -54.892  -3.624 0.5000000000
28724  -30.434  -54.997  -3.932 0.6000000238
26769  -27.041  -55.904  -4.094 0.4000000060
28740  -31.255  -54.834  -4.725 0.6000000238
140610  -32.118  -53.571  -5.913 0.6000000238
30608  -32.080  -52.835  -6.990 0.6000000238
29714  -31.633  -53.228  -7.384 0.5000000000
31597  -31.370  -51.878  -8.422 0.6000000238
135362  -30.188  -50.942  -9.725 0.6000000238
30616  -31.661  -52.543  -7.761 0.6999999881
41062  -35.828  -41.481  -8.410 0.5000000000
125570  -32.471  -43.097  0.864 0.5000000000
45705  -35.237  -36.450  -6.092 0.6000000238
131084  -34.886  -36.301  -15.693 0.5000000000
48885  -35.937  -33.985  -16.534 0.5000000000
60955  -34.270  -20.405  -13.236 0.4000000060
61945  -36.098  -19.870  -12.562 0.3000000119
61946  -37.188  -19.736  -12.623 0.3000000119
62965  -38.170  -19.200  -12.435 0.3000000119
23821  -29.740  -59.570  -6.814 0.4000000060
24843  -28.934  -58.626  -8.522 0.5000000000
25840  -28.289  -57.650  -9.280 0.5000000000
28806  -25.046  -54.139  -10.314 0.5000000000
24830  -30.247  -57.974  -7.026 0.4000000060
131464  -25.872  -54.876  -10.405 0.6000000238
28807  -26.045  -53.771  -10.389 0.6000000238
29736  -25.203  -53.376  -10.242 0.5000000000
30646  -24.720  -52.658  -9.946 0.5000000000
146803  -30.032  -59.265  -5.610 0.4000000060
24787  -30.248  -58.232  -4.929 0.5000000000
25759  -29.428  -58.048  -3.932 0.5000000000
25779  -30.022  -57.924  -4.395 0.5000000000
25758  -28.497  -57.701  -3.571 0.3000000119
128323  -25.528  -56.709  -4.780 0.4000000060
40198  -36.872  -42.254  -8.946 0.4000000060
40199  -37.479  -42.315  -9.401 0.4000000060
41073  -37.184  -41.514  -9.066 0.4000000060
41912  -32.806  -40.785  0.652 0.5000000000
147617  -32.985  -40.222  0.846 0.4000000060
46863  -36.276  -35.841  -16.360 0.5000000000
47881  -36.695  -34.520  -16.513 0.5000000000
49948  -36.286  -33.114  -16.530 0.5000000000
46721  -36.892  -35.509  -1.853 0.4000000060
63887  -38.087  -18.810  -12.699 0.3000000119
23822  -30.114  -59.059  -6.261 0.4000000060
30650  -28.533  -52.751  -10.208 0.6000000238
28722  -27.897  -55.045  -3.830 0.5000000000
27786  -29.210  -55.667  -3.540 0.6000000238
132994  -37.204  -35.246  -16.564 0.5000000000
147966  -28.614  -57.080  -3.542 0.4000000060
141884  -26.928  -55.127  -10.373 0.6000000238
24844  -29.493  -58.660  -7.898 0.4000000060
26813  -28.977  -57.262  -8.786 0.5000000000
130003  -27.875  -55.126  -10.087 0.6000000238
23803  -30.277  -58.600  -5.603 0.5000000000
28797  -30.338  -54.540  -8.315 0.5000000000
28780  -30.863  -54.438  -7.760 0.5000000000
26770  -30.665  -56.253  -4.632 0.5000000000
27816  -31.291  -55.328  -5.384 0.5000000000
60939  -34.936  -20.095  -12.659 0.4000000060
23782  -30.028  -58.997  -5.018 0.4000000060
29735  -24.347  -53.533  -10.058 0.4000000060
24786  -29.820  -58.574  -4.493 0.4000000060
148084  -24.607  -52.565  -3.475 0.4000000060
129950  -24.610  -51.304  -3.673 0.3000000119
150546  -24.639  -49.901  -3.835 0.4000000060
32480  -24.356  -49.387  -4.717 0.4000000060
29630  -25.615  -53.651  -2.429 0.4000000060
29641  -25.249  -52.996  -3.226 0.4000000060
28699  -23.583  -54.726  -0.640 0.4000000060
29619  -24.596  -53.927  -0.793 0.4000000060
28706  -25.153  -54.330  -2.137 0.4000000060
29626  -26.221  -53.260  -2.085 0.4000000060
136619  -21.218  -53.054  0.284 0.3000000119
29618  -23.035  -53.833  -0.150 0.3000000119
30514  -21.497  -52.151  0.229 0.4000000060
29620  -25.337  -53.616  -1.113 0.4000000060
137197  -22.145  -52.973  0.131 0.4000000060
141402  -22.329  -52.229  0.098 0.4000000060
139569  -22.964  -51.871  0.006 0.4000000060
141825  -23.879  -53.404  -0.329 0.5000000000
31463  -22.111  -51.433  0.051 0.4000000060
42817  -31.413  -40.046  0.956 0.3000000119
46678  -35.617  -36.014  0.209 0.3000000119
45663  -36.006  -36.552  -0.144 0.3000000119
46707  -36.494  -35.591  -0.985 0.3000000119
47726  -36.090  -35.077  -0.537 0.3000000119
47752  -36.587  -34.791  -1.251 0.3000000119
55964  -34.676  -26.279  -14.557 0.4000000060
49792  -35.989  -32.900  -1.453 0.3000000119
149622  -35.246  -31.850  -1.872 0.3000000119
55944  -36.007  -26.350  -13.617 0.4000000060
56954  -35.100  -26.017  -13.874 0.4000000060
50822  -33.473  -31.280  -2.716 0.3000000119
51855  -33.505  -30.552  -3.347 0.3000000119
55925  -37.533  -26.673  -12.505 0.4000000060
55924  -36.723  -26.103  -12.301 0.3000000119
147189  -35.314  -25.941  -13.131 0.4000000060
148502  -32.440  -25.501  -12.855 0.4000000060
125347  -32.032  -25.353  -12.415 0.3000000119
50824  -35.676  -31.448  -2.226 0.3000000119
51842  -36.221  -30.939  -2.599 0.3000000119
51840  -34.297  -30.665  -2.918 0.3000000119
51841  -35.258  -30.779  -2.608 0.3000000119
52851  -35.819  -29.780  -3.285 0.3000000119
52869  -37.035  -29.062  -3.800 0.3000000119
52870  -37.827  -29.441  -4.177 0.3000000119
130651  -34.942  -29.495  -3.689 0.3000000119
139860  -36.595  -29.601  -3.466 0.3000000119
52885  -38.314  -29.003  -4.885 0.3000000119
53924  -38.564  -28.573  -5.748 0.3000000119
52867  -34.041  -29.328  -4.332 0.3000000119
53949  -38.798  -28.630  -7.607 0.3000000119
53911  -33.498  -29.006  -5.210 0.3000000119
54913  -38.979  -27.853  -8.072 0.3000000119
53920  -32.363  -29.125  -6.315 0.3000000119
53934  -32.695  -28.516  -6.326 0.3000000119
54935  -38.849  -27.353  -10.021 0.3000000119
134812  -38.640  -26.959  -10.760 0.3000000119
56909  -37.878  -25.994  -11.004 0.3000000119
55843  -30.038  -26.590  -6.321 0.3000000119
55907  -38.247  -26.565  -11.312 0.3000000119
55906  -37.551  -26.245  -11.745 0.3000000119
136592  -29.748  -25.040  -6.406 0.3000000119
137643  -28.904  -25.113  -6.414 0.3000000119
56932  -33.376  -25.701  -13.061 0.3000000119
53915  -37.576  -28.533  -4.405 0.3000000119
52868  -35.904  -28.992  -3.772 0.3000000119
53914  -36.524  -28.285  -4.233 0.3000000119
53923  -38.176  -28.029  -5.004 0.3000000119
53935  -38.738  -28.617  -6.701 0.3000000119
134877  -34.887  -28.911  -4.250 0.3000000119
53913  -35.361  -28.312  -4.497 0.3000000119
142817  -37.197  -27.554  -4.716 0.3000000119
54882  -38.454  -27.575  -5.741 0.3000000119
134679  -38.726  -27.928  -6.361 0.3000000119
126040  -38.880  -27.860  -7.125 0.3000000119
53912  -34.333  -28.537  -4.981 0.3000000119
54874  -34.926  -27.831  -5.189 0.3000000119
54875  -35.909  -27.630  -4.765 0.3000000119
53919  -31.967  -29.033  -6.645 0.3000000119
53922  -33.662  -28.517  -5.606 0.3000000119
54878  -34.172  -27.985  -5.687 0.3000000119
138259  -38.957  -27.021  -9.276 0.3000000119
55894  -38.630  -26.485  -9.904 0.3000000119
144017  -32.351  -27.436  -6.431 0.3000000119
126034  -37.198  -25.790  -11.255 0.3000000119
56858  -31.308  -25.680  -6.338 0.3000000119
57820  -30.611  -24.987  -6.402 0.3000000119
55905  -36.700  -25.832  -11.692 0.3000000119
137335  -30.918  -24.311  -6.442 0.3000000119
56922  -35.741  -25.750  -11.835 0.3000000119
56920  -33.616  -25.901  -12.009 0.3000000119
56913  -32.797  -25.606  -11.535 0.3000000119
57887  -31.877  -24.892  -12.294 0.3000000119
54881  -37.911  -27.277  -5.236 0.3000000119
55831  -38.078  -26.649  -5.751 0.3000000119
54897  -38.711  -27.073  -6.554 0.3000000119
55827  -34.720  -27.312  -5.722 0.3000000119
138174  -36.231  -26.993  -5.180 0.3000000119
54880  -37.245  -26.764  -5.268 0.3000000119
132765  -38.924  -27.133  -7.574 0.3000000119
54895  -33.462  -28.205  -6.038 0.3000000119
54896  -33.992  -27.426  -6.101 0.3000000119
55882  -38.752  -26.437  -8.910 0.3000000119
56902  -37.408  -25.222  -9.673 0.3000000119
56903  -38.303  -25.733  -9.341 0.3000000119
136591  -32.037  -25.184  -6.449 0.3000000119
56908  -37.284  -25.548  -10.606 0.3000000119
57821  -31.755  -24.393  -6.510 0.3000000119
124690  -36.309  -25.538  -11.044 0.3000000119
58840  -31.329  -23.660  -6.523 0.3000000119
58841  -32.211  -23.729  -6.648 0.3000000119
142707  -35.264  -25.551  -11.100 0.3000000119
56915  -34.529  -25.713  -11.506 0.3000000119
56914  -33.463  -25.561  -11.095 0.3000000119
56912  -32.293  -25.321  -11.746 0.3000000119
55862  -38.239  -26.176  -6.517 0.3000000119
55847  -35.518  -25.999  -6.134 0.3000000119
56865  -37.585  -25.516  -6.550 0.3000000119
55863  -38.617  -26.409  -7.254 0.3000000119
55875  -38.757  -26.493  -8.059 0.3000000119
129871  -33.649  -26.631  -6.365 0.3000000119
56864  -36.692  -25.048  -6.609 0.3000000119
56895  -38.434  -25.817  -8.442 0.3000000119
56860  -32.977  -25.669  -6.516 0.3000000119
56861  -34.032  -25.694  -6.513 0.3000000119
56862  -34.904  -25.470  -6.487 0.3000000119
58842  -33.090  -23.696  -6.878 0.3000000119
57877  -35.603  -24.857  -9.695 0.3000000119
56907  -36.446  -25.170  -10.201 0.3000000119
59851  -31.791  -22.997  -6.670 0.3000000119
59852  -32.614  -23.032  -6.861 0.3000000119
132018  -35.393  -25.230  -10.440 0.3000000119
56906  -34.348  -25.386  -10.685 0.3000000119
57875  -33.408  -25.041  -10.339 0.3000000119
57881  -32.699  -25.080  -10.956 0.3000000119
57880  -32.304  -24.518  -11.612 0.3000000119
55848  -36.225  -25.625  -6.161 0.3000000119
131825  -37.501  -25.010  -7.278 0.3000000119
57861  -37.329  -24.750  -8.068 0.3000000119
132536  -33.557  -24.989  -6.662 0.3000000119
56863  -35.747  -25.185  -6.522 0.3000000119
57825  -36.019  -24.625  -6.933 0.3000000119
56894  -37.823  -25.173  -8.716 0.3000000119
57841  -33.644  -24.287  -6.876 0.3000000119
57871  -35.985  -24.592  -8.960 0.3000000119
60877  -32.130  -21.804  -7.012 0.3000000119
58860  -33.772  -23.659  -7.254 0.3000000119
59866  -31.470  -22.263  -6.781 0.3000000119
144330  -32.212  -22.467  -6.836 0.3000000119
143982  -32.975  -22.272  -7.094 0.3000000119
59867  -33.394  -23.028  -7.220 0.3000000119
57876  -34.307  -24.882  -9.825 0.3000000119
57874  -33.118  -24.433  -10.333 0.3000000119
140395  -32.788  -24.323  -10.895 0.3000000119
58887  -32.967  -23.465  -11.543 0.3000000119
56881  -36.677  -24.569  -7.417 0.3000000119
57824  -35.147  -24.585  -6.915 0.3000000119
57843  -35.753  -24.342  -7.516 0.3000000119
57860  -36.415  -24.452  -8.192 0.3000000119
57842  -34.324  -24.202  -7.147 0.3000000119
149272  -34.238  -23.761  -7.643 0.3000000119
129241  -34.802  -24.097  -7.681 0.3000000119
57870  -34.887  -24.475  -9.080 0.3000000119
138142  -33.868  -22.387  -7.490 0.3000000119
59868  -33.984  -23.086  -7.662 0.3000000119
147750  -33.487  -24.479  -9.827 0.3000000119
60923  -33.958  -20.491  -12.526 0.3000000119
57859  -35.375  -24.274  -8.330 0.3000000119
61872  -31.963  -20.931  -7.424 0.3000000119
57858  -34.413  -24.074  -8.479 0.3000000119
141412  -32.771  -21.489  -7.237 0.3000000119
60878  -33.615  -21.644  -7.390 0.3000000119
58872  -34.232  -23.410  -8.065 0.3000000119
57869  -33.857  -24.246  -9.187 0.3000000119
58879  -33.995  -23.394  -8.917 0.3000000119
58883  -33.471  -23.862  -9.702 0.3000000119
58884  -33.801  -23.068  -9.745 0.3000000119
59888  -34.353  -21.931  -10.522 0.3000000119
59887  -33.502  -23.167  -10.795 0.3000000119
60924  -34.297  -20.773  -11.642 0.3000000119
143658  -33.939  -21.627  -11.543 0.3000000119
61885  -32.220  -20.161  -7.867 0.3000000119
61873  -33.127  -20.783  -7.444 0.3000000119
148954  -33.753  -20.439  -7.585 0.3000000119
61875  -34.759  -21.568  -7.962 0.3000000119
59875  -34.523  -22.431  -8.568 0.3000000119
61887  -35.126  -20.933  -8.272 0.3000000119
60895  -34.937  -21.829  -9.006 0.3000000119
60906  -34.922  -21.417  -9.703 0.3000000119
59881  -34.478  -22.349  -9.361 0.3000000119
146981  -35.233  -20.438  -9.854 0.3000000119
61913  -34.779  -20.599  -10.904 0.3000000119
147485  -34.119  -20.252  -13.060 0.3000000119
145319  -33.189  -19.982  -7.743 0.3000000119
61874  -34.354  -20.982  -7.641 0.3000000119
150556  -34.795  -20.504  -7.893 0.3000000119
127051  -35.137  -20.082  -8.288 0.3000000119
61898  -35.381  -20.287  -8.974 0.3000000119
60896  -35.230  -21.155  -9.010 0.3000000119
61944  -35.304  -19.484  -12.337 0.3000000119
61886  -34.287  -20.053  -7.782 0.3000000119
31593  -22.522  -51.353  -9.157 0.4000000060
137001  -21.925  -53.840  0.111 0.3000000119
29625  -25.636  -53.808  -1.841 0.4000000060
30527  -26.069  -52.808  -2.836 0.4000000060
145322  -23.920  -54.140  -0.549 0.4000000060
31465  -23.690  -51.452  -0.007 0.4000000060
139461  -23.038  -52.802  -0.037 0.4000000060
41911  -31.866  -40.824  0.607 0.3000000119
51877  -37.944  -30.298  -3.943 0.3000000119
55945  -36.769  -26.478  -13.054 0.4000000060
54894  -32.151  -28.273  -6.583 0.3000000119
54893  -31.449  -27.563  -6.499 0.3000000119
56856  -29.449  -25.830  -6.363 0.3000000119
137676  -33.151  -27.617  -6.321 0.3000000119
57819  -30.074  -24.320  -6.441 0.3000000119
28698  -22.642  -54.748  -0.249 0.4000000060
27755  -23.273  -55.484  -0.836 0.4000000060
28705  -24.580  -54.820  -1.833 0.4000000060
29624  -25.011  -54.262  -1.533 0.4000000060
51856  -35.024  -30.157  -3.140 0.3000000119
149402  -32.659  -28.009  -6.454 0.3000000119
139880  -38.086  -25.796  -10.251 0.3000000119
54923  -38.996  -27.118  -8.491 0.3000000119
54879  -35.389  -27.301  -5.337 0.3000000119
58839  -30.447  -23.614  -6.497 0.3000000119
55849  -37.680  -26.004  -6.044 0.3000000119
55828  -35.429  -26.739  -5.699 0.3000000119
55829  -36.375  -26.260  -5.679 0.3000000119
55846  -34.617  -26.509  -6.174 0.3000000119
145105  -36.514  -24.885  -9.504 0.3000000119
57872  -36.984  -24.746  -8.865 0.3000000119
57822  -32.760  -24.554  -6.656 0.3000000119
133881  -38.056  -25.281  -7.903 0.3000000119
57823  -34.301  -24.825  -6.741 0.3000000119
60879  -34.325  -21.806  -7.673 0.3000000119
139853  -34.512  -22.292  -7.968 0.3000000119
60887  -34.907  -21.693  -8.472 0.3000000119
60938  -34.681  -20.024  -12.286 0.3000000119
62910  -35.390  -19.271  -8.877 0.3000000119
135116  -22.293  -55.724  -0.440 0.4000000060
135728  -36.481  -42.809  -8.916 0.4000000060
27811  -22.026  -55.033  -5.514 0.3000000119
27812  -22.853  -55.116  -5.511 0.3000000119
28750  -21.435  -54.142  -5.531 0.3000000119
31462  -20.848  -51.685  0.259 0.3000000119
32423  -21.581  -50.763  -0.062 0.3000000119
28721  -24.217  -54.329  -3.125 0.3000000119
28704  -23.982  -55.209  -1.392 0.3000000119
28710  -24.531  -54.736  -2.409 0.3000000119
28700  -24.348  -54.593  -1.104 0.3000000119
29640  -24.501  -53.379  -3.317 0.3000000119
29629  -24.964  -54.042  -2.792 0.3000000119
27761  -23.594  -55.797  -1.687 0.3000000119
27762  -24.110  -55.354  -2.081 0.3000000119
39318  -36.298  -43.495  -9.102 0.3000000119
24817  -30.345  -58.263  -6.372 0.5000000000
25780  -30.382  -57.479  -4.716 0.5000000000
25818  -29.849  -58.012  -7.633 0.4000000060
26751  -29.587  -56.446  -3.710 0.5000000000
26814  -29.496  -56.732  -8.441 0.5000000000
27785  -28.328  -55.632  -3.608 0.6000000238
27800  -30.972  -55.571  -4.736 0.5000000000
27829  -30.996  -55.660  -6.939 0.5000000000
27851  -30.053  -55.327  -8.338 0.5000000000
28751  -22.451  -54.318  -5.534 0.4000000060
28765  -31.550  -54.287  -6.730 0.5000000000
28809  -29.000  -54.895  -9.301 0.5000000000
29675  -31.947  -53.790  -5.316 0.6999999881
29676  -32.291  -53.157  -5.401 0.6000000238
29698  -31.857  -53.588  -6.673 0.6000000238
30525  -27.264  -52.064  -2.021 0.5000000000
30632  -31.121  -52.619  -8.342 0.5000000000
30647  -25.497  -52.148  -10.087 0.6000000238
31479  -27.510  -50.895  -2.429 0.5000000000
31521  -27.244  -50.521  -5.122 0.5000000000
31523  -32.595  -51.788  -4.417 0.8000000119
31578  -32.434  -51.341  -7.452 0.8000000119
31596  -30.780  -51.489  -9.109 0.6000000238
31598  -31.924  -51.204  -8.170 0.8000000119
32425  -23.474  -50.661  0.010 0.4000000060
32452  -24.420  -49.424  -4.197 0.5000000000
32499  -26.753  -49.633  -5.118 0.5000000000
32529  -32.908  -50.603  -7.260 0.8000000119
32539  -23.026  -50.572  -8.916 0.6999999881
33447  -28.611  -48.858  -2.770 0.5000000000
33466  -26.414  -48.793  -4.098 0.5000000000
33509  -33.752  -49.963  -6.234 0.6999999881
33533  -24.049  -49.206  -8.795 0.6999999881
33555  -21.364  -49.617  -9.503 0.5000000000
34468  -33.964  -48.568  -2.269 0.8000000119
34469  -34.409  -48.111  -2.438 0.8000000119
34485  -34.602  -48.108  -3.164 0.8000000119
34536  -21.406  -47.939  -8.426 0.6999999881
34540  -26.402  -48.064  -9.479 0.6999999881
34548  -21.165  -48.876  -9.017 0.6000000238
34552  -28.926  -48.557  -9.988 0.6999999881
34553  -29.834  -48.575  -9.771 0.6999999881
35393  -30.867  -47.918  0.776 0.6999999881
35420  -34.064  -47.854  -1.349 0.8000000119
35493  -24.376  -46.915  -8.430 0.6999999881
35494  -32.136  -47.227  -8.087 0.8000000119
35495  -32.983  -47.538  -7.566 0.8000000119
35502  -26.790  -46.788  -9.174 0.6999999881
35506  -31.049  -47.888  -9.098 0.8000000119
36324  -32.184  -46.239  1.539 0.6000000238
36439  -29.685  -45.662  -7.866 0.8000000119
36443  -33.244  -46.751  -6.961 0.8000000119
36448  -21.433  -46.624  -8.437 0.6999999881
36454  -30.411  -46.663  -8.487 0.8000000119
36460  -22.173  -46.523  -9.352 0.6999999881
36465  -23.640  -46.770  -10.155 0.6999999881
36466  -24.787  -46.660  -10.570 0.5000000000
37325  -35.284  -45.049  -0.879 0.6999999881
37358  -35.390  -46.012  -2.590 0.6999999881
37365  -35.366  -45.906  -3.289 0.6999999881
37388  -33.641  -45.565  -5.819 0.8000000119
37402  -32.845  -45.354  -6.216 0.8000000119
37406  -22.159  -45.437  -8.391 0.6999999881
37412  -28.414  -45.098  -7.734 0.8000000119
37421  -27.141  -45.572  -8.433 0.6999999881
37422  -27.992  -45.657  -8.351 0.6999999881
38348  -32.477  -43.922  -5.692 0.8000000119
38373  -22.573  -44.709  -8.486 0.6999999881
38396  -23.522  -44.029  -9.384 0.6999999881
38398  -31.124  -44.198  -9.825 0.5000000000
38402  -35.133  -44.385  -9.436 0.4000000060
38414  -25.440  -44.504  -10.229 0.6999999881
39248  -29.137  -43.283  -6.574 0.8000000119
39263  -25.746  -43.415  -7.466 0.6999999881
39265  -27.555  -43.173  -6.876 0.8000000119
39266  -28.876  -43.792  -6.716 0.8999999762
39268  -30.358  -43.778  -6.360 0.8000000119
39269  -31.020  -43.570  -6.183 0.8000000119
39279  -22.905  -43.885  -8.539 0.6999999881
39294  -32.164  -43.159  -8.569 0.5000000000
39298  -35.801  -42.940  -8.726 0.6000000238
39310  -28.037  -43.310  -9.779 0.6000000238
39313  -31.675  -43.789  -9.107 0.5000000000
39317  -35.434  -43.681  -9.015 0.3000000119
40143  -29.899  -42.512  -6.471 0.8000000119
40156  -24.049  -42.890  -7.651 0.8000000119
40171  -23.285  -42.533  -8.276 0.6999999881
40178  -27.188  -42.001  -8.809 0.8000000119
40181  -29.947  -42.317  -8.460 0.6999999881
40183  -32.586  -42.341  -8.260 0.6000000238
40186  -36.184  -42.218  -8.633 0.6000000238
40192  -24.991  -41.958  -9.484 0.8000000119
40196  -29.408  -43.027  -8.784 0.6999999881
40205  -38.073  -42.366  -9.956 0.4000000060
41023  -27.153  -41.024  -6.723 0.8000000119
41037  -23.883  -41.189  -7.732 0.8000000119
41053  -23.310  -41.221  -8.792 0.8000000119
41054  -26.665  -41.171  -8.830 0.8000000119
41059  -33.013  -41.318  -8.007 0.6999999881
41063  -36.549  -41.507  -8.684 0.5000000000
41070  -23.351  -41.613  -9.057 0.8000000119
41079  -38.280  -41.553  -10.352 0.6000000238
41938  -36.221  -40.237  -1.415 0.6999999881
41974  -27.682  -40.434  -6.598 0.8000000119
41989  -24.135  -40.321  -7.701 0.8000000119
41990  -26.326  -40.601  -7.130 0.8999999762
42010  -30.017  -39.902  -8.296 0.6999999881
42014  -33.732  -40.343  -8.033 0.6999999881
42016  -36.212  -40.853  -8.526 0.6000000238
42025  -23.561  -40.812  -9.119 0.8000000119
42027  -24.565  -39.811  -9.323 0.8000000119
42039  -37.975  -40.739  -10.034 0.6000000238
42040  -38.388  -40.722  -10.831 0.6000000238
42887  -34.516  -39.245  -5.330 0.6999999881
42906  -23.693  -39.635  -8.528 0.8000000119
42907  -24.050  -39.001  -8.319 0.8000000119
42915  -23.625  -39.983  -8.958 0.8000000119
42916  -23.860  -39.305  -8.853 0.8000000119
42922  -31.535  -39.797  -8.269 0.6999999881
42924  -32.993  -39.465  -8.335 0.6999999881
42964  -37.759  -39.343  -11.509 0.6999999881
42965  -38.465  -39.965  -11.894 0.6000000238
43822  -27.602  -38.849  -6.743 0.8000000119
43823  -28.493  -38.910  -6.549 0.8000000119
43827  -33.243  -38.057  -5.592 0.6999999881
43854  -24.523  -38.308  -8.425 0.8000000119
43855  -24.926  -37.784  -8.384 1.0000000000
43873  -33.399  -38.789  -9.172 0.8000000119
43886  -24.893  -37.871  -9.059 0.8999999762
43890  -29.300  -37.975  -10.446 0.8999999762
43894  -32.937  -38.530  -10.141 0.8000000119
43908  -28.847  -37.089  -11.030 0.8000000119
43915  -36.153  -38.767  -10.757 0.6999999881
43916  -36.998  -38.937  -11.126 0.6999999881
43931  -34.469  -38.335  -11.147 0.8000000119
43971  -36.036  -38.323  -15.241 0.6000000238
43972  -38.049  -38.708  -15.719 0.5000000000
44692  -29.573  -37.532  1.466 0.3000000119
44773  -26.085  -37.380  -7.809 0.8000000119
44788  -25.445  -37.239  -8.498 0.8999999762
44791  -29.577  -37.113  -7.403 0.8000000119
44792  -30.120  -36.830  -7.724 0.8000000119
44823  -27.603  -36.819  -10.624 0.8000000119
44839  -27.828  -36.377  -10.624 0.8000000119
44843  -31.130  -37.207  -10.872 0.8000000119
44888  -35.406  -37.845  -15.105 0.6000000238
44889  -35.966  -37.832  -15.556 0.6000000238
44890  -36.694  -38.168  -15.761 0.6000000238
44896  -37.430  -37.860  -16.217 0.5000000000
45701  -31.597  -36.701  -7.441 0.8000000119
45702  -32.248  -36.842  -6.875 0.8000000119
45703  -33.515  -36.657  -6.651 0.8000000119
45715  -29.211  -36.521  -8.347 0.8000000119
45719  -34.884  -36.133  -7.066 0.8000000119
45726  -28.467  -35.987  -9.528 0.8000000119
45746  -28.965  -35.856  -10.812 0.8000000119
45747  -29.717  -35.753  -10.470 0.8000000119
45765  -28.672  -36.210  -10.975 0.8000000119
45767  -30.526  -36.141  -10.864 0.8000000119
45798  -35.228  -37.607  -13.222 0.8000000119
45823  -35.303  -36.227  -16.076 0.6000000238
46706  -36.062  -35.789  -0.301 0.3000000119
46745  -37.112  -35.017  -5.715 0.6999999881
46752  -36.377  -35.471  -6.568 0.8000000119
46773  -33.373  -34.772  -9.887 0.8000000119
46787  -30.615  -35.637  -10.157 0.8000000119
46801  -31.158  -35.757  -10.346 0.8000000119
46849  -34.139  -35.153  -15.590 0.6999999881
46861  -34.497  -35.625  -16.044 0.5000000000
47753  -37.056  -34.758  -1.938 0.4000000060
47784  -36.479  -34.535  -7.681 0.8000000119
47796  -34.461  -34.367  -9.531 0.8000000119
47809  -34.260  -34.205  -10.008 0.8000000119
47820  -33.722  -34.863  -10.185 0.8000000119
47821  -34.222  -34.452  -10.147 0.8000000119
47879  -34.604  -35.122  -16.305 0.5000000000
47880  -35.539  -34.812  -16.469 0.5000000000
48738  -31.649  -34.030  -1.234 0.3000000119
48797  -36.063  -34.087  -8.509 0.8000000119
48810  -35.644  -33.624  -9.438 0.8000000119
48823  -36.593  -32.963  -9.226 0.8000000119
48861  -36.281  -33.474  -14.162 0.8000000119
48870  -32.957  -33.121  -15.799 0.6999999881
48886  -37.035  -33.670  -16.526 0.5000000000
49871  -37.072  -32.501  -9.207 0.8000000119
49883  -36.982  -32.327  -10.021 0.8000000119
49901  -37.574  -32.318  -12.881 0.8000000119
49910  -36.911  -33.072  -13.732 0.8000000119
49920  -33.310  -33.000  -15.128 0.6999999881
50818  -30.056  -32.007  -2.987 0.3000000119
50843  -36.992  -31.160  -2.809 0.4000000060
50963  -32.464  -31.333  -15.968 0.6999999881
50965  -32.956  -31.731  -15.142 0.6999999881
50975  -32.775  -32.030  -16.123 0.6999999881
51980  -32.634  -30.750  -16.479 0.6999999881
51981  -34.708  -31.305  -16.819 0.6999999881
52848  -32.692  -30.040  -4.265 0.3000000119
52849  -33.403  -29.944  -3.951 0.4000000060
52979  -37.005  -29.351  -14.381 0.6000000238
52998  -36.282  -29.949  -16.666 0.5000000000
53921  -33.014  -28.922  -5.934 0.3000000119
53994  -38.468  -28.794  -12.436 0.5000000000
54044  -34.817  -28.396  -17.358 0.5000000000
54948  -38.763  -27.885  -10.949 0.4000000060
54987  -36.386  -27.707  -14.541 0.6000000238
55830  -37.298  -26.224  -5.671 0.3000000119
55965  -35.514  -26.535  -14.321 0.4000000060
55966  -36.302  -26.932  -14.192 0.5000000000
55997  -30.844  -26.514  -16.040 0.5000000000
55998  -31.215  -27.332  -16.243 0.5000000000
56848  -36.981  -25.677  -6.004 0.3000000119
56882  -38.168  -25.654  -7.198 0.3000000119
56883  -38.457  -25.933  -7.764 0.3000000119
56930  -31.020  -24.869  -13.894 0.4000000060
56931  -31.591  -24.877  -13.152 0.3000000119
56951  -30.939  -25.195  -14.432 0.5000000000
56983  -30.564  -25.709  -16.039 0.5000000000
57938  -29.528  -24.041  -15.600 0.5000000000
58838  -29.567  -23.628  -6.517 0.3000000119
58957  -29.509  -23.258  -15.591 0.4000000060
58978  -31.406  -21.579  -17.743 0.4000000060
59951  -29.730  -22.475  -15.743 0.5000000000
59967  -30.287  -21.490  -16.306 0.3000000119
59968  -31.170  -21.052  -16.370 0.4000000060
59975  -30.486  -21.355  -17.037 0.3000000119
60976  -31.104  -21.097  -17.368 0.4000000060
126417  -30.282  -41.103  -6.478 0.8000000119
127357  -28.135  -56.016  -9.666 0.6000000238
127764  -36.524  -37.955  -2.899 0.6999999881
127979  -22.026  -53.348  -5.560 0.4000000060
129983  -28.046  -56.961  -3.538 0.4000000060
131295  -23.440  -40.834  -8.446 0.8000000119
131361  -24.885  -56.245  -5.260 0.5000000000
131838  -27.893  -44.195  -7.270 0.8000000119
131946  -25.094  -49.234  -4.385 0.5000000000
132745  -33.531  -34.263  -15.977 0.6999999881
132826  -36.275  -33.741  -10.937 0.8000000119
132841  -29.995  -45.956  2.324 0.6000000238
133160  -35.094  -38.605  -11.477 0.8000000119
133245  -37.958  -39.263  -13.313 0.6000000238
133386  -31.357  -51.018  -8.740 0.8000000119
133433  -25.287  -37.990  -9.314 0.8000000119
133469  -37.693  -32.086  -12.102 0.8000000119
133631  -38.286  -30.482  -10.929 0.6000000238
133792  -21.297  -48.757  -8.782 0.6999999881
133900  -31.579  -42.061  0.487 0.5000000000
133903  -29.309  -40.581  -8.279 0.8000000119
134176  -32.366  -40.171  0.894 0.4000000060
134341  -37.968  -31.515  -11.920 0.6999999881
134543  -28.238  -46.090  2.180 0.5000000000
135019  -33.229  -38.353  -10.522 0.8999999762
135098  -25.435  -47.907  -9.070 0.6999999881
135413  -27.742  -37.669  -7.227 0.8000000119
135619  -33.012  -35.305  -9.248 0.8000000119
135673  -32.392  -29.515  -15.577 0.5000000000
135809  -21.972  -50.089  -0.250 0.4000000060
136175  -34.453  -44.023  0.370 0.6999999881
136338  -30.055  -43.480  -6.423 0.8000000119
136359  -28.164  -51.841  -4.487 0.6000000238
136383  -21.443  -46.791  -8.722 0.6999999881
136506  -28.419  -51.807  -10.332 0.6999999881
137232  -25.751  -54.305  -5.253 0.6000000238
137275  -35.002  -44.959  -0.275 0.6999999881
138121  -24.912  -44.436  -7.783 0.6999999881
138323  -31.003  -38.390  -6.325 0.8000000119
138766  -37.622  -32.128  -3.120 0.4000000060
139082  -35.836  -30.352  -2.858 0.3000000119
139238  -32.367  -52.601  -4.773 0.6000000238
140231  -21.818  -45.935  -8.423 0.6999999881
140449  -31.727  -29.438  -15.907 0.5000000000
140461  -25.163  -43.893  -7.632 0.6999999881
140484  -37.124  -35.584  -4.158 0.6000000238
140520  -35.694  -39.029  -13.448 0.6000000238
141608  -21.345  -51.390  0.127 0.3000000119
141662  -33.291  -41.903  0.504 0.6000000238
143141  -36.277  -35.194  -16.451 0.5000000000
143496  -36.738  -26.840  -13.653 0.5000000000
143652  -25.228  -40.141  -7.403 0.8000000119
143662  -33.705  -34.166  -16.179 0.6999999881
143921  -33.805  -44.280  -9.462 0.5000000000
144038  -38.105  -26.785  -11.973 0.3000000119
144212  -21.814  -47.517  -8.077 0.6999999881
144235  -38.335  -26.339  -10.662 0.3000000119
144525  -38.225  -30.455  -10.228 0.6000000238
145234  -23.536  -45.650  -8.010 0.6999999881
145339  -37.073  -36.067  -16.445 0.6000000238
145406  -24.384  -49.544  -5.046 0.4000000060
146583  -23.502  -42.870  -7.880 0.6999999881
146608  -30.235  -47.866  -9.384 0.6999999881
146918  -38.021  -40.137  -10.452 0.6000000238
147139  -32.974  -41.332  0.556 0.5000000000
147218  -33.573  -37.123  1.451 0.3000000119
147338  -32.974  -43.470  -5.554 0.8000000119
147484  -33.368  -41.672  -5.637 0.6999999881
147942  -35.903  -39.407  -0.589 0.6000000238
148002  -27.154  -46.256  1.720 0.4000000060
148118  -34.128  -45.808  -5.536 0.6999999881
148185  -30.349  -41.622  -8.310 0.6999999881
148743  -35.220  -44.647  -0.590 0.6999999881
149037  -24.432  -45.353  -10.025 0.6999999881
149762  -35.388  -45.206  -1.373 0.6999999881
150046  -31.905  -43.970  1.343 0.5000000000
150243  -30.948  -56.216  -6.519 0.5000000000
150514  -21.969  -45.768  -8.181 0.6999999881
150604  -30.969  -35.032  -0.556 0.3000000119
