#!ascii label  , from subject sub-v1s4x0050688_ses-1 vox2ras=TkReg
474
11484  -46.814  -70.653  -12.583 0.0000000000
17163  -45.505  -64.572  -13.300 0.0000000000
16146  -45.078  -65.481  -7.695 0.0000000000
12528  -41.280  -69.304  -13.851 0.0000000000
19087  -42.094  -62.701  -8.371 0.0000000000
14332  -50.769  -67.540  -9.131 0.0000000000
18050  -48.371  -63.060  -3.392 0.0000000000
117311  -53.396  -61.250  -0.504 0.0000000000
129126  -44.531  -63.739  -5.039 0.0000000000
16144  -42.750  -65.030  -7.849 0.0000000000
19056  -41.784  -62.219  -4.870 0.0000000000
17086  -49.357  -65.097  -6.033 0.0000000000
18086  -51.415  -63.184  -4.906 0.0000000000
19986  -53.233  -60.890  1.778 0.0000000000
20984  -50.658  -60.714  0.493 0.0000000000
8772  -43.772  -73.449  -14.402 0.0000000000
15311  -42.448  -66.654  -14.339 0.0000000000
12564  -42.334  -69.691  -17.108 0.0000000000
117813  -44.991  -67.365  -16.694 0.0000000000
13451  -45.929  -68.464  -10.616 0.0000000000
11481  -44.070  -70.337  -13.161 0.0000000000
16191  -41.896  -65.955  -11.356 0.0000000000
18155  -43.514  -63.855  -11.904 0.0000000000
15238  -47.688  -66.531  -8.307 0.0000000000
17065  -47.067  -64.605  -5.609 0.0000000000
19018  -46.427  -62.732  -2.606 0.0000000000
19024  -54.980  -61.765  -2.971 0.0000000000
20047  -50.754  -61.576  -1.784 0.0000000000
20044  -48.105  -61.877  -1.149 0.0000000000
20008  -45.848  -61.165  0.706 0.0000000000
9669  -41.521  -72.230  -15.250 0.0000000000
21973  -47.429  -59.315  -8.636 0.0000000000
116917  -47.943  -62.233  -11.950 0.0000000000
18163  -51.245  -63.674  -12.771 0.0000000000
19015  -43.362  -62.394  -2.588 0.0000000000
19057  -42.801  -62.973  -4.439 0.0000000000
9643  -45.283  -72.167  -13.782 0.0000000000
16227  -43.701  -65.842  -14.094 0.0000000000
14401  -43.470  -67.233  -15.705 0.0000000000
15314  -45.237  -66.159  -14.917 0.0000000000
15331  -46.908  -66.642  -15.592 0.0000000000
16230  -46.695  -65.644  -14.424 0.0000000000
15255  -45.362  -66.743  -9.143 0.0000000000
15254  -44.360  -66.657  -9.296 0.0000000000
18104  -42.002  -63.980  -7.997 0.0000000000
16186  -42.187  -65.245  -9.903 0.0000000000
123159  -42.137  -64.282  -9.778 0.0000000000
17141  -42.302  -65.078  -11.716 0.0000000000
18126  -42.673  -63.365  -10.366 0.0000000000
14354  -48.128  -68.204  -9.786 0.0000000000
15259  -48.917  -67.101  -8.722 0.0000000000
18084  -49.414  -63.946  -4.705 0.0000000000
17085  -48.385  -65.114  -6.123 0.0000000000
18082  -47.444  -64.180  -4.798 0.0000000000
18048  -46.014  -63.329  -3.860 0.0000000000
19039  -47.699  -62.839  -3.021 0.0000000000
20049  -53.493  -61.405  -1.672 0.0000000000
19022  -51.776  -61.694  -2.954 0.0000000000
20048  -52.057  -61.413  -1.698 0.0000000000
20966  -49.401  -60.227  1.427 0.0000000000
20011  -49.170  -61.099  0.041 0.0000000000
20981  -48.001  -60.682  1.001 0.0000000000
131528  -46.661  -61.669  0.113 0.0000000000
12530  -42.946  -70.110  -13.137 0.0000000000
10518  -42.140  -71.498  -14.241 0.0000000000
127325  -41.077  -70.552  -14.843 0.0000000000
123556  -42.364  -72.031  -17.352 0.0000000000
22885  -48.412  -58.288  -7.553 0.0000000000
21081  -47.916  -60.605  -11.013 0.0000000000
20120  -50.867  -61.420  -10.912 0.0000000000
17081  -44.446  -64.588  -6.407 0.0000000000
16145  -43.837  -65.276  -7.578 0.0000000000
17080  -43.419  -64.462  -6.428 0.0000000000
121222  -42.200  -63.598  -6.432 0.0000000000
19070  -41.839  -62.820  -6.613 0.0000000000
120492  -50.198  -65.977  -7.308 0.0000000000
17068  -50.008  -64.449  -5.441 0.0000000000
18065  -49.897  -63.148  -4.055 0.0000000000
109982  -53.548  -61.207  0.858 0.0000000000
109890  -52.157  -61.050  -0.399 0.0000000000
20968  -52.280  -60.652  1.134 0.0000000000
20950  -50.847  -60.020  1.870 0.0000000000
21875  -49.676  -59.071  2.502 0.0000000000
14383  -41.489  -67.786  -14.388 0.0000000000
12545  -41.037  -69.339  -15.113 0.0000000000
13491  -41.905  -68.156  -15.667 0.0000000000
13512  -43.345  -68.627  -17.187 0.0000000000
12576  -44.665  -68.993  -18.201 0.0000000000
14440  -46.137  -67.701  -17.911 0.0000000000
14420  -47.383  -67.255  -16.816 0.0000000000
15333  -49.008  -66.840  -15.740 0.0000000000
12505  -46.066  -69.430  -11.603 0.0000000000
11482  -45.048  -70.353  -12.932 0.0000000000
119209  -43.868  -68.743  -11.594 0.0000000000
13460  -42.310  -68.333  -11.834 0.0000000000
15253  -43.262  -66.484  -9.415 0.0000000000
14348  -42.412  -67.115  -10.707 0.0000000000
14372  -41.468  -67.560  -13.051 0.0000000000
15290  -41.803  -66.421  -12.734 0.0000000000
16208  -43.159  -65.464  -13.430 0.0000000000
17162  -44.557  -64.670  -13.170 0.0000000000
13465  -47.219  -69.186  -10.960 0.0000000000
14339  -46.766  -67.424  -9.382 0.0000000000
15236  -46.198  -66.147  -8.243 0.0000000000
16149  -48.480  -65.878  -7.356 0.0000000000
16148  -47.220  -65.691  -7.379 0.0000000000
17083  -46.336  -65.036  -6.717 0.0000000000
18080  -45.635  -63.975  -5.099 0.0000000000
18047  -45.164  -63.135  -3.731 0.0000000000
19001  -44.712  -62.515  -1.523 0.0000000000
19060  -52.474  -62.160  -4.262 0.0000000000
19042  -51.011  -62.102  -3.480 0.0000000000
19021  -49.527  -62.147  -2.711 0.0000000000
20037  -50.402  -61.314  -0.921 0.0000000000
19005  -49.194  -61.978  -2.062 0.0000000000
19004  -48.432  -62.098  -1.911 0.0000000000
120835  -47.040  -62.479  -2.018 0.0000000000
18996  -46.117  -62.225  -0.666 0.0000000000
10520  -44.487  -71.719  -13.755 0.0000000000
8771  -42.715  -73.197  -14.604 0.0000000000
10566  -41.138  -71.305  -15.970 0.0000000000
117879  -41.694  -72.841  -16.606 0.0000000000
126432  -43.805  -61.962  -10.291 0.0000000000
113958  -44.643  -62.543  -11.461 0.0000000000
19145  -45.675  -62.964  -12.156 0.0000000000
19127  -47.057  -62.180  -11.887 0.0000000000
17145  -46.810  -63.898  -13.016 0.0000000000
118291  -48.153  -64.388  -13.402 0.0000000000
16213  -49.642  -65.267  -13.929 0.0000000000
20043  -43.308  -62.015  -1.276 0.0000000000
19014  -42.584  -62.075  -2.699 0.0000000000
9644  -46.249  -72.202  -13.627 0.0000000000
119139  -46.194  -71.457  -13.334 0.0000000000
16228  -44.676  -65.675  -14.268 0.0000000000
15313  -44.236  -66.228  -14.750 0.0000000000
16229  -45.684  -65.619  -14.379 0.0000000000
117271  -46.290  -66.178  -14.991 0.0000000000
16211  -46.085  -65.085  -13.847 0.0000000000
129155  -45.672  -66.348  -8.642 0.0000000000
14337  -44.909  -67.240  -9.732 0.0000000000
15235  -44.865  -66.267  -8.744 0.0000000000
124122  -41.950  -63.429  -8.093 0.0000000000
123762  -42.006  -63.953  -8.764 0.0000000000
126875  -42.086  -63.225  -8.762 0.0000000000
18116  -42.274  -63.379  -9.453 0.0000000000
14342  -49.713  -67.689  -9.298 0.0000000000
15240  -49.883  -67.022  -8.605 0.0000000000
18064  -48.855  -63.465  -4.063 0.0000000000
18083  -48.399  -64.142  -4.705 0.0000000000
18063  -47.900  -63.625  -4.085 0.0000000000
18049  -47.527  -63.248  -3.542 0.0000000000
20015  -54.245  -61.498  -0.015 0.0000000000
129997  -55.236  -62.181  -0.025 0.0000000000
132467  -54.371  -61.536  -0.549 0.0000000000
20040  -54.357  -61.543  -1.049 0.0000000000
20039  -52.778  -61.249  -1.071 0.0000000000
20965  -48.495  -60.145  1.564 0.0000000000
20982  -48.856  -60.687  0.811 0.0000000000
123778  -47.276  -60.623  1.136 0.0000000000
20964  -47.606  -60.077  1.595 0.0000000000
12529  -41.898  -69.794  -13.400 0.0000000000
11498  -41.389  -70.128  -14.111 0.0000000000
21069  -49.247  -60.114  -9.666 0.0000000000
20141  -50.382  -61.778  -11.418 0.0000000000
21084  -50.764  -60.859  -10.269 0.0000000000
124131  -43.541  -63.739  -5.282 0.0000000000
131224  -42.214  -62.529  -4.388 0.0000000000
18058  -42.810  -63.412  -5.150 0.0000000000
18078  -42.172  -63.249  -5.771 0.0000000000
19065  -41.808  -62.462  -5.677 0.0000000000
18085  -50.445  -63.607  -4.811 0.0000000000
18066  -50.870  -62.903  -4.373 0.0000000000
19995  -54.481  -61.848  1.555 0.0000000000
21892  -49.969  -59.782  1.975 0.0000000000
7834  -43.030  -74.115  -14.767 0.0000000000
14384  -42.114  -67.249  -14.772 0.0000000000
14399  -41.791  -67.781  -15.118 0.0000000000
14400  -42.533  -67.561  -15.538 0.0000000000
14417  -44.165  -67.452  -16.374 0.0000000000
14416  -43.212  -67.750  -16.214 0.0000000000
14438  -43.720  -68.010  -16.894 0.0000000000
13513  -44.206  -68.405  -17.559 0.0000000000
13514  -45.174  -68.091  -17.953 0.0000000000
15350  -46.632  -66.992  -16.255 0.0000000000
15332  -47.888  -66.734  -15.618 0.0000000000
114971  -48.417  -67.165  -16.408 0.0000000000
15316  -48.259  -66.276  -15.039 0.0000000000
13464  -46.386  -69.036  -11.026 0.0000000000
12522  -45.811  -69.781  -12.110 0.0000000000
121963  -43.074  -69.014  -12.039 0.0000000000
13461  -43.007  -68.363  -11.374 0.0000000000
16164  -43.123  -65.620  -8.391 0.0000000000
15234  -43.773  -66.144  -8.852 0.0000000000
16178  -42.914  -65.967  -9.043 0.0000000000
15267  -42.165  -66.182  -10.515 0.0000000000
120686  -41.910  -66.758  -11.245 0.0000000000
14357  -41.703  -67.118  -11.833 0.0000000000
15278  -41.746  -66.511  -11.943 0.0000000000
15289  -41.578  -67.032  -12.484 0.0000000000
17127  -42.707  -64.285  -11.510 0.0000000000
16198  -42.688  -65.198  -12.651 0.0000000000
17142  -43.069  -64.507  -12.281 0.0000000000
17161  -43.586  -64.843  -12.981 0.0000000000
115592  -44.022  -64.240  -12.564 0.0000000000
15258  -48.058  -67.052  -8.772 0.0000000000
14340  -47.654  -67.528  -9.310 0.0000000000
15257  -47.227  -66.921  -8.795 0.0000000000
15256  -46.302  -66.724  -8.856 0.0000000000
15237  -46.925  -66.362  -8.283 0.0000000000
16130  -49.936  -65.520  -6.674 0.0000000000
16150  -49.360  -65.930  -7.291 0.0000000000
16129  -48.872  -65.529  -6.737 0.0000000000
17084  -47.506  -65.049  -6.222 0.0000000000
16127  -47.045  -65.317  -6.827 0.0000000000
16147  -46.536  -65.468  -7.314 0.0000000000
17064  -46.158  -64.520  -5.876 0.0000000000
19037  -45.795  -62.955  -3.156 0.0000000000
113267  -44.857  -62.837  -3.103 0.0000000000
19017  -45.444  -62.687  -2.340 0.0000000000
19044  -53.597  -61.762  -3.730 0.0000000000
20057  -51.488  -61.613  -2.316 0.0000000000
122953  -50.563  -61.885  -2.739 0.0000000000
19041  -49.938  -62.423  -3.372 0.0000000000
19006  -49.913  -61.840  -2.192 0.0000000000
20985  -51.664  -60.789  0.367 0.0000000000
20013  -51.049  -61.008  -0.279 0.0000000000
20012  -50.062  -61.038  -0.138 0.0000000000
20035  -48.610  -61.472  -0.552 0.0000000000
20036  -49.461  -61.370  -0.752 0.0000000000
20045  -48.910  -61.714  -1.346 0.0000000000
126021  -47.741  -62.204  -1.735 0.0000000000
20980  -46.662  -60.915  0.903 0.0000000000
20033  -45.544  -61.843  0.099 0.0000000000
18995  -45.099  -62.300  -0.646 0.0000000000
11500  -44.808  -70.924  -13.395 0.0000000000
114899  -43.862  -71.045  -13.597 0.0000000000
9655  -41.819  -72.102  -14.724 0.0000000000
9656  -42.472  -72.362  -14.440 0.0000000000
8770  -41.943  -72.832  -14.889 0.0000000000
8789  -42.179  -73.676  -15.105 0.0000000000
8788  -41.706  -73.169  -15.497 0.0000000000
12553  -41.230  -69.641  -15.936 0.0000000000
11537  -41.217  -70.489  -16.147 0.0000000000
10580  -41.517  -71.099  -16.545 0.0000000000
9691  -42.965  -72.590  -17.803 0.0000000000
128351  -41.887  -72.426  -16.974 0.0000000000
20105  -42.985  -61.926  -9.252 0.0000000000
20106  -43.620  -61.616  -9.624 0.0000000000
20136  -44.815  -61.975  -11.133 0.0000000000
18144  -44.923  -62.986  -11.935 0.0000000000
19126  -45.481  -62.366  -11.666 0.0000000000
20139  -48.279  -61.436  -11.479 0.0000000000
20138  -47.230  -61.429  -11.450 0.0000000000
19147  -47.349  -62.695  -12.256 0.0000000000
18175  -47.706  -63.821  -13.059 0.0000000000
18160  -48.107  -63.126  -12.588 0.0000000000
18162  -50.106  -63.531  -12.783 0.0000000000
18177  -49.574  -64.034  -13.191 0.0000000000
17167  -50.076  -64.738  -13.576 0.0000000000
19058  -43.634  -62.975  -3.947 0.0000000000
18059  -43.600  -63.380  -4.660 0.0000000000
19035  -42.698  -62.473  -3.547 0.0000000000
20067  -41.914  -61.659  -3.195 0.0000000000
20951  -52.299  -60.332  2.113 0.0000000000
21878  -52.422  -59.896  2.947 0.0000000000
9658  -44.524  -72.623  -14.077 0.0000000000
15312  -43.286  -66.375  -14.582 0.0000000000
15328  -42.902  -66.906  -15.074 0.0000000000
15329  -43.793  -66.710  -15.234 0.0000000000
128135  -44.231  -67.018  -15.768 0.0000000000
15348  -44.958  -67.044  -16.072 0.0000000000
15349  -45.734  -67.131  -16.499 0.0000000000
15330  -45.793  -66.669  -15.676 0.0000000000
15315  -47.289  -66.218  -15.004 0.0000000000
14338  -45.861  -67.341  -9.538 0.0000000000
14350  -44.455  -67.684  -10.365 0.0000000000
14336  -43.816  -67.097  -9.844 0.0000000000
16143  -42.197  -64.504  -8.305 0.0000000000
16177  -42.441  -65.422  -9.094 0.0000000000
17114  -42.148  -64.707  -9.074 0.0000000000
112535  -42.065  -65.374  -10.788 0.0000000000
17126  -42.260  -64.740  -11.037 0.0000000000
18141  -42.421  -64.173  -10.727 0.0000000000
18142  -43.042  -63.579  -11.200 0.0000000000
14341  -48.588  -67.613  -9.285 0.0000000000
128624  -48.363  -66.674  -8.358 0.0000000000
17067  -48.905  -64.598  -5.399 0.0000000000
17066  -47.939  -64.652  -5.470 0.0000000000
18081  -46.543  -64.132  -4.983 0.0000000000
18062  -46.889  -63.605  -4.139 0.0000000000
19038  -46.792  -63.057  -3.267 0.0000000000
20050  -54.847  -61.686  -1.657 0.0000000000
20059  -54.248  -61.525  -2.267 0.0000000000
19023  -53.228  -61.563  -2.994 0.0000000000
20058  -52.663  -61.481  -2.322 0.0000000000
20983  -49.743  -60.679  0.644 0.0000000000
20010  -48.309  -61.148  0.254 0.0000000000
20034  -47.728  -61.595  -0.296 0.0000000000
20009  -47.451  -61.151  0.537 0.0000000000
116279  -46.055  -60.505  1.118 0.0000000000
125792  -43.256  -70.639  -13.448 0.0000000000
11499  -42.234  -70.611  -13.745 0.0000000000
11517  -41.549  -70.855  -14.347 0.0000000000
10535  -41.445  -71.456  -14.776 0.0000000000
10581  -42.075  -71.231  -17.147 0.0000000000
22895  -48.825  -58.919  -7.954 0.0000000000
21974  -48.404  -59.320  -8.486 0.0000000000
123099  -48.083  -59.573  -9.072 0.0000000000
21082  -48.754  -60.378  -10.502 0.0000000000
21101  -48.683  -60.890  -11.116 0.0000000000
19128  -48.793  -62.031  -11.812 0.0000000000
19148  -48.878  -62.668  -12.267 0.0000000000
19129  -49.748  -62.350  -11.943 0.0000000000
19130  -50.960  -62.540  -11.839 0.0000000000
17101  -44.791  -65.016  -7.068 0.0000000000
16165  -44.356  -65.793  -8.252 0.0000000000
123945  -43.889  -64.835  -6.906 0.0000000000
17100  -43.034  -64.802  -7.102 0.0000000000
18079  -42.899  -63.917  -5.880 0.0000000000
17099  -42.355  -64.373  -7.532 0.0000000000
113846  -42.006  -63.617  -7.274 0.0000000000
19080  -41.872  -62.844  -7.561 0.0000000000
15221  -49.895  -66.418  -7.884 0.0000000000
124110  -50.155  -65.028  -6.039 0.0000000000
17087  -50.719  -64.686  -5.839 0.0000000000
18051  -49.220  -62.939  -3.528 0.0000000000
113989  -54.871  -62.052  0.619 0.0000000000
20014  -52.823  -60.993  0.203 0.0000000000
20967  -51.203  -60.466  1.136 0.0000000000
131416  -51.596  -60.252  1.739 0.0000000000
123090  -50.301  -60.328  1.263 0.0000000000
21891  -49.045  -59.585  2.081 0.0000000000
116222  -41.193  -68.718  -14.333 0.0000000000
12538  -41.080  -69.648  -14.571 0.0000000000
13490  -41.366  -68.403  -15.073 0.0000000000
13502  -41.476  -68.841  -15.780 0.0000000000
12554  -41.821  -69.210  -16.474 0.0000000000
112165  -44.093  -69.832  -18.096 0.0000000000
14419  -46.417  -67.342  -17.061 0.0000000000
14441  -47.118  -67.523  -17.783 0.0000000000
14442  -48.315  -67.446  -17.633 0.0000000000
15352  -49.387  -67.151  -16.394 0.0000000000
12523  -46.637  -70.024  -12.038 0.0000000000
11483  -45.954  -70.364  -12.622 0.0000000000
12521  -45.172  -69.819  -12.415 0.0000000000
123875  -44.492  -69.889  -12.689 0.0000000000
13471  -44.359  -69.334  -12.109 0.0000000000
12520  -43.634  -69.684  -12.668 0.0000000000
12519  -42.508  -69.426  -12.746 0.0000000000
12518  -41.636  -69.028  -13.135 0.0000000000
15252  -42.507  -65.988  -9.664 0.0000000000
15268  -42.781  -66.750  -10.051 0.0000000000
14358  -42.169  -67.631  -11.391 0.0000000000
14362  -41.681  -67.791  -12.251 0.0000000000
13469  -41.463  -68.265  -13.015 0.0000000000
13475  -41.346  -68.047  -13.680 0.0000000000
113318  -41.522  -67.483  -13.652 0.0000000000
15303  -42.060  -66.477  -13.560 0.0000000000
16197  -42.034  -65.797  -12.238 0.0000000000
16207  -42.330  -65.849  -13.096 0.0000000000
15304  -42.791  -66.079  -13.876 0.0000000000
16209  -44.134  -65.254  -13.618 0.0000000000
12506  -46.774  -69.506  -11.441 0.0000000000
122382  -46.788  -68.580  -10.484 0.0000000000
13452  -47.678  -68.710  -10.393 0.0000000000
14353  -47.208  -68.097  -9.860 0.0000000000
14352  -46.327  -68.002  -9.977 0.0000000000
123071  -46.001  -65.668  -7.765 0.0000000000
15220  -48.954  -66.229  -7.705 0.0000000000
15239  -48.215  -66.266  -7.869 0.0000000000
122220  -47.811  -65.878  -7.479 0.0000000000
16168  -47.408  -66.109  -7.819 0.0000000000
16167  -46.716  -65.909  -7.781 0.0000000000
17102  -45.764  -65.207  -7.223 0.0000000000
17082  -45.469  -64.746  -6.543 0.0000000000
17063  -45.049  -64.276  -5.788 0.0000000000
127136  -46.089  -63.701  -4.500 0.0000000000
18061  -45.323  -63.508  -4.417 0.0000000000
18060  -44.462  -63.276  -4.240 0.0000000000
128551  -44.412  -62.982  -3.653 0.0000000000
19016  -44.334  -62.610  -2.421 0.0000000000
19043  -52.179  -61.858  -3.628 0.0000000000
19059  -51.402  -62.331  -4.063 0.0000000000
18052  -50.590  -62.564  -3.873 0.0000000000
19040  -49.024  -62.572  -3.054 0.0000000000
20038  -51.490  -61.262  -1.028 0.0000000000
20046  -49.738  -61.615  -1.528 0.0000000000
19020  -48.732  -62.320  -2.557 0.0000000000
127126  -48.354  -62.635  -2.887 0.0000000000
121999  -47.903  -62.453  -2.453 0.0000000000
19019  -47.199  -62.710  -2.705 0.0000000000
126898  -46.225  -62.575  -1.989 0.0000000000
18997  -47.153  -62.122  -1.007 0.0000000000
19003  -46.461  -62.406  -1.424 0.0000000000
19002  -45.685  -62.507  -1.419 0.0000000000
126092  -44.042  -62.183  -0.774 0.0000000000
10521  -45.465  -71.523  -13.518 0.0000000000
130613  -43.962  -72.167  -14.006 0.0000000000
10536  -43.295  -71.797  -13.976 0.0000000000
9657  -43.426  -72.604  -14.231 0.0000000000
11516  -40.929  -69.926  -14.946 0.0000000000
10550  -41.197  -71.390  -15.308 0.0000000000
120190  -41.292  -71.930  -15.763 0.0000000000
9689  -41.581  -71.958  -16.546 0.0000000000
9676  -41.419  -72.654  -15.906 0.0000000000
20081  -41.654  -61.644  -5.428 0.0000000000
20084  -41.784  -61.830  -6.313 0.0000000000
20090  -41.927  -62.013  -7.245 0.0000000000
117088  -42.126  -62.154  -7.977 0.0000000000
19095  -42.501  -62.579  -9.185 0.0000000000
19109  -43.308  -62.591  -10.389 0.0000000000
19124  -43.399  -62.976  -10.911 0.0000000000
111589  -44.313  -61.372  -10.122 0.0000000000
19125  -44.023  -62.362  -10.968 0.0000000000
18143  -43.990  -63.103  -11.534 0.0000000000
18156  -44.453  -63.596  -12.221 0.0000000000
17143  -44.960  -64.077  -12.784 0.0000000000
17144  -45.883  -64.017  -12.878 0.0000000000
21068  -47.521  -60.083  -10.372 0.0000000000
21100  -46.924  -60.618  -10.848 0.0000000000
120649  -46.291  -61.183  -11.096 0.0000000000
19146  -46.459  -62.666  -12.125 0.0000000000
18158  -46.219  -63.390  -12.533 0.0000000000
17164  -46.451  -64.516  -13.397 0.0000000000
16212  -47.073  -65.084  -13.888 0.0000000000
123591  -48.102  -65.081  -13.838 0.0000000000
17166  -48.987  -64.679  -13.564 0.0000000000
16231  -48.573  -65.746  -14.441 0.0000000000
15317  -49.201  -66.310  -15.035 0.0000000000
10519  -42.924  -71.130  -13.771 0.0000000000
11501  -45.683  -70.912  -13.160 0.0000000000
11502  -46.519  -71.059  -12.992 0.0000000000
11530  -40.985  -70.138  -15.379 0.0000000000
11543  -41.824  -70.479  -16.896 0.0000000000
13470  -42.005  -68.683  -12.432 0.0000000000
13511  -42.562  -68.899  -16.856 0.0000000000
14343  -50.626  -68.097  -9.576 0.0000000000
14439  -44.611  -67.773  -17.173 0.0000000000
15302  -41.607  -66.979  -13.230 0.0000000000
15310  -41.782  -67.061  -14.007 0.0000000000
15351  -47.457  -66.992  -16.085 0.0000000000
16128  -47.883  -65.498  -6.905 0.0000000000
16163  -42.437  -65.074  -8.531 0.0000000000
16166  -45.407  -65.952  -8.224 0.0000000000
16210  -45.104  -65.124  -13.759 0.0000000000
16232  -49.412  -65.768  -14.439 0.0000000000
17062  -43.963  -64.176  -5.757 0.0000000000
17165  -47.389  -64.466  -13.438 0.0000000000
18097  -42.552  -64.192  -6.731 0.0000000000
18157  -45.344  -63.488  -12.440 0.0000000000
18159  -47.126  -63.270  -12.606 0.0000000000
18178  -50.688  -64.178  -13.241 0.0000000000
19036  -43.872  -62.726  -3.217 0.0000000000
19096  -43.161  -62.223  -9.790 0.0000000000
19108  -42.748  -62.807  -9.860 0.0000000000
19150  -50.534  -63.026  -12.349 0.0000000000
20054  -41.720  -60.962  -2.537 0.0000000000
20100  -43.236  -61.403  -8.875 0.0000000000
20119  -50.043  -61.084  -10.891 0.0000000000
20963  -46.713  -60.114  1.448 0.0000000000
22008  -48.292  -59.869  -9.840 0.0000000000
111658  -41.029  -70.806  -15.480 0.0000000000
113497  -42.170  -64.805  -10.423 0.0000000000
115596  -44.715  -66.627  -15.414 0.0000000000
116692  -42.159  -62.885  -5.021 0.0000000000
119045  -46.334  -61.890  -11.593 0.0000000000
119289  -47.664  -65.683  -14.426 0.0000000000
120119  -41.617  -69.895  -16.563 0.0000000000
122487  -49.016  -66.594  -8.187 0.0000000000
123536  -46.827  -64.927  -6.282 0.0000000000
128414  -41.320  -68.637  -13.619 0.0000000000
130145  -48.114  -60.177  -10.472 0.0000000000
131168  -42.153  -68.537  -16.268 0.0000000000
131432  -48.915  -65.332  -13.990 0.0000000000
