#!ascii label  , from subject sub-v1s4x0050688_ses-1 vox2ras=TkReg
711
86376  47.544  9.942  35.877 0.0000000000
86439  46.975  10.569  27.760 0.0000000000
128431  51.716  16.059  23.079 0.0000000000
84181  49.560  7.891  19.343 0.0000000000
82379  45.632  5.358  33.769 0.0000000000
88673  57.724  13.331  27.282 0.0000000000
84935  48.741  9.554  21.130 0.0000000000
87932  43.558  12.175  28.354 0.0000000000
87893  52.480  12.174  31.290 0.0000000000
85613  48.675  9.258  32.790 0.0000000000
130733  45.570  6.145  29.533 0.0000000000
89352  49.148  14.916  29.129 0.0000000000
87961  44.742  13.300  24.551 0.0000000000
87950  49.991  12.680  25.358 0.0000000000
87981  47.724  13.815  18.981 0.0000000000
132109  45.028  14.258  30.726 0.0000000000
85579  50.814  9.482  34.362 0.0000000000
84824  48.616  8.116  34.920 0.0000000000
82393  44.947  5.721  31.359 0.0000000000
90080  53.631  16.051  25.049 0.0000000000
90063  52.076  16.341  28.506 0.0000000000
89380  50.534  15.145  26.455 0.0000000000
89384  46.582  14.372  26.300 0.0000000000
90110  48.144  15.538  23.264 0.0000000000
87232  49.061  11.815  29.525 0.0000000000
87928  51.582  12.839  28.040 0.0000000000
127674  48.778  11.875  26.524 0.0000000000
85690  51.281  10.316  18.686 0.0000000000
86485  48.521  11.976  19.665 0.0000000000
85699  47.812  9.862  18.364 0.0000000000
124776  45.861  9.835  20.845 0.0000000000
83352  46.756  7.207  20.506 0.0000000000
82481  46.519  5.934  23.650 0.0000000000
85586  44.704  9.008  35.992 0.0000000000
84054  47.045  7.359  35.064 0.0000000000
89400  55.194  15.207  23.636 0.0000000000
84117  46.835  7.819  26.130 0.0000000000
86469  46.848  9.829  24.764 0.0000000000
84152  48.769  7.787  23.981 0.0000000000
84925  52.272  9.356  20.921 0.0000000000
87203  55.576  11.398  32.455 0.0000000000
86399  52.808  10.393  33.954 0.0000000000
86417  50.224  10.923  32.172 0.0000000000
86426  47.464  10.452  30.652 0.0000000000
84065  47.248  7.058  33.485 0.0000000000
84870  45.676  8.055  31.111 0.0000000000
84885  45.649  8.088  28.406 0.0000000000
114687  47.726  6.241  27.825 0.0000000000
85569  42.464  9.599  37.400 0.0000000000
91373  50.568  17.448  29.598 0.0000000000
112523  47.377  15.554  30.522 0.0000000000
89365  45.702  13.862  28.086 0.0000000000
87946  44.074  13.190  26.375 0.0000000000
85660  43.271  9.862  25.075 0.0000000000
87916  54.390  12.552  29.409 0.0000000000
88686  54.049  13.555  25.893 0.0000000000
88713  51.668  15.049  22.147 0.0000000000
87259  47.947  11.882  23.897 0.0000000000
88716  49.128  13.800  21.980 0.0000000000
90127  48.672  15.332  21.085 0.0000000000
87972  46.086  13.223  21.926 0.0000000000
132386  44.709  9.896  23.054 0.0000000000
112177  44.341  14.267  31.199 0.0000000000
90038  45.839  15.508  31.169 0.0000000000
86374  49.194  9.863  35.638 0.0000000000
131661  47.928  9.358  35.604 0.0000000000
112336  52.505  15.810  24.702 0.0000000000
110545  52.354  15.578  26.207 0.0000000000
90082  50.855  15.454  25.425 0.0000000000
90096  49.080  15.582  24.346 0.0000000000
90108  50.070  16.095  23.118 0.0000000000
87239  47.748  11.186  28.874 0.0000000000
87938  49.189  11.994  27.782 0.0000000000
87244  47.720  11.167  27.291 0.0000000000
84191  50.365  8.979  18.544 0.0000000000
84957  49.799  10.386  18.166 0.0000000000
84952  48.550  8.892  18.502 0.0000000000
84194  47.253  8.099  19.403 0.0000000000
83351  47.754  7.060  20.481 0.0000000000
83326  47.731  6.325  22.178 0.0000000000
118292  48.469  6.684  20.989 0.0000000000
84056  44.217  7.530  35.373 0.0000000000
90078  56.425  15.626  25.054 0.0000000000
89379  56.442  14.540  24.958 0.0000000000
84115  48.071  6.937  25.996 0.0000000000
84140  47.986  7.703  24.740 0.0000000000
84126  48.993  7.287  24.768 0.0000000000
84162  52.347  8.750  21.905 0.0000000000
84923  53.641  9.281  20.636 0.0000000000
84179  53.114  9.300  20.054 0.0000000000
85602  49.765  8.834  33.776 0.0000000000
86401  50.877  9.793  33.590 0.0000000000
86414  48.992  10.042  32.389 0.0000000000
86419  48.535  10.572  31.605 0.0000000000
85621  47.427  9.584  31.666 0.0000000000
83219  46.169  6.142  34.505 0.0000000000
112236  47.179  6.841  34.547 0.0000000000
82374  46.300  5.884  33.984 0.0000000000
82406  45.246  5.785  30.210 0.0000000000
84083  45.092  6.750  30.752 0.0000000000
120368  45.197  6.674  29.989 0.0000000000
115634  45.471  8.250  29.690 0.0000000000
83263  45.643  6.808  29.083 0.0000000000
83279  46.295  7.341  27.680 0.0000000000
82433  46.965  6.172  28.319 0.0000000000
81618  49.916  5.145  28.786 0.0000000000
90055  50.735  15.718  29.062 0.0000000000
112417  51.317  17.230  29.338 0.0000000000
111122  50.060  15.885  29.580 0.0000000000
91363  49.356  16.861  30.032 0.0000000000
90057  48.465  15.165  29.744 0.0000000000
89354  46.872  14.409  29.538 0.0000000000
89363  47.510  14.426  28.845 0.0000000000
89396  45.484  14.336  25.220 0.0000000000
88690  44.913  14.072  26.444 0.0000000000
88702  44.589  13.646  25.316 0.0000000000
87256  43.914  12.206  25.268 0.0000000000
87261  44.323  12.247  24.514 0.0000000000
87216  53.949  11.689  31.840 0.0000000000
87890  55.544  11.906  30.993 0.0000000000
87904  53.910  12.424  30.320 0.0000000000
87935  51.323  13.009  26.485 0.0000000000
88678  52.079  13.179  27.002 0.0000000000
88688  52.057  13.397  25.749 0.0000000000
88697  52.869  13.883  24.477 0.0000000000
88708  50.926  14.034  23.379 0.0000000000
118503  47.512  9.508  23.112 0.0000000000
86468  47.228  10.396  24.229 0.0000000000
85677  47.699  10.266  22.048 0.0000000000
87282  48.228  12.819  18.552 0.0000000000
87971  48.222  12.940  21.370 0.0000000000
87974  48.141  14.419  20.146 0.0000000000
88721  49.499  14.927  21.448 0.0000000000
88727  47.927  14.445  19.936 0.0000000000
89424  47.577  14.691  20.727 0.0000000000
87976  47.114  13.897  19.622 0.0000000000
127740  45.138  8.351  21.451 0.0000000000
85678  45.507  10.161  21.789 0.0000000000
118834  44.766  8.663  22.145 0.0000000000
84917  43.727  8.680  23.492 0.0000000000
87913  58.396  12.879  28.645 0.0000000000
88654  43.813  13.260  30.179 0.0000000000
88659  43.867  13.119  29.136 0.0000000000
110730  51.971  10.142  34.904 0.0000000000
85580  50.528  9.493  34.939 0.0000000000
85591  49.689  8.641  34.305 0.0000000000
84838  48.722  7.876  33.918 0.0000000000
82384  45.196  5.028  32.881 0.0000000000
90070  53.032  15.853  26.774 0.0000000000
89370  51.139  15.180  27.306 0.0000000000
117882  50.151  14.878  27.479 0.0000000000
89372  47.919  14.469  27.269 0.0000000000
89382  48.651  14.735  26.611 0.0000000000
117447  47.340  14.739  25.151 0.0000000000
89407  46.496  14.636  23.721 0.0000000000
87907  50.917  12.280  30.592 0.0000000000
112203  51.472  12.578  29.721 0.0000000000
113149  50.404  12.458  28.851 0.0000000000
87937  49.928  12.344  27.414 0.0000000000
123558  49.273  12.212  26.083 0.0000000000
84944  49.789  10.329  19.842 0.0000000000
85684  48.133  10.768  20.759 0.0000000000
85692  49.734  11.167  18.801 0.0000000000
86498  48.911  11.746  17.966 0.0000000000
87289  47.640  12.169  18.369 0.0000000000
86486  46.518  11.839  19.803 0.0000000000
119822  46.888  10.442  18.875 0.0000000000
84185  46.064  7.988  20.213 0.0000000000
83342  45.271  6.993  21.398 0.0000000000
82480  47.672  5.648  23.640 0.0000000000
85572  46.158  9.598  35.983 0.0000000000
121810  46.459  8.882  35.619 0.0000000000
84827  45.078  8.128  35.480 0.0000000000
119696  45.066  7.270  35.202 0.0000000000
83220  45.263  5.842  34.638 0.0000000000
90800  55.898  16.538  25.678 0.0000000000
90079  55.170  15.654  23.838 0.0000000000
90104  53.756  15.488  22.861 0.0000000000
85654  46.354  9.178  26.777 0.0000000000
86455  46.615  9.864  26.381 0.0000000000
84910  46.871  8.769  24.996 0.0000000000
130883  47.581  8.642  23.834 0.0000000000
84927  48.615  8.792  22.187 0.0000000000
122040  50.369  7.813  23.411 0.0000000000
84163  50.835  8.387  22.309 0.0000000000
113337  49.676  9.237  21.215 0.0000000000
84943  52.169  10.170  18.939 0.0000000000
84189  52.207  10.059  18.894 0.0000000000
83348  51.353  7.573  19.812 0.0000000000
83339  49.397  6.531  20.928 0.0000000000
87193  54.021  11.091  33.303 0.0000000000
87206  52.645  11.121  32.637 0.0000000000
116380  52.127  10.101  33.993 0.0000000000
86411  51.350  10.387  33.111 0.0000000000
87218  51.351  11.456  31.964 0.0000000000
87225  50.039  11.826  30.999 0.0000000000
133297  47.997  11.112  30.199 0.0000000000
86433  46.665  10.242  29.201 0.0000000000
84053  47.897  7.746  35.024 0.0000000000
84064  47.998  7.290  34.011 0.0000000000
84071  47.910  7.771  33.431 0.0000000000
83228  45.512  6.469  32.249 0.0000000000
84082  46.056  7.749  31.988 0.0000000000
84859  47.125  8.876  32.065 0.0000000000
85628  46.417  9.502  30.494 0.0000000000
85635  46.226  9.608  29.672 0.0000000000
121807  46.255  9.622  28.026 0.0000000000
84109  46.365  7.864  26.998 0.0000000000
84116  47.471  7.080  26.364 0.0000000000
116430  48.928  6.468  26.760 0.0000000000
82431  48.687  5.550  28.361 0.0000000000
129121  49.668  5.830  27.814 0.0000000000
86362  44.979  10.193  36.760 0.0000000000
85575  43.542  9.443  36.684 0.0000000000
84815  41.432  8.838  37.081 0.0000000000
91973  51.289  18.968  29.190 0.0000000000
91375  49.003  18.444  29.764 0.0000000000
126614  46.101  14.883  30.728 0.0000000000
89355  46.031  14.010  29.286 0.0000000000
88669  44.348  13.390  28.574 0.0000000000
89373  46.523  14.184  27.451 0.0000000000
88679  44.919  13.848  27.325 0.0000000000
87939  43.958  13.097  27.180 0.0000000000
87924  56.886  12.569  28.466 0.0000000000
87927  52.895  12.795  28.826 0.0000000000
88665  54.521  12.914  27.934 0.0000000000
88685  55.456  13.585  25.926 0.0000000000
88695  54.935  13.994  24.578 0.0000000000
89403  53.252  15.374  22.567 0.0000000000
89413  52.232  15.566  22.365 0.0000000000
87255  47.696  11.207  25.662 0.0000000000
87254  48.268  11.759  24.955 0.0000000000
87959  48.769  12.403  24.237 0.0000000000
86480  47.911  11.462  21.022 0.0000000000
113505  48.541  12.662  23.098 0.0000000000
87958  49.360  13.193  23.325 0.0000000000
88714  50.707  14.738  22.250 0.0000000000
89415  51.192  15.695  21.992 0.0000000000
90117  50.830  16.042  22.090 0.0000000000
90119  48.865  16.007  22.164 0.0000000000
89417  47.115  14.944  22.681 0.0000000000
87965  45.568  13.219  23.017 0.0000000000
87278  46.182  12.046  20.853 0.0000000000
87274  45.234  11.436  22.804 0.0000000000
87268  44.745  11.798  23.638 0.0000000000
86477  44.035  10.343  24.065 0.0000000000
82470  45.060  5.646  24.411 0.0000000000
90039  44.985  15.651  31.533 0.0000000000
90759  45.521  16.386  31.333 0.0000000000
86360  47.713  10.588  36.241 0.0000000000
86375  48.281  9.925  35.787 0.0000000000
90093  52.447  16.031  23.046 0.0000000000
118475  51.618  15.732  24.467 0.0000000000
90094  50.756  15.787  24.147 0.0000000000
124744  47.566  11.073  28.123 0.0000000000
86446  47.039  10.520  26.859 0.0000000000
84192  49.024  8.438  18.832 0.0000000000
84182  48.377  7.652  19.599 0.0000000000
83350  48.901  7.114  20.201 0.0000000000
88672  58.157  13.324  27.742 0.0000000000
89369  58.014  13.913  27.134 0.0000000000
89378  57.032  14.523  25.517 0.0000000000
88683  57.400  13.900  26.393 0.0000000000
83302  49.336  6.868  25.532 0.0000000000
84127  48.435  7.103  25.443 0.0000000000
84160  54.166  8.946  21.212 0.0000000000
84170  54.192  8.482  21.168 0.0000000000
84171  53.788  8.888  20.680 0.0000000000
87245  43.445  11.519  27.829 0.0000000000
85603  49.107  8.628  33.533 0.0000000000
85612  49.447  9.395  33.099 0.0000000000
85620  48.181  9.844  32.033 0.0000000000
85614  47.873  9.127  32.413 0.0000000000
82375  45.839  5.639  34.219 0.0000000000
82421  46.187  6.147  28.938 0.0000000000
83262  46.239  6.777  28.339 0.0000000000
89361  49.943  15.292  29.086 0.0000000000
90056  49.315  15.491  29.620 0.0000000000
110928  48.320  14.662  29.080 0.0000000000
88710  45.158  14.085  24.709 0.0000000000
87953  44.247  12.911  25.206 0.0000000000
118731  53.022  11.698  31.957 0.0000000000
87892  53.420  12.201  31.200 0.0000000000
87905  52.886  12.467  30.459 0.0000000000
87943  50.710  12.823  25.963 0.0000000000
88689  51.378  13.225  25.567 0.0000000000
88698  51.959  13.714  24.530 0.0000000000
88699  50.995  13.374  24.710 0.0000000000
84928  47.953  9.362  22.181 0.0000000000
84936  48.092  9.956  21.355 0.0000000000
87985  47.889  13.237  18.644 0.0000000000
121876  47.820  13.796  18.946 0.0000000000
87975  47.775  14.169  19.278 0.0000000000
88733  47.744  14.146  19.239 0.0000000000
88728  47.359  14.222  20.054 0.0000000000
84174  44.734  7.250  21.700 0.0000000000
84937  44.644  7.826  21.846 0.0000000000
84164  44.054  7.249  22.301 0.0000000000
88646  43.933  13.675  30.868 0.0000000000
88653  44.514  13.791  30.478 0.0000000000
88658  44.494  13.492  29.599 0.0000000000
114655  50.923  10.119  35.401 0.0000000000
86373  50.099  9.964  35.495 0.0000000000
85592  49.209  8.467  34.798 0.0000000000
85581  49.725  9.083  35.045 0.0000000000
84831  49.341  8.294  34.010 0.0000000000
84832  49.016  8.126  34.342 0.0000000000
90069  54.221  16.384  26.291 0.0000000000
90794  54.543  17.190  27.119 0.0000000000
90081  51.497  15.397  26.005 0.0000000000
130401  51.701  15.361  26.769 0.0000000000
89381  49.632  14.950  26.563 0.0000000000
89405  48.221  15.340  24.249 0.0000000000
89394  48.347  14.997  25.379 0.0000000000
126223  47.537  15.080  24.138 0.0000000000
114927  46.791  14.721  24.399 0.0000000000
89406  47.323  15.073  23.456 0.0000000000
87908  50.140  12.219  30.206 0.0000000000
87918  50.625  12.451  29.627 0.0000000000
87919  49.792  12.215  29.381 0.0000000000
87243  48.584  11.709  27.197 0.0000000000
87945  49.286  12.120  26.922 0.0000000000
87944  49.961  12.455  26.471 0.0000000000
85691  50.652  10.578  18.802 0.0000000000
127627  50.174  10.715  18.413 0.0000000000
84958  48.753  9.922  18.168 0.0000000000
85704  49.291  11.144  18.002 0.0000000000
86502  48.715  11.561  17.977 0.0000000000
87287  48.499  12.017  18.056 0.0000000000
85706  47.883  11.303  18.063 0.0000000000
86499  47.487  11.385  18.379 0.0000000000
85700  47.565  10.541  18.386 0.0000000000
84184  46.682  7.724  19.993 0.0000000000
84945  46.785  8.403  19.486 0.0000000000
84172  45.979  7.306  20.682 0.0000000000
83341  46.114  6.834  21.274 0.0000000000
85573  45.264  9.632  36.273 0.0000000000
85585  45.644  8.931  35.750 0.0000000000
83212  44.514  6.637  35.064 0.0000000000
83221  44.286  5.882  34.842 0.0000000000
90090  55.835  15.383  24.331 0.0000000000
90806  55.863  15.930  24.761 0.0000000000
90091  54.397  15.830  23.477 0.0000000000
90103  54.567  15.378  23.140 0.0000000000
84896  46.454  8.517  26.430 0.0000000000
85659  46.534  9.232  25.981 0.0000000000
84904  46.696  8.624  25.652 0.0000000000
84909  47.358  8.524  24.431 0.0000000000
84153  47.997  8.256  23.894 0.0000000000
84916  47.824  8.756  23.161 0.0000000000
84915  48.672  8.275  23.143 0.0000000000
84138  50.649  7.409  24.056 0.0000000000
84137  51.800  7.477  23.934 0.0000000000
84926  49.625  8.519  22.235 0.0000000000
111160  50.922  9.216  21.054 0.0000000000
84934  51.070  10.140  19.651 0.0000000000
84933  52.398  10.036  19.683 0.0000000000
83347  52.534  8.034  19.936 0.0000000000
84942  52.535  9.978  19.352 0.0000000000
84180  52.205  9.092  19.224 0.0000000000
125067  50.850  8.252  19.149 0.0000000000
86398  53.643  10.662  33.919 0.0000000000
86397  54.414  10.887  33.859 0.0000000000
87205  53.522  11.306  32.611 0.0000000000
87194  53.130  10.819  33.310 0.0000000000
86372  51.235  9.832  34.831 0.0000000000
86388  51.574  9.899  34.328 0.0000000000
85600  51.063  9.570  34.023 0.0000000000
86412  50.579  10.298  32.900 0.0000000000
87207  51.018  10.890  32.441 0.0000000000
117082  51.803  10.951  32.566 0.0000000000
116927  50.737  11.331  31.936 0.0000000000
87219  50.309  11.462  31.627 0.0000000000
115625  49.784  11.301  31.580 0.0000000000
86425  48.087  10.903  30.758 0.0000000000
121614  47.580  10.814  30.166 0.0000000000
86432  47.301  10.765  29.459 0.0000000000
86427  46.888  10.272  30.119 0.0000000000
84826  46.215  8.160  35.406 0.0000000000
84825  47.151  8.308  35.368 0.0000000000
83217  47.385  6.803  34.096 0.0000000000
115529  45.102  5.713  32.130 0.0000000000
84073  45.380  7.180  31.446 0.0000000000
84860  46.377  8.500  31.651 0.0000000000
85622  46.696  9.254  31.290 0.0000000000
84869  46.015  8.803  30.838 0.0000000000
84878  45.534  8.315  28.977 0.0000000000
85636  45.722  8.924  29.258 0.0000000000
85641  46.149  9.597  28.806 0.0000000000
85642  45.811  8.861  28.373 0.0000000000
84891  46.175  8.483  27.200 0.0000000000
84110  45.939  7.928  27.729 0.0000000000
83278  46.902  6.682  27.659 0.0000000000
84108  46.838  7.234  26.956 0.0000000000
83290  47.584  6.659  27.104 0.0000000000
83289  48.208  6.654  26.602 0.0000000000
83277  48.501  6.293  27.360 0.0000000000
81619  49.083  5.069  28.804 0.0000000000
82442  50.228  5.937  27.514 0.0000000000
86347  45.284  10.683  37.122 0.0000000000
116086  43.640  10.213  37.626 0.0000000000
86364  43.820  9.906  37.080 0.0000000000
85568  43.175  9.768  37.210 0.0000000000
85576  42.720  9.187  36.753 0.0000000000
91372  51.932  18.128  29.142 0.0000000000
120306  51.124  18.038  29.402 0.0000000000
91974  50.470  18.537  29.462 0.0000000000
91975  49.553  19.272  29.444 0.0000000000
91374  49.719  17.800  29.785 0.0000000000
90768  48.652  16.444  30.280 0.0000000000
110773  47.009  16.076  30.814 0.0000000000
90047  46.619  15.480  30.777 0.0000000000
88668  45.141  13.671  28.987 0.0000000000
125214  44.854  13.634  28.111 0.0000000000
113744  47.202  14.363  27.037 0.0000000000
88691  44.479  13.719  26.058 0.0000000000
88680  44.418  13.608  26.834 0.0000000000
87947  43.749  12.470  26.610 0.0000000000
87250  43.487  11.574  26.927 0.0000000000
86463  43.432  10.700  25.439 0.0000000000
87202  56.781  11.424  32.309 0.0000000000
113068  55.223  12.326  30.101 0.0000000000
87903  56.493  12.091  30.348 0.0000000000
87915  56.615  12.335  29.434 0.0000000000
87925  55.546  12.504  29.008 0.0000000000
111018  51.968  12.770  28.877 0.0000000000
87917  52.393  12.630  29.680 0.0000000000
88677  53.164  13.261  27.033 0.0000000000
88666  53.486  12.997  27.968 0.0000000000
88676  54.271  13.222  27.026 0.0000000000
88675  55.325  13.103  27.121 0.0000000000
88706  52.796  14.553  23.062 0.0000000000
89392  53.745  14.662  23.146 0.0000000000
89404  52.376  15.288  22.313 0.0000000000
86462  46.702  9.872  25.549 0.0000000000
86454  47.057  10.515  26.007 0.0000000000
86461  47.082  10.506  25.123 0.0000000000
114712  47.538  11.117  23.518 0.0000000000
87260  47.549  11.150  24.592 0.0000000000
87952  49.063  12.286  25.211 0.0000000000
85693  48.784  11.292  19.610 0.0000000000
87970  48.536  13.897  20.988 0.0000000000
87964  48.408  13.069  22.071 0.0000000000
88709  50.142  13.648  23.396 0.0000000000
88715  49.872  14.318  22.288 0.0000000000
89422  49.127  15.322  21.191 0.0000000000
89416  50.046  15.522  21.757 0.0000000000
89421  50.355  15.903  21.925 0.0000000000
90126  49.375  15.732  21.614 0.0000000000
90118  49.806  16.121  22.134 0.0000000000
125388  48.652  15.675  21.578 0.0000000000
88723  46.693  14.123  21.290 0.0000000000
114965  46.896  14.597  21.950 0.0000000000
88717  46.118  13.883  22.530 0.0000000000
86494  46.346  10.649  20.014 0.0000000000
86487  46.010  10.913  20.952 0.0000000000
85679  45.019  9.560  22.412 0.0000000000
86481  45.576  11.189  21.864 0.0000000000
86482  45.147  10.468  22.635 0.0000000000
86476  44.602  10.688  23.467 0.0000000000
85673  44.208  9.704  23.594 0.0000000000
117902  43.493  7.632  23.024 0.0000000000
83319  45.837  6.294  22.819 0.0000000000
82469  46.077  5.618  24.432 0.0000000000
110656  44.333  15.022  31.660 0.0000000000
89337  45.222  14.822  31.156 0.0000000000
85582  48.745  8.983  35.326 0.0000000000
90083  50.086  15.357  25.537 0.0000000000
90095  49.804  15.614  24.595 0.0000000000
90109  49.013  15.995  23.111 0.0000000000
87233  48.422  11.545  29.181 0.0000000000
87931  49.113  11.912  28.714 0.0000000000
87238  48.332  11.536  28.152 0.0000000000
133044  51.115  9.652  18.513 0.0000000000
84950  50.703  10.087  18.422 0.0000000000
84951  49.570  9.465  18.292 0.0000000000
84953  47.637  8.864  18.726 0.0000000000
84193  47.988  8.205  19.129 0.0000000000
84183  47.411  7.616  19.814 0.0000000000
118588  46.995  6.826  21.060 0.0000000000
83340  47.729  6.606  21.406 0.0000000000
113266  48.683  6.261  21.873 0.0000000000
85587  43.952  9.102  36.258 0.0000000000
84828  43.912  8.389  35.780 0.0000000000
90798  56.733  16.055  25.753 0.0000000000
90077  57.089  15.267  25.494 0.0000000000
89388  56.552  15.026  24.825 0.0000000000
89389  55.901  14.865  24.291 0.0000000000
124972  47.607  7.420  25.620 0.0000000000
84903  47.156  8.137  25.243 0.0000000000
84139  49.679  7.525  24.067 0.0000000000
84149  52.933  8.365  22.723 0.0000000000
124330  54.079  8.860  21.869 0.0000000000
84161  53.638  9.136  21.385 0.0000000000
84924  53.294  9.406  20.831 0.0000000000
84932  53.052  9.590  20.074 0.0000000000
85601  50.436  9.134  33.988 0.0000000000
85611  50.173  9.575  33.366 0.0000000000
86413  49.802  10.183  32.657 0.0000000000
86418  49.378  10.776  31.952 0.0000000000
86420  47.760  10.255  31.285 0.0000000000
85627  47.071  9.937  30.930 0.0000000000
84062  46.547  6.727  34.799 0.0000000000
83218  46.813  6.428  34.251 0.0000000000
83223  46.740  6.397  33.796 0.0000000000
113578  44.979  5.403  30.976 0.0000000000
83235  45.057  6.326  31.402 0.0000000000
83244  44.969  6.121  30.771 0.0000000000
84090  45.282  7.530  30.331 0.0000000000
130606  45.575  8.315  30.386 0.0000000000
84096  45.448  7.586  29.261 0.0000000000
84102  45.795  7.459  28.416 0.0000000000
82419  50.862  5.312  28.691 0.0000000000
115536  51.494  15.678  28.286 0.0000000000
90054  51.440  16.327  29.031 0.0000000000
90777  50.712  16.487  29.471 0.0000000000
90778  49.985  16.726  29.778 0.0000000000
115980  49.399  16.133  29.987 0.0000000000
90046  48.806  15.734  30.075 0.0000000000
115036  48.138  15.685  30.296 0.0000000000
129129  47.727  15.166  30.141 0.0000000000
89353  47.665  14.762  29.681 0.0000000000
89364  46.679  14.157  28.515 0.0000000000
89395  46.240  14.481  25.277 0.0000000000
89385  45.568  14.295  25.958 0.0000000000
88701  44.941  14.145  25.615 0.0000000000
123027  44.230  13.256  25.760 0.0000000000
87954  43.912  12.656  25.841 0.0000000000
87262  43.785  11.444  24.973 0.0000000000
86471  43.691  10.529  24.673 0.0000000000
87204  54.486  11.380  32.548 0.0000000000
87215  54.950  11.649  31.750 0.0000000000
87891  54.455  12.096  31.059 0.0000000000
131899  51.248  12.829  27.323 0.0000000000
88667  52.494  12.995  27.998 0.0000000000
88687  52.955  13.494  25.864 0.0000000000
88707  51.807  14.310  23.266 0.0000000000
114658  47.172  9.673  23.984 0.0000000000
86475  47.404  10.311  23.250 0.0000000000
87276  48.358  12.904  19.673 0.0000000000
114169  48.271  13.713  19.947 0.0000000000
88722  48.825  14.741  20.933 0.0000000000
88726  48.399  14.917  20.622 0.0000000000
89428  48.163  14.995  20.611 0.0000000000
126338  46.659  13.758  20.693 0.0000000000
119900  45.709  8.705  20.642 0.0000000000
85685  45.340  9.176  21.580 0.0000000000
85672  44.422  9.103  22.907 0.0000000000
84929  44.131  8.155  22.583 0.0000000000
87923  58.044  12.846  28.047 0.0000000000
121928  50.230  9.114  34.479 0.0000000000
84848  48.361  8.492  33.177 0.0000000000
81574  44.946  4.983  31.795 0.0000000000
81596  45.468  4.930  30.452 0.0000000000
81609  46.149  5.343  29.556 0.0000000000
82420  47.298  5.157  29.067 0.0000000000
90795  53.463  16.539  27.368 0.0000000000
90062  52.490  16.040  27.822 0.0000000000
111679  52.008  15.533  27.274 0.0000000000
89360  50.551  15.185  28.352 0.0000000000
128317  49.686  14.841  28.387 0.0000000000
89362  48.863  14.640  28.367 0.0000000000
112107  49.261  14.710  27.524 0.0000000000
89383  47.672  14.568  26.300 0.0000000000
89393  49.226  15.207  25.554 0.0000000000
124645  45.923  14.432  24.558 0.0000000000
89408  45.774  14.280  23.979 0.0000000000
87894  51.589  12.041  31.337 0.0000000000
87906  51.932  12.423  30.543 0.0000000000
128886  51.109  12.644  28.872 0.0000000000
87930  49.849  12.271  28.349 0.0000000000
87929  50.678  12.566  27.978 0.0000000000
87936  50.641  12.623  26.955 0.0000000000
85683  48.730  10.446  20.330 0.0000000000
86492  49.116  12.039  18.604 0.0000000000
85698  49.232  11.439  18.140 0.0000000000
86491  48.616  12.051  18.133 0.0000000000
87288  48.124  12.566  18.325 0.0000000000
87283  47.434  12.826  18.683 0.0000000000
86493  46.856  11.434  18.914 0.0000000000
131292  46.563  10.493  19.400 0.0000000000
85695  46.344  9.670  19.779 0.0000000000
85694  46.967  9.408  18.946 0.0000000000
84946  46.318  8.727  19.766 0.0000000000
84173  45.330  7.697  21.101 0.0000000000
83328  45.356  6.637  22.004 0.0000000000
115183  46.930  6.561  21.797 0.0000000000
83318  47.025  6.238  22.768 0.0000000000
82468  47.197  5.369  24.415 0.0000000000
86361  46.770  10.325  36.256 0.0000000000
85584  47.130  9.312  35.686 0.0000000000
84055  45.957  7.345  35.179 0.0000000000
83211  45.633  6.619  34.951 0.0000000000
115025  45.245  5.155  34.179 0.0000000000
90801  55.375  16.902  26.316 0.0000000000
128116  55.113  16.211  24.880 0.0000000000
90799  56.271  16.175  25.461 0.0000000000
90092  53.402  15.965  23.186 0.0000000000
86447  46.508  9.859  27.290 0.0000000000
85666  46.702  9.276  25.228 0.0000000000
85665  46.939  9.201  24.528 0.0000000000
85671  47.300  8.996  23.825 0.0000000000
83312  49.968  7.112  24.850 0.0000000000
84150  51.401  7.950  23.106 0.0000000000
84151  49.607  8.010  23.245 0.0000000000
130724  49.724  9.770  20.519 0.0000000000
84949  51.681  10.137  18.705 0.0000000000
84190  51.481  9.385  18.707 0.0000000000
83349  50.090  7.242  19.985 0.0000000000
83338  50.538  6.506  20.662 0.0000000000
112434  55.156  11.156  33.366 0.0000000000
87217  52.146  11.591  31.979 0.0000000000
86387  52.410  10.228  34.484 0.0000000000
86400  51.554  9.983  33.777 0.0000000000
86410  52.211  10.486  33.342 0.0000000000
87895  50.809  11.786  31.428 0.0000000000
87226  49.423  11.866  30.247 0.0000000000
87220  49.054  11.323  31.083 0.0000000000
87227  48.525  11.441  30.122 0.0000000000
87234  47.901  11.184  29.681 0.0000000000
128451  47.131  10.703  28.621 0.0000000000
85583  47.953  8.582  35.336 0.0000000000
84061  47.720  7.208  34.481 0.0000000000
84060  48.377  7.655  34.429 0.0000000000
84849  47.646  8.462  32.725 0.0000000000
83224  45.825  5.860  33.227 0.0000000000
83227  46.361  6.619  33.025 0.0000000000
131325  45.912  7.093  32.286 0.0000000000
84072  46.534  7.287  32.678 0.0000000000
84850  46.973  7.981  32.582 0.0000000000
85629  45.790  8.930  30.057 0.0000000000
86440  46.587  10.181  28.389 0.0000000000
132838  46.549  10.096  27.868 0.0000000000
85648  46.115  9.080  27.553 0.0000000000
83303  48.764  6.731  26.115 0.0000000000
83288  49.656  6.514  26.385 0.0000000000
129567  46.891  5.672  28.830 0.0000000000
82432  47.787  5.679  28.446 0.0000000000
82444  48.387  5.960  27.991 0.0000000000
82430  49.440  5.537  28.296 0.0000000000
82443  49.040  5.903  27.854 0.0000000000
83276  49.465  6.174  27.249 0.0000000000
114314  45.727  10.318  36.541 0.0000000000
85574  44.367  9.686  36.616 0.0000000000
86363  44.426  10.333  37.283 0.0000000000
84819  43.288  8.843  36.263 0.0000000000
85577  42.069  9.163  37.062 0.0000000000
84821  42.010  8.674  36.640 0.0000000000
91976  48.544  19.401  29.469 0.0000000000
91364  48.886  17.468  30.091 0.0000000000
91961  48.166  18.289  29.965 0.0000000000
90758  46.347  16.225  31.074 0.0000000000
89346  45.605  14.460  30.604 0.0000000000
89345  46.968  14.887  30.283 0.0000000000
110641  46.197  14.398  30.164 0.0000000000
88652  45.336  13.961  30.046 0.0000000000
88670  43.843  13.003  28.158 0.0000000000
111259  48.091  14.478  28.193 0.0000000000
113436  47.325  14.319  27.878 0.0000000000
89374  45.646  14.126  26.915 0.0000000000
121490  44.356  13.437  27.666 0.0000000000
87940  43.666  12.365  27.501 0.0000000000
123749  43.611  11.680  25.902 0.0000000000
87214  56.036  11.605  31.670 0.0000000000
87902  57.690  12.283  29.833 0.0000000000
87914  57.866  12.515  28.904 0.0000000000
88663  57.179  12.888  27.622 0.0000000000
125615  53.352  12.611  29.579 0.0000000000
87926  53.861  12.744  28.745 0.0000000000
132867  54.761  12.681  28.632 0.0000000000
88664  55.805  12.791  27.943 0.0000000000
88674  56.672  13.287  26.757 0.0000000000
88684  56.659  13.958  25.593 0.0000000000
88694  55.905  14.249  24.728 0.0000000000
89390  55.257  14.743  23.826 0.0000000000
88696  53.857  13.928  24.507 0.0000000000
89391  54.595  14.682  23.421 0.0000000000
89401  54.772  15.106  23.176 0.0000000000
89402  54.202  15.224  22.866 0.0000000000
90105  52.817  15.673  22.635 0.0000000000
90106  52.060  15.906  22.430 0.0000000000
132932  47.529  10.995  26.475 0.0000000000
87249  48.146  11.470  26.508 0.0000000000
87248  48.552  11.795  25.846 0.0000000000
119925  47.641  11.168  22.338 0.0000000000
87272  48.003  12.307  21.192 0.0000000000
87266  47.860  12.105  22.565 0.0000000000
87951  49.603  12.841  24.401 0.0000000000
88700  50.324  13.244  24.339 0.0000000000
89414  51.855  15.531  22.145 0.0000000000
90116  51.636  15.773  22.160 0.0000000000
90107  51.274  16.059  22.544 0.0000000000
89423  47.897  15.265  21.428 0.0000000000
90120  48.008  15.523  22.360 0.0000000000
127592  46.266  14.349  23.117 0.0000000000
87960  45.475  13.724  23.711 0.0000000000
87277  46.814  13.147  19.518 0.0000000000
87977  46.411  13.066  20.763 0.0000000000
87273  45.798  12.200  21.913 0.0000000000
87267  45.387  12.432  22.896 0.0000000000
87966  44.971  12.812  23.748 0.0000000000
86470  44.174  11.179  24.230 0.0000000000
85667  43.598  9.546  24.293 0.0000000000
126312  49.143  5.708  22.469 0.0000000000
85649  45.895  8.466  27.830 0.0000000000
85705  48.377  10.781  18.072 0.0000000000
87292  47.979  12.025  18.120 0.0000000000
87901  58.380  12.751  29.397 0.0000000000
89358  58.259  13.649  27.893 0.0000000000
89371  48.558  14.570  27.602 0.0000000000
129604  47.948  14.102  19.063 0.0000000000
