#!ascii label  , from subject sub-v1s4x0050694_ses-1 vox2ras=TkReg
789
61157  -20.271  -12.519  -7.271 0.5555555820
61168  -20.884  -12.654  -7.873 0.6666666865
61182  -21.426  -11.947  -8.883 0.7777777910
61197  -21.795  -11.883  -9.422 0.7777777910
62131  -22.382  -11.018  -10.289 0.8888888955
62134  -23.931  -11.041  -10.727 0.8888888955
61156  -19.656  -12.437  -6.632 0.5555555820
62083  -19.854  -11.574  -7.118 0.5555555820
116370  -20.370  -10.610  -7.884 0.6666666865
63000  -20.823  -10.420  -8.370 0.8888888955
61198  -22.324  -12.098  -9.743 0.8888888955
131312  -23.729  -10.258  -11.286 1.0000000000
63022  -24.137  -10.367  -11.081 0.8888888955
63915  -24.451  -9.438  -11.193 1.0000000000
62990  -19.813  -10.174  -7.397 0.7777777910
63904  -21.203  -9.536  -8.875 1.0000000000
131072  -21.202  -8.945  -8.942 1.0000000000
63913  -21.713  -9.282  -9.641 1.0000000000
64779  -22.390  -8.594  -11.008 1.0000000000
63921  -22.958  -9.224  -11.451 1.0000000000
64789  -23.028  -8.379  -11.682 1.0000000000
64798  -24.022  -8.433  -12.086 1.0000000000
65592  -24.779  -7.996  -11.860 1.0000000000
64797  -23.687  -8.068  -12.126 1.0000000000
65606  -24.163  -7.763  -12.331 1.0000000000
117516  -25.183  -7.259  -11.774 1.0000000000
66348  -25.209  -6.556  -11.999 1.0000000000
115478  -25.508  -6.273  -11.465 0.7777777910
65571  -21.153  -7.741  -9.110 0.8888888955
64771  -21.425  -8.463  -9.393 1.0000000000
65590  -22.505  -7.838  -11.287 1.0000000000
65577  -21.557  -7.833  -9.835 1.0000000000
66341  -22.591  -7.034  -11.468 1.0000000000
66360  -23.781  -6.395  -12.563 1.0000000000
66362  -24.692  -6.416  -12.369 1.0000000000
67191  -25.013  -5.844  -12.253 1.0000000000
67185  -25.376  -5.658  -11.873 1.0000000000
68063  -25.481  -4.733  -11.748 1.0000000000
68054  -25.729  -4.339  -10.864 0.7777777910
67176  -25.907  -4.818  -10.085 0.7777777910
122244  -20.834  -6.423  -8.787 0.5555555820
68061  -22.060  -4.719  -10.738 0.7777777910
67175  -21.724  -5.760  -10.358 0.8888888955
67184  -22.835  -5.682  -12.042 1.0000000000
66359  -23.142  -6.572  -12.172 1.0000000000
125052  -23.413  -5.733  -12.544 1.0000000000
66371  -23.952  -5.628  -12.785 1.0000000000
129525  -24.570  -4.863  -12.742 1.0000000000
128210  -25.219  -4.222  -12.298 0.8888888955
123408  -25.548  -3.682  -11.662 0.8888888955
69870  -25.833  -2.611  -10.330 0.7777777910
130080  -25.959  -3.190  -9.915 0.6666666865
69862  -26.234  -2.584  -9.603 0.6666666865
68043  -20.830  -4.455  -8.686 0.4444444478
122783  -21.463  -5.067  -9.796 0.7777777910
69004  -22.141  -3.641  -10.676 0.6666666865
123119  -22.459  -3.982  -11.462 0.7777777910
68071  -22.928  -4.169  -12.257 0.8888888955
68072  -23.515  -4.359  -12.839 0.8888888955
68085  -24.126  -4.762  -12.980 1.0000000000
69029  -23.973  -3.594  -13.206 1.0000000000
69019  -24.531  -3.154  -13.034 1.0000000000
113969  -25.124  -3.476  -12.522 1.0000000000
111535  -25.389  -2.819  -12.082 0.8888888955
69006  -25.668  -2.755  -11.235 0.7777777910
70747  -25.766  -1.970  -10.873 0.7777777910
124884  -25.833  -1.441  -10.594 0.7777777910
70735  -25.979  -1.781  -9.983 0.6666666865
69881  -22.228  -2.634  -10.766 0.6666666865
69869  -21.839  -3.194  -9.955 0.6666666865
69005  -22.418  -3.221  -11.300 0.7777777910
69882  -22.591  -2.550  -11.612 0.7777777910
69017  -22.786  -3.338  -11.968 0.8888888955
69892  -23.674  -2.655  -13.030 0.8888888955
69902  -24.115  -2.552  -13.239 1.0000000000
69893  -24.593  -2.369  -12.972 1.0000000000
112630  -24.995  -2.794  -12.682 0.8888888955
70761  -25.006  -1.385  -12.133 0.8888888955
70734  -25.627  -1.226  -11.238 0.8888888955
71612  -25.172  -0.659  -11.712 0.8888888955
71602  -25.694  -0.278  -11.153 0.7777777910
120169  -26.006  -0.842  -10.316 0.7777777910
71592  -26.580  -0.310  -9.629 0.6666666865
129759  -22.033  -2.445  -10.031 0.6666666865
70746  -22.850  -1.968  -12.013 0.8888888955
70758  -23.403  -1.891  -12.630 0.8888888955
119031  -23.684  -1.120  -12.815 1.0000000000
70759  -23.901  -1.824  -13.135 1.0000000000
70760  -24.377  -1.207  -12.801 1.0000000000
114174  -24.665  -1.784  -12.757 0.8888888955
72360  -26.459  0.977  -10.514 0.7777777910
72349  -26.734  0.531  -9.755 0.6666666865
114775  -27.202  0.091  -9.112 0.5555555820
70745  -22.398  -1.555  -11.285 0.7777777910
70733  -22.176  -1.235  -10.420 0.6666666865
71622  -23.359  -0.456  -12.414 1.0000000000
71623  -23.925  -0.490  -12.796 1.0000000000
72373  -24.944  0.185  -11.779 0.8888888955
71625  -24.560  -0.583  -12.358 0.8888888955
131268  -25.067  1.001  -11.597 0.8888888955
117697  -26.204  1.372  -10.922 0.7777777910
114606  -26.864  1.198  -9.900 0.5555555820
73122  -26.030  2.047  -11.036 0.7777777910
73123  -26.709  1.744  -10.468 0.5555555820
73111  -27.264  1.683  -9.654 0.5555555820
73892  -26.552  2.689  -10.704 0.6666666865
71591  -22.155  -0.919  -9.966 0.4444444478
71610  -22.226  -0.550  -10.969 0.5555555820
72372  -22.509  0.201  -11.392 0.7777777910
71611  -22.691  -0.541  -11.733 0.8888888955
72384  -23.709  0.199  -12.463 1.0000000000
111117  -24.152  0.104  -12.522 0.8888888955
125531  -24.365  0.969  -12.095 0.8888888955
73139  -24.749  1.653  -11.811 0.8888888955
73140  -25.555  1.495  -11.341 0.8888888955
73877  -27.139  2.361  -10.016 0.5555555820
73121  -22.476  1.667  -10.804 0.6666666865
73137  -22.406  0.909  -11.091 0.6666666865
73138  -23.522  1.648  -11.999 0.7777777910
73153  -24.095  1.716  -12.223 0.8888888955
73899  -24.471  2.396  -12.010 0.7777777910
74726  -24.970  3.021  -11.858 0.7777777910
73900  -25.249  2.238  -11.569 0.7777777910
73891  -25.731  2.845  -11.330 0.6666666865
75548  -25.268  4.380  -12.309 0.6666666865
74727  -25.417  3.644  -11.749 0.6666666865
74728  -26.122  3.521  -11.151 0.6666666865
121603  -26.240  4.830  -11.537 0.6666666865
75549  -25.829  4.273  -11.659 0.5555555820
75540  -26.455  4.249  -11.013 0.5555555820
74712  -27.036  3.018  -10.154 0.4444444478
76335  -26.772  5.013  -10.930 0.5555555820
74710  -22.762  2.813  -10.605 0.3333333433
74724  -22.861  2.985  -10.887 0.5555555820
73898  -22.951  2.305  -11.344 0.6666666865
74717  -23.297  3.555  -11.208 0.5555555820
73909  -23.631  2.555  -11.928 0.7777777910
74734  -23.971  3.300  -12.151 0.7777777910
75553  -24.185  4.174  -12.177 0.6666666865
74735  -24.399  3.171  -12.113 0.6666666865
75554  -24.543  3.975  -12.225 0.6666666865
74736  -24.875  3.798  -12.183 0.6666666865
75555  -24.940  4.443  -12.505 0.6666666865
76351  -25.200  5.145  -12.748 0.6666666865
76344  -25.712  4.997  -12.236 0.6666666865
76346  -27.111  5.720  -10.984 0.5555555820
76345  -26.406  5.628  -11.757 0.6666666865
115781  -22.903  3.266  -10.622 0.4444444478
74711  -22.870  3.731  -9.181 0.4444444478
75538  -22.480  4.744  -9.469 0.5555555820
75547  -23.833  4.370  -11.745 0.6666666865
122845  -23.722  3.711  -11.801 0.6666666865
77125  -26.361  6.455  -12.468 0.6666666865
77126  -27.071  6.508  -11.472 0.6666666865
119097  -24.048  5.363  -11.762 0.6666666865
76343  -24.215  4.973  -12.125 0.6666666865
132078  -24.445  5.336  -12.433 0.6666666865
76350  -24.692  4.806  -12.544 0.6666666865
120985  -25.303  5.953  -12.896 0.6666666865
62118  -22.018  -11.410  -9.777 0.8888888955
63010  -21.645  -9.966  -9.441 1.0000000000
119221  -22.229  -10.128  -10.204 1.0000000000
63033  -23.945  -9.707  -11.480 1.0000000000
68983  -21.287  -3.685  -9.098 0.5555555820
69894  -25.088  -2.196  -12.439 0.8888888955
70719  -22.047  -1.877  -9.812 0.5555555820
72358  -22.178  -0.052  -10.430 0.5555555820
72359  -25.809  0.699  -11.134 0.8888888955
73910  -23.987  2.476  -12.205 0.7777777910
74718  -26.737  3.554  -10.540 0.4444444478
69861  -21.641  -2.652  -9.285 0.4444444478
132122  -22.363  4.356  -8.730 0.2222222239
75530  -22.617  4.183  -9.281 0.3333333433
122159  -20.559  -14.277  -6.925 0.5555555820
59177  -21.161  -14.106  -7.507 0.5555555820
61169  -21.439  -12.770  -8.540 0.5555555820
60197  -21.873  -13.446  -8.543 0.5555555820
62120  -23.546  -11.921  -9.973 0.7777777910
62121  -24.067  -11.444  -10.069 0.8888888955
59160  -19.900  -13.962  -6.400 0.5555555820
61183  -21.966  -12.703  -9.211 0.6666666865
60216  -22.655  -12.713  -9.506 0.6666666865
61210  -22.931  -11.994  -10.083 0.8888888955
63011  -24.452  -10.731  -10.231 0.7777777910
63023  -24.737  -9.898  -10.408 0.7777777910
63916  -24.973  -9.062  -10.505 0.8888888955
60152  -18.951  -13.221  -5.447 0.4444444478
62093  -19.475  -10.718  -7.006 0.5555555820
63924  -24.810  -8.568  -11.243 1.0000000000
63884  -19.119  -9.293  -6.642 0.2222222239
63893  -20.119  -9.272  -7.650 0.6666666865
66342  -25.511  -6.932  -11.118 0.8888888955
111702  -25.718  -6.211  -10.779 0.6666666865
111740  -25.691  -5.408  -11.003 0.7777777910
64762  -20.275  -8.215  -7.962 0.5555555820
68045  -26.222  -4.345  -9.345 0.6666666865
66325  -20.376  -6.823  -8.201 0.4444444478
68984  -26.397  -3.392  -9.295 0.5555555820
69852  -26.732  -2.500  -8.989 0.5555555820
67154  -20.138  -5.256  -7.951 0.2222222239
123203  -26.513  -1.940  -9.345 0.5555555820
68982  -20.709  -3.769  -8.396 0.4444444478
71593  -27.085  -0.690  -8.998 0.5555555820
128095  -21.052  -2.841  -8.453 0.3333333433
110525  -22.100  -1.301  -9.740 0.4444444478
73112  -27.811  1.584  -8.914 0.4444444478
71578  -22.214  -0.930  -8.854 0.3333333433
73878  -27.658  2.246  -9.250 0.5555555820
74719  -27.262  3.670  -9.860 0.4444444478
73876  -22.709  2.564  -9.629 0.3333333433
73889  -22.523  2.106  -10.594 0.3333333433
75541  -27.028  4.366  -10.326 0.4444444478
76336  -27.441  5.303  -10.149 0.4444444478
78001  -27.878  6.969  -10.932 0.2222222239
75531  -21.930  4.928  -8.776 0.3333333433
76332  -22.767  5.399  -9.778 0.6666666865
76334  -24.212  5.784  -12.179 0.6666666865
115210  -24.704  5.771  -12.695 0.6666666865
77132  -24.915  6.716  -12.834 0.6666666865
77133  -25.728  6.560  -12.928 0.6666666865
78008  -26.811  7.105  -12.206 0.6666666865
76333  -23.122  6.021  -10.026 0.5555555820
62094  -20.493  -11.602  -7.757 0.6666666865
60164  -20.079  -13.338  -6.811 0.5555555820
60179  -20.698  -13.439  -7.420 0.6666666865
60180  -21.327  -13.483  -7.976 0.6666666865
61181  -21.063  -12.017  -8.286 0.7777777910
62105  -20.950  -11.224  -8.381 0.7777777910
62106  -21.440  -11.087  -9.071 0.8888888955
63020  -22.829  -10.645  -10.902 1.0000000000
119893  -21.823  -10.646  -9.628 1.0000000000
63021  -23.474  -10.800  -11.029 1.0000000000
62132  -22.911  -11.338  -10.624 0.8888888955
62133  -23.425  -11.477  -10.550 0.8888888955
60163  -19.483  -13.250  -6.177 0.4444444478
61142  -19.072  -12.390  -5.935 0.4444444478
62082  -19.249  -11.514  -6.482 0.5555555820
130675  -19.995  -10.865  -7.458 0.6666666865
63001  -21.273  -10.224  -8.919 0.8888888955
62119  -22.532  -11.602  -10.146 0.8888888955
122592  -22.715  -9.928  -11.000 1.0000000000
63032  -23.343  -10.017  -11.339 1.0000000000
63923  -24.270  -8.763  -11.769 1.0000000000
62980  -19.251  -9.953  -6.874 0.5555555820
63892  -19.633  -9.454  -7.200 0.6666666865
62991  -20.226  -9.907  -7.786 0.8888888955
117675  -20.606  -9.004  -8.266 0.8888888955
63898  -20.687  -9.731  -8.283 1.0000000000
64770  -20.908  -8.357  -8.671 0.8888888955
63914  -22.304  -9.319  -10.594 1.0000000000
64778  -21.905  -8.580  -10.147 1.0000000000
63922  -23.719  -9.142  -11.669 1.0000000000
65578  -22.017  -7.925  -10.532 1.0000000000
65591  -24.381  -8.083  -12.136 1.0000000000
65579  -25.197  -7.776  -11.226 0.8888888955
65605  -23.708  -7.265  -12.358 1.0000000000
65604  -23.130  -7.563  -11.912 1.0000000000
65607  -24.721  -7.342  -12.206 1.0000000000
130880  -25.377  -6.780  -11.664 0.8888888955
66333  -21.278  -6.992  -9.484 1.0000000000
66332  -20.882  -7.126  -8.819 0.5555555820
65570  -20.604  -7.627  -8.413 0.5555555820
131870  -22.166  -7.329  -10.843 1.0000000000
122616  -21.722  -7.213  -10.249 0.8888888955
121453  -22.586  -6.293  -11.577 1.0000000000
66361  -24.232  -6.188  -12.611 1.0000000000
67190  -24.517  -5.532  -12.624 1.0000000000
68074  -25.023  -5.010  -12.397 1.0000000000
109531  -25.931  -3.926  -9.985 0.6666666865
67155  -20.261  -5.919  -8.095 0.5555555820
67165  -20.785  -5.718  -8.720 0.6666666865
67166  -21.240  -5.976  -9.446 0.6666666865
66340  -21.539  -6.527  -10.070 0.7777777910
68993  -21.640  -4.134  -9.944 0.6666666865
67183  -22.315  -5.634  -11.213 0.8888888955
68062  -22.596  -4.858  -11.734 0.8888888955
66347  -22.085  -6.550  -10.796 0.8888888955
67188  -23.120  -4.992  -12.449 0.8888888955
67189  -23.641  -5.103  -12.783 1.0000000000
68073  -24.633  -4.161  -12.834 1.0000000000
68994  -25.773  -3.419  -10.650 0.7777777910
68044  -21.255  -4.522  -9.274 0.5555555820
68032  -20.436  -4.447  -8.240 0.3333333433
121329  -21.029  -5.167  -9.009 0.6666666865
69018  -23.343  -3.472  -12.705 0.8888888955
69883  -25.475  -2.057  -11.683 0.7777777910
70720  -26.508  -1.191  -9.479 0.5555555820
69891  -23.106  -2.641  -12.361 0.8888888955
70773  -24.218  -1.790  -13.112 1.0000000000
127902  -26.221  0.157  -10.440 0.7777777910
112988  -23.010  -1.236  -12.196 0.8888888955
71638  -24.028  -1.139  -13.057 1.0000000000
71624  -24.112  -0.654  -12.821 0.8888888955
72350  -27.381  0.933  -9.213 0.5555555820
71601  -22.168  -0.575  -10.345 0.5555555820
72383  -23.060  0.214  -12.087 1.0000000000
118128  -22.903  0.894  -11.769 0.7777777910
72385  -23.898  0.922  -12.341 0.8888888955
73152  -23.468  0.775  -12.181 0.7777777910
74713  -27.492  2.962  -9.548 0.5555555820
73890  -22.629  2.415  -10.729 0.4444444478
127978  -22.783  1.505  -11.416 0.6666666865
72371  -22.217  0.175  -10.722 0.7777777910
121926  -22.261  0.861  -10.636 0.6666666865
74725  -23.386  3.089  -11.566 0.6666666865
76352  -25.765  5.766  -12.708 0.6666666865
75539  -23.177  4.599  -10.312 0.5555555820
126147  -21.798  -1.963  -9.234 0.4444444478
69860  -21.080  -3.086  -8.577 0.4444444478
70718  -21.444  -2.469  -8.722 0.4444444478
77117  -27.661  6.228  -10.528 0.3333333433
78009  -27.426  7.358  -11.648 0.3333333433
61200  -24.048  -11.960  -9.365 0.6666666865
59153  -19.381  -14.030  -5.831 0.4444444478
58234  -19.948  -14.822  -6.276 0.5555555820
64780  -25.269  -8.295  -10.501 0.7777777910
67167  -25.945  -5.765  -9.973 0.6666666865
127897  -20.048  -8.688  -7.567 0.7777777910
110229  -20.518  -5.133  -8.408 0.3333333433
67142  -19.665  -5.884  -7.490 0.1111111119
68031  -19.704  -4.131  -7.490 0.1111111119
130967  -22.377  1.532  -10.589 0.3333333433
78019  -26.270  7.233  -12.776 0.6666666865
78020  -26.880  7.936  -12.368 0.4444444478
59154  -23.677  -14.615  -5.735 0.4444444478
59146  -24.944  -14.326  -4.924 0.2222222239
58236  -21.624  -15.400  -6.619 0.4444444478
59178  -21.776  -14.169  -7.829 0.4444444478
58249  -22.003  -14.871  -7.310 0.4444444478
59163  -23.401  -14.345  -6.513 0.4444444478
60165  -23.834  -13.775  -6.861 0.4444444478
59155  -24.910  -13.664  -5.617 0.2222222239
59194  -22.247  -13.852  -8.311 0.4444444478
60181  -22.912  -13.703  -8.186 0.4444444478
127449  -23.546  -13.579  -7.532 0.4444444478
61143  -26.137  -12.559  -5.823 0.1111111119
61170  -23.668  -13.104  -8.066 0.4444444478
61158  -24.854  -12.709  -6.913 0.3333333433
60198  -22.429  -13.324  -8.886 0.4444444478
60199  -23.111  -13.126  -8.989 0.4444444478
61171  -24.439  -12.472  -7.765 0.3333333433
61172  -25.082  -12.147  -7.278 0.3333333433
61184  -23.871  -12.561  -8.746 0.4444444478
62992  -25.740  -10.796  -7.697 0.2222222239
62097  -26.144  -11.129  -7.048 0.1111111119
63885  -26.963  -9.995  -6.718 0.1111111119
62108  -25.143  -11.282  -8.147 0.3333333433
63003  -25.372  -10.510  -8.519 0.3333333433
63012  -25.023  -10.217  -9.458 0.4444444478
63905  -25.267  -9.392  -9.682 0.6666666865
64764  -26.309  -8.350  -8.245 0.4444444478
130899  -25.388  -8.721  -9.879 0.6666666865
131889  -26.414  -7.638  -8.246 0.3333333433
64772  -25.650  -8.078  -9.682 0.6666666865
65573  -25.896  -7.287  -9.481 0.5555555820
65572  -25.554  -7.510  -10.374 0.6666666865
66335  -26.085  -6.464  -9.290 0.5555555820
65565  -26.262  -7.099  -8.676 0.4444444478
67168  -26.227  -5.683  -9.010 0.3333333433
66334  -25.778  -6.686  -10.171 0.5555555820
67156  -26.411  -4.879  -8.633 0.4444444478
131854  -26.113  -5.095  -9.405 0.4444444478
77124  -24.335  6.799  -12.270 0.5555555820
78017  -24.607  7.661  -12.438 0.5555555820
78018  -25.408  7.569  -12.866 0.5555555820
78922  -25.517  8.515  -12.721 0.5555555820
58237  -22.955  -14.937  -6.199 0.4444444478
61159  -25.693  -12.160  -6.635 0.2222222239
129960  -25.937  -11.607  -6.871 0.2222222239
62084  -26.435  -11.576  -6.448 0.1111111119
63004  -25.984  -10.011  -7.971 0.4444444478
64763  -25.769  -8.747  -9.020 0.6666666865
64773  -26.056  -7.868  -8.866 0.4444444478
68033  -26.552  -3.937  -8.648 0.4444444478
70721  -26.982  -1.564  -8.787 0.4444444478
78007  -24.359  7.724  -12.070 0.5555555820
78000  -24.226  7.280  -11.753 0.5555555820
64757  -26.656  -8.735  -7.525 0.2222222239
112545  -26.132  7.963  -12.813 0.5555555820
57330  -22.086  -16.511  -5.280 0.4444444478
57331  -22.745  -15.999  -5.291 0.4444444478
58210  -23.529  -15.871  -4.667 0.4444444478
58225  -24.171  -15.020  -4.974 0.2222222239
58212  -25.036  -14.954  -4.197 0.2222222239
58202  -25.509  -15.280  -3.368 0.1111111119
58221  -20.304  -15.584  -6.206 0.4444444478
58222  -21.723  -16.034  -5.912 0.4444444478
124447  -25.712  -13.667  -4.889 0.1111111119
60154  -26.311  -13.016  -5.150 0.1111111119
59147  -25.567  -14.287  -4.404 0.1111111119
130726  -26.712  -12.490  -5.329 0.1111111119
62969  -27.787  -10.860  -5.607 0.1111111119
63886  -27.562  -9.591  -6.153 0.1111111119
64748  -27.063  -9.166  -6.825 0.1111111119
65549  -27.156  -8.256  -6.868 0.2222222239
111538  -26.654  -6.980  -7.846 0.1111111119
65557  -26.707  -7.881  -7.639 0.2222222239
117558  -26.469  -5.617  -8.313 0.2222222239
67143  -26.716  -5.199  -7.796 0.2222222239
68023  -26.725  -4.341  -7.881 0.3333333433
69853  -27.034  -2.286  -8.303 0.3333333433
111685  -27.385  -1.456  -8.006 0.3333333433
70706  -27.426  -0.792  -8.469 0.3333333433
75532  -27.630  4.485  -9.598 0.3333333433
77116  -24.140  6.330  -11.793 0.5555555820
78921  -24.854  8.325  -12.511 0.5555555820
77999  -23.437  7.245  -10.250 0.5555555820
58235  -20.777  -15.184  -6.646 0.4444444478
59161  -21.345  -14.742  -7.182 0.4444444478
61199  -23.320  -12.509  -9.573 0.5555555820
63002  -24.702  -11.155  -9.173 0.6666666865
71582  -27.490  -0.244  -8.665 0.4444444478
62107  -24.553  -11.883  -8.483 0.3333333433
125284  -24.348  -14.318  -5.455 0.4444444478
59164  -24.090  -13.982  -6.065 0.4444444478
57343  -20.960  -15.875  -6.180 0.4444444478
58223  -22.405  -15.556  -5.959 0.4444444478
129581  -22.325  -15.147  -6.670 0.4444444478
59179  -22.440  -14.280  -7.704 0.4444444478
59162  -22.693  -14.645  -6.977 0.4444444478
60182  -23.126  -14.081  -7.310 0.4444444478
60166  -24.538  -13.386  -6.481 0.4444444478
60183  -24.179  -13.199  -7.277 0.4444444478
60153  -25.685  -13.181  -5.525 0.1111111119
60167  -25.303  -12.958  -6.175 0.2222222239
131419  -26.308  -12.082  -6.179 0.1111111119
61130  -26.967  -12.755  -4.812 0.1111111119
62096  -25.514  -11.558  -7.343 0.3333333433
62095  -24.939  -11.851  -7.780 0.3333333433
62993  -26.353  -10.377  -7.231 0.1111111119
62981  -26.765  -10.795  -6.595 0.1111111119
63894  -26.528  -9.575  -7.398 0.1111111119
62982  -27.398  -10.451  -6.145 0.1111111119
63899  -25.598  -9.664  -8.784 0.4444444478
63900  -26.170  -9.184  -8.167 0.4444444478
65550  -27.114  -7.361  -7.110 0.1111111119
66326  -26.395  -6.323  -8.460 0.3333333433
68973  -26.756  -3.096  -8.544 0.4444444478
58224  -23.261  -15.337  -5.468 0.4444444478
62085  -27.180  -11.220  -6.029 0.1111111119
78909  -24.432  8.146  -11.542 0.5555555820
131368  -22.249  -16.046  -5.627 0.4444444478
58211  -24.288  -15.536  -4.283 0.2222222239
130153  -26.137  -13.932  -4.273 0.1111111119
61145  -27.275  -12.168  -5.128 0.1111111119
52609  -21.694  -21.308  -0.613 0.1111111119
53555  -20.036  -19.991  -3.223 0.3333333433
53524  -20.964  -20.691  -1.760 0.2222222239
53525  -21.685  -20.745  -1.255 0.2222222239
53515  -22.279  -20.809  -0.853 0.1111111119
55486  -18.552  -18.042  -4.464 0.3333333433
54536  -18.771  -19.499  -3.790 0.3333333433
53554  -19.225  -20.119  -3.388 0.3333333433
54538  -20.356  -19.412  -3.515 0.3333333433
54524  -21.631  -19.373  -2.758 0.3333333433
53543  -21.290  -20.045  -2.319 0.2222222239
54525  -22.427  -19.124  -2.500 0.2222222239
53526  -22.415  -20.267  -1.437 0.2222222239
54507  -22.055  -19.793  -2.120 0.2222222239
57314  -18.203  -16.553  -4.630 0.2222222239
115613  -18.851  -17.344  -4.866 0.2222222239
56419  -18.049  -17.278  -4.394 0.2222222239
55470  -19.200  -18.788  -4.297 0.3333333433
54508  -22.842  -19.563  -1.878 0.1111111119
58208  -18.334  -15.671  -4.737 0.2222222239
58209  -19.028  -15.880  -5.303 0.3333333433
123184  -19.453  -17.059  -5.241 0.3333333433
57327  -19.569  -16.447  -5.521 0.3333333433
56433  -20.253  -17.086  -5.351 0.3333333433
56420  -19.712  -17.638  -4.948 0.3333333433
56421  -20.484  -17.777  -4.744 0.3333333433
119232  -21.685  -18.217  -3.725 0.3333333433
55488  -21.273  -17.879  -4.338 0.3333333433
55472  -22.422  -17.945  -3.450 0.3333333433
56412  -22.028  -17.620  -4.104 0.3333333433
113936  -22.794  -18.414  -2.831 0.1111111119
55473  -23.200  -17.687  -3.158 0.2222222239
58219  -18.875  -15.098  -5.146 0.2222222239
57328  -20.292  -16.260  -5.843 0.3333333433
56434  -21.066  -17.322  -4.989 0.3333333433
57316  -21.633  -17.002  -5.034 0.3333333433
57317  -22.188  -17.058  -4.614 0.3333333433
56401  -23.940  -17.515  -2.758 0.1111111119
59152  -18.741  -14.091  -5.036 0.3333333433
57329  -21.138  -16.625  -5.565 0.3333333433
111840  -22.797  -16.521  -4.639 0.3333333433
68962  -26.775  -3.606  -7.972 0.2222222239
68974  -27.083  -2.980  -7.746 0.2222222239
72351  -27.972  1.076  -8.605 0.3333333433
72345  -27.803  0.423  -8.549 0.2222222239
53527  -23.241  -19.967  -1.324 0.1111111119
125080  -20.690  -18.371  -4.209 0.3333333433
131177  -21.196  -18.342  -3.940 0.3333333433
55460  -22.024  -18.667  -3.131 0.3333333433
58220  -19.587  -15.581  -5.776 0.3333333433
57318  -23.366  -16.499  -4.090 0.3333333433
52608  -20.830  -21.575  -0.656 0.1111111119
51700  -21.308  -21.805  -0.143 0.1111111119
54535  -17.971  -19.486  -3.522 0.3333333433
53553  -18.454  -20.120  -3.343 0.3333333433
53541  -18.819  -20.730  -2.989 0.3333333433
113165  -19.638  -20.595  -2.807 0.3333333433
52639  -20.062  -21.002  -2.105 0.3333333433
52597  -22.069  -21.780  0.122 0.1111111119
52610  -22.579  -21.237  -0.301 0.1111111119
55469  -18.124  -18.674  -3.960 0.3333333433
113045  -23.103  -20.580  -0.716 0.1111111119
57313  -17.586  -16.514  -4.027 0.2222222239
58207  -17.789  -15.914  -4.201 0.2222222239
54526  -23.200  -18.892  -2.254 0.1111111119
55462  -24.312  -18.086  -2.215 0.1111111119
59145  -18.205  -14.655  -4.461 0.2222222239
57307  -23.716  -16.878  -3.402 0.1111111119
57319  -24.005  -16.129  -3.887 0.1111111119
60151  -18.466  -13.176  -4.685 0.1111111119
61141  -18.605  -12.383  -5.181 0.2222222239
62071  -18.683  -11.507  -5.746 0.3333333433
115790  -19.307  -14.738  -5.622 0.4444444478
71583  -27.809  -0.167  -8.254 0.2222222239
52621  -21.122  -21.141  -1.131 0.1111111119
54537  -19.628  -19.482  -3.741 0.3333333433
53542  -20.484  -20.350  -2.537 0.3333333433
123381  -19.254  -18.059  -4.679 0.3333333433
56411  -17.875  -17.855  -4.105 0.2222222239
54523  -20.823  -19.677  -2.968 0.3333333433
55471  -20.164  -18.921  -4.029 0.3333333433
54539  -21.089  -18.888  -3.537 0.3333333433
57315  -18.876  -16.512  -5.115 0.3333333433
55487  -19.922  -18.299  -4.542 0.3333333433
56422  -21.651  -17.389  -4.620 0.3333333433
56413  -22.806  -17.149  -3.895 0.3333333433
55449  -23.868  -18.654  -2.070 0.1111111119
51699  -20.640  -22.107  -0.097 0.1111111119
52620  -20.412  -21.319  -1.321 0.2222222239
53552  -17.827  -20.040  -3.152 0.2222222239
52638  -19.191  -21.226  -2.401 0.3333333433
117932  -17.301  -17.959  -3.612 0.2222222239
69854  -27.448  -2.204  -7.484 0.1111111119
68964  -27.637  -2.998  -7.083 0.1111111119
69847  -28.637  -1.768  -6.484 0.1111111119
70708  -28.217  -0.542  -7.326 0.1111111119
70698  -28.742  -0.791  -6.655 0.1111111119
71572  -28.710  0.091  -7.220 0.1111111119
114670  -28.299  0.374  -7.930 0.1111111119
117309  -28.440  1.004  -8.121 0.1111111119
75533  -28.476  4.604  -9.038 0.1111111119
76337  -28.178  5.984  -9.750 0.1111111119
111600  -27.896  3.709  -9.203 0.1111111119
76325  -28.763  5.538  -9.299 0.1111111119
77109  -21.383  7.186  -9.213 0.4444444478
77115  -22.830  6.768  -9.755 0.4444444478
77118  -28.396  6.771  -10.161 0.1111111119
78914  -27.859  8.100  -11.711 0.2222222239
114200  -28.108  7.558  -11.219 0.1111111119
78002  -28.585  7.427  -10.608 0.1111111119
79763  -24.663  9.120  -11.075 0.4444444478
78913  -24.602  8.520  -12.115 0.4444444478
79765  -24.956  9.024  -12.360 0.4444444478
79773  -25.701  9.367  -12.551 0.4444444478
79774  -26.664  9.581  -12.447 0.4444444478
78923  -26.385  8.701  -12.602 0.2222222239
78924  -27.490  8.942  -12.189 0.2222222239
79776  -28.504  9.493  -12.102 0.2222222239
78915  -28.545  8.712  -11.652 0.2222222239
115200  -28.276  12.897  -13.937 0.1111111119
81288  -28.991  11.364  -13.038 0.1111111119
79777  -29.485  9.861  -12.219 0.1111111119
77996  -21.561  8.028  -9.100 0.4444444478
78905  -22.654  8.650  -9.468 0.4444444478
77997  -22.608  7.646  -9.569 0.4444444478
78908  -23.445  9.161  -10.157 0.3333333433
80538  -24.836  10.031  -10.815 0.4444444478
79766  -25.281  9.849  -11.998 0.4444444478
80539  -25.427  10.516  -11.065 0.3333333433
123355  -26.816  10.279  -12.407 0.3333333433
80548  -27.392  10.691  -12.515 0.1111111119
79775  -27.576  9.908  -12.332 0.1111111119
80549  -28.437  10.380  -12.464 0.1111111119
80550  -29.308  10.651  -12.690 0.1111111119
77993  -21.454  7.935  -8.600 0.2222222239
79762  -23.873  10.272  -10.333 0.3333333433
80540  -25.873  10.713  -11.846 0.4444444478
81277  -26.367  11.616  -11.691 0.2222222239
113280  -28.004  11.220  -12.758 0.1111111119
81286  -27.066  11.444  -12.435 0.1111111119
81287  -27.475  11.890  -12.680 0.1111111119
81278  -26.927  12.179  -12.195 0.1111111119
81971  -28.100  11.950  -13.095 0.1111111119
130457  -23.296  9.822  -9.958 0.3333333433
80526  -22.817  11.339  -9.656 0.3333333433
80534  -23.029  11.043  -9.940 0.3333333433
80535  -23.535  11.046  -10.135 0.3333333433
81276  -25.554  11.350  -10.844 0.2222222239
115636  -26.482  12.453  -11.426 0.1111111119
81970  -27.398  12.517  -12.682 0.1111111119
82610  -27.874  12.630  -13.337 0.1111111119
82625  -27.754  13.711  -14.358 0.1111111119
79743  -24.361  9.616  -8.146 0.1111111119
80516  -24.549  10.312  -8.288 0.1111111119
80521  -22.703  11.830  -9.522 0.2222222239
81256  -23.050  12.357  -9.230 0.2222222239
81260  -23.375  12.047  -9.912 0.3333333433
81261  -23.532  12.793  -9.421 0.2222222239
80536  -24.579  11.139  -10.440 0.3333333433
81270  -25.631  12.484  -10.493 0.1111111119
81951  -25.274  13.644  -9.780 0.1111111119
81964  -26.189  13.090  -10.764 0.1111111119
81965  -26.726  13.175  -11.803 0.1111111119
82609  -27.319  13.287  -12.835 0.1111111119
125038  -28.403  13.170  -14.594 0.1111111119
118696  -28.871  12.665  -14.284 0.1111111119
111412  -25.210  11.173  -8.232 0.1111111119
132381  -24.652  10.977  -8.409 0.1111111119
81935  -24.415  13.347  -9.005 0.1111111119
81942  -24.783  13.605  -9.162 0.1111111119
81950  -24.351  13.080  -9.389 0.1111111119
82587  -25.545  14.281  -9.555 0.1111111119
82598  -26.085  13.948  -10.542 0.1111111119
81252  -25.982  12.522  -8.006 0.1111111119
81927  -25.455  13.110  -8.410 0.1111111119
81936  -25.232  13.741  -8.854 0.1111111119
82584  -25.418  14.142  -9.197 0.1111111119
81253  -26.727  12.440  -7.588 0.1111111119
129302  -27.276  12.895  -7.744 0.1111111119
81937  -26.221  13.399  -8.218 0.1111111119
69846  -28.074  -2.314  -6.833 0.1111111119
70697  -27.928  -1.343  -7.172 0.1111111119
126339  -28.456  1.545  -8.360 0.1111111119
73879  -28.310  2.138  -8.612 0.1111111119
76324  -28.040  5.206  -9.479 0.1111111119
122050  -29.058  7.225  -10.033 0.1111111119
123991  -24.863  9.306  -11.893 0.4444444478
127387  -28.677  10.892  -12.718 0.1111111119
80559  -29.872  11.005  -13.141 0.1111111119
124278  -26.247  14.743  -10.377 0.1111111119
82579  -26.005  14.191  -8.751 0.1111111119
70684  -29.329  -1.421  -6.091 0.1111111119
77114  -21.851  6.278  -9.356 0.4444444478
122779  -23.402  8.095  -10.179 0.4444444478
80546  -25.993  10.195  -12.342 0.4444444478
80547  -26.516  10.863  -12.250 0.2222222239
80517  -25.930  10.946  -7.629 0.1111111119
81239  -27.006  11.797  -7.002 0.1111111119
69834  -29.206  -2.257  -5.951 0.1111111119
68963  -27.266  -3.804  -7.319 0.1111111119
69833  -28.678  -2.538  -6.349 0.1111111119
70685  -29.997  -1.048  -5.733 0.1111111119
115847  -30.029  -0.303  -6.045 0.1111111119
72337  -29.512  0.626  -6.930 0.1111111119
72336  -28.975  0.888  -7.571 0.1111111119
73106  -28.913  2.005  -8.236 0.1111111119
73094  -29.261  1.608  -7.897 0.1111111119
73864  -28.998  2.709  -8.402 0.1111111119
75523  -29.410  4.406  -8.676 0.1111111119
129567  -29.253  5.127  -8.934 0.1111111119
77110  -29.133  6.498  -9.607 0.1111111119
78011  -29.324  8.473  -11.148 0.1111111119
78003  -29.393  7.822  -10.491 0.1111111119
77108  -20.973  7.315  -8.828 0.4444444478
79768  -30.094  9.227  -11.767 0.1111111119
80551  -30.179  10.352  -12.758 0.1111111119
78895  -22.091  8.482  -8.273 0.2222222239
78902  -22.307  8.806  -8.916 0.3333333433
79754  -22.986  9.646  -8.960 0.2222222239
79749  -23.841  9.083  -7.858 0.1111111119
81984  -28.952  12.885  -15.115 0.1111111119
79745  -25.210  9.687  -6.726 0.1111111119
80510  -25.502  10.294  -6.981 0.1111111119
80511  -26.402  10.426  -6.498 0.1111111119
82632  -27.833  13.830  -15.113 0.1111111119
80512  -27.417  11.315  -5.958 0.1111111119
83255  -26.645  14.942  -11.624 0.1111111119
83265  -26.970  14.726  -12.693 0.1111111119
82618  -27.190  14.082  -13.245 0.1111111119
109017  -27.314  14.197  -13.933 0.1111111119
81240  -27.432  11.660  -6.575 0.1111111119
109157  -27.108  15.387  -9.939 0.1111111119
81938  -27.293  13.672  -8.151 0.1111111119
70707  -27.761  -0.701  -7.856 0.1111111119
71584  -28.140  -0.152  -7.757 0.1111111119
71573  -29.396  -0.117  -6.564 0.1111111119
73863  -28.129  2.884  -8.873 0.1111111119
74702  -28.720  3.638  -8.703 0.1111111119
78010  -28.647  8.050  -11.089 0.1111111119
79767  -29.306  9.095  -11.695 0.1111111119
81978  -28.970  12.162  -13.638 0.1111111119
81294  -29.617  11.537  -13.487 0.1111111119
79778  -30.526  9.681  -12.374 0.1111111119
79759  -23.056  9.614  -9.479 0.3333333433
80527  -22.831  11.576  -9.627 0.3333333433
81269  -24.289  12.245  -9.981 0.2222222239
82619  -27.670  13.385  -13.601 0.1111111119
79744  -24.589  9.392  -7.119 0.1111111119
80509  -24.905  9.982  -7.365 0.1111111119
80520  -23.627  10.153  -8.746 0.1111111119
81250  -23.143  12.594  -8.836 0.1111111119
121037  -26.771  14.047  -12.320 0.1111111119
116910  -25.277  10.493  -7.894 0.1111111119
81251  -24.444  12.979  -8.804 0.1111111119
81257  -23.632  12.941  -9.122 0.1111111119
81941  -23.988  13.142  -9.129 0.1111111119
120732  -26.530  14.160  -11.317 0.1111111119
83247  -26.254  14.762  -9.506 0.1111111119
68953  -28.341  -3.120  -6.544 0.1111111119
70699  -29.502  -0.737  -6.212 0.1111111119
112603  -26.967  14.564  -8.744 0.1111111119
78916  -29.844  8.761  -11.336 0.1111111119
80560  -30.593  10.642  -13.424 0.1111111119
81302  -29.854  11.857  -13.920 0.1111111119
79748  -23.420  9.574  -8.520 0.1111111119
81985  -29.619  12.327  -14.418 0.1111111119
109027  -26.903  15.361  -10.636 0.1111111119
52637  -18.350  -21.301  -2.535 0.2222222239
65556  -19.186  -7.053  -6.817 0.2222222239
66312  -19.670  -6.501  -7.477 0.2222222239
65564  -19.973  -7.372  -7.630 0.4444444478
76323  -21.609  5.634  -9.081 0.2222222239
77106  -21.103  7.377  -8.269 0.1111111119
73110  -22.426  1.595  -9.792 0.2222222239
115274  -22.268  0.831  -9.848 0.1111111119
64755  -19.554  -8.717  -7.044 0.2222222239
73101  -22.563  0.980  -9.583 0.1111111119
74699  -22.749  4.051  -8.504 0.1111111119
75514  -21.736  5.025  -7.582 0.1111111119
77099  -21.753  6.861  -7.464 0.1111111119
77988  -21.674  7.815  -7.931 0.1111111119
62968  -18.869  -10.639  -6.366 0.2222222239
128978  -19.373  -9.021  -6.863 0.2222222239
68972  -20.504  -3.829  -8.221 0.1111111119
69851  -20.716  -3.355  -8.317 0.3333333433
118962  -20.942  6.497  -9.013 0.3333333433
118728  -20.921  6.642  -8.324 0.1111111119
119609  -19.050  -7.809  -6.469 0.2222222239
75522  -21.877  4.719  -8.173 0.1111111119
76317  -21.235  5.598  -8.398 0.1111111119
76308  -21.407  5.904  -7.695 0.1111111119
74685  -22.271  4.488  -7.815 0.1111111119
75515  -22.714  4.781  -7.463 0.1111111119
64749  -27.497  -8.836  -6.349 0.1111111119
52617  -17.747  -21.942  -2.081 0.1111111119
52618  -18.675  -21.811  -1.943 0.1111111119
51711  -19.019  -22.175  -1.217 0.1111111119
53523  -16.144  -20.896  -1.814 0.1111111119
53539  -17.248  -20.258  -2.670 0.1111111119
54522  -17.329  -19.495  -3.024 0.1111111119
55468  -17.335  -18.773  -3.352 0.1111111119
62070  -18.347  -11.594  -5.025 0.1111111119
66302  -18.818  -6.798  -6.381 0.1111111119
64756  -19.674  -7.992  -7.188 0.1111111119
70705  -21.805  -1.828  -9.133 0.2222222239
71566  -21.616  -1.613  -8.222 0.2222222239
52635  -16.858  -20.791  -2.245 0.1111111119
66311  -19.117  -6.406  -6.921 0.1111111119
51710  -18.213  -22.412  -1.525 0.1111111119
52619  -19.546  -21.568  -1.605 0.1111111119
53537  -15.676  -20.060  -1.738 0.1111111119
53538  -16.388  -20.131  -2.201 0.1111111119
55458  -16.189  -18.668  -2.384 0.1111111119
55459  -16.811  -18.879  -2.851 0.1111111119
56409  -16.710  -17.176  -3.224 0.1111111119
114727  -18.252  -10.595  -5.633 0.1111111119
64747  -19.059  -8.667  -6.486 0.1111111119
118065  -22.463  -0.461  -9.053 0.2222222239
51709  -17.401  -22.577  -1.499 0.1111111119
72341  -22.330  -0.021  -9.523 0.1111111119
62979  -18.605  -9.836  -6.291 0.1111111119
70704  -21.403  -2.451  -8.632 0.2222222239
59138  -17.765  -15.157  -3.944 0.1111111119
56410  -17.397  -17.206  -3.825 0.1111111119
53540  -18.051  -20.652  -2.939 0.1111111119
52636  -17.556  -21.112  -2.450 0.1111111119
112154  -18.722  -8.265  -5.994 0.1111111119
52616  -16.923  -21.466  -2.017 0.1111111119
109525  -16.969  -22.119  -1.744 0.1111111119
54521  -16.641  -19.462  -2.553 0.1111111119
122258  -18.178  -11.002  -5.091 0.1111111119
56399  -15.910  -17.902  -2.236 0.1111111119
61129  -18.343  -12.435  -4.450 0.1111111119
62062  -18.301  -11.888  -4.636 0.1111111119
62967  -18.142  -9.745  -5.745 0.1111111119
71579  -22.805  -0.396  -8.839 0.1111111119
72342  -22.698  0.268  -9.333 0.1111111119
70680  -21.042  -2.116  -7.838 0.1111111119
55461  -23.541  -18.209  -2.550 0.1111111119
61144  -26.827  -11.956  -5.773 0.1111111119
111260  -22.186  -1.922  -10.464 0.6666666865
113924  -24.241  -6.928  -12.483 1.0000000000
121493  -21.686  -20.312  -1.779 0.2222222239
125634  -23.557  -8.666  -11.811 1.0000000000
