#!ascii label  , from subject sub-v1s4x0050694_ses-1 vox2ras=TkReg
285
62072  -27.541  -11.537  -5.417 0.0000000000
64772  -25.650  -8.078  -9.682 0.0000000000
76344  -25.712  4.997  -12.236 0.0000000000
114606  -26.864  1.198  -9.900 0.0000000000
69853  -27.034  -2.286  -8.303 0.0000000000
65543  -28.923  -6.802  -5.262 0.0000000000
77132  -24.915  6.716  -12.834 0.0000000000
71593  -27.085  -0.690  -8.998 0.0000000000
68994  -25.773  -3.419  -10.650 0.0000000000
63004  -25.984  -10.011  -7.971 0.0000000000
65550  -27.114  -7.361  -7.110 0.0000000000
64739  -27.955  -8.935  -5.789 0.0000000000
58210  -23.529  -15.871  -4.667 0.0000000000
61172  -25.082  -12.147  -7.278 0.0000000000
81269  -24.289  12.245  -9.981 0.0000000000
80540  -25.873  10.713  -11.846 0.0000000000
79774  -26.664  9.581  -12.447 0.0000000000
78914  -27.859  8.100  -11.711 0.0000000000
77117  -27.661  6.228  -10.528 0.0000000000
74728  -26.122  3.521  -11.151 0.0000000000
75533  -28.476  4.604  -9.038 0.0000000000
73879  -28.310  2.138  -8.612 0.0000000000
114670  -28.299  0.374  -7.930 0.0000000000
69847  -28.637  -1.768  -6.484 0.0000000000
131854  -26.113  -5.095  -9.405 0.0000000000
68014  -27.786  -4.376  -6.691 0.0000000000
70747  -25.766  -1.970  -10.873 0.0000000000
123408  -25.548  -3.682  -11.662 0.0000000000
62981  -26.765  -10.795  -6.595 0.0000000000
64748  -27.063  -9.166  -6.825 0.0000000000
62982  -27.398  -10.451  -6.145 0.0000000000
54508  -22.842  -19.563  -1.878 0.0000000000
55449  -23.868  -18.654  -2.070 0.0000000000
56401  -23.940  -17.515  -2.758 0.0000000000
62107  -24.553  -11.883  -8.483 0.0000000000
61184  -23.871  -12.561  -8.746 0.0000000000
80546  -25.993  10.195  -12.342 0.0000000000
120985  -25.303  5.953  -12.896 0.0000000000
78019  -26.270  7.233  -12.776 0.0000000000
77125  -26.361  6.455  -12.468 0.0000000000
78001  -27.878  6.969  -10.932 0.0000000000
76346  -27.111  5.720  -10.984 0.0000000000
73892  -26.552  2.689  -10.704 0.0000000000
74719  -27.262  3.670  -9.860 0.0000000000
74713  -27.492  2.962  -9.548 0.0000000000
73863  -28.129  2.884  -8.873 0.0000000000
73878  -27.658  2.246  -9.250 0.0000000000
70721  -26.982  -1.564  -8.787 0.0000000000
71583  -27.809  -0.167  -8.254 0.0000000000
70707  -27.761  -0.701  -7.856 0.0000000000
70698  -28.742  -0.791  -6.655 0.0000000000
69854  -27.448  -2.204  -7.484 0.0000000000
66342  -25.511  -6.932  -11.118 0.0000000000
67167  -25.945  -5.765  -9.973 0.0000000000
66335  -26.085  -6.464  -9.290 0.0000000000
113549  -27.556  -6.938  -6.523 0.0000000000
67144  -27.166  -5.630  -7.185 0.0000000000
67138  -28.198  -5.674  -6.032 0.0000000000
68940  -28.501  -3.977  -6.191 0.0000000000
67129  -29.241  -5.603  -5.198 0.0000000000
58201  -24.719  -15.688  -3.648 0.0000000000
58225  -24.171  -15.020  -4.974 0.0000000000
59146  -24.944  -14.326  -4.924 0.0000000000
124447  -25.712  -13.667  -4.889 0.0000000000
127902  -26.221  0.157  -10.440 0.0000000000
72349  -26.734  0.531  -9.755 0.0000000000
120169  -26.006  -0.842  -10.316 0.0000000000
123203  -26.513  -1.940  -9.345 0.0000000000
68984  -26.397  -3.392  -9.295 0.0000000000
64763  -25.769  -8.747  -9.020 0.0000000000
64773  -26.056  -7.868  -8.866 0.0000000000
64757  -26.656  -8.735  -7.525 0.0000000000
65549  -27.156  -8.256  -6.868 0.0000000000
114481  -28.428  -8.203  -5.484 0.0000000000
57308  -24.493  -16.380  -3.236 0.0000000000
63905  -25.267  -9.392  -9.682 0.0000000000
63003  -25.372  -10.510  -8.519 0.0000000000
62992  -25.740  -10.796  -7.697 0.0000000000
129960  -25.937  -11.607  -6.871 0.0000000000
81951  -25.274  13.644  -9.780 0.0000000000
80535  -23.535  11.046  -10.135 0.0000000000
81276  -25.554  11.350  -10.844 0.0000000000
81286  -27.066  11.444  -12.435 0.0000000000
80548  -27.392  10.691  -12.515 0.0000000000
79775  -27.576  9.908  -12.332 0.0000000000
78922  -25.517  8.515  -12.721 0.0000000000
78924  -27.490  8.942  -12.189 0.0000000000
79776  -28.504  9.493  -12.102 0.0000000000
78915  -28.545  8.712  -11.652 0.0000000000
78002  -28.585  7.427  -10.608 0.0000000000
122050  -29.058  7.225  -10.033 0.0000000000
75549  -25.829  4.273  -11.659 0.0000000000
76335  -26.772  5.013  -10.930 0.0000000000
76337  -28.178  5.984  -9.750 0.0000000000
76325  -28.763  5.538  -9.299 0.0000000000
129567  -29.253  5.127  -8.934 0.0000000000
115498  -29.466  2.178  -8.128 0.0000000000
72351  -27.972  1.076  -8.605 0.0000000000
117309  -28.440  1.004  -8.121 0.0000000000
68054  -25.729  -4.339  -10.864 0.0000000000
68045  -26.222  -4.345  -9.345 0.0000000000
68033  -26.552  -3.937  -8.648 0.0000000000
66326  -26.395  -6.323  -8.460 0.0000000000
67143  -26.716  -5.199  -7.796 0.0000000000
68963  -27.266  -3.804  -7.319 0.0000000000
68953  -28.341  -3.120  -6.544 0.0000000000
68941  -29.032  -3.159  -5.887 0.0000000000
60166  -24.538  -13.386  -6.481 0.0000000000
61143  -26.137  -12.559  -5.823 0.0000000000
130726  -26.712  -12.490  -5.329 0.0000000000
62085  -27.180  -11.220  -6.029 0.0000000000
62969  -27.787  -10.860  -5.607 0.0000000000
54509  -23.754  -19.307  -1.611 0.0000000000
54526  -23.200  -18.892  -2.254 0.0000000000
76352  -25.765  5.766  -12.708 0.0000000000
77126  -27.071  6.508  -11.472 0.0000000000
76345  -26.406  5.628  -11.757 0.0000000000
72360  -26.459  0.977  -10.514 0.0000000000
117697  -26.204  1.372  -10.922 0.0000000000
73123  -26.709  1.744  -10.468 0.0000000000
73877  -27.139  2.361  -10.016 0.0000000000
73111  -27.264  1.683  -9.654 0.0000000000
111685  -27.385  -1.456  -8.006 0.0000000000
70697  -27.928  -1.343  -7.172 0.0000000000
65572  -25.554  -7.510  -10.374 0.0000000000
66334  -25.778  -6.686  -10.171 0.0000000000
65573  -25.896  -7.287  -9.481 0.0000000000
66297  -28.167  -6.613  -5.849 0.0000000000
66307  -27.613  -6.094  -6.546 0.0000000000
67128  -28.768  -5.265  -5.606 0.0000000000
66298  -28.756  -6.026  -5.471 0.0000000000
66299  -29.359  -6.233  -4.972 0.0000000000
58212  -25.036  -14.954  -4.197 0.0000000000
71602  -25.694  -0.278  -11.153 0.0000000000
124884  -25.833  -1.441  -10.594 0.0000000000
69870  -25.833  -2.611  -10.330 0.0000000000
70735  -25.979  -1.781  -9.983 0.0000000000
69862  -26.234  -2.584  -9.603 0.0000000000
130080  -25.959  -3.190  -9.915 0.0000000000
63900  -26.170  -9.184  -8.167 0.0000000000
64764  -26.309  -8.350  -8.245 0.0000000000
63886  -27.562  -9.591  -6.153 0.0000000000
64749  -27.497  -8.836  -6.349 0.0000000000
121203  -27.721  -8.222  -6.125 0.0000000000
119558  -28.607  -9.213  -5.235 0.0000000000
54507  -22.055  -19.793  -2.120 0.0000000000
53526  -22.415  -20.267  -1.437 0.0000000000
56402  -24.347  -16.942  -2.865 0.0000000000
57300  -24.948  -16.688  -2.644 0.0000000000
63012  -25.023  -10.217  -9.458 0.0000000000
62095  -24.939  -11.851  -7.780 0.0000000000
62108  -25.143  -11.282  -8.147 0.0000000000
62096  -25.514  -11.558  -7.343 0.0000000000
61159  -25.693  -12.160  -6.635 0.0000000000
81261  -23.532  12.793  -9.421 0.0000000000
81950  -24.351  13.080  -9.389 0.0000000000
81270  -25.631  12.484  -10.493 0.0000000000
81964  -26.189  13.090  -10.764 0.0000000000
80539  -25.427  10.516  -11.065 0.0000000000
81277  -26.367  11.616  -11.691 0.0000000000
79773  -25.701  9.367  -12.551 0.0000000000
123355  -26.816  10.279  -12.407 0.0000000000
78018  -25.408  7.569  -12.866 0.0000000000
78020  -26.880  7.936  -12.368 0.0000000000
114200  -28.108  7.558  -11.219 0.0000000000
77118  -28.396  6.771  -10.161 0.0000000000
73891  -25.731  2.845  -11.330 0.0000000000
75540  -26.455  4.249  -11.013 0.0000000000
75532  -27.630  4.485  -9.598 0.0000000000
76324  -28.040  5.206  -9.479 0.0000000000
74702  -28.720  3.638  -8.703 0.0000000000
73864  -28.998  2.709  -8.402 0.0000000000
74703  -29.611  3.506  -8.423 0.0000000000
73106  -28.913  2.005  -8.236 0.0000000000
114775  -27.202  0.091  -9.112 0.0000000000
72350  -27.381  0.933  -9.213 0.0000000000
73094  -29.261  1.608  -7.897 0.0000000000
72336  -28.975  0.888  -7.571 0.0000000000
70684  -29.329  -1.421  -6.091 0.0000000000
68063  -25.481  -4.733  -11.748 0.0000000000
67176  -25.907  -4.818  -10.085 0.0000000000
67156  -26.411  -4.879  -8.633 0.0000000000
131889  -26.414  -7.638  -8.246 0.0000000000
65565  -26.262  -7.099  -8.676 0.0000000000
111538  -26.654  -6.980  -7.846 0.0000000000
68024  -27.210  -4.759  -7.239 0.0000000000
68023  -26.725  -4.341  -7.881 0.0000000000
68964  -27.637  -2.998  -7.083 0.0000000000
68952  -27.883  -3.649  -6.744 0.0000000000
111473  -29.227  -4.026  -5.540 0.0000000000
125182  -29.629  -3.439  -5.355 0.0000000000
60153  -25.685  -13.181  -5.525 0.0000000000
60154  -26.311  -13.016  -5.150 0.0000000000
61130  -26.967  -12.755  -4.812 0.0000000000
69006  -25.668  -2.755  -11.235 0.0000000000
62993  -26.353  -10.377  -7.231 0.0000000000
63894  -26.528  -9.575  -7.398 0.0000000000
63885  -26.963  -9.995  -6.718 0.0000000000
63873  -27.941  -10.161  -5.681 0.0000000000
63874  -28.396  -9.913  -5.324 0.0000000000
62970  -28.346  -10.521  -5.209 0.0000000000
62959  -28.779  -10.872  -4.707 0.0000000000
53527  -23.241  -19.967  -1.324 0.0000000000
55462  -24.312  -18.086  -2.215 0.0000000000
63002  -24.702  -11.155  -9.173 0.0000000000
61200  -24.048  -11.960  -9.365 0.0000000000
61171  -24.439  -12.472  -7.765 0.0000000000
81260  -23.375  12.047  -9.912 0.0000000000
79766  -25.281  9.849  -11.998 0.0000000000
77133  -25.728  6.560  -12.928 0.0000000000
78008  -26.811  7.105  -12.206 0.0000000000
78009  -27.426  7.358  -11.648 0.0000000000
74718  -26.737  3.554  -10.540 0.0000000000
74712  -27.036  3.018  -10.154 0.0000000000
111600  -27.896  3.709  -9.203 0.0000000000
71582  -27.490  -0.244  -8.665 0.0000000000
70706  -27.426  -0.792  -8.469 0.0000000000
71584  -28.140  -0.152  -7.757 0.0000000000
71572  -28.710  0.091  -7.220 0.0000000000
70708  -28.217  -0.542  -7.326 0.0000000000
115478  -25.508  -6.273  -11.465 0.0000000000
111702  -25.718  -6.211  -10.779 0.0000000000
67168  -26.227  -5.683  -9.010 0.0000000000
66314  -27.129  -6.509  -7.175 0.0000000000
67137  -27.698  -5.228  -6.633 0.0000000000
68015  -28.314  -4.861  -6.168 0.0000000000
68004  -28.818  -4.597  -5.704 0.0000000000
68005  -29.423  -4.868  -5.203 0.0000000000
67995  -30.043  -4.863  -4.727 0.0000000000
58211  -24.288  -15.536  -4.283 0.0000000000
125284  -24.348  -14.318  -5.455 0.0000000000
59155  -24.910  -13.664  -5.617 0.0000000000
130153  -26.137  -13.932  -4.273 0.0000000000
71592  -26.580  -0.310  -9.629 0.0000000000
70720  -26.508  -1.191  -9.479 0.0000000000
69852  -26.732  -2.500  -8.989 0.0000000000
65557  -26.707  -7.881  -7.639 0.0000000000
124908  -27.499  -7.646  -6.505 0.0000000000
65541  -27.943  -7.486  -5.948 0.0000000000
65542  -28.527  -7.352  -5.492 0.0000000000
63862  -28.920  -10.043  -4.826 0.0000000000
53525  -21.685  -20.745  -1.255 0.0000000000
57307  -23.716  -16.878  -3.402 0.0000000000
57319  -24.005  -16.129  -3.887 0.0000000000
57309  -25.186  -15.997  -2.975 0.0000000000
130899  -25.388  -8.721  -9.879 0.0000000000
63899  -25.598  -9.664  -8.784 0.0000000000
62097  -26.144  -11.129  -7.048 0.0000000000
62084  -26.435  -11.576  -6.448 0.0000000000
80536  -24.579  11.139  -10.440 0.0000000000
115636  -26.482  12.453  -11.426 0.0000000000
80547  -26.516  10.863  -12.250 0.0000000000
113280  -28.004  11.220  -12.758 0.0000000000
80549  -28.437  10.380  -12.464 0.0000000000
78923  -26.385  8.701  -12.602 0.0000000000
112545  -26.132  7.963  -12.813 0.0000000000
78011  -29.324  8.473  -11.148 0.0000000000
78010  -28.647  8.050  -11.089 0.0000000000
121603  -26.240  4.830  -11.537 0.0000000000
76336  -27.441  5.303  -10.149 0.0000000000
75541  -27.028  4.366  -10.326 0.0000000000
77110  -29.133  6.498  -9.607 0.0000000000
75523  -29.410  4.406  -8.676 0.0000000000
126103  -30.281  3.355  -8.230 0.0000000000
73112  -27.811  1.584  -8.914 0.0000000000
72345  -27.803  0.423  -8.549 0.0000000000
126339  -28.456  1.545  -8.360 0.0000000000
111740  -25.691  -5.408  -11.003 0.0000000000
109531  -25.931  -3.926  -9.985 0.0000000000
68973  -26.756  -3.096  -8.544 0.0000000000
66313  -26.716  -6.047  -7.769 0.0000000000
117558  -26.469  -5.617  -8.313 0.0000000000
68962  -26.775  -3.606  -7.972 0.0000000000
68974  -27.083  -2.980  -7.746 0.0000000000
69846  -28.074  -2.314  -6.833 0.0000000000
69833  -28.678  -2.538  -6.349 0.0000000000
69834  -29.206  -2.257  -5.951 0.0000000000
61158  -24.854  -12.709  -6.913 0.0000000000
60167  -25.303  -12.958  -6.175 0.0000000000
131419  -26.308  -12.082  -6.179 0.0000000000
61145  -27.275  -12.168  -5.128 0.0000000000
55461  -23.541  -18.209  -2.550 0.0000000000
61144  -26.827  -11.956  -5.773 0.0000000000
73865  -29.842  2.742  -8.176 0.0000000000
125391  -28.089  -9.568  -5.626 0.0000000000
