#!ascii label  , from subject sub-v1s4x0050694_ses-1 vox2ras=TkReg
1773
59844  50.507  -8.236  51.569 0.0000000000
45607  40.942  -22.481  69.060 0.0000000000
30205  33.436  -40.582  68.079 0.0000000000
33652  26.416  -37.222  65.466 0.0000000000
39384  37.279  -29.005  73.869 0.0000000000
38620  34.877  -30.754  65.460 0.0000000000
52860  43.916  -15.759  53.661 0.0000000000
68139  54.881  1.816  53.179 0.0000000000
51708  47.292  -16.763  61.461 0.0000000000
38628  43.913  -30.857  64.873 0.0000000000
41256  37.162  -28.052  60.429 0.0000000000
32738  32.591  -37.166  72.509 0.0000000000
33641  30.377  -36.342  66.572 0.0000000000
31893  27.888  -38.868  71.760 0.0000000000
34455  36.844  -35.725  70.568 0.0000000000
57824  48.004  -10.648  60.452 0.0000000000
47519  42.105  -20.194  74.217 0.0000000000
45582  45.655  -22.188  70.915 0.0000000000
43796  48.127  -24.868  66.823 0.0000000000
42022  43.768  -26.218  66.789 0.0000000000
39515  39.646  -30.218  62.976 0.0000000000
43836  39.704  -24.498  63.556 0.0000000000
35355  32.617  -34.906  63.212 0.0000000000
119572  31.912  -30.985  60.181 0.0000000000
64449  53.460  -3.486  51.810 0.0000000000
122056  56.426  -1.897  55.092 0.0000000000
117638  33.559  -39.836  64.723 0.0000000000
31144  31.319  -40.585  62.614 0.0000000000
42854  39.335  -25.742  72.384 0.0000000000
42900  37.677  -25.706  67.451 0.0000000000
39444  36.561  -29.623  69.616 0.0000000000
34498  34.680  -35.341  66.888 0.0000000000
56919  46.876  -12.035  52.481 0.0000000000
31881  22.738  -38.477  72.295 0.0000000000
34492  21.251  -35.507  67.745 0.0000000000
63536  51.143  -3.943  54.239 0.0000000000
59800  50.121  -7.636  55.066 0.0000000000
56862  46.755  -11.680  56.673 0.0000000000
51775  45.131  -16.189  57.967 0.0000000000
46692  43.999  -21.892  58.921 0.0000000000
50616  49.856  -17.804  64.980 0.0000000000
44740  45.639  -23.673  62.760 0.0000000000
40397  43.625  -28.592  60.748 0.0000000000
37835  44.492  -32.481  60.784 0.0000000000
114102  35.617  -26.262  62.585 0.0000000000
32695  30.936  -36.534  73.713 0.0000000000
32753  29.969  -37.197  71.727 0.0000000000
31849  29.157  -37.986  73.995 0.0000000000
34405  33.163  -35.626  73.779 0.0000000000
45551  41.713  -22.046  72.324 0.0000000000
45604  44.195  -22.351  69.818 0.0000000000
44693  45.433  -24.107  68.072 0.0000000000
45635  43.232  -22.699  67.161 0.0000000000
42937  41.895  -25.226  64.546 0.0000000000
44708  40.457  -23.260  66.185 0.0000000000
32867  33.296  -37.237  61.605 0.0000000000
34575  32.608  -35.572  60.258 0.0000000000
127444  52.016  -6.400  51.491 0.0000000000
61690  53.948  -5.587  51.885 0.0000000000
60795  52.529  -7.590  51.872 0.0000000000
31091  33.999  -40.517  66.432 0.0000000000
29461  32.834  -42.478  64.178 0.0000000000
123264  31.953  -41.342  65.288 0.0000000000
33642  28.378  -35.786  66.488 0.0000000000
33679  29.592  -35.920  63.619 0.0000000000
112160  27.773  -35.340  62.748 0.0000000000
33681  25.320  -36.516  63.001 0.0000000000
44594  38.222  -23.825  75.432 0.0000000000
41083  38.555  -27.240  73.823 0.0000000000
41108  37.899  -28.019  71.300 0.0000000000
39420  37.530  -29.784  71.749 0.0000000000
31924  35.321  -38.541  69.260 0.0000000000
34479  35.856  -35.776  68.437 0.0000000000
31936  34.601  -38.913  67.637 0.0000000000
32808  33.598  -37.439  65.674 0.0000000000
123377  45.417  -13.728  52.869 0.0000000000
54823  47.536  -13.798  52.970 0.0000000000
52858  46.063  -15.781  53.049 0.0000000000
123415  18.930  -34.800  68.442 0.0000000000
58825  48.243  -9.973  55.254 0.0000000000
57868  48.617  -9.946  57.220 0.0000000000
54737  47.248  -13.735  61.347 0.0000000000
54759  46.270  -13.436  59.263 0.0000000000
51741  46.258  -16.674  59.813 0.0000000000
49675  44.967  -18.636  58.186 0.0000000000
48626  45.918  -19.547  60.206 0.0000000000
41196  46.167  -27.802  66.293 0.0000000000
43817  47.065  -24.134  64.726 0.0000000000
42085  44.967  -26.242  63.952 0.0000000000
42105  43.658  -25.842  62.121 0.0000000000
117751  43.765  -29.368  62.563 0.0000000000
38674  45.857  -31.549  61.965 0.0000000000
37817  44.629  -32.585  63.341 0.0000000000
39551  39.978  -29.585  60.808 0.0000000000
40329  36.094  -28.021  66.810 0.0000000000
42926  36.872  -26.031  65.376 0.0000000000
41213  35.013  -28.096  63.993 0.0000000000
40439  32.571  -28.526  58.080 0.0000000000
68161  59.306  1.704  49.782 0.0000000000
68136  57.059  1.150  52.729 0.0000000000
31063  33.441  -39.289  70.118 0.0000000000
31937  31.305  -38.814  67.667 0.0000000000
32775  31.546  -37.350  69.556 0.0000000000
33610  29.090  -36.566  69.440 0.0000000000
119539  27.251  -37.976  68.413 0.0000000000
37678  35.265  -30.994  74.044 0.0000000000
37694  36.614  -31.950  72.306 0.0000000000
35259  35.173  -34.624  72.741 0.0000000000
31887  35.139  -37.777  71.520 0.0000000000
58794  49.508  -9.045  58.944 0.0000000000
54729  48.306  -13.751  62.651 0.0000000000
111957  47.516  -23.951  68.521 0.0000000000
41150  46.265  -27.237  68.013 0.0000000000
39467  43.317  -29.359  66.587 0.0000000000
37809  42.954  -31.684  64.606 0.0000000000
40349  41.148  -28.819  65.330 0.0000000000
42067  40.440  -27.116  63.592 0.0000000000
42975  39.040  -25.589  61.817 0.0000000000
36915  33.550  -32.576  63.768 0.0000000000
38663  33.448  -30.444  62.630 0.0000000000
36140  32.239  -33.242  61.815 0.0000000000
65354  54.260  -1.684  52.497 0.0000000000
66251  56.454  -0.602  54.301 0.0000000000
64439  55.099  -3.124  52.493 0.0000000000
31962  30.580  -38.659  64.597 0.0000000000
45544  39.791  -22.560  73.712 0.0000000000
127162  39.842  -23.549  70.557 0.0000000000
43770  39.435  -24.238  68.768 0.0000000000
42872  38.936  -25.723  70.467 0.0000000000
41138  36.762  -27.918  69.144 0.0000000000
38591  35.623  -30.505  67.513 0.0000000000
36856  36.818  -32.933  70.277 0.0000000000
36874  35.658  -32.559  68.102 0.0000000000
36900  34.761  -32.571  66.083 0.0000000000
34518  33.391  -35.389  64.835 0.0000000000
32829  33.025  -37.232  63.973 0.0000000000
123688  48.611  -10.447  52.174 0.0000000000
58872  50.610  -9.717  52.068 0.0000000000
55878  48.817  -11.920  52.515 0.0000000000
31055  25.462  -39.564  71.966 0.0000000000
31931  24.610  -39.008  68.477 0.0000000000
32768  21.879  -37.135  70.208 0.0000000000
33643  23.471  -36.893  66.171 0.0000000000
66261  52.499  -1.045  53.116 0.0000000000
63534  51.926  -3.692  52.720 0.0000000000
61693  50.909  -6.339  51.900 0.0000000000
60780  49.535  -7.658  52.823 0.0000000000
58856  47.794  -9.975  53.165 0.0000000000
56886  46.339  -11.574  54.038 0.0000000000
54799  45.066  -13.231  55.115 0.0000000000
115446  47.236  -11.468  58.295 0.0000000000
54783  45.515  -13.694  57.484 0.0000000000
52821  44.296  -15.620  56.373 0.0000000000
49694  44.012  -18.775  56.732 0.0000000000
46724  42.729  -21.902  56.849 0.0000000000
50642  48.246  -17.087  62.875 0.0000000000
46607  49.134  -21.316  65.729 0.0000000000
47630  47.945  -20.597  63.792 0.0000000000
47644  46.832  -20.353  62.133 0.0000000000
45688  44.960  -22.774  61.033 0.0000000000
43864  42.570  -25.291  59.691 0.0000000000
38676  42.043  -31.041  61.889 0.0000000000
123894  38.475  -24.568  66.138 0.0000000000
125120  37.777  -24.767  63.303 0.0000000000
42991  37.083  -25.544  60.842 0.0000000000
40386  33.541  -28.511  61.387 0.0000000000
42143  34.746  -26.382  60.239 0.0000000000
32706  29.653  -37.245  74.058 0.0000000000
33538  29.351  -36.600  74.210 0.0000000000
126701  41.705  -22.169  70.220 0.0000000000
112796  43.470  -22.207  71.143 0.0000000000
45605  42.396  -22.073  69.887 0.0000000000
45616  43.830  -22.355  68.772 0.0000000000
45628  42.404  -22.338  67.645 0.0000000000
45637  41.850  -22.891  66.230 0.0000000000
45629  40.959  -22.695  67.425 0.0000000000
117695  51.027  -7.781  51.502 0.0000000000
60802  52.524  -6.712  51.605 0.0000000000
59842  51.718  -8.041  51.645 0.0000000000
30221  33.742  -41.078  66.914 0.0000000000
30232  32.963  -41.749  65.844 0.0000000000
31092  32.349  -40.749  67.040 0.0000000000
111624  27.146  -36.697  65.899 0.0000000000
34521  28.296  -35.450  64.340 0.0000000000
33663  26.883  -36.215  64.308 0.0000000000
34538  26.051  -36.184  62.841 0.0000000000
33664  26.131  -36.759  64.106 0.0000000000
131281  35.731  -28.783  75.090 0.0000000000
40215  37.036  -27.995  74.841 0.0000000000
41931  37.997  -26.935  74.770 0.0000000000
40243  37.816  -28.547  73.585 0.0000000000
132145  38.226  -28.480  72.743 0.0000000000
39396  37.537  -29.304  73.232 0.0000000000
31078  34.307  -39.938  68.632 0.0000000000
31925  34.923  -38.695  68.487 0.0000000000
31084  34.326  -40.106  67.802 0.0000000000
31090  34.335  -39.752  67.026 0.0000000000
53860  44.513  -14.620  53.411 0.0000000000
53876  45.408  -14.299  52.804 0.0000000000
52877  45.209  -15.656  52.878 0.0000000000
59770  50.532  -7.037  57.207 0.0000000000
115703  49.260  -9.216  56.957 0.0000000000
59758  50.036  -8.157  57.632 0.0000000000
123448  47.262  -15.109  61.323 0.0000000000
53766  46.888  -14.869  60.762 0.0000000000
51719  46.619  -16.995  60.426 0.0000000000
50689  46.247  -17.523  59.906 0.0000000000
50668  46.576  -17.872  60.528 0.0000000000
41198  44.788  -28.312  65.383 0.0000000000
42063  45.509  -26.448  64.675 0.0000000000
41209  44.273  -27.999  64.514 0.0000000000
41220  43.466  -27.898  63.123 0.0000000000
39501  43.840  -29.690  63.858 0.0000000000
38659  44.880  -31.522  63.513 0.0000000000
37807  44.609  -32.162  63.936 0.0000000000
39482  35.341  -29.610  66.114 0.0000000000
41187  35.698  -28.192  65.821 0.0000000000
40339  34.980  -29.158  64.916 0.0000000000
69117  56.977  2.040  52.270 0.0000000000
68137  56.500  1.330  53.004 0.0000000000
31890  33.364  -38.079  71.252 0.0000000000
32774  32.217  -37.914  70.026 0.0000000000
32762  32.324  -37.447  70.930 0.0000000000
32754  29.153  -37.783  71.702 0.0000000000
32764  29.365  -37.226  70.968 0.0000000000
32765  28.822  -37.188  70.190 0.0000000000
32787  27.864  -37.183  68.476 0.0000000000
31914  27.238  -38.638  69.728 0.0000000000
126570  34.393  -32.132  73.893 0.0000000000
36803  35.043  -32.204  73.435 0.0000000000
36061  34.251  -33.669  73.397 0.0000000000
32703  32.858  -36.714  73.246 0.0000000000
32719  34.142  -36.916  72.670 0.0000000000
31877  33.865  -37.559  71.810 0.0000000000
111793  34.484  -38.540  71.098 0.0000000000
45562  45.118  -22.052  71.499 0.0000000000
47548  46.105  -21.031  71.232 0.0000000000
113664  46.711  -21.221  70.598 0.0000000000
46575  47.462  -21.863  69.562 0.0000000000
121067  46.355  -22.784  69.589 0.0000000000
43788  44.737  -24.515  67.431 0.0000000000
132078  45.561  -25.752  68.185 0.0000000000
42005  44.689  -27.035  67.775 0.0000000000
126039  44.675  -28.360  67.342 0.0000000000
41171  43.454  -27.639  67.034 0.0000000000
39469  42.152  -29.400  66.298 0.0000000000
41199  42.120  -27.943  65.988 0.0000000000
43822  40.905  -24.294  64.179 0.0000000000
42088  41.093  -26.233  63.859 0.0000000000
42953  40.790  -25.286  63.480 0.0000000000
42109  39.503  -26.236  62.083 0.0000000000
42963  39.572  -25.394  62.408 0.0000000000
118828  32.945  -34.269  63.553 0.0000000000
36916  33.102  -32.578  62.963 0.0000000000
119394  32.251  -34.017  62.101 0.0000000000
65365  53.849  -2.630  52.084 0.0000000000
64447  54.663  -2.470  52.355 0.0000000000
64448  54.253  -3.380  51.928 0.0000000000
62594  54.651  -5.374  52.650 0.0000000000
120185  33.583  -39.913  63.825 0.0000000000
31129  33.941  -41.181  63.756 0.0000000000
32809  30.913  -37.970  67.044 0.0000000000
31945  30.769  -38.246  66.165 0.0000000000
32821  30.535  -37.457  65.528 0.0000000000
33706  29.475  -36.074  61.759 0.0000000000
32868  30.150  -37.514  61.648 0.0000000000
118670  39.247  -25.135  73.611 0.0000000000
44606  39.125  -23.401  74.844 0.0000000000
128621  39.487  -23.850  72.683 0.0000000000
45553  39.734  -23.070  72.142 0.0000000000
114285  39.558  -24.086  71.879 0.0000000000
43764  39.312  -24.892  70.088 0.0000000000
42863  39.142  -25.929  71.444 0.0000000000
121806  37.397  -28.510  70.724 0.0000000000
41122  37.580  -27.708  70.468 0.0000000000
40296  36.626  -28.720  69.361 0.0000000000
39459  36.066  -29.053  67.981 0.0000000000
38583  36.230  -30.318  69.047 0.0000000000
36070  36.638  -33.429  71.614 0.0000000000
36828  36.853  -32.258  71.261 0.0000000000
35290  37.026  -34.550  70.473 0.0000000000
34488  35.247  -35.466  67.669 0.0000000000
35316  36.074  -34.081  68.564 0.0000000000
36122  35.555  -33.915  67.789 0.0000000000
36127  35.365  -33.057  67.442 0.0000000000
118578  34.637  -33.904  66.328 0.0000000000
35338  34.155  -34.042  65.496 0.0000000000
35330  34.370  -34.730  66.177 0.0000000000
31949  33.389  -38.625  64.795 0.0000000000
32820  33.273  -37.535  64.835 0.0000000000
31961  33.302  -38.786  64.015 0.0000000000
116509  47.950  -10.876  52.376 0.0000000000
56917  49.035  -11.142  52.259 0.0000000000
55879  48.029  -12.163  52.407 0.0000000000
54822  48.336  -13.529  53.248 0.0000000000
31057  24.079  -39.346  71.665 0.0000000000
31074  24.999  -39.452  69.923 0.0000000000
122725  23.748  -38.852  69.960 0.0000000000
34471  20.250  -35.679  69.330 0.0000000000
114289  21.480  -36.218  68.911 0.0000000000
32790  22.697  -37.033  68.545 0.0000000000
112565  22.413  -36.105  67.051 0.0000000000
33668  23.212  -36.304  64.810 0.0000000000
131610  22.334  -35.636  65.490 0.0000000000
67168  52.488  0.986  53.295 0.0000000000
65357  51.542  -2.287  53.439 0.0000000000
64431  51.393  -3.238  53.665 0.0000000000
62595  51.468  -4.928  52.580 0.0000000000
115187  51.301  -4.574  53.842 0.0000000000
132528  50.255  -6.934  53.770 0.0000000000
61681  50.267  -6.742  52.813 0.0000000000
59815  49.727  -7.663  53.940 0.0000000000
59816  48.852  -8.524  53.053 0.0000000000
58840  48.406  -9.289  53.639 0.0000000000
57880  47.679  -10.590  55.815 0.0000000000
57881  47.165  -11.013  55.187 0.0000000000
121024  46.475  -11.749  55.869 0.0000000000
55837  45.609  -12.553  55.269 0.0000000000
55825  46.049  -12.335  56.195 0.0000000000
57835  48.816  -9.852  60.181 0.0000000000
57846  48.801  -9.948  59.194 0.0000000000
56836  47.335  -11.407  59.023 0.0000000000
53785  45.715  -15.086  58.773 0.0000000000
54771  45.865  -13.677  58.405 0.0000000000
52808  45.279  -15.302  58.036 0.0000000000
53810  44.614  -14.881  56.576 0.0000000000
126086  44.761  -15.617  57.225 0.0000000000
50736  44.256  -17.071  56.707 0.0000000000
50722  44.688  -17.404  57.517 0.0000000000
46708  44.434  -21.014  58.767 0.0000000000
47708  44.134  -20.183  57.674 0.0000000000
46709  43.654  -21.603  58.208 0.0000000000
44770  42.846  -23.274  58.544 0.0000000000
50617  49.203  -17.894  64.171 0.0000000000
45625  48.840  -22.813  67.257 0.0000000000
45645  49.219  -21.838  66.658 0.0000000000
116510  48.820  -22.876  66.342 0.0000000000
44739  46.221  -23.603  63.426 0.0000000000
45658  47.515  -22.652  64.257 0.0000000000
126045  46.606  -22.239  62.911 0.0000000000
46644  47.265  -20.631  62.949 0.0000000000
133176  46.469  -21.736  62.421 0.0000000000
45686  45.983  -21.628  61.658 0.0000000000
44751  45.255  -22.991  61.683 0.0000000000
42124  42.690  -26.987  61.127 0.0000000000
43854  43.429  -24.934  61.044 0.0000000000
114972  42.676  -27.172  60.491 0.0000000000
42156  42.635  -26.480  59.392 0.0000000000
40414  43.676  -28.192  59.932 0.0000000000
40396  44.459  -29.118  60.481 0.0000000000
36924  45.883  -32.931  61.734 0.0000000000
130805  46.508  -32.531  60.687 0.0000000000
38644  41.046  -30.754  63.677 0.0000000000
38660  42.745  -31.652  62.870 0.0000000000
38677  41.087  -30.515  62.285 0.0000000000
39566  41.396  -30.033  59.304 0.0000000000
42899  38.303  -25.214  67.924 0.0000000000
43789  39.274  -24.076  67.154 0.0000000000
42910  38.200  -25.037  66.973 0.0000000000
42068  36.198  -26.242  63.981 0.0000000000
42939  36.785  -25.753  64.468 0.0000000000
42090  36.286  -25.748  63.006 0.0000000000
118965  37.556  -25.222  61.641 0.0000000000
42967  36.082  -25.638  61.997 0.0000000000
38679  32.734  -30.473  61.368 0.0000000000
39518  33.575  -29.592  62.430 0.0000000000
39532  32.866  -29.785  61.133 0.0000000000
41275  33.482  -27.454  59.121 0.0000000000
42158  35.521  -26.468  59.330 0.0000000000
65346  56.029  -1.365  54.314 0.0000000000
66249  57.073  -0.475  54.191 0.0000000000
134048  51.723  -9.538  52.879 0.0000000000
32722  31.752  -36.941  72.683 0.0000000000
32739  31.409  -37.122  72.637 0.0000000000
31860  30.241  -37.298  73.167 0.0000000000
31878  29.554  -37.821  72.981 0.0000000000
31044  28.110  -38.817  72.437 0.0000000000
33537  32.269  -36.374  73.683 0.0000000000
46531  42.484  -21.335  73.479 0.0000000000
47529  43.443  -20.502  73.489 0.0000000000
45549  43.753  -21.930  72.389 0.0000000000
45564  44.055  -22.206  71.662 0.0000000000
114382  45.296  -22.347  70.797 0.0000000000
44672  46.129  -23.077  69.226 0.0000000000
45615  44.818  -22.679  68.974 0.0000000000
44694  44.800  -23.565  67.646 0.0000000000
43797  43.858  -24.359  66.505 0.0000000000
118396  42.645  -26.007  65.542 0.0000000000
44718  43.059  -23.878  65.828 0.0000000000
44720  41.407  -23.577  65.229 0.0000000000
44721  40.644  -23.523  65.386 0.0000000000
33691  32.712  -36.519  62.399 0.0000000000
126556  32.348  -35.425  61.838 0.0000000000
33717  32.755  -36.232  60.960 0.0000000000
62605  52.404  -5.014  51.585 0.0000000000
63544  53.831  -4.252  51.667 0.0000000000
61691  52.582  -5.898  51.496 0.0000000000
130980  53.064  -7.008  51.926 0.0000000000
115918  33.704  -40.995  65.532 0.0000000000
30244  33.451  -41.763  64.948 0.0000000000
130165  33.327  -41.600  65.590 0.0000000000
29430  32.771  -41.996  65.153 0.0000000000
30245  31.483  -41.025  64.420 0.0000000000
34501  29.538  -35.663  66.387 0.0000000000
33662  30.006  -36.036  65.038 0.0000000000
112536  28.872  -35.441  65.021 0.0000000000
34534  29.077  -35.547  63.096 0.0000000000
34580  25.819  -35.827  60.563 0.0000000000
113544  38.629  -26.131  74.455 0.0000000000
41953  39.202  -26.356  72.924 0.0000000000
41961  38.757  -26.782  71.645 0.0000000000
41095  38.535  -27.847  72.670 0.0000000000
40269  37.719  -28.875  71.555 0.0000000000
38573  37.235  -30.341  71.205 0.0000000000
32772  36.222  -37.644  70.127 0.0000000000
34469  36.809  -35.645  69.703 0.0000000000
33618  35.798  -36.815  68.773 0.0000000000
121458  35.213  -37.137  68.156 0.0000000000
33639  34.345  -36.516  66.801 0.0000000000
33640  33.798  -36.593  65.952 0.0000000000
32807  34.017  -37.461  66.420 0.0000000000
119045  33.985  -39.167  66.219 0.0000000000
134080  46.167  -12.502  52.748 0.0000000000
55880  47.268  -12.405  52.448 0.0000000000
54837  46.376  -13.328  52.589 0.0000000000
53859  46.465  -14.983  53.025 0.0000000000
34472  19.506  -35.427  69.731 0.0000000000
34483  20.181  -35.341  68.543 0.0000000000
35331  20.513  -34.689  66.152 0.0000000000
113286  19.805  -34.452  66.005 0.0000000000
59782  50.346  -7.463  56.096 0.0000000000
58824  48.682  -9.300  54.728 0.0000000000
133414  49.116  -9.293  56.339 0.0000000000
58815  48.541  -9.871  56.277 0.0000000000
57869  48.014  -10.460  56.671 0.0000000000
55779  47.140  -12.321  60.921 0.0000000000
55780  46.701  -12.744  60.014 0.0000000000
54749  46.543  -13.680  60.114 0.0000000000
53784  46.168  -14.995  59.541 0.0000000000
51742  45.889  -16.344  59.208 0.0000000000
50707  45.120  -17.717  58.228 0.0000000000
50706  45.522  -17.654  58.874 0.0000000000
122482  45.597  -18.837  59.256 0.0000000000
46690  45.023  -20.881  59.582 0.0000000000
42908  47.441  -26.170  66.672 0.0000000000
43805  47.313  -24.852  65.438 0.0000000000
42922  46.332  -26.170  65.300 0.0000000000
43819  45.968  -25.053  64.176 0.0000000000
43833  44.932  -25.036  63.030 0.0000000000
43844  44.365  -24.955  62.270 0.0000000000
127597  43.863  -26.333  62.736 0.0000000000
41232  43.213  -27.588  62.404 0.0000000000
40381  43.406  -28.705  61.878 0.0000000000
39549  44.277  -29.414  61.227 0.0000000000
38658  45.388  -31.553  62.741 0.0000000000
36919  45.622  -32.799  62.392 0.0000000000
37822  45.180  -32.970  61.708 0.0000000000
39516  39.140  -30.031  62.324 0.0000000000
39528  40.081  -30.239  62.188 0.0000000000
115084  39.385  -29.960  61.615 0.0000000000
40399  39.329  -29.289  60.274 0.0000000000
40433  39.793  -28.766  59.140 0.0000000000
42008  36.860  -26.845  67.477 0.0000000000
42912  37.133  -26.019  66.159 0.0000000000
41186  36.172  -27.382  66.024 0.0000000000
117300  35.451  -27.533  64.391 0.0000000000
131978  35.225  -27.468  63.716 0.0000000000
39568  32.339  -29.252  59.401 0.0000000000
38725  31.862  -30.264  57.520 0.0000000000
69138  58.746  2.380  50.336 0.0000000000
111973  57.919  0.725  51.264 0.0000000000
31072  33.110  -39.702  69.396 0.0000000000
31086  32.554  -40.449  67.836 0.0000000000
31926  32.277  -39.263  68.997 0.0000000000
32795  31.108  -37.694  67.929 0.0000000000
33630  30.816  -36.786  68.301 0.0000000000
33596  30.528  -36.712  70.430 0.0000000000
33608  30.371  -36.492  69.639 0.0000000000
34480  29.911  -35.912  67.890 0.0000000000
33623  28.498  -36.323  68.113 0.0000000000
33632  27.759  -36.787  67.594 0.0000000000
32797  26.650  -38.054  67.132 0.0000000000
38534  36.321  -29.816  74.205 0.0000000000
38554  36.834  -30.531  73.177 0.0000000000
37688  35.661  -31.637  73.362 0.0000000000
36071  36.329  -33.547  72.160 0.0000000000
34433  36.435  -35.307  71.664 0.0000000000
35246  33.871  -35.149  73.409 0.0000000000
33552  35.483  -36.449  72.243 0.0000000000
33582  36.332  -36.714  71.197 0.0000000000
121475  35.378  -38.654  70.429 0.0000000000
131092  34.546  -39.328  70.042 0.0000000000
125096  43.715  -17.185  53.706 0.0000000000
119835  44.229  -16.889  53.208 0.0000000000
49754  44.082  -18.335  53.291 0.0000000000
58793  50.038  -8.089  58.655 0.0000000000
57811  47.908  -10.657  61.357 0.0000000000
55767  47.479  -12.443  61.720 0.0000000000
54730  47.779  -13.765  61.977 0.0000000000
52747  47.694  -15.206  61.891 0.0000000000
45613  48.218  -22.752  68.336 0.0000000000
43776  48.035  -24.240  67.928 0.0000000000
123121  46.494  -24.008  68.642 0.0000000000
122529  47.341  -25.510  68.078 0.0000000000
42020  47.435  -26.335  67.281 0.0000000000
111121  46.785  -27.509  66.912 0.0000000000
39479  44.977  -29.113  66.609 0.0000000000
38615  43.961  -30.116  65.827 0.0000000000
37794  43.469  -31.617  64.730 0.0000000000
128970  42.350  -30.594  66.054 0.0000000000
38630  41.368  -30.561  65.118 0.0000000000
39493  40.272  -29.644  64.367 0.0000000000
42046  41.791  -27.350  65.335 0.0000000000
41212  40.399  -28.090  64.213 0.0000000000
40362  39.369  -29.204  63.339 0.0000000000
41222  39.074  -28.501  62.755 0.0000000000
41242  38.338  -27.587  61.508 0.0000000000
42126  38.196  -26.614  61.097 0.0000000000
37796  34.503  -31.419  64.954 0.0000000000
38646  34.205  -30.228  63.963 0.0000000000
37810  33.512  -31.752  63.343 0.0000000000
37820  33.011  -31.831  62.524 0.0000000000
37825  32.118  -31.970  61.156 0.0000000000
35361  31.827  -34.400  60.719 0.0000000000
124329  31.595  -33.096  60.431 0.0000000000
126624  54.760  0.550  53.336 0.0000000000
132585  56.209  0.115  53.892 0.0000000000
120342  55.644  0.050  53.693 0.0000000000
116290  55.418  -2.200  52.999 0.0000000000
122227  55.810  -2.589  53.964 0.0000000000
63533  54.593  -4.045  52.061 0.0000000000
63532  55.354  -3.827  52.976 0.0000000000
31093  31.470  -40.136  66.552 0.0000000000
31102  30.784  -39.409  65.092 0.0000000000
31131  30.728  -39.370  63.388 0.0000000000
133603  30.262  -37.427  63.769 0.0000000000
31987  30.490  -38.564  62.738 0.0000000000
46521  41.188  -21.069  74.281 0.0000000000
45552  40.928  -22.112  72.574 0.0000000000
112467  40.715  -22.474  70.931 0.0000000000
45587  40.837  -22.502  70.062 0.0000000000
114137  40.386  -23.010  68.685 0.0000000000
44662  39.667  -23.986  70.040 0.0000000000
43771  39.092  -24.882  69.184 0.0000000000
42879  38.082  -26.053  69.098 0.0000000000
41965  38.564  -26.490  70.778 0.0000000000
41975  37.647  -26.729  69.405 0.0000000000
41991  36.964  -27.027  68.130 0.0000000000
40321  36.241  -28.241  67.760 0.0000000000
40322  35.901  -28.867  67.187 0.0000000000
38605  35.410  -30.190  66.693 0.0000000000
38562  37.227  -30.726  72.229 0.0000000000
37707  37.086  -31.241  71.169 0.0000000000
125534  36.764  -31.394  70.358 0.0000000000
35306  36.621  -34.264  69.338 0.0000000000
36857  36.509  -32.814  69.524 0.0000000000
37718  36.334  -31.380  69.392 0.0000000000
37748  35.512  -31.363  67.541 0.0000000000
37765  35.221  -31.628  66.842 0.0000000000
115960  34.824  -31.421  65.670 0.0000000000
132212  34.486  -32.659  65.505 0.0000000000
36132  33.791  -33.782  64.768 0.0000000000
35349  33.090  -34.950  64.066 0.0000000000
33649  33.391  -36.684  65.210 0.0000000000
117022  33.114  -36.636  64.484 0.0000000000
33677  32.694  -36.290  63.088 0.0000000000
121943  33.117  -37.597  62.710 0.0000000000
58887  49.560  -9.037  51.700 0.0000000000
58886  50.341  -8.952  51.656 0.0000000000
57936  49.844  -9.710  51.830 0.0000000000
55863  48.604  -12.729  52.830 0.0000000000
55862  49.413  -12.431  53.155 0.0000000000
120678  45.633  -17.000  53.132 0.0000000000
32708  28.315  -37.098  73.841 0.0000000000
31863  27.681  -38.473  73.096 0.0000000000
31053  27.315  -39.258  72.473 0.0000000000
31047  25.886  -39.473  72.746 0.0000000000
31064  27.035  -39.240  71.482 0.0000000000
31073  25.866  -39.382  69.916 0.0000000000
31930  25.434  -39.046  68.332 0.0000000000
32799  25.106  -38.458  67.005 0.0000000000
32767  22.374  -37.803  70.801 0.0000000000
31919  23.318  -38.225  69.485 0.0000000000
32801  23.621  -37.734  67.519 0.0000000000
32823  24.904  -37.758  65.710 0.0000000000
122585  24.468  -36.858  63.894 0.0000000000
69120  53.918  2.051  52.968 0.0000000000
67178  53.607  0.566  53.257 0.0000000000
66260  53.518  -0.774  52.889 0.0000000000
65366  52.944  -2.718  52.272 0.0000000000
66262  51.598  -1.264  53.417 0.0000000000
65356  52.301  -2.051  52.979 0.0000000000
64450  52.612  -3.492  52.077 0.0000000000
62606  51.755  -5.175  51.850 0.0000000000
62607  51.379  -5.688  51.910 0.0000000000
60804  50.920  -7.063  51.592 0.0000000000
61680  51.091  -5.480  52.755 0.0000000000
60796  50.427  -6.994  51.925 0.0000000000
130462  49.749  -7.755  51.974 0.0000000000
116321  48.718  -9.015  52.260 0.0000000000
58874  48.086  -10.203  52.458 0.0000000000
57921  47.373  -10.802  52.790 0.0000000000
58841  47.953  -9.936  54.183 0.0000000000
57905  47.334  -10.541  53.731 0.0000000000
56904  46.300  -11.769  53.210 0.0000000000
56905  45.861  -12.167  53.695 0.0000000000
54812  44.743  -13.546  54.230 0.0000000000
53847  44.328  -14.341  54.242 0.0000000000
57858  47.879  -10.702  57.445 0.0000000000
56848  46.870  -11.790  57.663 0.0000000000
55793  46.518  -12.637  59.177 0.0000000000
115184  46.429  -12.419  57.895 0.0000000000
55813  46.313  -12.360  57.159 0.0000000000
123630  45.332  -13.513  56.590 0.0000000000
53822  44.569  -14.364  55.884 0.0000000000
116388  43.715  -15.838  54.883 0.0000000000
50750  43.542  -17.413  55.174 0.0000000000
49720  43.405  -18.290  55.103 0.0000000000
49693  44.492  -18.770  57.519 0.0000000000
112804  43.679  -20.202  56.949 0.0000000000
52735  48.632  -15.420  63.087 0.0000000000
51700  47.736  -16.668  62.077 0.0000000000
131063  49.234  -19.998  65.253 0.0000000000
121324  48.061  -22.893  64.998 0.0000000000
46619  48.717  -21.313  65.039 0.0000000000
48586  48.891  -19.355  64.400 0.0000000000
49618  48.168  -18.825  63.260 0.0000000000
48604  47.549  -19.046  62.487 0.0000000000
48613  47.109  -18.881  61.796 0.0000000000
48625  46.301  -19.615  60.809 0.0000000000
46677  45.537  -20.980  60.424 0.0000000000
46678  44.947  -21.628  60.014 0.0000000000
43853  44.120  -24.497  61.555 0.0000000000
44761  44.246  -23.291  60.610 0.0000000000
121330  43.139  -23.528  59.288 0.0000000000
117592  42.427  -25.150  59.004 0.0000000000
39548  45.500  -30.382  61.133 0.0000000000
38700  47.407  -31.904  60.432 0.0000000000
37818  43.574  -32.152  63.796 0.0000000000
117110  43.891  -32.489  62.784 0.0000000000
37836  43.454  -31.994  60.644 0.0000000000
39527  41.134  -30.315  61.490 0.0000000000
38692  42.686  -31.383  60.179 0.0000000000
44697  39.804  -23.565  67.501 0.0000000000
44722  39.768  -23.742  65.734 0.0000000000
43808  39.290  -24.129  65.040 0.0000000000
42925  37.452  -25.466  65.796 0.0000000000
118966  38.072  -24.690  64.869 0.0000000000
124988  39.127  -24.404  63.699 0.0000000000
43847  38.248  -24.999  62.135 0.0000000000
42990  37.852  -25.723  60.986 0.0000000000
42141  36.973  -26.811  60.062 0.0000000000
39505  34.309  -29.391  63.735 0.0000000000
40374  34.292  -28.245  62.693 0.0000000000
41234  34.655  -27.374  62.384 0.0000000000
40403  32.805  -28.720  60.029 0.0000000000
41244  33.838  -27.718  61.061 0.0000000000
42128  34.751  -26.517  61.127 0.0000000000
42993  35.935  -25.751  60.342 0.0000000000
42157  36.292  -26.851  59.508 0.0000000000
67174  56.880  0.352  53.475 0.0000000000
120769  57.229  -0.303  53.314 0.0000000000
66268  57.311  -1.019  52.156 0.0000000000
59833  51.689  -8.691  51.959 0.0000000000
45606  41.594  -22.210  69.479 0.0000000000
126195  42.284  -22.068  69.160 0.0000000000
45618  41.719  -22.206  68.552 0.0000000000
132381  41.506  -22.402  67.782 0.0000000000
45619  40.942  -22.574  68.229 0.0000000000
30212  33.890  -40.741  67.558 0.0000000000
30213  33.258  -41.009  67.378 0.0000000000
33651  27.179  -36.296  65.140 0.0000000000
115290  26.452  -36.816  64.740 0.0000000000
33653  25.672  -37.280  64.736 0.0000000000
39369  36.844  -28.720  74.509 0.0000000000
41071  36.492  -27.634  75.174 0.0000000000
40230  37.498  -28.286  74.223 0.0000000000
30204  34.008  -40.430  68.172 0.0000000000
126675  34.603  -39.480  68.337 0.0000000000
31085  34.122  -40.556  67.146 0.0000000000
52859  44.364  -15.333  53.303 0.0000000000
53877  44.887  -14.924  52.930 0.0000000000
51826  44.269  -16.043  53.244 0.0000000000
59757  50.382  -7.022  58.174 0.0000000000
52757  47.384  -15.958  61.537 0.0000000000
52758  46.948  -15.654  60.865 0.0000000000
51709  46.977  -16.467  60.948 0.0000000000
118369  46.979  -17.301  61.046 0.0000000000
40347  44.235  -28.967  65.131 0.0000000000
39491  43.978  -30.014  64.761 0.0000000000
40348  43.787  -28.913  64.223 0.0000000000
38642  44.258  -31.153  64.235 0.0000000000
37793  44.096  -31.750  64.522 0.0000000000
39483  34.994  -29.866  65.308 0.0000000000
40338  35.282  -29.006  65.589 0.0000000000
68138  55.728  1.608  53.151 0.0000000000
69118  56.129  2.168  52.611 0.0000000000
32750  32.864  -37.465  71.734 0.0000000000
32751  32.003  -37.041  71.891 0.0000000000
31902  28.479  -38.027  71.079 0.0000000000
32766  28.008  -37.981  70.029 0.0000000000
31903  27.567  -38.692  70.740 0.0000000000
36792  33.632  -31.897  74.419 0.0000000000
118515  33.869  -32.634  73.977 0.0000000000
36044  33.734  -33.327  73.784 0.0000000000
32721  32.682  -37.000  72.970 0.0000000000
31859  33.305  -37.185  72.441 0.0000000000
32737  33.469  -37.572  71.841 0.0000000000
46550  45.509  -21.649  71.457 0.0000000000
46560  46.157  -21.851  70.880 0.0000000000
45581  46.809  -21.985  70.248 0.0000000000
112217  46.264  -22.394  70.280 0.0000000000
42909  44.259  -25.384  67.009 0.0000000000
42898  44.431  -26.237  67.457 0.0000000000
42006  43.940  -26.951  67.224 0.0000000000
41184  43.294  -27.015  66.646 0.0000000000
41185  42.813  -27.786  66.526 0.0000000000
133128  42.741  -27.204  66.214 0.0000000000
43834  40.988  -24.726  63.848 0.0000000000
43835  40.354  -24.670  63.554 0.0000000000
42962  40.174  -25.269  62.934 0.0000000000
43846  39.647  -24.867  62.938 0.0000000000
117736  32.616  -34.114  62.895 0.0000000000
35358  32.361  -34.828  62.369 0.0000000000
31114  33.696  -41.143  64.554 0.0000000000
32810  30.649  -37.192  66.386 0.0000000000
33650  30.329  -36.460  65.777 0.0000000000
128687  29.787  -36.700  60.569 0.0000000000
43740  39.314  -24.201  73.612 0.0000000000
43748  39.409  -24.859  72.732 0.0000000000
43757  39.434  -25.053  71.706 0.0000000000
40281  36.910  -29.021  70.182 0.0000000000
39450  36.287  -29.328  68.782 0.0000000000
35270  36.714  -34.454  71.315 0.0000000000
36078  36.873  -33.741  71.079 0.0000000000
119978  36.967  -35.102  70.605 0.0000000000
35322  35.199  -34.594  67.365 0.0000000000
36123  35.098  -33.831  67.049 0.0000000000
126357  34.797  -34.466  66.749 0.0000000000
115842  47.481  -11.592  52.463 0.0000000000
31049  23.946  -39.229  72.436 0.0000000000
31894  23.409  -38.947  72.013 0.0000000000
31905  23.564  -38.939  71.010 0.0000000000
34482  20.894  -35.665  68.572 0.0000000000
33613  20.934  -36.047  69.321 0.0000000000
33625  21.523  -35.921  68.272 0.0000000000
33635  21.913  -35.972  67.717 0.0000000000
34502  22.216  -35.643  66.173 0.0000000000
34491  21.687  -35.514  66.996 0.0000000000
68142  51.719  1.200  52.840 0.0000000000
67170  51.212  0.574  53.082 0.0000000000
64432  50.732  -3.216  53.848 0.0000000000
122490  51.526  -4.107  53.371 0.0000000000
59801  49.192  -8.529  54.281 0.0000000000
56873  47.026  -11.279  55.876 0.0000000000
57836  48.020  -10.693  59.514 0.0000000000
56823  47.421  -11.368  59.890 0.0000000000
52796  45.547  -15.892  58.640 0.0000000000
53798  45.528  -14.434  58.191 0.0000000000
51776  44.687  -16.566  57.375 0.0000000000
51761  45.027  -16.943  57.935 0.0000000000
45729  43.257  -22.436  58.381 0.0000000000
50629  49.638  -17.051  64.430 0.0000000000
44703  48.718  -23.432  66.841 0.0000000000
129000  48.407  -24.141  66.651 0.0000000000
115785  46.753  -22.825  63.501 0.0000000000
45668  46.149  -22.959  62.851 0.0000000000
45677  46.078  -22.337  62.326 0.0000000000
113004  45.680  -22.470  61.863 0.0000000000
45678  45.644  -23.017  62.269 0.0000000000
40398  42.844  -27.595  61.133 0.0000000000
41254  43.059  -27.852  60.501 0.0000000000
41271  42.890  -27.280  59.730 0.0000000000
37834  45.806  -32.768  60.922 0.0000000000
37842  44.887  -32.204  60.062 0.0000000000
38645  40.174  -30.368  63.538 0.0000000000
38662  40.493  -30.556  62.949 0.0000000000
42091  35.771  -26.431  63.320 0.0000000000
42955  36.679  -25.583  63.719 0.0000000000
121377  32.393  -30.348  60.645 0.0000000000
65345  56.787  -1.439  54.855 0.0000000000
32704  31.271  -36.710  73.315 0.0000000000
115341  30.886  -36.978  73.153 0.0000000000
32705  30.395  -37.014  73.555 0.0000000000
31861  29.643  -37.656  73.530 0.0000000000
116214  29.059  -38.097  73.234 0.0000000000
31879  28.830  -38.314  72.629 0.0000000000
33523  30.711  -36.226  74.288 0.0000000000
34389  31.228  -35.596  74.389 0.0000000000
33522  31.397  -36.059  74.170 0.0000000000
130676  31.620  -36.485  73.531 0.0000000000
45542  41.957  -21.811  73.099 0.0000000000
46543  43.119  -21.706  72.986 0.0000000000
45550  42.718  -22.017  72.487 0.0000000000
112575  43.290  -22.113  70.313 0.0000000000
45584  44.158  -22.351  70.866 0.0000000000
45583  44.723  -22.273  71.288 0.0000000000
45603  44.893  -22.488  70.518 0.0000000000
128085  45.071  -22.623  69.757 0.0000000000
45627  43.487  -22.490  67.889 0.0000000000
45626  44.487  -22.801  68.091 0.0000000000
44695  44.014  -23.064  67.326 0.0000000000
44704  44.243  -23.740  67.019 0.0000000000
44705  43.461  -23.336  66.528 0.0000000000
45638  41.074  -22.859  66.599 0.0000000000
45648  41.870  -23.293  65.663 0.0000000000
44707  41.232  -23.158  65.831 0.0000000000
32856  33.002  -37.175  62.238 0.0000000000
33704  32.892  -36.729  61.614 0.0000000000
60794  53.181  -7.453  52.450 0.0000000000
111160  33.511  -41.332  66.204 0.0000000000
30223  32.189  -41.081  66.230 0.0000000000
114216  28.999  -35.517  66.264 0.0000000000
34510  29.277  -35.550  65.715 0.0000000000
34511  28.568  -35.564  65.766 0.0000000000
34536  27.490  -35.592  63.703 0.0000000000
34535  28.451  -35.404  63.422 0.0000000000
34547  28.508  -35.369  62.536 0.0000000000
34560  28.490  -35.350  61.728 0.0000000000
126956  27.950  -35.213  62.049 0.0000000000
132584  27.769  -35.251  60.684 0.0000000000
34548  27.166  -35.382  61.873 0.0000000000
34549  26.256  -35.789  62.035 0.0000000000
34581  25.048  -36.119  60.818 0.0000000000
34564  24.880  -36.197  61.620 0.0000000000
42824  36.961  -24.773  75.610 0.0000000000
41938  38.444  -26.762  74.361 0.0000000000
127749  38.226  -26.395  74.773 0.0000000000
41937  38.855  -26.538  73.953 0.0000000000
42834  39.058  -25.792  73.985 0.0000000000
41943  38.962  -26.838  73.411 0.0000000000
41954  38.886  -27.046  72.587 0.0000000000
125318  38.719  -27.435  73.240 0.0000000000
40257  37.854  -29.170  72.392 0.0000000000
39432  37.303  -29.403  70.985 0.0000000000
33606  36.344  -36.906  69.609 0.0000000000
32773  35.802  -37.678  69.426 0.0000000000
32785  34.869  -37.844  67.943 0.0000000000
33629  34.802  -36.920  67.575 0.0000000000
32794  34.478  -37.684  67.184 0.0000000000
31100  33.718  -39.600  65.534 0.0000000000
54838  45.805  -13.022  52.769 0.0000000000
116180  45.890  -13.788  52.642 0.0000000000
52876  45.631  -14.997  52.828 0.0000000000
53875  45.965  -14.399  52.699 0.0000000000
128106  47.098  -15.436  53.534 0.0000000000
132045  46.613  -15.592  53.285 0.0000000000
34473  18.873  -35.036  69.332 0.0000000000
34484  19.568  -35.227  68.908 0.0000000000
35323  19.681  -34.945  68.027 0.0000000000
35332  19.936  -34.653  66.971 0.0000000000
35324  18.955  -34.537  67.400 0.0000000000
59783  49.503  -8.522  55.381 0.0000000000
59771  49.707  -8.491  56.467 0.0000000000
55768  46.877  -13.228  60.762 0.0000000000
119630  46.564  -15.348  60.245 0.0000000000
53774  46.539  -14.531  60.185 0.0000000000
116958  46.237  -15.859  59.726 0.0000000000
52785  45.928  -15.636  59.175 0.0000000000
116818  45.864  -17.191  59.305 0.0000000000
49659  46.202  -18.263  60.032 0.0000000000
49646  45.915  -18.870  59.817 0.0000000000
48637  45.537  -19.472  59.489 0.0000000000
47678  45.505  -20.198  59.890 0.0000000000
42042  46.794  -26.763  66.262 0.0000000000
42921  47.110  -25.808  65.854 0.0000000000
42043  46.002  -26.914  65.548 0.0000000000
42064  44.695  -26.975  64.230 0.0000000000
42950  45.434  -25.721  64.054 0.0000000000
121928  45.367  -25.186  63.601 0.0000000000
42951  44.891  -25.708  63.476 0.0000000000
42961  44.342  -25.706  62.846 0.0000000000
42086  44.334  -26.459  63.411 0.0000000000
118012  43.657  -29.255  63.110 0.0000000000
40371  43.369  -28.507  62.563 0.0000000000
40372  43.015  -28.009  61.809 0.0000000000
39526  43.988  -29.471  61.912 0.0000000000
39513  44.494  -30.378  62.716 0.0000000000
37816  45.251  -32.442  63.079 0.0000000000
36920  45.224  -32.983  62.783 0.0000000000
36925  45.416  -33.014  62.298 0.0000000000
129765  44.851  -32.992  62.533 0.0000000000
40383  38.745  -29.468  62.347 0.0000000000
39529  38.662  -29.825  61.729 0.0000000000
112336  36.520  -27.090  66.833 0.0000000000
40351  35.267  -28.334  64.889 0.0000000000
41201  35.779  -27.521  65.196 0.0000000000
68147  57.510  1.426  51.927 0.0000000000
67183  57.346  0.279  52.359 0.0000000000
31912  32.645  -38.887  69.751 0.0000000000
31913  31.900  -38.250  69.274 0.0000000000
32786  31.339  -37.499  68.771 0.0000000000
33620  30.912  -36.756  69.168 0.0000000000
32752  30.974  -37.049  71.929 0.0000000000
33583  30.690  -36.901  71.188 0.0000000000
33597  29.708  -36.610  70.162 0.0000000000
33609  29.772  -36.304  69.330 0.0000000000
33621  30.220  -36.275  68.709 0.0000000000
33622  29.371  -36.112  68.599 0.0000000000
34481  29.217  -35.825  67.672 0.0000000000
115350  28.591  -36.579  68.840 0.0000000000
115457  27.247  -37.641  67.765 0.0000000000
128794  27.202  -37.326  67.100 0.0000000000
32788  26.725  -38.311  67.944 0.0000000000
38546  34.589  -30.640  74.707 0.0000000000
39372  34.376  -29.350  75.125 0.0000000000
129461  35.229  -30.354  74.506 0.0000000000
38535  35.606  -29.816  74.631 0.0000000000
38545  35.846  -30.364  74.134 0.0000000000
37677  36.144  -30.864  73.563 0.0000000000
36060  35.041  -33.645  72.983 0.0000000000
112369  35.327  -32.726  73.051 0.0000000000
115546  35.820  -34.046  72.447 0.0000000000
35271  36.429  -34.311  71.944 0.0000000000
35258  35.932  -34.963  72.298 0.0000000000
35247  33.114  -34.687  73.849 0.0000000000
32736  34.428  -37.191  72.143 0.0000000000
32718  34.713  -36.789  72.462 0.0000000000
32735  35.208  -37.256  71.955 0.0000000000
32734  35.883  -36.905  71.730 0.0000000000
121102  35.764  -37.492  71.392 0.0000000000
123104  36.252  -37.480  70.774 0.0000000000
126992  35.369  -38.290  71.060 0.0000000000
31900  33.889  -38.846  70.832 0.0000000000
31062  34.092  -39.422  70.210 0.0000000000
31071  33.749  -39.743  69.669 0.0000000000
129401  43.966  -17.654  53.351 0.0000000000
56798  47.575  -11.494  61.648 0.0000000000
114782  47.966  -12.879  62.362 0.0000000000
53759  48.006  -14.522  62.240 0.0000000000
46529  44.025  -21.075  73.033 0.0000000000
45614  47.544  -23.184  68.791 0.0000000000
46574  47.801  -22.390  68.953 0.0000000000
44681  48.085  -23.498  68.190 0.0000000000
44683  45.905  -23.676  68.609 0.0000000000
43779  46.059  -24.576  68.449 0.0000000000
41988  46.060  -26.399  68.250 0.0000000000
42896  46.150  -25.466  68.374 0.0000000000
42885  46.743  -25.899  68.228 0.0000000000
41986  47.146  -26.230  67.860 0.0000000000
41987  46.651  -26.583  68.024 0.0000000000
42004  46.929  -26.971  67.539 0.0000000000
41169  46.442  -27.805  67.463 0.0000000000
39457  44.007  -29.025  67.112 0.0000000000
39456  44.917  -29.080  67.003 0.0000000000
39466  44.115  -29.311  66.279 0.0000000000
39480  44.434  -29.428  65.967 0.0000000000
38602  43.378  -30.113  66.137 0.0000000000
37764  42.955  -30.763  66.053 0.0000000000
38603  42.637  -30.042  66.457 0.0000000000
40337  41.626  -28.648  65.755 0.0000000000
38618  41.433  -30.148  65.592 0.0000000000
39492  40.889  -29.749  65.079 0.0000000000
40350  40.539  -28.913  64.714 0.0000000000
42936  42.470  -25.270  65.121 0.0000000000
42065  42.104  -26.231  65.025 0.0000000000
131801  40.905  -27.237  64.245 0.0000000000
41221  39.771  -28.169  63.490 0.0000000000
41241  39.022  -27.370  62.094 0.0000000000
42125  38.838  -26.479  61.585 0.0000000000
37797  34.003  -31.860  64.192 0.0000000000
36921  32.621  -32.549  62.213 0.0000000000
37824  32.545  -31.853  61.770 0.0000000000
36926  32.194  -32.539  61.496 0.0000000000
34557  32.359  -35.581  61.064 0.0000000000
35360  32.084  -34.777  61.419 0.0000000000
34558  32.090  -34.959  60.492 0.0000000000
35370  31.767  -34.310  60.053 0.0000000000
36151  31.565  -33.440  59.744 0.0000000000
36935  31.524  -32.512  60.006 0.0000000000
66259  54.672  -0.489  53.076 0.0000000000
65353  55.149  -1.487  52.912 0.0000000000
62603  54.218  -4.865  51.843 0.0000000000
115112  54.835  -4.592  52.472 0.0000000000
29460  33.276  -42.231  64.490 0.0000000000
30261  33.709  -42.087  64.257 0.0000000000
114013  33.389  -42.653  63.946 0.0000000000
31087  31.670  -39.883  67.399 0.0000000000
128445  31.093  -39.082  66.808 0.0000000000
31950  30.632  -38.465  65.315 0.0000000000
31116  30.733  -39.379  64.244 0.0000000000
126988  29.653  -35.834  64.412 0.0000000000
33661  30.073  -36.571  64.215 0.0000000000
33678  29.974  -36.828  63.151 0.0000000000
32857  30.186  -37.625  62.473 0.0000000000
116280  30.386  -38.201  61.973 0.0000000000
44584  37.515  -23.464  75.468 0.0000000000
45510  38.394  -22.847  75.334 0.0000000000
45533  39.508  -22.667  74.513 0.0000000000
45521  39.119  -22.602  75.078 0.0000000000
45520  39.759  -22.036  74.741 0.0000000000
45532  40.213  -21.999  74.159 0.0000000000
46532  41.342  -21.451  73.803 0.0000000000
45543  40.739  -22.002  73.418 0.0000000000
44646  39.812  -23.399  71.241 0.0000000000
126209  40.340  -22.453  72.103 0.0000000000
45567  40.229  -22.678  71.432 0.0000000000
44661  40.205  -22.896  70.677 0.0000000000
116357  40.130  -23.221  69.984 0.0000000000
42878  38.710  -25.530  69.597 0.0000000000
42887  38.483  -25.372  68.763 0.0000000000
41121  38.218  -27.262  71.023 0.0000000000
41137  37.303  -27.446  69.662 0.0000000000
41153  37.086  -27.220  68.891 0.0000000000
41990  37.458  -26.533  68.619 0.0000000000
41154  36.617  -27.708  68.360 0.0000000000
39460  35.744  -29.648  67.383 0.0000000000
39470  35.603  -29.431  66.756 0.0000000000
37693  36.944  -31.380  72.204 0.0000000000
37686  37.035  -30.794  72.625 0.0000000000
111107  36.905  -33.118  70.866 0.0000000000
129137  36.959  -31.763  71.268 0.0000000000
112683  36.883  -32.139  70.809 0.0000000000
36843  36.623  -32.159  69.968 0.0000000000
34470  36.416  -36.112  69.203 0.0000000000
115337  36.859  -34.954  69.659 0.0000000000
34478  36.410  -35.087  68.983 0.0000000000
36114  35.806  -33.273  68.297 0.0000000000
36113  36.321  -33.414  69.033 0.0000000000
36873  36.043  -32.641  68.797 0.0000000000
118166  36.299  -32.194  69.298 0.0000000000
132353  35.811  -32.259  68.454 0.0000000000
38584  35.851  -31.044  68.379 0.0000000000
37732  35.675  -31.890  68.118 0.0000000000
36899  35.082  -32.422  66.779 0.0000000000
37766  34.943  -31.858  66.184 0.0000000000
37783  34.630  -32.040  65.565 0.0000000000
35348  33.593  -34.524  64.819 0.0000000000
36133  33.356  -34.019  64.152 0.0000000000
33660  32.859  -36.462  63.752 0.0000000000
32844  32.862  -37.024  63.094 0.0000000000
57937  49.138  -9.698  51.869 0.0000000000
56916  49.721  -10.996  52.457 0.0000000000
54836  47.034  -13.198  52.562 0.0000000000
54835  47.812  -12.985  52.631 0.0000000000
54821  49.123  -13.222  53.574 0.0000000000
55861  50.274  -12.004  53.661 0.0000000000
111242  44.555  -17.662  53.114 0.0000000000
50779  44.939  -16.965  52.956 0.0000000000
111613  45.390  -17.616  53.140 0.0000000000
33540  28.164  -36.244  73.914 0.0000000000
32723  27.693  -37.625  73.063 0.0000000000
113419  27.060  -38.280  73.093 0.0000000000
31045  27.520  -39.089  73.019 0.0000000000
31036  26.972  -38.936  73.067 0.0000000000
31054  26.442  -39.480  72.266 0.0000000000
31065  26.137  -39.458  71.124 0.0000000000
31904  26.763  -39.154  70.378 0.0000000000
31917  24.431  -39.179  69.468 0.0000000000
31916  25.220  -39.255  69.128 0.0000000000
132394  25.041  -38.981  67.985 0.0000000000
31938  25.535  -38.760  67.632 0.0000000000
31939  24.728  -38.732  67.705 0.0000000000
33598  21.183  -36.771  70.600 0.0000000000
32756  20.945  -36.952  71.564 0.0000000000
122506  21.674  -37.379  71.190 0.0000000000
32755  22.206  -37.994  71.823 0.0000000000
31906  23.070  -38.311  70.401 0.0000000000
32779  22.627  -37.569  69.758 0.0000000000
33633  23.144  -36.903  67.077 0.0000000000
32815  23.863  -37.639  66.680 0.0000000000
32814  24.616  -38.011  66.440 0.0000000000
32824  24.160  -37.508  65.882 0.0000000000
33654  24.457  -37.343  65.152 0.0000000000
33655  23.707  -36.884  65.323 0.0000000000
33683  23.821  -36.514  63.471 0.0000000000
35350  21.142  -34.948  64.812 0.0000000000
67177  54.281  1.425  53.285 0.0000000000
68140  53.141  1.587  53.205 0.0000000000
67179  52.560  0.052  53.305 0.0000000000
65355  53.280  -1.853  52.546 0.0000000000
66253  50.723  -0.433  53.294 0.0000000000
64440  52.058  -2.902  52.965 0.0000000000
63546  52.349  -4.171  51.916 0.0000000000
63535  51.834  -4.490  52.230 0.0000000000
110744  50.930  -5.700  53.552 0.0000000000
59845  49.448  -8.550  51.823 0.0000000000
59834  49.136  -8.425  52.195 0.0000000000
58855  48.329  -9.416  52.710 0.0000000000
57892  46.935  -11.045  54.364 0.0000000000
57906  46.803  -11.187  53.423 0.0000000000
54811  45.308  -12.746  54.209 0.0000000000
54800  44.573  -13.921  55.094 0.0000000000
58781  49.792  -8.160  59.480 0.0000000000
57847  47.877  -10.791  58.471 0.0000000000
56847  47.417  -11.229  57.810 0.0000000000
133186  45.889  -13.320  58.003 0.0000000000
54770  46.215  -12.925  58.437 0.0000000000
55814  46.013  -12.952  57.645 0.0000000000
55826  45.751  -12.975  56.861 0.0000000000
52833  44.225  -15.054  55.805 0.0000000000
52834  43.921  -15.249  55.075 0.0000000000
52822  43.944  -15.750  55.598 0.0000000000
51800  43.656  -16.510  55.194 0.0000000000
49708  43.837  -17.923  56.100 0.0000000000
114286  43.558  -18.899  55.856 0.0000000000
47740  43.254  -19.725  55.640 0.0000000000
48679  43.655  -19.558  56.461 0.0000000000
118822  44.739  -18.116  57.703 0.0000000000
127381  43.638  -20.701  57.374 0.0000000000
46736  43.087  -20.990  56.705 0.0000000000
51686  48.746  -16.267  63.321 0.0000000000
51699  48.215  -16.098  62.652 0.0000000000
46606  49.342  -21.304  66.348 0.0000000000
47610  49.568  -20.616  66.583 0.0000000000
47619  49.477  -20.646  65.974 0.0000000000
121371  49.500  -19.989  65.645 0.0000000000
47620  49.108  -20.568  65.298 0.0000000000
119196  47.646  -24.062  65.340 0.0000000000
44717  48.108  -23.512  65.532 0.0000000000
44728  47.577  -23.450  64.820 0.0000000000
45666  47.736  -21.863  64.095 0.0000000000
46620  48.133  -21.297  64.310 0.0000000000
47629  48.547  -20.625  64.551 0.0000000000
47636  48.427  -19.955  64.092 0.0000000000
48595  48.408  -19.334  63.787 0.0000000000
125902  47.295  -19.895  62.540 0.0000000000
49631  47.427  -18.201  62.045 0.0000000000
48614  46.716  -19.238  61.265 0.0000000000
47655  46.481  -20.107  61.365 0.0000000000
45687  45.457  -22.350  61.402 0.0000000000
131025  45.723  -21.303  61.004 0.0000000000
45699  45.355  -21.870  60.817 0.0000000000
45700  44.648  -22.446  60.325 0.0000000000
44746  44.679  -24.212  61.992 0.0000000000
43845  43.737  -25.167  61.677 0.0000000000
42988  42.792  -25.502  60.495 0.0000000000
44753  43.831  -24.137  60.847 0.0000000000
43863  43.060  -24.676  60.280 0.0000000000
44762  43.447  -23.819  60.077 0.0000000000
43873  42.700  -24.438  59.354 0.0000000000
41290  42.942  -26.823  59.047 0.0000000000
38691  46.589  -31.821  61.332 0.0000000000
127273  47.044  -32.269  60.497 0.0000000000
38690  47.069  -32.055  60.826 0.0000000000
37795  42.849  -31.424  65.099 0.0000000000
37808  44.030  -32.155  64.303 0.0000000000
124456  43.051  -31.895  62.031 0.0000000000
37823  43.960  -32.523  61.640 0.0000000000
38675  42.810  -31.624  61.130 0.0000000000
118248  40.347  -29.950  61.343 0.0000000000
39550  41.100  -29.990  60.480 0.0000000000
38704  41.997  -30.696  59.781 0.0000000000
38703  42.666  -31.126  59.470 0.0000000000
44686  39.862  -23.604  68.340 0.0000000000
44685  40.369  -23.072  67.872 0.0000000000
117148  38.779  -24.473  66.849 0.0000000000
43798  39.181  -24.086  66.377 0.0000000000
125219  39.046  -24.164  65.720 0.0000000000
42954  37.232  -25.147  63.955 0.0000000000
42938  37.450  -25.229  64.891 0.0000000000
43825  37.896  -24.687  64.158 0.0000000000
43824  38.684  -24.393  64.396 0.0000000000
118914  38.509  -24.542  63.519 0.0000000000
43838  38.429  -24.761  62.742 0.0000000000
42977  36.684  -25.401  61.379 0.0000000000
125479  37.237  -25.966  60.455 0.0000000000
123762  33.772  -30.845  63.418 0.0000000000
39506  33.875  -29.928  63.200 0.0000000000
40375  33.762  -28.771  62.186 0.0000000000
39517  34.015  -29.075  62.968 0.0000000000
40385  34.081  -27.969  61.879 0.0000000000
40420  32.728  -28.330  59.025 0.0000000000
42144  34.185  -26.877  59.715 0.0000000000
41258  33.666  -27.503  60.170 0.0000000000
41257  34.238  -27.002  60.655 0.0000000000
42127  35.313  -25.974  60.722 0.0000000000
41274  35.678  -27.315  58.964 0.0000000000
67204  59.664  1.130  49.132 0.0000000000
67175  56.291  0.637  53.533 0.0000000000
67167  56.717  -0.250  54.084 0.0000000000
58871  51.273  -9.269  52.123 0.0000000000
32696  30.318  -36.758  74.102 0.0000000000
132652  29.843  -36.740  74.242 0.0000000000
32707  28.875  -37.263  74.079 0.0000000000
121562  42.071  -22.080  71.664 0.0000000000
45585  42.498  -22.102  70.834 0.0000000000
114996  43.105  -22.059  69.396 0.0000000000
45617  42.778  -22.129  68.553 0.0000000000
45636  42.555  -22.733  66.690 0.0000000000
118771  41.701  -22.563  67.044 0.0000000000
60803  51.710  -7.150  51.502 0.0000000000
30222  33.076  -41.371  66.658 0.0000000000
34512  27.781  -35.976  65.880 0.0000000000
111467  28.039  -35.599  65.139 0.0000000000
34522  27.575  -35.731  64.542 0.0000000000
111411  26.878  -35.693  62.814 0.0000000000
34537  26.533  -36.175  63.563 0.0000000000
33680  25.863  -36.559  63.494 0.0000000000
33665  25.263  -36.909  63.856 0.0000000000
41925  36.848  -26.322  75.362 0.0000000000
122703  37.668  -26.345  75.113 0.0000000000
41063  37.181  -27.129  75.097 0.0000000000
41076  38.195  -27.250  74.306 0.0000000000
40229  38.072  -27.826  73.975 0.0000000000
117334  38.323  -28.054  73.338 0.0000000000
39395  37.954  -28.874  73.045 0.0000000000
39408  37.487  -30.012  72.337 0.0000000000
31911  34.810  -39.341  69.021 0.0000000000
54839  44.947  -14.143  53.048 0.0000000000
117574  18.113  -34.725  68.872 0.0000000000
58806  49.408  -9.128  57.919 0.0000000000
127485  47.154  -14.459  61.173 0.0000000000
54738  46.849  -14.082  60.743 0.0000000000
117847  46.602  -16.162  60.342 0.0000000000
49645  46.384  -18.833  60.545 0.0000000000
41197  45.453  -28.339  66.036 0.0000000000
41208  45.259  -27.520  65.227 0.0000000000
41219  43.991  -27.392  63.661 0.0000000000
41210  43.728  -28.163  63.761 0.0000000000
40360  43.574  -28.727  63.383 0.0000000000
39514  44.140  -30.190  63.399 0.0000000000
40330  35.644  -28.859  66.390 0.0000000000
40352  34.738  -28.847  64.273 0.0000000000
69126  57.292  2.621  51.533 0.0000000000
31901  33.023  -38.530  70.548 0.0000000000
32763  31.713  -37.259  70.213 0.0000000000
33584  30.044  -36.848  70.908 0.0000000000
32776  28.306  -37.189  69.370 0.0000000000
32777  27.566  -37.934  69.138 0.0000000000
31928  26.838  -38.631  68.786 0.0000000000
37667  33.818  -30.998  74.956 0.0000000000
37679  34.438  -31.409  74.310 0.0000000000
133898  34.956  -31.675  73.792 0.0000000000
36804  34.485  -32.900  73.480 0.0000000000
33536  33.061  -36.308  73.567 0.0000000000
34404  33.743  -36.122  73.426 0.0000000000
32702  33.587  -36.736  73.106 0.0000000000
31858  33.776  -37.117  72.391 0.0000000000
31876  34.211  -37.451  71.819 0.0000000000
31889  33.982  -38.181  71.375 0.0000000000
46541  44.943  -21.431  72.109 0.0000000000
47549  45.502  -20.863  71.848 0.0000000000
47558  47.328  -20.557  70.138 0.0000000000
47569  47.774  -20.945  69.448 0.0000000000
132871  47.223  -21.353  70.042 0.0000000000
45601  46.981  -22.656  69.540 0.0000000000
44671  46.844  -23.468  69.007 0.0000000000
43787  45.474  -24.984  68.100 0.0000000000
42897  44.925  -25.540  67.764 0.0000000000
42886  45.174  -26.364  68.029 0.0000000000
41989  45.522  -27.186  68.079 0.0000000000
41151  45.758  -28.032  67.921 0.0000000000
41152  44.986  -27.885  68.007 0.0000000000
40319  43.728  -28.263  67.208 0.0000000000
39458  43.333  -28.923  67.074 0.0000000000
39468  42.737  -29.151  66.694 0.0000000000
40327  42.417  -28.597  66.418 0.0000000000
40328  41.925  -28.820  66.072 0.0000000000
41200  41.533  -28.155  65.505 0.0000000000
43821  41.440  -24.569  64.320 0.0000000000
116946  41.626  -25.934  64.385 0.0000000000
42952  41.357  -25.260  64.008 0.0000000000
42089  40.492  -26.092  63.098 0.0000000000
122401  39.810  -27.006  62.752 0.0000000000
42108  40.015  -25.942  62.552 0.0000000000
36136  33.131  -33.436  63.443 0.0000000000
36138  32.653  -33.310  62.583 0.0000000000
61678  54.117  -6.214  52.507 0.0000000000
32830  30.415  -37.666  64.591 0.0000000000
33693  29.527  -36.002  62.670 0.0000000000
33692  29.856  -36.796  62.171 0.0000000000
43715  38.763  -24.180  75.004 0.0000000000
44593  38.739  -23.390  75.178 0.0000000000
124023  39.132  -24.031  74.455 0.0000000000
44617  39.352  -23.351  74.102 0.0000000000
44631  39.552  -23.187  73.156 0.0000000000
115608  40.082  -22.493  72.822 0.0000000000
116791  39.583  -24.327  70.909 0.0000000000
42871  39.344  -25.213  70.924 0.0000000000
40295  37.042  -28.189  69.920 0.0000000000
40308  36.406  -28.462  68.567 0.0000000000
39451  35.955  -29.963  68.174 0.0000000000
36816  36.765  -32.268  71.736 0.0000000000
115613  36.780  -32.950  71.246 0.0000000000
36088  36.987  -33.801  70.398 0.0000000000
35321  35.731  -34.776  68.101 0.0000000000
36128  34.912  -33.165  66.609 0.0000000000
36130  34.532  -33.243  65.849 0.0000000000
35339  33.845  -35.029  65.496 0.0000000000
31944  33.585  -38.373  65.516 0.0000000000
132977  33.176  -37.967  64.212 0.0000000000
32843  33.146  -37.894  63.421 0.0000000000
31976  33.411  -38.841  63.175 0.0000000000
56918  48.277  -11.338  52.318 0.0000000000
53857  48.057  -14.345  53.712 0.0000000000
31056  24.646  -39.482  72.206 0.0000000000
116945  24.741  -39.532  71.442 0.0000000000
31066  25.251  -39.548  70.793 0.0000000000
31067  24.375  -39.346  70.577 0.0000000000
31918  23.884  -38.757  69.002 0.0000000000
34459  20.096  -36.066  70.714 0.0000000000
33612  21.379  -36.513  69.723 0.0000000000
33611  22.117  -36.827  69.245 0.0000000000
133155  22.606  -37.242  69.139 0.0000000000
33624  22.051  -36.392  68.412 0.0000000000
33634  22.566  -36.555  67.788 0.0000000000
33644  22.837  -36.323  66.430 0.0000000000
68141  52.329  1.459  53.026 0.0000000000
67169  51.891  0.548  53.303 0.0000000000
66252  51.660  -0.206  53.390 0.0000000000
126522  50.975  -1.502  53.534 0.0000000000
129136  50.821  -2.285  53.632 0.0000000000
110699  50.884  -6.028  54.311 0.0000000000
56874  46.539  -11.504  55.064 0.0000000000
56887  45.956  -12.087  54.613 0.0000000000
55836  46.130  -12.051  55.420 0.0000000000
113320  45.448  -13.049  56.000 0.0000000000
58782  49.449  -8.971  59.880 0.0000000000
122160  45.962  -14.299  58.974 0.0000000000
53809  45.103  -14.665  57.367 0.0000000000
51788  44.387  -16.228  56.777 0.0000000000
51789  44.032  -16.352  56.113 0.0000000000
49707  44.344  -18.012  57.062 0.0000000000
48646  45.216  -19.181  58.805 0.0000000000
48662  44.661  -19.536  58.116 0.0000000000
47693  44.478  -20.329  58.316 0.0000000000
47694  43.961  -20.849  57.987 0.0000000000
123126  43.317  -21.358  57.470 0.0000000000
45745  42.482  -22.781  57.025 0.0000000000
45744  42.952  -22.184  57.618 0.0000000000
45730  42.610  -23.055  57.780 0.0000000000
51685  49.389  -16.328  63.986 0.0000000000
50630  48.932  -17.096  63.694 0.0000000000
45633  49.162  -22.013  67.107 0.0000000000
46600  49.412  -21.297  66.895 0.0000000000
45634  49.006  -22.521  66.721 0.0000000000
45646  49.030  -22.081  66.153 0.0000000000
43831  46.383  -24.239  64.054 0.0000000000
44729  46.888  -23.471  64.124 0.0000000000
45667  47.210  -22.056  63.525 0.0000000000
46631  47.540  -21.310  63.593 0.0000000000
46632  46.945  -21.489  62.953 0.0000000000
46645  46.654  -21.089  62.298 0.0000000000
46661  46.413  -20.792  61.705 0.0000000000
42123  43.003  -26.476  61.556 0.0000000000
42973  43.159  -25.695  61.293 0.0000000000
42974  42.657  -26.368  60.700 0.0000000000
42989  42.480  -26.050  59.889 0.0000000000
42139  42.551  -26.710  59.997 0.0000000000
39565  45.507  -29.675  60.241 0.0000000000
38673  46.087  -32.410  61.804 0.0000000000
37833  46.530  -32.437  61.059 0.0000000000
111240  41.705  -31.034  64.501 0.0000000000
38643  42.290  -31.362  63.765 0.0000000000
38661  41.584  -30.955  62.895 0.0000000000
39567  40.478  -29.401  59.802 0.0000000000
43781  38.910  -24.751  68.375 0.0000000000
43780  39.349  -24.153  67.957 0.0000000000
43790  38.796  -24.618  67.556 0.0000000000
128198  36.409  -26.347  64.772 0.0000000000
124368  37.036  -25.136  63.113 0.0000000000
42965  37.670  -24.934  62.486 0.0000000000
42966  36.848  -25.214  62.245 0.0000000000
38678  33.156  -30.097  61.877 0.0000000000
122006  33.321  -29.296  61.652 0.0000000000
39531  33.061  -29.024  60.865 0.0000000000
41304  32.944  -28.340  57.691 0.0000000000
42160  34.282  -26.952  58.850 0.0000000000
42159  34.860  -26.475  59.387 0.0000000000
57918  51.201  -10.032  52.830 0.0000000000
110899  30.919  -37.129  72.967 0.0000000000
32740  30.347  -37.322  72.643 0.0000000000
31891  29.377  -37.876  72.394 0.0000000000
31892  28.633  -38.373  72.049 0.0000000000
34406  32.521  -35.201  74.067 0.0000000000
33521  32.000  -35.772  74.141 0.0000000000
113069  32.634  -35.935  73.962 0.0000000000
46520  41.924  -20.932  74.031 0.0000000000
47530  42.716  -20.732  73.757 0.0000000000
46530  43.331  -21.229  73.254 0.0000000000
127591  43.783  -21.524  72.828 0.0000000000
45565  43.142  -22.143  71.763 0.0000000000
45563  44.525  -21.950  71.945 0.0000000000
45602  45.841  -22.548  70.168 0.0000000000
117527  45.522  -22.616  69.991 0.0000000000
44673  45.571  -22.925  69.133 0.0000000000
44684  45.304  -23.249  68.344 0.0000000000
42923  43.582  -25.375  66.306 0.0000000000
42044  43.093  -26.309  66.123 0.0000000000
43806  43.272  -24.628  65.901 0.0000000000
43807  42.706  -24.493  65.400 0.0000000000
44706  42.558  -23.262  65.944 0.0000000000
44719  42.186  -23.789  65.318 0.0000000000
43820  42.048  -24.449  64.831 0.0000000000
44730  41.476  -24.026  64.723 0.0000000000
44731  40.845  -23.863  64.686 0.0000000000
43823  40.274  -24.208  64.135 0.0000000000
34545  32.513  -35.697  62.612 0.0000000000
111049  32.546  -36.086  61.726 0.0000000000
33703  33.322  -36.824  60.966 0.0000000000
129659  33.056  -36.232  60.432 0.0000000000
63545  53.027  -4.290  51.598 0.0000000000
62604  53.363  -5.181  51.535 0.0000000000
61679  53.334  -6.234  51.755 0.0000000000
125989  53.617  -6.914  52.501 0.0000000000
129745  33.156  -41.987  65.142 0.0000000000
29443  32.945  -42.274  64.751 0.0000000000
29444  32.240  -41.917  64.499 0.0000000000
30262  31.499  -41.158  63.598 0.0000000000
34500  30.035  -35.859  66.549 0.0000000000
34509  29.874  -35.807  65.817 0.0000000000
113619  29.471  -35.657  65.028 0.0000000000
34520  29.107  -35.527  64.139 0.0000000000
34546  29.052  -35.579  62.188 0.0000000000
34559  28.999  -35.615  61.300 0.0000000000
34562  26.409  -35.566  61.166 0.0000000000
41932  37.321  -25.584  75.427 0.0000000000
42829  38.172  -25.587  75.073 0.0000000000
43729  38.582  -24.963  74.881 0.0000000000
42844  39.286  -25.740  73.236 0.0000000000
41107  38.457  -27.561  71.880 0.0000000000
40256  38.166  -28.337  72.108 0.0000000000
39433  36.882  -29.928  70.451 0.0000000000
33594  36.638  -36.496  70.628 0.0000000000
34456  36.863  -36.061  70.223 0.0000000000
129827  36.711  -36.320  69.819 0.0000000000
32784  35.335  -37.767  68.686 0.0000000000
33619  35.323  -36.363  67.999 0.0000000000
119814  34.825  -36.098  67.386 0.0000000000
34499  34.099  -35.672  66.120 0.0000000000
133227  33.845  -38.157  66.113 0.0000000000
31943  34.244  -38.526  66.762 0.0000000000
56920  46.416  -12.113  52.718 0.0000000000
55881  46.551  -12.637  52.575 0.0000000000
53874  46.642  -14.021  52.739 0.0000000000
53858  47.279  -14.643  53.300 0.0000000000
34460  19.493  -35.566  70.528 0.0000000000
115556  19.983  -35.823  70.077 0.0000000000
34493  20.479  -35.186  67.818 0.0000000000
34503  20.876  -35.076  66.989 0.0000000000
132385  18.581  -34.435  66.776 0.0000000000
119286  48.969  -9.313  55.729 0.0000000000
56861  47.439  -11.030  56.622 0.0000000000
56810  47.449  -11.411  60.738 0.0000000000
56811  47.072  -11.984  60.221 0.0000000000
130944  46.274  -14.187  59.630 0.0000000000
51760  45.428  -16.842  58.606 0.0000000000
49674  45.378  -18.377  58.799 0.0000000000
121761  45.831  -18.122  59.419 0.0000000000
48638  44.999  -20.085  59.002 0.0000000000
46691  44.571  -21.496  59.386 0.0000000000
49603  49.876  -18.589  65.456 0.0000000000
42920  47.702  -25.315  66.356 0.0000000000
43795  48.058  -24.366  66.077 0.0000000000
42934  46.551  -25.390  64.993 0.0000000000
42935  45.946  -25.746  64.609 0.0000000000
43818  46.639  -24.729  64.666 0.0000000000
43832  45.640  -24.442  63.363 0.0000000000
43843  45.075  -24.329  62.582 0.0000000000
42087  43.666  -27.044  62.949 0.0000000000
42106  43.348  -26.732  62.274 0.0000000000
42107  42.932  -27.250  61.717 0.0000000000
132831  43.624  -28.849  61.364 0.0000000000
39525  44.910  -30.401  61.956 0.0000000000
39552  38.885  -29.751  61.096 0.0000000000
42007  37.285  -26.361  67.840 0.0000000000
42023  37.083  -26.311  66.942 0.0000000000
42024  36.645  -26.594  66.125 0.0000000000
42047  36.281  -26.792  65.362 0.0000000000
42069  35.955  -26.906  64.603 0.0000000000
112456  35.628  -26.933  63.860 0.0000000000
41223  35.241  -26.991  63.077 0.0000000000
130797  31.712  -30.879  59.579 0.0000000000
38694  31.999  -30.204  59.689 0.0000000000
38705  31.583  -30.746  58.996 0.0000000000
39581  31.853  -29.792  58.650 0.0000000000
39580  32.137  -29.216  57.929 0.0000000000
39595  32.306  -29.642  57.239 0.0000000000
40456  32.641  -28.885  57.449 0.0000000000
124095  57.601  2.232  51.593 0.0000000000
68154  58.162  1.905  51.163 0.0000000000
67193  58.641  1.216  50.482 0.0000000000
67194  58.240  -0.089  50.400 0.0000000000
112034  57.599  -0.563  51.226 0.0000000000
64430  56.780  -2.200  55.385 0.0000000000
31079  33.757  -40.183  68.916 0.0000000000
31080  32.820  -40.085  68.621 0.0000000000
31081  31.942  -39.594  68.217 0.0000000000
31927  31.599  -38.522  68.487 0.0000000000
32796  30.692  -36.815  67.331 0.0000000000
127914  31.465  -36.996  71.326 0.0000000000
33595  31.320  -36.933  70.679 0.0000000000
33607  31.072  -36.791  69.971 0.0000000000
120472  30.367  -36.245  67.910 0.0000000000
34489  30.226  -36.034  67.238 0.0000000000
34490  29.717  -35.773  67.109 0.0000000000
119274  29.064  -35.648  66.888 0.0000000000
33631  28.379  -36.031  67.279 0.0000000000
114455  27.583  -36.505  66.687 0.0000000000
32811  26.750  -37.429  66.390 0.0000000000
32812  26.133  -37.801  65.999 0.0000000000
39371  35.245  -29.157  75.097 0.0000000000
39370  36.114  -29.169  74.725 0.0000000000
39385  36.737  -29.320  74.194 0.0000000000
38544  37.005  -29.790  73.600 0.0000000000
126879  36.465  -30.282  73.746 0.0000000000
37687  36.554  -31.321  72.828 0.0000000000
133543  35.528  -32.194  73.146 0.0000000000
36802  36.055  -32.245  72.770 0.0000000000
36817  36.458  -32.768  72.191 0.0000000000
34443  36.821  -35.344  70.939 0.0000000000
114159  33.706  -34.148  73.565 0.0000000000
35260  34.426  -34.386  73.165 0.0000000000
115847  34.621  -35.121  73.002 0.0000000000
34421  34.436  -35.845  73.089 0.0000000000
131235  34.803  -36.276  72.699 0.0000000000
34420  35.209  -35.588  72.600 0.0000000000
34419  35.955  -35.741  72.165 0.0000000000
33568  36.176  -36.216  71.746 0.0000000000
33593  36.655  -36.061  70.834 0.0000000000
32761  35.879  -38.172  70.507 0.0000000000
31910  35.704  -38.376  69.970 0.0000000000
31899  34.704  -39.015  70.600 0.0000000000
121608  35.063  -39.099  69.835 0.0000000000
124605  34.356  -39.654  69.490 0.0000000000
51827  43.892  -16.429  53.529 0.0000000000
49753  45.042  -18.491  53.180 0.0000000000
57823  48.601  -9.803  61.121 0.0000000000
130071  47.192  -12.964  61.309 0.0000000000
53760  47.520  -14.475  61.661 0.0000000000
46594  48.789  -22.200  67.730 0.0000000000
120038  48.520  -22.996  67.795 0.0000000000
44692  48.469  -23.579  67.542 0.0000000000
43786  48.377  -24.288  67.223 0.0000000000
44682  47.040  -24.276  68.644 0.0000000000
43778  46.802  -24.967  68.456 0.0000000000
114733  47.486  -24.713  68.257 0.0000000000
43777  47.885  -25.065  67.577 0.0000000000
42907  47.800  -25.672  67.036 0.0000000000
42021  47.226  -26.836  66.944 0.0000000000
40317  46.037  -28.305  67.215 0.0000000000
41183  46.322  -28.316  66.934 0.0000000000
117584  45.925  -28.552  66.648 0.0000000000
40336  44.774  -28.892  65.924 0.0000000000
39490  44.104  -29.842  65.481 0.0000000000
118856  43.794  -30.602  65.388 0.0000000000
37780  43.673  -31.151  65.029 0.0000000000
37781  43.168  -31.196  65.381 0.0000000000
38629  42.214  -31.144  65.181 0.0000000000
38604  41.918  -30.111  66.079 0.0000000000
38617  41.893  -30.660  65.671 0.0000000000
39502  40.618  -30.327  64.323 0.0000000000
39503  39.738  -29.925  63.664 0.0000000000
42045  42.430  -26.861  65.721 0.0000000000
42066  41.461  -26.830  64.644 0.0000000000
41211  41.096  -27.928  64.890 0.0000000000
40361  39.900  -29.050  64.040 0.0000000000
39504  39.226  -29.792  62.920 0.0000000000
133033  39.067  -29.348  62.859 0.0000000000
40373  38.443  -28.588  62.013 0.0000000000
115964  37.915  -28.725  61.395 0.0000000000
38631  34.558  -30.495  64.722 0.0000000000
38632  34.163  -31.032  64.168 0.0000000000
133192  33.871  -31.365  63.781 0.0000000000
37819  33.347  -31.195  62.784 0.0000000000
38664  32.955  -31.026  62.013 0.0000000000
37837  32.346  -31.204  61.106 0.0000000000
37838  31.815  -31.788  60.480 0.0000000000
122808  31.880  -33.913  61.307 0.0000000000
36147  31.657  -33.779  60.525 0.0000000000
125057  31.832  -33.175  61.092 0.0000000000
36927  31.798  -32.505  60.801 0.0000000000
38695  31.545  -31.579  59.521 0.0000000000
67176  55.459  0.939  53.439 0.0000000000
66258  55.652  -0.669  53.658 0.0000000000
31101  31.286  -40.319  65.672 0.0000000000
129005  30.903  -39.301  65.947 0.0000000000
31115  31.099  -40.309  64.774 0.0000000000
31130  31.041  -40.210  63.916 0.0000000000
122116  31.035  -40.160  63.193 0.0000000000
113557  30.311  -36.768  65.017 0.0000000000
31977  30.465  -38.401  63.777 0.0000000000
32845  30.275  -37.774  63.173 0.0000000000
31145  30.847  -39.589  62.574 0.0000000000
46508  40.624  -20.925  74.653 0.0000000000
47520  41.365  -20.518  74.433 0.0000000000
45566  40.994  -22.189  71.671 0.0000000000
45586  41.430  -22.211  70.877 0.0000000000
44674  40.422  -22.916  69.398 0.0000000000
44675  39.907  -23.620  69.240 0.0000000000
118376  39.468  -24.335  69.471 0.0000000000
42888  37.863  -25.862  68.297 0.0000000000
41974  38.280  -26.233  69.935 0.0000000000
41966  37.888  -26.958  70.214 0.0000000000
41172  36.523  -27.480  67.562 0.0000000000
38619  35.160  -30.287  65.947 0.0000000000
38553  37.302  -30.101  72.830 0.0000000000
37700  37.047  -31.449  71.672 0.0000000000
38569  37.331  -30.635  71.772 0.0000000000
131448  36.946  -30.728  70.660 0.0000000000
38577  36.607  -30.572  69.922 0.0000000000
34468  37.018  -35.234  70.205 0.0000000000
35305  36.986  -34.411  69.983 0.0000000000
36100  36.755  -33.555  69.759 0.0000000000
36888  35.399  -32.169  67.467 0.0000000000
112673  35.365  -30.928  66.950 0.0000000000
38606  35.132  -31.011  66.226 0.0000000000
36907  34.313  -32.290  64.952 0.0000000000
36912  33.946  -32.613  64.455 0.0000000000
36908  34.162  -33.125  65.043 0.0000000000
36135  33.656  -33.248  64.279 0.0000000000
34508  33.592  -35.898  65.426 0.0000000000
131755  33.271  -36.092  64.854 0.0000000000
34519  33.033  -35.873  64.272 0.0000000000
34533  32.739  -35.700  63.528 0.0000000000
32855  33.448  -37.842  62.042 0.0000000000
123413  49.903  -8.333  51.654 0.0000000000
57920  49.382  -10.411  52.065 0.0000000000
57919  50.304  -10.450  52.407 0.0000000000
50793  44.743  -16.253  52.983 0.0000000000
51825  45.453  -16.384  52.996 0.0000000000
51824  46.182  -16.629  53.275 0.0000000000
34407  28.634  -35.576  74.250 0.0000000000
31862  28.482  -37.807  73.244 0.0000000000
119264  28.373  -38.611  72.978 0.0000000000
31037  26.155  -39.139  73.055 0.0000000000
31046  26.768  -39.381  72.930 0.0000000000
133112  26.585  -39.045  69.498 0.0000000000
31915  26.058  -39.103  68.916 0.0000000000
31929  26.175  -38.796  68.146 0.0000000000
131867  26.224  -38.512  67.531 0.0000000000
32798  25.949  -38.436  66.961 0.0000000000
32813  25.524  -38.087  66.292 0.0000000000
31895  22.876  -38.448  71.433 0.0000000000
133776  23.512  -38.189  68.774 0.0000000000
32778  23.010  -37.654  69.002 0.0000000000
32789  23.328  -37.705  68.301 0.0000000000
31932  23.938  -38.474  68.097 0.0000000000
32800  24.281  -38.256  67.214 0.0000000000
32822  25.603  -37.682  65.536 0.0000000000
121540  25.080  -37.563  65.099 0.0000000000
33666  24.795  -37.218  64.523 0.0000000000
33667  23.922  -36.819  64.420 0.0000000000
123025  21.335  -35.102  66.186 0.0000000000
34513  21.739  -35.219  65.343 0.0000000000
69119  55.104  2.282  52.742 0.0000000000
116760  51.920  -5.781  51.584 0.0000000000
61692  51.438  -6.415  51.621 0.0000000000
60805  50.374  -7.691  51.659 0.0000000000
128013  50.684  -6.290  52.430 0.0000000000
58888  49.073  -9.092  51.855 0.0000000000
58873  48.662  -9.664  52.111 0.0000000000
57922  46.812  -11.546  52.741 0.0000000000
57891  47.521  -10.507  54.765 0.0000000000
55882  45.941  -12.319  52.996 0.0000000000
55864  45.558  -12.705  53.364 0.0000000000
54824  45.145  -13.387  53.373 0.0000000000
119778  44.674  -13.980  53.580 0.0000000000
53848  44.054  -15.049  53.846 0.0000000000
57857  48.682  -9.983  58.172 0.0000000000
117791  47.269  -11.304  57.240 0.0000000000
56824  46.914  -12.035  59.492 0.0000000000
56837  46.757  -12.088  58.571 0.0000000000
54792  44.980  -13.695  55.903 0.0000000000
53821  45.007  -14.129  56.647 0.0000000000
53832  44.228  -14.617  55.131 0.0000000000
53833  44.019  -14.930  54.525 0.0000000000
52846  43.811  -15.501  54.342 0.0000000000
51812  43.639  -16.304  54.183 0.0000000000
119315  43.535  -17.031  54.475 0.0000000000
50737  43.837  -17.042  55.876 0.0000000000
48663  44.131  -19.505  57.257 0.0000000000
47723  43.232  -20.304  56.203 0.0000000000
53753  48.526  -14.576  62.887 0.0000000000
52746  48.148  -15.287  62.471 0.0000000000
127604  47.833  -15.845  62.123 0.0000000000
45647  48.573  -22.723  65.652 0.0000000000
45656  48.793  -21.908  65.499 0.0000000000
45657  48.265  -22.097  64.820 0.0000000000
113275  48.927  -19.990  64.814 0.0000000000
121819  49.373  -18.651  64.666 0.0000000000
49611  48.752  -18.681  63.950 0.0000000000
49617  48.520  -17.940  63.435 0.0000000000
47637  47.836  -19.760  63.278 0.0000000000
49624  47.924  -18.091  62.730 0.0000000000
50643  47.740  -17.490  62.277 0.0000000000
50653  47.361  -17.446  61.692 0.0000000000
49632  46.953  -18.267  61.259 0.0000000000
47656  46.023  -20.817  61.140 0.0000000000
47669  45.965  -20.216  60.651 0.0000000000
45714  44.314  -22.183  59.605 0.0000000000
44745  45.155  -23.650  62.115 0.0000000000
44752  44.615  -23.645  61.417 0.0000000000
45701  43.914  -22.989  59.851 0.0000000000
45715  43.588  -22.701  59.117 0.0000000000
44771  42.575  -23.969  58.695 0.0000000000
43003  42.482  -25.788  59.161 0.0000000000
39547  46.625  -31.129  60.693 0.0000000000
38693  41.957  -30.798  60.785 0.0000000000
44696  40.369  -23.107  67.034 0.0000000000
44709  39.777  -23.583  66.657 0.0000000000
44732  40.078  -23.900  64.853 0.0000000000
125660  39.549  -24.222  64.243 0.0000000000
42911  37.539  -25.587  66.591 0.0000000000
43799  37.896  -25.100  66.206 0.0000000000
43810  37.947  -24.896  65.542 0.0000000000
43809  38.551  -24.442  65.294 0.0000000000
43837  39.116  -24.646  63.056 0.0000000000
42964  38.950  -25.009  62.347 0.0000000000
42976  38.380  -25.337  61.715 0.0000000000
124795  38.519  -25.858  61.367 0.0000000000
42140  37.563  -26.762  60.585 0.0000000000
39494  34.609  -29.665  64.497 0.0000000000
40363  34.493  -28.570  63.492 0.0000000000
41224  34.787  -27.772  63.242 0.0000000000
41233  35.119  -26.710  62.331 0.0000000000
39553  32.555  -29.542  60.318 0.0000000000
40419  33.169  -28.036  59.792 0.0000000000
40402  33.335  -28.267  60.571 0.0000000000
41243  34.384  -27.217  61.509 0.0000000000
42111  34.824  -26.779  61.830 0.0000000000
42110  35.346  -26.167  61.685 0.0000000000
42978  35.948  -25.636  61.116 0.0000000000
124577  36.449  -25.589  60.745 0.0000000000
42142  35.382  -26.043  59.901 0.0000000000
43004  35.959  -26.004  59.732 0.0000000000
42992  36.584  -25.918  60.163 0.0000000000
41272  36.713  -28.169  59.862 0.0000000000
65344  57.218  -1.240  54.608 0.0000000000
59843  51.082  -8.497  51.644 0.0000000000
59832  52.288  -8.430  52.277 0.0000000000
58870  51.983  -9.055  52.601 0.0000000000
31875  34.672  -37.540  71.728 0.0000000000
31888  34.520  -37.969  71.460 0.0000000000
32720  33.251  -36.996  72.901 0.0000000000
32802  23.088  -37.165  67.853 0.0000000000
33553  34.241  -36.494  72.975 0.0000000000
33567  36.526  -35.954  71.228 0.0000000000
33605  36.601  -36.834  70.234 0.0000000000
33656  22.902  -36.167  65.602 0.0000000000
33705  29.831  -36.762  61.311 0.0000000000
34561  27.816  -35.211  61.363 0.0000000000
34579  26.598  -35.569  60.334 0.0000000000
35280  36.939  -34.554  70.814 0.0000000000
35333  19.053  -34.384  66.290 0.0000000000
35340  20.895  -34.813  65.420 0.0000000000
36059  35.864  -33.169  72.579 0.0000000000
37731  35.973  -31.909  68.755 0.0000000000
37782  42.524  -31.085  65.657 0.0000000000
38616  43.572  -30.786  65.733 0.0000000000
38657  45.826  -32.270  62.513 0.0000000000
39481  41.528  -29.411  65.768 0.0000000000
39596  31.815  -29.835  57.857 0.0000000000
40216  36.202  -28.353  75.035 0.0000000000
40307  45.239  -28.185  67.537 0.0000000000
40318  45.475  -28.467  67.223 0.0000000000
40320  43.041  -28.368  66.841 0.0000000000
40326  45.713  -28.931  66.965 0.0000000000
40382  43.180  -28.250  61.225 0.0000000000
41077  37.699  -27.561  74.544 0.0000000000
41170  44.197  -27.698  67.571 0.0000000000
41960  39.112  -26.372  72.208 0.0000000000
42835  38.730  -25.490  74.554 0.0000000000
42895  47.547  -25.803  67.562 0.0000000000
42924  42.996  -25.332  65.709 0.0000000000
43728  39.009  -24.859  74.335 0.0000000000
44716  48.499  -23.535  66.213 0.0000000000
48576  49.853  -19.278  65.849 0.0000000000
48585  49.414  -19.426  65.153 0.0000000000
48605  46.973  -19.606  61.937 0.0000000000
52878  44.668  -15.627  53.032 0.0000000000
68132  51.885  1.010  53.151 0.0000000000
111220  32.111  -36.682  73.248 0.0000000000
113348  34.837  -29.929  74.959 0.0000000000
114486  26.233  -38.044  66.523 0.0000000000
127008  45.482  -28.850  66.543 0.0000000000
128775  30.189  -36.023  66.180 0.0000000000
129904  39.118  -26.284  73.542 0.0000000000
129951  36.984  -33.973  70.741 0.0000000000
130117  47.516  -13.160  61.735 0.0000000000
130412  32.286  -28.999  58.598 0.0000000000
131018  37.645  -29.516  72.789 0.0000000000
