#!ascii label  , from subject sub-v1s4x0050694_ses-1 vox2ras=TkReg
194
114277  29.079  -1.120  -10.086 0.0000000000
59479  28.858  -9.468  -5.401 0.0000000000
70627  27.243  2.080  -12.793 0.0000000000
77869  22.764  10.742  -14.114 0.0000000000
57589  27.545  -11.560  -5.636 0.0000000000
73340  27.305  5.124  -11.998 0.0000000000
75277  27.828  7.107  -14.725 0.0000000000
116401  28.375  -4.036  -10.617 0.0000000000
123558  28.722  -5.930  -8.240 0.0000000000
65068  29.184  -2.901  -7.366 0.0000000000
69704  28.968  1.868  -9.249 0.0000000000
68746  29.974  0.114  -7.113 0.0000000000
127851  28.183  0.885  -10.446 0.0000000000
71474  27.609  4.041  -9.885 0.0000000000
76209  23.932  8.151  -15.361 0.0000000000
122047  26.588  8.877  -15.603 0.0000000000
61333  29.490  -7.279  -5.593 0.0000000000
73354  27.247  5.485  -14.688 0.0000000000
74312  27.108  6.363  -15.045 0.0000000000
66902  28.801  -1.982  -10.377 0.0000000000
65077  28.606  -3.197  -8.906 0.0000000000
66883  28.810  -1.698  -8.643 0.0000000000
58524  27.852  -10.887  -5.784 0.0000000000
69725  27.381  1.901  -11.648 0.0000000000
69714  27.969  2.355  -10.199 0.0000000000
71475  27.225  3.501  -10.780 0.0000000000
114648  27.595  6.636  -12.223 0.0000000000
120822  27.539  5.948  -10.798 0.0000000000
124698  23.364  10.004  -13.827 0.0000000000
125334  23.579  7.788  -14.810 0.0000000000
77061  23.634  9.168  -15.161 0.0000000000
79636  25.691  12.891  -16.444 0.0000000000
78756  26.302  11.346  -15.828 0.0000000000
77059  25.043  9.983  -15.765 0.0000000000
77888  26.060  10.427  -15.645 0.0000000000
77057  26.900  9.867  -15.264 0.0000000000
63211  29.389  -5.151  -6.687 0.0000000000
62274  29.073  -6.506  -7.001 0.0000000000
56556  27.001  -13.076  -5.123 0.0000000000
72403  27.337  4.130  -12.306 0.0000000000
72416  27.606  4.857  -13.633 0.0000000000
74302  27.957  6.423  -13.379 0.0000000000
120427  28.213  8.009  -13.359 0.0000000000
118848  28.212  -6.272  -9.623 0.0000000000
116384  28.568  -4.891  -9.315 0.0000000000
64131  28.980  -4.248  -7.654 0.0000000000
122796  29.717  -3.906  -6.174 0.0000000000
68779  29.272  0.774  -9.923 0.0000000000
67802  28.915  -0.281  -8.827 0.0000000000
68765  29.235  0.985  -8.235 0.0000000000
127529  28.688  -1.329  -10.536 0.0000000000
67833  27.630  -0.347  -11.619 0.0000000000
68790  28.945  0.273  -10.208 0.0000000000
119121  29.066  1.170  -10.054 0.0000000000
70613  28.430  2.794  -9.581 0.0000000000
71468  28.313  3.634  -9.406 0.0000000000
72389  27.314  4.431  -10.559 0.0000000000
72380  27.707  4.912  -9.860 0.0000000000
74324  25.205  6.908  -16.157 0.0000000000
77890  23.951  10.498  -15.572 0.0000000000
77060  24.024  9.577  -15.542 0.0000000000
76207  25.853  8.389  -16.050 0.0000000000
75288  26.040  7.459  -16.020 0.0000000000
76198  27.524  7.781  -15.019 0.0000000000
76197  28.047  7.994  -14.311 0.0000000000
60392  28.629  -8.718  -6.672 0.0000000000
120873  28.442  -7.068  -8.202 0.0000000000
66870  29.569  -1.563  -7.279 0.0000000000
65948  29.897  -2.560  -6.209 0.0000000000
73361  26.259  5.609  -15.414 0.0000000000
74313  26.123  6.557  -15.777 0.0000000000
66892  28.921  -1.750  -9.637 0.0000000000
112214  28.893  -0.963  -9.261 0.0000000000
55545  26.679  -13.742  -4.694 0.0000000000
121058  28.423  -10.258  -5.426 0.0000000000
125140  27.277  2.738  -11.459 0.0000000000
71479  27.334  3.286  -11.905 0.0000000000
75259  27.610  7.613  -11.747 0.0000000000
74291  27.579  6.821  -11.148 0.0000000000
77053  23.261  9.608  -14.551 0.0000000000
77891  23.314  10.105  -15.027 0.0000000000
77887  26.914  10.961  -15.303 0.0000000000
64109  29.663  -4.631  -6.067 0.0000000000
63199  29.589  -5.554  -5.877 0.0000000000
58535  27.947  -10.415  -6.348 0.0000000000
117080  27.532  3.813  -13.957 0.0000000000
72436  27.385  4.585  -14.414 0.0000000000
74306  27.877  6.312  -14.345 0.0000000000
73348  27.781  5.520  -13.961 0.0000000000
75271  28.235  7.159  -13.892 0.0000000000
77868  23.602  11.211  -13.319 0.0000000000
134171  28.356  -5.097  -10.241 0.0000000000
64148  28.470  -4.373  -10.034 0.0000000000
65069  28.838  -3.434  -7.938 0.0000000000
64122  29.362  -4.246  -6.813 0.0000000000
65055  29.537  -3.271  -6.631 0.0000000000
56567  27.273  -12.363  -5.421 0.0000000000
56555  27.507  -12.537  -4.643 0.0000000000
68766  29.087  1.240  -9.319 0.0000000000
116514  29.004  0.468  -9.032 0.0000000000
66912  28.332  -1.813  -11.090 0.0000000000
69724  27.399  1.149  -10.990 0.0000000000
68791  27.735  0.335  -10.880 0.0000000000
67822  28.161  -0.315  -10.763 0.0000000000
70614  27.729  3.167  -10.051 0.0000000000
71459  28.728  3.262  -9.096 0.0000000000
123285  27.244  4.752  -11.302 0.0000000000
73321  27.781  5.732  -10.001 0.0000000000
73320  28.311  5.428  -9.412 0.0000000000
75291  23.869  7.147  -15.343 0.0000000000
74325  24.323  6.525  -15.821 0.0000000000
75290  24.501  7.429  -15.895 0.0000000000
78767  25.753  12.001  -16.196 0.0000000000
130279  25.130  12.381  -16.125 0.0000000000
78757  24.105  11.460  -15.594 0.0000000000
77058  25.972  9.408  -15.829 0.0000000000
76206  26.765  8.058  -15.558 0.0000000000
77052  27.746  9.775  -14.384 0.0000000000
117812  27.914  8.931  -14.153 0.0000000000
132856  28.120  8.638  -13.642 0.0000000000
59498  28.145  -9.329  -7.204 0.0000000000
112155  28.536  -5.769  -9.030 0.0000000000
62284  28.411  -6.545  -8.803 0.0000000000
62275  28.724  -6.493  -7.830 0.0000000000
62268  29.370  -6.468  -6.150 0.0000000000
61342  29.087  -7.250  -6.569 0.0000000000
60391  29.078  -8.046  -6.172 0.0000000000
67801  29.295  0.075  -7.965 0.0000000000
67789  29.068  -0.969  -8.118 0.0000000000
67788  29.714  -0.647  -7.311 0.0000000000
66001  28.625  -2.794  -10.413 0.0000000000
65087  28.581  -3.477  -9.979 0.0000000000
65990  28.741  -2.577  -9.738 0.0000000000
65979  28.658  -2.326  -8.985 0.0000000000
65972  28.855  -2.504  -8.153 0.0000000000
57588  28.065  -11.067  -5.084 0.0000000000
57578  27.777  -11.814  -4.867 0.0000000000
58506  28.763  -10.998  -3.907 0.0000000000
70604  29.097  2.495  -8.476 0.0000000000
69703  29.157  1.736  -8.386 0.0000000000
69735  27.235  1.156  -12.282 0.0000000000
123050  27.477  1.931  -10.713 0.0000000000
70621  27.325  2.622  -10.751 0.0000000000
73328  27.436  5.936  -11.684 0.0000000000
117276  23.542  8.679  -14.815 0.0000000000
77889  25.180  11.044  -15.779 0.0000000000
77880  27.565  10.711  -14.607 0.0000000000
63219  29.049  -5.714  -7.408 0.0000000000
127467  29.313  -5.880  -6.618 0.0000000000
115611  26.453  -13.522  -5.444 0.0000000000
56568  26.603  -12.947  -5.950 0.0000000000
59488  28.463  -9.574  -6.263 0.0000000000
71491  27.353  2.862  -13.349 0.0000000000
123388  27.475  4.727  -12.882 0.0000000000
73339  27.592  5.606  -12.799 0.0000000000
75264  28.049  7.340  -12.863 0.0000000000
76180  27.801  8.298  -12.316 0.0000000000
124253  24.156  10.250  -13.305 0.0000000000
131353  23.041  10.807  -13.519 0.0000000000
63220  28.805  -5.092  -8.193 0.0000000000
64140  28.565  -4.003  -9.313 0.0000000000
64132  28.689  -4.142  -8.520 0.0000000000
123925  29.156  -4.907  -7.349 0.0000000000
67814  29.302  -0.169  -9.937 0.0000000000
69695  29.649  1.554  -7.620 0.0000000000
68754  29.797  0.805  -7.429 0.0000000000
66008  28.408  -2.600  -11.041 0.0000000000
67832  28.111  -1.011  -11.074 0.0000000000
67821  28.834  -0.654  -10.346 0.0000000000
115005  29.150  1.370  -9.862 0.0000000000
69723  28.113  1.580  -10.346 0.0000000000
111584  28.838  1.939  -9.862 0.0000000000
70605  28.823  2.592  -9.136 0.0000000000
72390  27.181  4.053  -11.304 0.0000000000
114637  27.427  5.220  -10.574 0.0000000000
72379  28.373  4.553  -9.287 0.0000000000
114769  23.175  11.111  -14.912 0.0000000000
78758  23.371  12.082  -14.878 0.0000000000
131469  24.232  8.827  -15.541 0.0000000000
123313  25.025  9.068  -15.793 0.0000000000
76208  24.802  8.257  -15.891 0.0000000000
75289  25.301  7.672  -16.131 0.0000000000
75278  26.929  7.203  -15.364 0.0000000000
76205  27.429  8.717  -14.959 0.0000000000
61352  28.260  -7.798  -8.067 0.0000000000
61351  28.719  -7.181  -7.445 0.0000000000
61343  28.702  -7.942  -7.076 0.0000000000
60382  28.964  -8.819  -5.790 0.0000000000
66871  29.103  -1.794  -7.918 0.0000000000
65971  29.273  -2.227  -7.506 0.0000000000
66857  30.058  -1.074  -6.719 0.0000000000
65958  29.567  -2.384  -6.905 0.0000000000
128042  27.345  5.414  -11.250 0.0000000000
132991  29.169  -3.622  -7.258 0.0000000000
