#!ascii label  , from subject sub-v1s4x0050693_ses-1 vox2ras=TkReg
1449
53608  -40.936  -22.088  47.034 0.0000000000
68395  -50.753  -5.710  43.238 0.0000000000
61059  -46.255  -13.538  45.103 0.0000000000
33919  -17.161  -42.354  67.574 0.0000000000
52654  -35.887  -21.784  52.974 0.0000000000
43540  -26.783  -32.137  66.876 0.0000000000
43571  -36.027  -31.294  65.565 0.0000000000
47794  -40.334  -27.662  59.410 0.0000000000
50777  -38.651  -23.717  58.374 0.0000000000
41582  -20.334  -33.489  62.466 0.0000000000
127601  -22.063  -31.510  67.614 0.0000000000
44581  -23.307  -30.679  62.573 0.0000000000
42582  -32.393  -32.781  60.418 0.0000000000
114653  -36.696  -30.714  60.148 0.0000000000
56310  -41.461  -18.531  54.127 0.0000000000
56327  -45.875  -17.886  52.079 0.0000000000
113087  -48.622  -9.712  44.380 0.0000000000
57379  -43.814  -18.064  45.008 0.0000000000
118561  -49.566  -6.763  37.153 0.0000000000
115724  -13.168  -42.356  69.340 0.0000000000
53486  -39.729  -21.414  56.618 0.0000000000
53565  -38.366  -21.866  50.620 0.0000000000
42563  -27.661  -32.660  61.472 0.0000000000
41554  -31.192  -33.775  65.651 0.0000000000
131652  -49.158  -16.208  50.625 0.0000000000
71392  -56.181  -2.229  33.043 0.0000000000
46756  -38.456  -28.472  57.578 0.0000000000
125510  -38.968  -26.602  56.315 0.0000000000
43606  -21.621  -31.407  62.579 0.0000000000
43666  -34.788  -31.155  57.969 0.0000000000
44638  -36.699  -29.863  58.064 0.0000000000
122836  -38.366  -29.544  59.689 0.0000000000
54469  -41.881  -20.009  50.763 0.0000000000
118699  -43.263  -18.330  52.824 0.0000000000
55424  -43.694  -19.677  49.659 0.0000000000
128435  -49.568  -7.216  43.733 0.0000000000
134961  -51.701  -9.416  46.277 0.0000000000
69428  -52.652  -4.757  42.562 0.0000000000
135489  -14.495  -40.956  65.946 0.0000000000
118140  -15.009  -42.492  68.834 0.0000000000
118283  -37.460  -22.753  55.545 0.0000000000
113748  -38.537  -21.727  58.070 0.0000000000
113140  -37.758  -21.544  55.464 0.0000000000
53529  -39.077  -21.332  53.380 0.0000000000
53551  -36.868  -21.189  51.840 0.0000000000
43553  -24.337  -31.383  66.588 0.0000000000
113557  -24.186  -31.691  70.111 0.0000000000
116333  -26.441  -32.052  68.835 0.0000000000
42453  -28.439  -32.665  69.212 0.0000000000
43642  -25.362  -31.632  59.832 0.0000000000
120210  -27.335  -32.769  59.044 0.0000000000
42539  -34.286  -32.760  63.198 0.0000000000
41574  -32.225  -33.490  63.527 0.0000000000
118912  -34.221  -32.799  65.774 0.0000000000
42474  -33.702  -32.586  68.645 0.0000000000
123266  -17.828  -37.823  64.850 0.0000000000
38888  -18.243  -36.481  68.375 0.0000000000
37199  -18.092  -38.168  71.470 0.0000000000
131941  -45.101  -15.846  44.846 0.0000000000
57330  -47.765  -17.406  48.038 0.0000000000
59250  -48.725  -15.615  47.234 0.0000000000
72388  -58.375  -0.508  31.342 0.0000000000
32970  -16.937  -43.695  70.475 0.0000000000
128716  -41.842  -26.216  62.246 0.0000000000
130388  -40.336  -24.241  61.868 0.0000000000
133128  -39.961  -25.450  59.280 0.0000000000
50803  -38.327  -24.597  55.397 0.0000000000
117260  -19.657  -34.054  65.048 0.0000000000
118522  -20.156  -32.701  68.041 0.0000000000
42518  -20.735  -32.039  64.304 0.0000000000
44547  -22.617  -30.865  64.903 0.0000000000
43579  -24.862  -31.428  64.652 0.0000000000
42617  -30.134  -32.942  58.417 0.0000000000
119676  -32.396  -32.456  58.364 0.0000000000
42605  -34.136  -32.118  60.219 0.0000000000
43598  -36.299  -31.410  63.003 0.0000000000
45617  -38.423  -29.539  62.573 0.0000000000
46678  -40.288  -28.334  62.127 0.0000000000
39826  -19.498  -35.308  62.487 0.0000000000
57229  -41.764  -17.526  57.019 0.0000000000
131123  -43.508  -16.055  59.699 0.0000000000
58213  -43.448  -16.698  55.935 0.0000000000
58232  -45.740  -16.674  55.410 0.0000000000
62809  -46.956  -11.000  44.793 0.0000000000
61022  -49.893  -13.309  47.301 0.0000000000
62785  -50.854  -11.314  47.118 0.0000000000
31112  -9.466  -45.130  73.597 0.0000000000
54524  -43.178  -20.104  46.036 0.0000000000
59304  -41.328  -15.418  43.166 0.0000000000
62820  -44.471  -11.295  43.634 0.0000000000
64618  -45.036  -9.752  42.338 0.0000000000
65517  -46.701  -8.178  41.799 0.0000000000
120190  -48.785  -7.301  40.831 0.0000000000
124016  -50.597  -6.554  39.848 0.0000000000
66518  -47.757  -7.691  37.904 0.0000000000
33860  -14.844  -43.632  71.893 0.0000000000
33850  -13.165  -43.734  72.883 0.0000000000
31980  -11.789  -44.133  73.708 0.0000000000
55291  -41.113  -18.920  63.034 0.0000000000
52587  -39.261  -22.130  61.473 0.0000000000
54396  -39.566  -21.061  60.048 0.0000000000
55339  -40.974  -19.112  58.729 0.0000000000
55380  -40.669  -19.841  54.824 0.0000000000
132200  -40.267  -20.847  51.574 0.0000000000
52692  -39.864  -22.388  48.796 0.0000000000
43499  -21.879  -31.914  70.578 0.0000000000
43608  -25.528  -31.641  62.323 0.0000000000
42519  -27.597  -32.600  64.423 0.0000000000
132584  -29.918  -33.167  61.002 0.0000000000
42521  -29.795  -33.266  64.247 0.0000000000
42498  -29.221  -33.100  66.657 0.0000000000
42472  -31.477  -33.206  68.917 0.0000000000
35650  -16.138  -40.499  65.219 0.0000000000
127149  -17.358  -39.194  64.579 0.0000000000
34798  -18.127  -40.820  67.517 0.0000000000
56356  -46.037  -18.906  48.691 0.0000000000
57276  -48.071  -17.375  52.131 0.0000000000
58263  -50.248  -16.338  54.002 0.0000000000
60077  -50.468  -14.468  50.372 0.0000000000
68439  -51.728  -5.613  38.961 0.0000000000
69459  -53.214  -4.220  38.159 0.0000000000
71357  -54.302  -2.032  36.917 0.0000000000
69491  -54.880  -4.159  34.384 0.0000000000
72351  -55.359  -0.587  35.474 0.0000000000
46789  -36.728  -28.750  56.072 0.0000000000
46790  -37.249  -28.212  55.682 0.0000000000
46799  -36.321  -28.339  54.595 0.0000000000
44657  -35.465  -30.036  56.730 0.0000000000
125195  -36.301  -29.190  56.336 0.0000000000
45675  -37.193  -29.366  57.636 0.0000000000
53585  -41.788  -21.178  49.139 0.0000000000
54476  -42.509  -19.994  50.160 0.0000000000
53600  -42.526  -21.010  48.484 0.0000000000
67435  -49.856  -6.605  43.565 0.0000000000
66453  -51.869  -7.650  44.693 0.0000000000
67437  -51.374  -5.813  44.091 0.0000000000
68390  -52.229  -4.622  44.323 0.0000000000
68405  -51.329  -5.380  42.909 0.0000000000
34805  -15.629  -41.548  66.489 0.0000000000
132506  -14.901  -41.678  67.001 0.0000000000
33918  -16.275  -42.491  67.805 0.0000000000
51735  -36.703  -22.636  54.122 0.0000000000
52633  -37.353  -21.885  55.536 0.0000000000
53526  -36.421  -21.620  53.361 0.0000000000
53527  -36.839  -21.287  53.139 0.0000000000
53537  -36.236  -21.369  52.659 0.0000000000
114598  -18.582  -35.226  69.718 0.0000000000
43555  -25.724  -31.798  66.907 0.0000000000
43526  -25.869  -31.895  68.262 0.0000000000
114379  -26.619  -32.112  67.949 0.0000000000
43514  -27.593  -32.454  69.309 0.0000000000
122158  -28.098  -32.634  67.700 0.0000000000
42524  -35.193  -32.278  64.262 0.0000000000
42523  -34.444  -32.809  64.180 0.0000000000
121646  -34.898  -32.199  65.965 0.0000000000
42501  -34.480  -32.417  66.622 0.0000000000
126447  -18.866  -35.208  66.698 0.0000000000
39758  -18.532  -35.762  68.000 0.0000000000
38867  -18.260  -36.020  69.864 0.0000000000
57150  -43.084  -17.147  62.960 0.0000000000
60131  -45.903  -14.936  45.089 0.0000000000
132733  -46.919  -15.787  45.975 0.0000000000
60124  -47.738  -14.721  46.153 0.0000000000
48813  -41.088  -26.947  60.337 0.0000000000
49832  -41.001  -25.990  60.220 0.0000000000
48823  -40.686  -26.496  59.638 0.0000000000
49868  -38.977  -25.647  56.258 0.0000000000
49884  -37.789  -25.375  54.015 0.0000000000
50815  -37.607  -24.265  54.342 0.0000000000
124902  -19.850  -33.981  63.569 0.0000000000
130053  -20.104  -33.105  65.036 0.0000000000
42531  -20.694  -32.347  63.629 0.0000000000
44579  -22.166  -30.998  62.110 0.0000000000
44558  -21.929  -30.913  63.758 0.0000000000
44571  -23.207  -30.724  63.515 0.0000000000
44549  -23.942  -30.991  64.890 0.0000000000
44572  -24.053  -30.874  63.163 0.0000000000
42628  -31.328  -32.479  57.122 0.0000000000
44626  -35.746  -30.864  59.019 0.0000000000
43645  -34.531  -31.747  59.370 0.0000000000
43631  -35.798  -31.358  60.508 0.0000000000
43622  -35.323  -31.912  61.803 0.0000000000
44597  -36.570  -31.025  61.581 0.0000000000
44585  -37.344  -30.481  62.640 0.0000000000
44611  -37.190  -30.536  60.706 0.0000000000
46722  -39.531  -28.675  59.579 0.0000000000
45629  -39.271  -29.178  61.113 0.0000000000
46707  -40.326  -28.309  60.565 0.0000000000
47759  -41.266  -27.404  62.419 0.0000000000
40699  -20.068  -34.173  62.109 0.0000000000
56304  -41.592  -17.882  55.587 0.0000000000
57230  -42.350  -16.967  56.619 0.0000000000
57251  -42.597  -17.309  54.879 0.0000000000
56326  -44.375  -18.415  52.030 0.0000000000
57262  -44.610  -17.735  53.494 0.0000000000
57254  -46.118  -17.309  54.069 0.0000000000
113190  -47.145  -16.758  54.891 0.0000000000
133707  -46.780  -17.336  53.692 0.0000000000
63701  -47.218  -10.093  44.460 0.0000000000
62802  -49.430  -11.674  45.376 0.0000000000
63693  -49.798  -10.839  45.004 0.0000000000
65460  -52.444  -8.460  47.658 0.0000000000
63725  -44.913  -10.316  43.172 0.0000000000
137127  -44.209  -10.134  41.950 0.0000000000
113359  -45.320  -8.764  40.808 0.0000000000
65525  -46.003  -8.285  40.365 0.0000000000
66487  -47.310  -7.800  41.806 0.0000000000
65536  -46.866  -7.934  39.196 0.0000000000
66507  -48.443  -7.518  39.041 0.0000000000
33915  -12.945  -41.880  67.897 0.0000000000
33881  -12.199  -42.888  70.516 0.0000000000
131775  -16.724  -44.286  71.570 0.0000000000
33871  -16.168  -43.601  70.642 0.0000000000
32949  -15.979  -44.144  71.763 0.0000000000
32930  -14.515  -44.543  72.512 0.0000000000
128156  -13.655  -44.485  73.167 0.0000000000
33846  -12.589  -43.925  73.398 0.0000000000
116480  -12.663  -44.473  73.665 0.0000000000
31115  -11.873  -45.560  73.806 0.0000000000
50763  -39.550  -24.463  60.149 0.0000000000
51681  -39.654  -23.585  61.565 0.0000000000
133450  -38.912  -22.971  60.485 0.0000000000
53475  -38.766  -21.471  57.836 0.0000000000
53461  -39.050  -21.523  59.396 0.0000000000
53469  -39.471  -21.263  58.399 0.0000000000
55328  -40.718  -19.790  60.094 0.0000000000
121564  -40.403  -20.890  57.947 0.0000000000
55363  -40.731  -20.241  56.624 0.0000000000
54430  -40.451  -20.936  56.160 0.0000000000
53553  -38.975  -21.530  51.877 0.0000000000
53541  -39.687  -20.956  52.926 0.0000000000
125264  -39.673  -21.407  51.137 0.0000000000
53567  -40.182  -21.581  50.191 0.0000000000
52691  -39.042  -22.520  48.961 0.0000000000
43534  -21.359  -31.741  67.544 0.0000000000
43509  -21.009  -32.054  68.996 0.0000000000
43522  -21.664  -31.784  68.725 0.0000000000
42576  -26.663  -32.368  60.626 0.0000000000
43628  -25.367  -31.637  60.662 0.0000000000
118074  -26.258  -32.012  61.848 0.0000000000
43609  -26.326  -32.029  62.715 0.0000000000
42549  -27.803  -32.651  62.848 0.0000000000
42602  -31.149  -32.945  59.423 0.0000000000
42601  -29.787  -33.148  59.587 0.0000000000
119832  -30.874  -33.118  60.982 0.0000000000
116981  -31.784  -33.764  65.035 0.0000000000
41572  -30.662  -33.477  63.990 0.0000000000
41563  -30.269  -33.479  64.715 0.0000000000
41552  -29.591  -33.239  65.128 0.0000000000
41541  -30.588  -33.675  66.286 0.0000000000
42485  -30.275  -33.370  67.778 0.0000000000
41530  -31.726  -33.626  67.349 0.0000000000
45593  -38.466  -28.901  65.389 0.0000000000
37243  -17.640  -38.608  65.119 0.0000000000
37232  -17.717  -38.777  65.973 0.0000000000
36446  -17.646  -39.720  66.192 0.0000000000
36415  -18.812  -39.377  72.624 0.0000000000
55476  -43.617  -19.423  45.694 0.0000000000
55440  -44.829  -19.757  46.912 0.0000000000
55456  -45.340  -19.268  46.782 0.0000000000
58316  -48.477  -16.752  49.189 0.0000000000
122374  -47.745  -17.461  49.877 0.0000000000
58283  -48.746  -16.724  50.925 0.0000000000
113596  -49.153  -16.761  52.757 0.0000000000
58273  -50.016  -16.318  52.952 0.0000000000
133468  -50.646  -12.856  48.592 0.0000000000
61000  -49.995  -14.022  48.692 0.0000000000
60988  -51.276  -13.247  50.383 0.0000000000
67498  -49.663  -6.808  37.974 0.0000000000
122903  -51.196  -6.074  39.438 0.0000000000
67500  -50.782  -5.978  37.978 0.0000000000
68452  -51.869  -5.259  36.722 0.0000000000
69475  -52.992  -4.325  36.358 0.0000000000
70404  -53.524  -3.543  37.621 0.0000000000
69476  -53.512  -3.754  35.998 0.0000000000
69521  -55.924  -4.605  32.397 0.0000000000
68489  -54.830  -5.013  33.104 0.0000000000
70447  -55.801  -3.529  33.517 0.0000000000
71379  -54.816  -2.144  34.623 0.0000000000
72374  -55.314  -1.662  34.031 0.0000000000
73267  -56.626  -0.284  33.389 0.0000000000
73279  -59.570  -0.202  32.317 0.0000000000
46757  -39.197  -28.076  58.043 0.0000000000
47824  -39.596  -27.301  57.786 0.0000000000
47837  -38.713  -27.438  56.485 0.0000000000
47848  -37.754  -27.558  55.301 0.0000000000
42547  -21.107  -32.143  62.069 0.0000000000
43674  -34.206  -30.833  56.422 0.0000000000
44650  -35.143  -30.615  57.352 0.0000000000
120220  -36.216  -30.411  58.504 0.0000000000
45640  -37.800  -29.999  60.214 0.0000000000
45663  -37.430  -29.632  58.431 0.0000000000
46738  -38.670  -28.758  58.383 0.0000000000
55398  -41.849  -19.094  52.391 0.0000000000
120016  -42.566  -18.147  53.438 0.0000000000
135247  -42.566  -19.288  51.450 0.0000000000
55410  -43.709  -19.039  50.897 0.0000000000
132111  -44.382  -18.905  50.628 0.0000000000
65483  -48.840  -8.406  43.986 0.0000000000
64602  -50.327  -9.466  44.459 0.0000000000
65484  -50.610  -8.492  44.194 0.0000000000
65475  -52.162  -7.940  45.701 0.0000000000
68412  -53.486  -4.594  41.714 0.0000000000
33916  -13.812  -41.865  67.830 0.0000000000
33893  -14.208  -42.428  69.320 0.0000000000
51711  -38.121  -23.383  56.762 0.0000000000
51696  -38.407  -22.741  58.557 0.0000000000
52616  -37.821  -21.989  57.167 0.0000000000
53483  -37.861  -21.688  56.635 0.0000000000
53485  -38.645  -21.409  56.190 0.0000000000
53499  -39.048  -21.406  55.409 0.0000000000
114257  -38.468  -21.326  54.045 0.0000000000
53539  -38.233  -21.372  52.564 0.0000000000
53564  -37.365  -21.521  50.920 0.0000000000
43536  -23.440  -31.266  67.039 0.0000000000
43524  -23.056  -31.503  68.583 0.0000000000
119830  -24.534  -31.579  68.254 0.0000000000
43512  -25.642  -31.831  69.206 0.0000000000
42440  -28.783  -32.868  70.617 0.0000000000
42597  -26.818  -32.527  59.853 0.0000000000
134932  -27.942  -32.870  60.410 0.0000000000
133736  -33.027  -32.876  61.780 0.0000000000
116080  -32.296  -33.137  62.135 0.0000000000
42537  -33.181  -33.192  63.169 0.0000000000
41566  -33.186  -33.481  64.709 0.0000000000
117120  -32.704  -33.650  66.052 0.0000000000
41531  -32.597  -33.347  67.504 0.0000000000
136725  -33.618  -32.910  67.009 0.0000000000
38951  -18.651  -36.539  63.268 0.0000000000
38928  -18.455  -36.522  64.997 0.0000000000
38036  -17.944  -37.802  68.134 0.0000000000
38025  -17.978  -37.913  68.957 0.0000000000
132903  -18.020  -37.292  69.360 0.0000000000
57380  -44.706  -17.120  45.020 0.0000000000
57366  -45.949  -17.888  46.099 0.0000000000
130461  -46.874  -16.614  46.125 0.0000000000
58347  -48.491  -16.267  47.547 0.0000000000
59223  -48.909  -16.036  49.050 0.0000000000
67521  -49.252  -6.460  35.459 0.0000000000
67510  -50.149  -6.421  36.599 0.0000000000
67532  -49.910  -6.147  34.913 0.0000000000
70459  -57.205  -3.617  31.825 0.0000000000
72382  -57.085  -1.419  32.094 0.0000000000
70469  -57.495  -2.964  31.440 0.0000000000
71422  -58.531  -1.413  30.067 0.0000000000
33908  -17.765  -42.367  68.281 0.0000000000
33907  -16.975  -42.763  68.372 0.0000000000
50746  -41.549  -24.631  62.997 0.0000000000
49820  -41.500  -25.597  61.568 0.0000000000
50764  -40.423  -25.176  60.402 0.0000000000
50778  -39.151  -24.695  58.575 0.0000000000
48846  -39.638  -26.458  57.683 0.0000000000
49862  -38.988  -25.058  57.102 0.0000000000
50785  -38.553  -24.005  57.362 0.0000000000
51722  -38.012  -23.687  55.883 0.0000000000
114577  -37.197  -23.190  54.674 0.0000000000
40669  -19.244  -34.588  66.330 0.0000000000
136985  -19.490  -33.703  68.466 0.0000000000
42494  -19.937  -33.080  66.517 0.0000000000
42495  -20.465  -32.350  66.650 0.0000000000
43550  -21.531  -31.404  66.159 0.0000000000
43591  -21.069  -31.637  63.874 0.0000000000
43578  -21.833  -30.978  64.656 0.0000000000
43566  -22.116  -30.994  65.630 0.0000000000
120255  -23.597  -31.106  66.122 0.0000000000
115312  -24.425  -31.344  65.638 0.0000000000
119210  -26.041  -31.911  66.075 0.0000000000
42618  -30.955  -32.873  58.611 0.0000000000
42603  -31.995  -32.770  59.587 0.0000000000
42630  -33.192  -31.991  57.951 0.0000000000
42604  -33.639  -32.179  59.487 0.0000000000
121874  -33.343  -32.471  60.244 0.0000000000
42568  -34.702  -32.293  61.936 0.0000000000
43610  -35.604  -31.889  62.733 0.0000000000
43584  -36.440  -31.243  63.926 0.0000000000
132556  -36.858  -30.455  65.933 0.0000000000
44562  -37.000  -30.619  64.155 0.0000000000
45608  -37.793  -29.857  63.722 0.0000000000
46662  -38.806  -28.757  64.003 0.0000000000
45628  -38.515  -29.620  61.598 0.0000000000
45618  -39.069  -29.122  62.098 0.0000000000
46651  -40.066  -27.942  63.865 0.0000000000
47744  -40.764  -27.731  63.191 0.0000000000
39817  -19.328  -35.279  63.486 0.0000000000
57203  -41.745  -17.638  58.921 0.0000000000
58185  -42.784  -16.549  58.156 0.0000000000
58198  -43.345  -16.240  57.681 0.0000000000
59107  -44.997  -15.857  57.583 0.0000000000
57252  -43.326  -17.274  54.607 0.0000000000
114763  -44.981  -16.528  55.873 0.0000000000
61924  -46.732  -11.985  45.029 0.0000000000
61048  -48.183  -13.690  46.013 0.0000000000
61914  -49.049  -12.590  45.630 0.0000000000
61897  -50.161  -12.465  46.858 0.0000000000
62776  -50.902  -11.698  47.857 0.0000000000
63685  -51.295  -10.131  46.070 0.0000000000
63669  -51.710  -10.419  48.332 0.0000000000
53634  -40.402  -21.296  45.555 0.0000000000
54506  -41.938  -20.987  46.155 0.0000000000
54545  -41.179  -19.994  45.014 0.0000000000
55501  -42.154  -19.260  44.877 0.0000000000
131172  -42.332  -18.301  44.313 0.0000000000
58382  -43.216  -16.892  44.064 0.0000000000
136931  -43.412  -15.974  43.831 0.0000000000
60158  -43.824  -14.577  43.780 0.0000000000
117209  -45.031  -13.898  44.381 0.0000000000
61922  -45.488  -12.276  44.478 0.0000000000
115020  -45.543  -11.367  44.354 0.0000000000
63712  -46.020  -9.996  43.961 0.0000000000
64608  -46.363  -9.360  43.587 0.0000000000
64632  -44.955  -9.272  41.435 0.0000000000
65503  -45.618  -8.979  41.866 0.0000000000
65492  -47.750  -8.268  43.499 0.0000000000
66468  -47.967  -7.806  43.308 0.0000000000
66480  -48.726  -6.983  42.557 0.0000000000
67455  -49.413  -6.500  42.543 0.0000000000
67464  -50.685  -6.345  41.368 0.0000000000
66497  -49.390  -7.184  40.099 0.0000000000
66520  -49.125  -7.204  38.487 0.0000000000
66530  -48.285  -7.405  37.386 0.0000000000
66547  -47.834  -6.933  35.874 0.0000000000
128073  -15.973  -43.042  69.524 0.0000000000
33883  -15.514  -43.206  70.299 0.0000000000
114606  -14.024  -42.902  71.014 0.0000000000
119157  -14.708  -44.143  72.338 0.0000000000
33859  -14.070  -43.518  72.165 0.0000000000
132147  -13.084  -42.827  71.016 0.0000000000
33866  -12.222  -43.277  72.414 0.0000000000
32947  -11.489  -43.552  72.891 0.0000000000
32936  -10.320  -43.881  73.538 0.0000000000
31108  -10.826  -44.686  73.619 0.0000000000
56221  -41.686  -17.910  61.880 0.0000000000
114086  -40.162  -21.758  63.364 0.0000000000
52594  -38.747  -21.934  59.649 0.0000000000
115560  -39.243  -21.676  61.003 0.0000000000
55315  -40.765  -19.533  61.154 0.0000000000
55316  -41.056  -18.903  60.441 0.0000000000
124141  -41.307  -18.433  59.952 0.0000000000
56268  -41.299  -18.320  58.319 0.0000000000
55373  -41.121  -18.719  55.761 0.0000000000
55381  -40.977  -19.072  54.452 0.0000000000
54449  -40.251  -20.596  54.377 0.0000000000
54455  -40.300  -20.389  53.435 0.0000000000
54461  -40.656  -20.002  52.656 0.0000000000
135341  -40.778  -20.542  51.251 0.0000000000
53568  -41.028  -21.301  49.791 0.0000000000
52711  -40.408  -22.440  47.402 0.0000000000
53549  -35.326  -21.193  51.576 0.0000000000
114313  -35.656  -20.948  51.232 0.0000000000
53581  -36.261  -21.558  49.517 0.0000000000
52689  -37.198  -22.074  49.297 0.0000000000
129762  -37.524  -22.631  48.463 0.0000000000
52709  -38.370  -22.968  47.339 0.0000000000
115830  -38.849  -22.880  46.809 0.0000000000
53616  -39.951  -21.943  45.903 0.0000000000
134152  -23.241  -31.733  70.310 0.0000000000
117754  -23.359  -30.580  61.152 0.0000000000
44596  -24.705  -31.111  61.121 0.0000000000
44582  -24.104  -30.818  62.319 0.0000000000
43594  -25.572  -31.690  63.176 0.0000000000
43581  -26.334  -32.000  64.392 0.0000000000
43556  -26.872  -32.256  65.725 0.0000000000
133419  -29.000  -33.123  58.840 0.0000000000
42578  -28.515  -33.014  60.156 0.0000000000
42564  -28.449  -32.864  61.638 0.0000000000
127115  -30.870  -33.274  62.383 0.0000000000
42552  -30.117  -33.214  62.580 0.0000000000
42550  -28.562  -32.846  62.469 0.0000000000
114040  -28.646  -32.855  64.092 0.0000000000
42509  -28.299  -32.788  65.573 0.0000000000
42497  -28.427  -32.810  66.397 0.0000000000
42483  -28.621  -32.839  67.235 0.0000000000
128330  -30.050  -32.965  69.180 0.0000000000
35649  -15.343  -40.568  65.296 0.0000000000
34806  -16.669  -41.430  66.297 0.0000000000
36483  -17.273  -38.923  63.712 0.0000000000
36482  -16.468  -39.235  63.563 0.0000000000
134936  -16.738  -40.312  65.229 0.0000000000
34814  -17.127  -40.933  66.049 0.0000000000
34807  -17.245  -41.810  66.901 0.0000000000
34788  -18.326  -41.804  68.493 0.0000000000
37206  -18.294  -38.882  71.053 0.0000000000
54498  -43.479  -20.669  47.481 0.0000000000
120010  -44.881  -19.648  48.543 0.0000000000
56345  -45.490  -18.593  50.346 0.0000000000
56367  -46.708  -18.515  48.243 0.0000000000
57311  -47.109  -17.909  50.099 0.0000000000
56328  -46.682  -17.781  51.799 0.0000000000
57266  -47.871  -17.297  53.003 0.0000000000
60109  -49.485  -14.261  47.265 0.0000000000
60085  -49.737  -14.762  49.041 0.0000000000
59213  -50.143  -15.005  50.826 0.0000000000
132672  -51.389  -6.007  41.416 0.0000000000
68420  -52.496  -5.647  40.769 0.0000000000
135903  -53.329  -4.975  40.152 0.0000000000
68451  -51.343  -5.565  37.322 0.0000000000
69458  -52.835  -4.795  38.689 0.0000000000
114745  -53.728  -4.506  39.832 0.0000000000
70395  -54.576  -3.004  38.968 0.0000000000
71348  -54.926  -2.238  38.423 0.0000000000
69484  -53.727  -4.422  35.351 0.0000000000
69485  -54.040  -3.433  35.511 0.0000000000
71363  -54.359  -1.763  36.038 0.0000000000
73277  -58.424  0.203  32.953 0.0000000000
45697  -36.101  -29.016  55.742 0.0000000000
118723  -36.546  -28.532  55.340 0.0000000000
45682  -35.747  -29.503  56.171 0.0000000000
53599  -41.748  -21.586  48.259 0.0000000000
53609  -41.633  -21.724  47.388 0.0000000000
67446  -50.239  -6.066  43.436 0.0000000000
67436  -50.612  -6.226  43.748 0.0000000000
67447  -51.008  -5.734  43.651 0.0000000000
67438  -52.084  -5.396  44.567 0.0000000000
68389  -51.586  -5.130  43.990 0.0000000000
68397  -51.947  -4.674  43.828 0.0000000000
68396  -51.434  -5.286  43.580 0.0000000000
34797  -16.491  -42.039  67.007 0.0000000000
34796  -15.560  -42.029  67.333 0.0000000000
52655  -36.202  -22.152  53.577 0.0000000000
52643  -36.694  -21.896  54.032 0.0000000000
40633  -18.933  -34.532  69.334 0.0000000000
40647  -19.173  -34.243  68.633 0.0000000000
43539  -26.064  -31.901  67.530 0.0000000000
42482  -27.388  -32.404  67.733 0.0000000000
42512  -35.412  -31.954  65.295 0.0000000000
129795  -35.590  -31.554  66.373 0.0000000000
39748  -18.457  -35.746  68.963 0.0000000000
60145  -45.666  -14.227  44.842 0.0000000000
60132  -46.489  -14.415  45.347 0.0000000000
60133  -47.236  -14.215  45.750 0.0000000000
127366  -40.703  -27.166  59.676 0.0000000000
47808  -40.445  -26.978  59.048 0.0000000000
48875  -37.763  -26.457  54.220 0.0000000000
49873  -38.290  -25.787  54.838 0.0000000000
133082  -20.272  -33.264  63.414 0.0000000000
44580  -22.631  -30.776  62.435 0.0000000000
131405  -22.878  -30.677  62.955 0.0000000000
134595  -35.917  -30.928  59.541 0.0000000000
43646  -35.461  -31.349  59.719 0.0000000000
43647  -36.122  -30.961  60.038 0.0000000000
44610  -36.468  -30.969  60.792 0.0000000000
135923  -36.879  -30.780  61.195 0.0000000000
46723  -40.127  -28.266  59.855 0.0000000000
126919  -40.630  -27.705  60.097 0.0000000000
47781  -40.862  -27.755  60.881 0.0000000000
41571  -19.951  -33.995  62.876 0.0000000000
137033  -41.666  -18.136  54.431 0.0000000000
56305  -41.940  -17.724  54.759 0.0000000000
135473  -41.939  -18.038  54.001 0.0000000000
57272  -45.076  -17.987  52.594 0.0000000000
57263  -45.543  -17.635  53.416 0.0000000000
57273  -45.863  -17.749  52.794 0.0000000000
57264  -46.321  -17.554  53.288 0.0000000000
113391  -47.792  -9.492  44.238 0.0000000000
134479  -48.989  -10.407  44.632 0.0000000000
124012  -52.943  -8.895  49.133 0.0000000000
64630  -43.361  -10.039  41.422 0.0000000000
136663  -46.571  -8.023  39.921 0.0000000000
65548  -46.468  -8.002  38.428 0.0000000000
33892  -12.235  -42.544  69.226 0.0000000000
113583  -11.960  -42.788  69.792 0.0000000000
113665  -12.730  -42.644  70.003 0.0000000000
32940  -16.461  -44.623  71.946 0.0000000000
31982  -13.058  -44.202  73.489 0.0000000000
121754  -12.588  -45.224  73.696 0.0000000000
51697  -38.935  -24.080  59.209 0.0000000000
126106  -38.949  -23.625  59.929 0.0000000000
51691  -38.639  -23.188  59.186 0.0000000000
120760  -38.668  -21.436  57.055 0.0000000000
53476  -39.680  -21.390  57.502 0.0000000000
54418  -40.484  -21.025  57.043 0.0000000000
117438  -38.907  -21.707  51.134 0.0000000000
53566  -39.281  -21.860  50.382 0.0000000000
53583  -38.726  -22.183  49.769 0.0000000000
136092  -21.696  -31.724  68.085 0.0000000000
43523  -22.288  -31.590  68.312 0.0000000000
42562  -26.887  -32.366  61.310 0.0000000000
42548  -27.136  -32.414  62.212 0.0000000000
42581  -31.408  -32.965  60.256 0.0000000000
42565  -31.675  -33.007  60.958 0.0000000000
119133  -30.964  -33.674  64.825 0.0000000000
41553  -30.382  -33.589  65.438 0.0000000000
41529  -30.845  -33.644  67.145 0.0000000000
41542  -31.441  -33.769  66.502 0.0000000000
46635  -39.056  -28.401  65.459 0.0000000000
37216  -18.033  -38.759  68.360 0.0000000000
56412  -44.169  -18.772  45.570 0.0000000000
55455  -44.759  -19.225  46.256 0.0000000000
129827  -44.894  -18.552  45.868 0.0000000000
58299  -48.763  -16.566  49.965 0.0000000000
58284  -49.283  -16.302  51.354 0.0000000000
58272  -49.512  -16.372  52.127 0.0000000000
59192  -49.733  -15.908  51.627 0.0000000000
61873  -50.962  -12.701  49.206 0.0000000000
61002  -50.969  -13.174  49.717 0.0000000000
67499  -50.206  -6.481  38.225 0.0000000000
129196  -50.214  -6.433  37.493 0.0000000000
130698  -53.309  -4.341  35.838 0.0000000000
69507  -56.138  -4.079  32.959 0.0000000000
125153  -56.250  -3.126  33.059 0.0000000000
71391  -55.710  -2.585  33.617 0.0000000000
72375  -55.924  -1.446  33.389 0.0000000000
72363  -55.754  -0.607  34.009 0.0000000000
72381  -56.545  -1.280  32.743 0.0000000000
47823  -38.957  -27.752  57.250 0.0000000000
46771  -38.202  -28.153  56.820 0.0000000000
46800  -37.001  -27.931  54.945 0.0000000000
47863  -37.489  -27.301  54.525 0.0000000000
44669  -34.400  -30.462  55.876 0.0000000000
44651  -35.943  -30.102  57.581 0.0000000000
44639  -36.930  -30.136  58.898 0.0000000000
46755  -37.668  -28.788  57.211 0.0000000000
46737  -37.910  -29.059  57.997 0.0000000000
55408  -41.993  -19.502  51.555 0.0000000000
54477  -43.094  -20.021  49.559 0.0000000000
55416  -43.263  -19.520  50.333 0.0000000000
56334  -44.383  -18.677  51.263 0.0000000000
55417  -44.043  -19.250  50.146 0.0000000000
66461  -48.766  -7.701  43.624 0.0000000000
135532  -49.692  -8.725  44.132 0.0000000000
135006  -50.218  -7.626  43.985 0.0000000000
66445  -52.615  -7.302  46.479 0.0000000000
66437  -52.882  -7.552  47.474 0.0000000000
69420  -53.297  -4.129  42.834 0.0000000000
33917  -14.675  -41.921  67.662 0.0000000000
34795  -14.118  -41.598  67.104 0.0000000000
33905  -14.414  -42.164  68.425 0.0000000000
33904  -13.526  -42.097  68.603 0.0000000000
51721  -37.740  -22.856  56.318 0.0000000000
51710  -37.826  -22.511  56.897 0.0000000000
52624  -37.556  -22.106  56.347 0.0000000000
53513  -37.310  -21.654  54.604 0.0000000000
53497  -37.702  -21.722  56.029 0.0000000000
53498  -38.003  -21.426  56.103 0.0000000000
114199  -38.229  -21.373  55.497 0.0000000000
53514  -37.891  -21.361  54.771 0.0000000000
131909  -36.539  -21.218  52.480 0.0000000000
113552  -37.545  -21.222  53.147 0.0000000000
53538  -37.292  -21.232  52.538 0.0000000000
53552  -38.038  -21.536  51.660 0.0000000000
43537  -24.378  -31.478  67.429 0.0000000000
119831  -23.692  -31.423  67.992 0.0000000000
43525  -25.211  -31.729  68.481 0.0000000000
43505  -28.031  -32.659  70.203 0.0000000000
117936  -29.014  -32.766  69.985 0.0000000000
42598  -27.710  -32.854  59.888 0.0000000000
42553  -33.695  -32.787  62.316 0.0000000000
133424  -32.929  -33.064  62.433 0.0000000000
42522  -33.950  -33.093  64.888 0.0000000000
42538  -33.681  -33.204  64.016 0.0000000000
41555  -32.591  -33.689  65.291 0.0000000000
41556  -33.397  -33.363  65.699 0.0000000000
41532  -33.139  -33.315  66.718 0.0000000000
42500  -33.818  -32.906  66.491 0.0000000000
43557  -34.787  -32.013  67.566 0.0000000000
39802  -18.794  -35.899  64.643 0.0000000000
38938  -18.543  -36.524  64.143 0.0000000000
38895  -18.298  -36.471  67.533 0.0000000000
38894  -18.004  -37.099  67.878 0.0000000000
38887  -18.012  -37.184  68.650 0.0000000000
39736  -18.177  -36.235  70.619 0.0000000000
38858  -18.037  -36.775  71.161 0.0000000000
58376  -45.411  -16.517  45.214 0.0000000000
57382  -46.109  -17.026  45.826 0.0000000000
119270  -46.242  -16.153  45.599 0.0000000000
59267  -47.619  -15.524  46.273 0.0000000000
59249  -48.090  -16.118  46.837 0.0000000000
59234  -48.862  -15.847  48.045 0.0000000000
69536  -56.275  -4.614  31.512 0.0000000000
69537  -57.159  -4.201  31.406 0.0000000000
69550  -57.621  -3.888  30.699 0.0000000000
33896  -17.689  -42.818  69.050 0.0000000000
32960  -18.280  -43.861  70.848 0.0000000000
48793  -42.144  -26.057  63.213 0.0000000000
49808  -41.810  -25.382  62.506 0.0000000000
49842  -40.443  -25.714  59.671 0.0000000000
50771  -39.935  -25.146  59.780 0.0000000000
50770  -39.444  -24.802  59.347 0.0000000000
49841  -39.677  -25.439  58.708 0.0000000000
47838  -39.320  -26.985  57.008 0.0000000000
118641  -38.626  -25.355  55.523 0.0000000000
50786  -38.948  -24.598  57.864 0.0000000000
50792  -38.599  -24.526  56.284 0.0000000000
51748  -36.977  -23.686  53.946 0.0000000000
41539  -19.586  -33.845  66.418 0.0000000000
41550  -19.831  -33.470  65.774 0.0000000000
124760  -20.596  -32.171  65.035 0.0000000000
42507  -20.282  -32.645  65.813 0.0000000000
43564  -20.855  -31.835  65.869 0.0000000000
134684  -20.958  -31.667  65.236 0.0000000000
43605  -21.074  -31.853  63.069 0.0000000000
44559  -22.502  -30.800  64.092 0.0000000000
128258  -21.502  -31.211  64.090 0.0000000000
43567  -22.968  -30.924  65.580 0.0000000000
43568  -25.411  -31.708  65.438 0.0000000000
113727  -31.584  -32.625  58.041 0.0000000000
42619  -31.754  -32.734  58.837 0.0000000000
128944  -32.415  -32.582  59.037 0.0000000000
43665  -33.652  -31.554  57.312 0.0000000000
43654  -34.074  -31.555  57.916 0.0000000000
43644  -33.837  -31.876  58.680 0.0000000000
42584  -33.800  -32.414  60.808 0.0000000000
43621  -34.533  -32.153  61.151 0.0000000000
43611  -36.119  -31.474  62.126 0.0000000000
43597  -35.775  -31.795  63.641 0.0000000000
44573  -36.875  -30.848  63.256 0.0000000000
45616  -37.844  -29.941  63.008 0.0000000000
44574  -37.412  -30.329  63.500 0.0000000000
45609  -38.289  -29.395  63.593 0.0000000000
45641  -38.583  -29.585  60.607 0.0000000000
46677  -39.774  -28.750  61.698 0.0000000000
118874  -39.612  -28.661  62.579 0.0000000000
46663  -39.467  -28.464  63.510 0.0000000000
46664  -40.162  -28.207  62.958 0.0000000000
127767  -41.622  -26.845  62.069 0.0000000000
48792  -41.762  -26.809  62.817 0.0000000000
119315  -19.378  -34.802  64.829 0.0000000000
57215  -41.731  -17.588  57.947 0.0000000000
57204  -42.260  -17.008  58.563 0.0000000000
57216  -42.231  -17.014  57.587 0.0000000000
57231  -42.823  -16.820  56.018 0.0000000000
135138  -42.755  -16.642  57.342 0.0000000000
58197  -43.239  -16.509  56.724 0.0000000000
58199  -44.102  -16.020  57.254 0.0000000000
58214  -44.128  -16.446  56.298 0.0000000000
56312  -43.512  -17.773  53.662 0.0000000000
58247  -44.827  -17.089  54.742 0.0000000000
124706  -45.046  -16.836  55.228 0.0000000000
58215  -45.896  -16.263  56.238 0.0000000000
58216  -46.865  -16.311  56.245 0.0000000000
121504  -47.386  -16.545  55.591 0.0000000000
61912  -47.523  -12.616  45.397 0.0000000000
62801  -47.602  -11.765  45.185 0.0000000000
62803  -50.195  -11.381  45.711 0.0000000000
62793  -49.840  -12.176  46.007 0.0000000000
62794  -50.420  -11.727  46.526 0.0000000000
119767  -50.578  -11.960  47.236 0.0000000000
115782  -51.550  -9.352  45.538 0.0000000000
64584  -51.661  -9.765  47.026 0.0000000000
31978  -9.151  -44.463  73.420 0.0000000000
31987  -8.155  -44.327  73.444 0.0000000000
31111  -8.541  -44.993  73.586 0.0000000000
56443  -40.934  -18.302  43.793 0.0000000000
118764  -41.922  -18.822  44.462 0.0000000000
57393  -41.689  -18.275  44.053 0.0000000000
58399  -42.357  -16.774  43.586 0.0000000000
58400  -42.710  -16.096  43.539 0.0000000000
135984  -43.292  -14.390  43.455 0.0000000000
133434  -43.670  -13.772  43.566 0.0000000000
61069  -44.320  -13.805  43.976 0.0000000000
123997  -43.434  -13.101  43.439 0.0000000000
61933  -44.194  -12.083  43.746 0.0000000000
61934  -44.885  -11.740  44.120 0.0000000000
63711  -45.405  -10.408  43.767 0.0000000000
64607  -45.630  -9.819  43.393 0.0000000000
65516  -46.112  -8.424  41.343 0.0000000000
65504  -46.363  -8.594  42.325 0.0000000000
65491  -46.706  -8.699  43.163 0.0000000000
65505  -47.012  -8.177  42.610 0.0000000000
127726  -47.395  -8.232  43.264 0.0000000000
66495  -47.830  -7.589  40.695 0.0000000000
66488  -48.175  -7.341  41.939 0.0000000000
66489  -49.066  -6.982  41.682 0.0000000000
133219  -49.455  -7.039  40.825 0.0000000000
134310  -47.915  -7.669  38.547 0.0000000000
66519  -48.440  -7.488  38.171 0.0000000000
116765  -11.414  -43.064  70.105 0.0000000000
32977  -17.297  -43.315  69.746 0.0000000000
33895  -16.741  -43.061  69.200 0.0000000000
33884  -16.446  -43.375  69.937 0.0000000000
33870  -15.530  -43.619  71.222 0.0000000000
33869  -14.797  -43.195  71.085 0.0000000000
33882  -14.567  -42.824  70.230 0.0000000000
32939  -15.641  -44.425  72.035 0.0000000000
33848  -13.499  -44.022  72.959 0.0000000000
32938  -14.108  -43.992  72.527 0.0000000000
33851  -13.866  -43.748  72.454 0.0000000000
33868  -13.658  -43.109  71.824 0.0000000000
33858  -13.398  -43.425  72.410 0.0000000000
116187  -12.933  -43.074  72.089 0.0000000000
33857  -12.796  -43.393  72.538 0.0000000000
32927  -12.197  -44.138  73.679 0.0000000000
33845  -12.154  -43.820  73.429 0.0000000000
32937  -11.540  -43.734  73.453 0.0000000000
122000  -10.814  -43.715  73.416 0.0000000000
32925  -10.771  -43.935  73.700 0.0000000000
123307  -10.576  -44.176  73.607 0.0000000000
31979  -11.202  -44.149  73.722 0.0000000000
30186  -11.793  -46.563  73.762 0.0000000000
56214  -41.788  -17.943  62.962 0.0000000000
55301  -41.159  -18.748  62.064 0.0000000000
50756  -41.209  -24.772  62.101 0.0000000000
51675  -41.184  -23.919  63.732 0.0000000000
50745  -40.723  -24.091  62.747 0.0000000000
133225  -39.185  -22.847  61.162 0.0000000000
52588  -39.529  -22.777  62.007 0.0000000000
52579  -39.633  -22.003  62.351 0.0000000000
52610  -38.308  -22.111  58.355 0.0000000000
52602  -38.530  -22.326  59.065 0.0000000000
53467  -38.667  -21.806  58.823 0.0000000000
53453  -39.167  -21.591  60.267 0.0000000000
54380  -39.605  -21.089  61.020 0.0000000000
130035  -39.832  -20.907  61.857 0.0000000000
54381  -40.218  -20.378  61.570 0.0000000000
54397  -40.242  -20.442  60.596 0.0000000000
55338  -40.712  -19.916  59.201 0.0000000000
55329  -40.972  -19.079  59.582 0.0000000000
56249  -41.299  -18.381  59.208 0.0000000000
55372  -40.776  -19.836  55.776 0.0000000000
55350  -40.968  -19.151  56.742 0.0000000000
128570  -40.894  -19.110  55.138 0.0000000000
53515  -38.816  -21.385  54.761 0.0000000000
53516  -39.719  -21.232  54.897 0.0000000000
53530  -39.534  -21.133  53.953 0.0000000000
53554  -39.620  -21.133  52.056 0.0000000000
134562  -40.231  -20.492  52.807 0.0000000000
54456  -40.768  -19.660  53.345 0.0000000000
122819  -40.730  -20.245  51.861 0.0000000000
53584  -39.603  -22.112  49.576 0.0000000000
136115  -40.709  -21.154  50.354 0.0000000000
117089  -40.391  -21.918  49.314 0.0000000000
121436  -40.505  -22.189  48.609 0.0000000000
52701  -40.164  -22.561  48.044 0.0000000000
133073  -35.010  -20.892  50.751 0.0000000000
131915  -36.604  -22.295  48.513 0.0000000000
134390  -37.093  -22.741  48.004 0.0000000000
52708  -37.591  -22.914  47.533 0.0000000000
52699  -38.443  -22.835  48.180 0.0000000000
52719  -39.436  -22.501  46.338 0.0000000000
41520  -19.739  -33.310  67.932 0.0000000000
42466  -19.885  -32.973  68.860 0.0000000000
42451  -20.831  -32.282  69.742 0.0000000000
114375  -23.910  -31.536  68.900 0.0000000000
115722  -23.216  -31.645  69.477 0.0000000000
43619  -25.443  -31.626  61.492 0.0000000000
44583  -24.798  -31.128  61.940 0.0000000000
43607  -24.814  -31.232  62.768 0.0000000000
43582  -26.999  -32.341  64.010 0.0000000000
43595  -26.337  -32.016  63.579 0.0000000000
43570  -26.943  -32.317  64.831 0.0000000000
114360  -29.625  -33.114  58.966 0.0000000000
42579  -29.445  -33.144  60.230 0.0000000000
120462  -28.972  -33.059  60.975 0.0000000000
115156  -29.391  -33.071  61.904 0.0000000000
134147  -32.451  -33.284  62.789 0.0000000000
114277  -31.433  -33.160  61.758 0.0000000000
41583  -31.625  -33.351  62.731 0.0000000000
42535  -29.974  -33.249  63.427 0.0000000000
42551  -29.308  -32.985  62.925 0.0000000000
42534  -29.227  -32.983  63.765 0.0000000000
42533  -28.480  -32.813  63.404 0.0000000000
42510  -29.042  -32.989  65.821 0.0000000000
113164  -28.873  -32.919  65.148 0.0000000000
42470  -29.733  -33.031  68.419 0.0000000000
42471  -30.561  -33.196  68.677 0.0000000000
42486  -32.893  -32.949  68.386 0.0000000000
44550  -37.196  -30.268  65.052 0.0000000000
34813  -15.945  -41.003  65.787 0.0000000000
38074  -18.173  -37.155  64.505 0.0000000000
38087  -17.943  -37.796  63.200 0.0000000000
38073  -17.913  -37.784  64.020 0.0000000000
127869  -17.631  -38.456  64.308 0.0000000000
36471  -16.855  -39.555  64.243 0.0000000000
35659  -17.071  -39.838  64.951 0.0000000000
130180  -17.943  -40.080  67.031 0.0000000000
35641  -17.536  -40.596  66.375 0.0000000000
117171  -17.750  -41.145  66.918 0.0000000000
132307  -17.292  -41.269  66.464 0.0000000000
33920  -17.881  -41.731  67.627 0.0000000000
35629  -18.367  -41.008  68.173 0.0000000000
38015  -18.011  -37.893  69.906 0.0000000000
37205  -18.168  -38.755  70.170 0.0000000000
58170  -43.999  -15.919  60.609 0.0000000000
120996  -42.696  -20.756  46.433 0.0000000000
54507  -42.873  -20.982  47.141 0.0000000000
54508  -43.457  -20.521  46.737 0.0000000000
55433  -45.471  -19.432  48.181 0.0000000000
55432  -44.782  -19.882  47.751 0.0000000000
55426  -45.274  -19.239  49.066 0.0000000000
118997  -45.790  -18.740  49.644 0.0000000000
57348  -46.908  -18.008  47.061 0.0000000000
56396  -46.349  -18.307  46.685 0.0000000000
57329  -47.165  -18.001  47.747 0.0000000000
57297  -47.619  -17.563  50.695 0.0000000000
130913  -47.375  -17.806  49.379 0.0000000000
57296  -46.858  -17.845  50.956 0.0000000000
57284  -47.475  -17.605  51.544 0.0000000000
57275  -47.298  -17.569  52.371 0.0000000000
58262  -49.403  -16.741  53.636 0.0000000000
58252  -49.602  -16.609  54.608 0.0000000000
61035  -48.935  -13.548  46.110 0.0000000000
60126  -49.091  -14.164  46.602 0.0000000000
60086  -50.252  -14.275  49.528 0.0000000000
60076  -49.816  -15.031  49.998 0.0000000000
67470  -50.509  -6.603  40.632 0.0000000000
67471  -51.216  -6.268  40.446 0.0000000000
68431  -52.002  -5.815  39.922 0.0000000000
68421  -53.156  -5.169  40.822 0.0000000000
68433  -52.797  -5.383  40.041 0.0000000000
67511  -50.771  -6.052  36.980 0.0000000000
69466  -52.548  -4.649  37.828 0.0000000000
117651  -53.493  -4.364  39.031 0.0000000000
69452  -54.153  -3.790  39.440 0.0000000000
70394  -53.845  -3.685  38.557 0.0000000000
70413  -53.855  -2.833  37.140 0.0000000000
70405  -54.125  -2.940  38.073 0.0000000000
131510  -54.404  -2.348  37.657 0.0000000000
71358  -55.112  -1.624  37.749 0.0000000000
69505  -54.897  -4.744  33.745 0.0000000000
68488  -54.161  -5.224  33.506 0.0000000000
129984  -53.660  -5.320  34.135 0.0000000000
68478  -54.216  -4.835  34.453 0.0000000000
70433  -54.594  -3.258  34.871 0.0000000000
71369  -54.671  -1.462  35.297 0.0000000000
72344  -54.830  -1.059  35.939 0.0000000000
71364  -55.119  -1.096  36.868 0.0000000000
72345  -55.540  -0.609  36.327 0.0000000000
134559  -57.749  -0.572  31.846 0.0000000000
73276  -57.510  -0.144  32.656 0.0000000000
73287  -58.527  -0.017  32.172 0.0000000000
46770  -37.454  -28.508  56.433 0.0000000000
44670  -35.060  -29.919  55.886 0.0000000000
45683  -36.133  -29.582  56.844 0.0000000000
45674  -36.558  -29.604  57.388 0.0000000000
45684  -36.840  -29.093  56.856 0.0000000000
54483  -41.799  -20.597  49.990 0.0000000000
118529  -42.462  -20.560  49.386 0.0000000000
119114  -43.020  -20.486  48.900 0.0000000000
66462  -50.385  -6.939  43.868 0.0000000000
123777  -51.344  -6.827  44.124 0.0000000000
68384  -52.808  -4.851  45.257 0.0000000000
69394  -52.887  -4.131  44.776 0.0000000000
68406  -51.908  -4.890  43.235 0.0000000000
34812  -15.076  -40.992  65.896 0.0000000000
34804  -14.534  -41.292  66.413 0.0000000000
126662  -15.310  -42.346  68.128 0.0000000000
51736  -37.034  -22.196  54.808 0.0000000000
113475  -37.476  -21.328  53.855 0.0000000000
126038  -36.901  -21.503  53.772 0.0000000000
39737  -18.435  -35.426  70.693 0.0000000000
134419  -24.980  -31.599  66.984 0.0000000000
43538  -25.248  -31.724  67.690 0.0000000000
136855  -26.940  -32.209  69.323 0.0000000000
43527  -27.151  -32.300  68.577 0.0000000000
42468  -27.910  -32.545  68.439 0.0000000000
131099  -34.766  -32.579  63.735 0.0000000000
42511  -34.726  -32.597  65.055 0.0000000000
135213  -35.025  -31.911  66.767 0.0000000000
39767  -18.582  -35.815  67.123 0.0000000000
38879  -18.159  -36.605  69.213 0.0000000000
59291  -45.264  -15.088  44.685 0.0000000000
59278  -45.714  -15.643  45.136 0.0000000000
59279  -46.392  -15.319  45.473 0.0000000000
59280  -47.037  -14.975  45.869 0.0000000000
59268  -48.309  -15.227  46.593 0.0000000000
48803  -41.606  -26.417  61.600 0.0000000000
48814  -41.415  -26.253  60.918 0.0000000000
48832  -40.227  -26.126  58.959 0.0000000000
48857  -38.661  -26.255  55.558 0.0000000000
134426  -38.390  -25.177  55.095 0.0000000000
129953  -38.117  -24.864  54.755 0.0000000000
41562  -19.940  -33.597  64.244 0.0000000000
41551  -20.401  -32.757  64.285 0.0000000000
44569  -22.005  -30.912  62.948 0.0000000000
44570  -22.481  -30.771  63.280 0.0000000000
44560  -23.266  -30.820  64.422 0.0000000000
44561  -24.040  -30.937  64.065 0.0000000000
43593  -24.826  -31.318  63.651 0.0000000000
43656  -35.099  -31.260  58.782 0.0000000000
43655  -34.487  -31.541  58.526 0.0000000000
113250  -34.901  -31.771  60.278 0.0000000000
43630  -35.323  -31.710  60.890 0.0000000000
43623  -35.951  -31.438  61.278 0.0000000000
44584  -36.733  -30.956  62.377 0.0000000000
44598  -37.227  -30.581  61.673 0.0000000000
45627  -37.859  -30.039  62.098 0.0000000000
45654  -39.039  -29.177  59.992 0.0000000000
135657  -39.141  -29.213  60.514 0.0000000000
45642  -39.652  -28.819  60.362 0.0000000000
46692  -39.922  -28.713  60.999 0.0000000000
46693  -40.391  -28.330  61.324 0.0000000000
47758  -40.684  -27.916  62.475 0.0000000000
47770  -40.861  -27.847  61.752 0.0000000000
47782  -41.375  -27.131  61.385 0.0000000000
40698  -19.805  -34.598  62.494 0.0000000000
56299  -41.385  -18.130  56.445 0.0000000000
57241  -41.820  -17.476  56.227 0.0000000000
57242  -42.257  -17.213  55.592 0.0000000000
57243  -43.044  -16.923  55.338 0.0000000000
56317  -44.095  -18.134  52.815 0.0000000000
57253  -45.177  -17.393  54.146 0.0000000000
58248  -45.555  -17.006  54.735 0.0000000000
58233  -46.568  -16.569  55.525 0.0000000000
58249  -46.353  -16.871  54.807 0.0000000000
57255  -46.923  -17.059  54.238 0.0000000000
58250  -47.671  -16.918  54.281 0.0000000000
62810  -47.823  -10.933  44.933 0.0000000000
116958  -48.503  -11.755  45.240 0.0000000000
122388  -48.792  -11.012  44.921 0.0000000000
63684  -50.761  -10.958  46.325 0.0000000000
65459  -51.931  -8.933  46.876 0.0000000000
64577  -51.974  -9.164  47.564 0.0000000000
64578  -52.334  -9.073  48.271 0.0000000000
70387  -55.648  -2.573  40.897 0.0000000000
59305  -42.210  -15.366  43.282 0.0000000000
63724  -43.306  -11.077  42.505 0.0000000000
62833  -44.197  -10.849  43.003 0.0000000000
63733  -43.738  -10.564  42.195 0.0000000000
63734  -44.437  -10.345  42.553 0.0000000000
114255  -45.400  -8.501  39.919 0.0000000000
117853  -46.783  -7.963  40.843 0.0000000000
65526  -47.258  -7.784  39.916 0.0000000000
115993  -47.957  -7.601  39.734 0.0000000000
66506  -47.621  -7.729  39.151 0.0000000000
65549  -47.275  -7.822  38.489 0.0000000000
33880  -11.642  -43.171  70.860 0.0000000000
32958  -16.361  -43.926  71.344 0.0000000000
134066  -15.599  -43.912  71.804 0.0000000000
31984  -14.945  -45.003  72.665 0.0000000000
32929  -13.851  -44.383  72.861 0.0000000000
121101  -13.280  -44.150  73.231 0.0000000000
33847  -12.985  -43.936  73.237 0.0000000000
32928  -12.979  -44.008  73.451 0.0000000000
31981  -12.610  -44.128  73.609 0.0000000000
31977  -12.203  -44.279  73.699 0.0000000000
31109  -11.621  -44.631  73.697 0.0000000000
130661  -11.877  -45.027  73.840 0.0000000000
50754  -39.931  -24.399  61.036 0.0000000000
51688  -39.312  -23.649  60.741 0.0000000000
52617  -38.235  -21.590  57.318 0.0000000000
53468  -38.922  -21.482  58.598 0.0000000000
54403  -39.495  -21.129  59.184 0.0000000000
54404  -40.245  -20.553  59.666 0.0000000000
54410  -40.279  -20.699  58.812 0.0000000000
128079  -40.758  -20.004  58.327 0.0000000000
128562  -40.972  -19.110  57.811 0.0000000000
55349  -40.786  -20.094  57.416 0.0000000000
54440  -40.347  -20.763  55.277 0.0000000000
53540  -39.045  -21.388  52.684 0.0000000000
42481  -20.661  -32.191  67.589 0.0000000000
42467  -20.551  -32.374  68.485 0.0000000000
43521  -21.119  -31.922  68.245 0.0000000000
43510  -21.611  -31.897  69.623 0.0000000000
43502  -25.070  -31.765  70.775 0.0000000000
43629  -26.074  -32.064  60.237 0.0000000000
43620  -26.103  -32.065  61.034 0.0000000000
43596  -27.055  -32.379  63.177 0.0000000000
42532  -27.675  -32.616  63.658 0.0000000000
114359  -30.349  -33.054  59.179 0.0000000000
42580  -30.416  -33.125  60.105 0.0000000000
41564  -31.555  -33.620  64.205 0.0000000000
41573  -31.363  -33.497  63.496 0.0000000000
41540  -29.783  -33.421  66.047 0.0000000000
42499  -30.002  -33.472  66.908 0.0000000000
41521  -31.146  -33.477  68.024 0.0000000000
38060  -17.804  -37.898  65.716 0.0000000000
36457  -17.458  -39.432  65.391 0.0000000000
37192  -18.189  -38.033  72.442 0.0000000000
37200  -18.398  -38.821  72.036 0.0000000000
55475  -42.751  -19.508  45.322 0.0000000000
54509  -44.067  -19.880  46.378 0.0000000000
55441  -45.433  -19.427  47.388 0.0000000000
57312  -47.903  -17.291  49.008 0.0000000000
57313  -48.223  -17.036  49.680 0.0000000000
57298  -48.238  -17.132  50.399 0.0000000000
57285  -48.195  -17.270  51.270 0.0000000000
118664  -48.507  -17.080  52.632 0.0000000000
58271  -48.811  -16.891  51.892 0.0000000000
61023  -50.242  -13.348  48.245 0.0000000000
61001  -50.583  -13.478  49.120 0.0000000000
60987  -50.749  -13.774  49.983 0.0000000000
67490  -49.809  -6.845  38.737 0.0000000000
67491  -50.528  -6.381  38.915 0.0000000000
67492  -51.129  -5.876  38.684 0.0000000000
69474  -52.384  -4.675  36.967 0.0000000000
69467  -52.966  -4.130  37.240 0.0000000000
70412  -53.421  -3.535  36.684 0.0000000000
70419  -53.880  -2.778  36.177 0.0000000000
68514  -55.473  -4.844  31.920 0.0000000000
69506  -55.466  -4.637  33.114 0.0000000000
69492  -55.472  -4.153  33.685 0.0000000000
70434  -55.247  -3.244  34.159 0.0000000000
72362  -55.118  -1.027  34.628 0.0000000000
73254  -55.894  -0.181  34.811 0.0000000000
73288  -59.292  -0.135  31.629 0.0000000000
134332  -59.182  0.063  32.192 0.0000000000
73289  -59.778  -0.450  31.823 0.0000000000
47807  -39.898  -27.634  58.651 0.0000000000
47836  -37.951  -27.819  56.084 0.0000000000
47849  -38.457  -27.118  55.733 0.0000000000
48865  -38.126  -26.775  54.998 0.0000000000
119754  -20.652  -33.055  61.870 0.0000000000
43618  -21.747  -31.493  61.697 0.0000000000
44593  -22.714  -30.833  61.549 0.0000000000
44594  -23.050  -30.632  61.734 0.0000000000
43673  -33.603  -31.280  56.542 0.0000000000
130334  -34.339  -31.085  57.145 0.0000000000
44649  -34.773  -30.493  56.567 0.0000000000
44637  -35.495  -30.748  58.182 0.0000000000
44627  -36.413  -30.649  59.394 0.0000000000
44628  -37.152  -30.364  59.772 0.0000000000
45653  -37.646  -29.853  59.308 0.0000000000
45664  -38.156  -29.349  58.808 0.0000000000
46721  -38.868  -29.012  59.216 0.0000000000
46739  -39.392  -28.430  58.835 0.0000000000
55390  -41.770  -18.637  53.304 0.0000000000
56324  -42.512  -18.654  52.658 0.0000000000
56325  -43.149  -18.740  52.120 0.0000000000
55415  -42.641  -19.512  50.935 0.0000000000
55409  -43.076  -19.086  51.402 0.0000000000
56333  -43.745  -18.759  51.665 0.0000000000
56335  -45.186  -18.287  51.561 0.0000000000
64600  -48.307  -8.937  44.077 0.0000000000
64601  -49.181  -9.211  44.252 0.0000000000
64603  -51.232  -9.114  44.731 0.0000000000
65485  -51.439  -8.382  44.510 0.0000000000
65474  -51.780  -8.586  45.132 0.0000000000
125100  -51.915  -8.751  46.017 0.0000000000
65467  -52.269  -8.155  46.696 0.0000000000
66430  -53.223  -7.821  48.418 0.0000000000
69401  -53.355  -3.719  44.519 0.0000000000
69421  -54.155  -3.840  42.260 0.0000000000
34794  -13.253  -41.587  67.188 0.0000000000
51704  -38.108  -22.707  57.720 0.0000000000
129407  -38.120  -21.927  57.764 0.0000000000
53484  -38.204  -21.456  56.670 0.0000000000
53500  -39.758  -21.336  55.744 0.0000000000
53528  -38.309  -21.295  53.312 0.0000000000
53582  -37.774  -21.970  49.979 0.0000000000
43535  -22.491  -31.300  67.009 0.0000000000
120818  -22.841  -31.375  67.767 0.0000000000
114374  -24.766  -31.639  69.110 0.0000000000
113556  -25.096  -31.693  69.891 0.0000000000
43643  -26.046  -32.078  59.398 0.0000000000
42577  -27.408  -32.664  60.648 0.0000000000
42566  -32.316  -32.952  61.342 0.0000000000
41575  -32.954  -33.447  63.972 0.0000000000
41565  -32.387  -33.627  64.442 0.0000000000
116706  -32.017  -33.833  65.873 0.0000000000
41543  -32.289  -33.683  66.673 0.0000000000
42487  -33.458  -32.828  67.661 0.0000000000
113030  -34.070  -32.562  67.236 0.0000000000
42488  -34.215  -32.331  68.102 0.0000000000
38061  -18.084  -37.170  65.368 0.0000000000
128624  -17.998  -37.562  70.835 0.0000000000
38866  -18.052  -36.909  70.113 0.0000000000
134091  -44.185  -17.523  44.863 0.0000000000
129357  -45.293  -18.117  45.822 0.0000000000
57381  -45.364  -17.458  45.525 0.0000000000
129025  -46.801  -17.523  46.475 0.0000000000
57349  -47.426  -17.482  47.197 0.0000000000
124982  -47.511  -16.839  46.694 0.0000000000
58346  -47.970  -16.806  47.443 0.0000000000
58327  -48.407  -16.678  48.313 0.0000000000
59211  -49.308  -15.827  49.961 0.0000000000
67509  -49.419  -6.661  36.277 0.0000000000
67522  -50.042  -6.321  35.676 0.0000000000
67523  -50.743  -6.101  36.039 0.0000000000
69522  -56.693  -4.223  32.154 0.0000000000
70458  -56.740  -3.458  32.452 0.0000000000
71402  -56.646  -2.443  32.549 0.0000000000
71403  -57.139  -2.699  31.957 0.0000000000
71412  -57.628  -1.713  31.382 0.0000000000
116664  -57.933  -2.704  30.674 0.0000000000
71413  -58.184  -1.234  30.729 0.0000000000
32959  -17.478  -43.960  70.999 0.0000000000
49833  -41.121  -25.566  60.821 0.0000000000
50755  -40.815  -24.936  61.259 0.0000000000
134157  -39.177  -24.256  59.671 0.0000000000
48831  -40.016  -26.757  58.363 0.0000000000
114470  -39.835  -26.051  58.288 0.0000000000
48858  -39.333  -26.051  56.989 0.0000000000
116069  -39.410  -25.468  57.868 0.0000000000
50802  -37.803  -23.910  55.086 0.0000000000
40659  -19.269  -34.225  67.765 0.0000000000
41528  -19.648  -33.569  67.145 0.0000000000
42480  -20.052  -32.809  67.314 0.0000000000
43549  -21.054  -31.760  66.792 0.0000000000
126513  -21.743  -31.459  66.928 0.0000000000
114478  -20.677  -32.677  62.763 0.0000000000
43592  -21.535  -31.276  63.410 0.0000000000
43577  -21.116  -31.514  64.659 0.0000000000
43565  -21.395  -31.358  65.368 0.0000000000
43551  -22.106  -31.196  66.402 0.0000000000
43552  -22.752  -31.066  66.297 0.0000000000
122639  -23.650  -31.001  65.460 0.0000000000
43554  -25.148  -31.645  66.271 0.0000000000
136371  -30.435  -32.655  57.121 0.0000000000
42627  -30.713  -32.756  57.817 0.0000000000
42620  -33.068  -32.297  58.843 0.0000000000
126660  -32.823  -32.526  59.594 0.0000000000
42583  -33.126  -32.689  61.001 0.0000000000
42567  -33.758  -32.577  61.473 0.0000000000
42554  -34.389  -32.539  62.361 0.0000000000
42555  -34.923  -32.316  62.550 0.0000000000
42540  -35.112  -32.312  63.340 0.0000000000
43583  -35.917  -31.599  64.603 0.0000000000
134848  -36.425  -30.876  65.729 0.0000000000
43572  -36.550  -30.915  64.979 0.0000000000
44563  -37.521  -30.038  64.302 0.0000000000
45600  -37.934  -29.578  64.261 0.0000000000
134694  -38.771  -28.655  64.789 0.0000000000
115041  -37.864  -30.073  61.149 0.0000000000
45610  -38.907  -28.958  63.059 0.0000000000
46650  -40.084  -27.765  64.839 0.0000000000
47745  -41.397  -27.265  63.419 0.0000000000
136750  -18.756  -36.499  62.499 0.0000000000
39816  -18.894  -35.897  63.805 0.0000000000
39803  -19.186  -35.299  64.338 0.0000000000
57189  -42.409  -16.951  59.765 0.0000000000
58186  -43.484  -16.058  58.717 0.0000000000
58187  -43.894  -15.918  58.048 0.0000000000
56311  -42.613  -17.671  54.213 0.0000000000
57261  -44.260  -17.363  54.321 0.0000000000
57244  -44.110  -16.856  55.287 0.0000000000
58200  -44.957  -16.098  56.711 0.0000000000
61046  -46.839  -13.000  45.273 0.0000000000
61047  -47.530  -13.476  45.660 0.0000000000
61913  -48.249  -13.064  45.711 0.0000000000
61904  -49.594  -12.998  46.347 0.0000000000
61898  -50.483  -12.545  47.812 0.0000000000
61885  -50.951  -12.170  48.570 0.0000000000
61886  -51.448  -11.956  49.339 0.0000000000
64590  -50.328  -10.213  44.892 0.0000000000
133255  -50.605  -10.602  45.496 0.0000000000
129896  -51.552  -10.300  47.588 0.0000000000
62786  -51.263  -10.936  47.745 0.0000000000
62777  -51.457  -11.285  48.621 0.0000000000
32935  -9.383  -43.958  73.327 0.0000000000
53617  -40.712  -21.784  46.256 0.0000000000
53618  -41.467  -21.580  46.581 0.0000000000
53635  -41.174  -21.173  45.867 0.0000000000
54522  -41.594  -20.530  45.518 0.0000000000
55474  -41.944  -19.848  45.173 0.0000000000
55500  -41.522  -19.384  44.685 0.0000000000
56425  -42.600  -18.774  44.755 0.0000000000
56411  -43.329  -18.755  45.126 0.0000000000
56426  -43.055  -17.995  44.506 0.0000000000
57394  -42.281  -17.567  43.903 0.0000000000
57395  -43.697  -17.507  44.545 0.0000000000
58383  -44.096  -16.958  44.525 0.0000000000
59289  -43.986  -16.214  44.246 0.0000000000
59290  -44.602  -15.630  44.410 0.0000000000
59306  -43.169  -15.225  43.542 0.0000000000
59307  -43.912  -15.406  44.028 0.0000000000
60144  -44.602  -14.725  44.227 0.0000000000
61058  -45.580  -13.243  44.635 0.0000000000
116227  -43.974  -12.954  43.749 0.0000000000
61057  -44.780  -12.848  44.175 0.0000000000
136352  -46.015  -11.849  44.657 0.0000000000
62808  -46.195  -11.135  44.588 0.0000000000
63710  -44.827  -10.764  43.562 0.0000000000
62807  -45.771  -10.647  44.196 0.0000000000
63700  -46.415  -10.362  44.363 0.0000000000
64598  -46.674  -9.639  44.010 0.0000000000
64599  -47.231  -9.353  44.019 0.0000000000
64631  -44.293  -9.671  41.399 0.0000000000
64619  -45.964  -9.192  42.856 0.0000000000
64609  -47.093  -8.862  43.636 0.0000000000
65481  -47.677  -8.816  43.841 0.0000000000
65493  -48.198  -7.894  43.486 0.0000000000
66469  -48.519  -7.471  43.328 0.0000000000
66478  -47.653  -7.730  42.767 0.0000000000
66479  -48.267  -7.303  42.972 0.0000000000
66470  -49.159  -7.040  43.455 0.0000000000
67444  -48.906  -6.915  43.139 0.0000000000
67445  -49.578  -6.461  43.246 0.0000000000
67456  -50.004  -5.936  42.949 0.0000000000
68410  -50.798  -5.861  42.355 0.0000000000
113593  -50.117  -6.221  42.164 0.0000000000
67463  -49.913  -6.692  41.333 0.0000000000
67469  -50.004  -6.874  40.340 0.0000000000
66496  -48.639  -7.436  39.930 0.0000000000
66508  -49.256  -7.212  39.294 0.0000000000
67482  -49.960  -6.875  39.519 0.0000000000
66531  -49.000  -7.134  37.679 0.0000000000
66541  -48.827  -6.994  36.860 0.0000000000
66540  -48.074  -7.244  36.601 0.0000000000
67508  -48.641  -6.841  36.036 0.0000000000
33906  -15.936  -42.782  68.737 0.0000000000
33894  -15.201  -42.773  69.496 0.0000000000
133371  -13.636  -42.637  70.153 0.0000000000
31988  -15.922  -44.840  72.269 0.0000000000
32948  -15.302  -43.763  72.042 0.0000000000
33852  -14.485  -43.896  72.323 0.0000000000
136607  -14.287  -43.264  71.659 0.0000000000
33867  -12.274  -43.030  71.454 0.0000000000
33856  -12.055  -43.556  72.931 0.0000000000
32924  -9.892  -44.062  73.491 0.0000000000
31107  -10.035  -44.553  73.547 0.0000000000
31113  -10.289  -45.203  73.581 0.0000000000
31114  -11.204  -45.322  73.668 0.0000000000
130853  -10.769  -45.253  73.572 0.0000000000
57137  -42.621  -17.496  63.155 0.0000000000
57149  -42.447  -17.331  62.544 0.0000000000
51682  -40.017  -23.484  62.430 0.0000000000
52603  -38.713  -22.661  59.838 0.0000000000
52595  -38.913  -22.196  60.577 0.0000000000
53445  -39.542  -21.492  61.698 0.0000000000
53436  -39.882  -21.209  62.537 0.0000000000
55300  -40.645  -19.636  62.243 0.0000000000
125087  -41.250  -18.636  61.239 0.0000000000
56233  -41.600  -17.982  60.803 0.0000000000
57188  -41.731  -17.751  59.871 0.0000000000
56286  -41.311  -18.270  57.374 0.0000000000
121383  -41.338  -18.407  54.886 0.0000000000
55389  -41.112  -19.108  53.695 0.0000000000
55388  -40.646  -19.725  54.018 0.0000000000
55397  -41.199  -19.299  52.895 0.0000000000
55407  -41.259  -19.650  52.103 0.0000000000
54468  -41.285  -20.060  51.354 0.0000000000
54475  -41.134  -20.644  50.623 0.0000000000
54474  -40.464  -21.028  50.853 0.0000000000
119620  -41.091  -21.775  48.864 0.0000000000
53598  -40.936  -22.085  47.950 0.0000000000
52665  -35.366  -22.054  52.559 0.0000000000
53550  -36.015  -21.007  51.959 0.0000000000
114165  -36.366  -21.051  51.161 0.0000000000
122668  -35.880  -20.991  50.467 0.0000000000
115009  -36.810  -21.528  50.220 0.0000000000
52690  -38.139  -22.442  49.129 0.0000000000
52700  -39.377  -22.770  48.158 0.0000000000
52718  -37.996  -22.906  46.641 0.0000000000
117560  -38.948  -22.930  47.553 0.0000000000
52710  -39.657  -22.750  47.277 0.0000000000
52720  -40.223  -22.363  46.684 0.0000000000
40634  -19.382  -33.779  69.161 0.0000000000
121085  -20.483  -32.472  69.169 0.0000000000
43511  -22.379  -31.670  69.109 0.0000000000
113704  -23.045  -30.560  60.932 0.0000000000
136622  -23.516  -30.665  61.859 0.0000000000
43580  -25.617  -31.725  64.040 0.0000000000
119266  -25.709  -31.783  64.750 0.0000000000
43569  -26.244  -31.970  65.204 0.0000000000
42599  -28.295  -33.022  59.133 0.0000000000
42600  -29.110  -33.135  59.480 0.0000000000
126202  -28.158  -32.869  60.891 0.0000000000
114566  -30.429  -33.191  61.767 0.0000000000
42536  -30.763  -33.369  63.094 0.0000000000
117518  -27.923  -32.690  62.124 0.0000000000
131618  -28.138  -32.743  64.060 0.0000000000
125536  -29.086  -32.960  64.514 0.0000000000
42520  -28.309  -32.795  64.720 0.0000000000
42508  -27.590  -32.596  65.233 0.0000000000
42496  -27.617  -32.556  66.129 0.0000000000
120132  -27.811  -32.576  66.998 0.0000000000
42469  -28.791  -32.803  68.226 0.0000000000
42484  -29.436  -33.111  67.531 0.0000000000
131580  -29.316  -32.830  69.157 0.0000000000
41522  -32.042  -33.352  68.202 0.0000000000
35658  -16.434  -40.028  64.741 0.0000000000
35651  -17.238  -40.272  65.662 0.0000000000
133569  -16.663  -40.782  65.687 0.0000000000
53619  -42.212  -21.332  46.863 0.0000000000
54497  -42.926  -20.982  47.796 0.0000000000
54484  -43.706  -20.118  48.860 0.0000000000
54499  -44.166  -20.267  47.158 0.0000000000
54492  -44.027  -20.361  47.969 0.0000000000
55425  -44.411  -19.555  49.275 0.0000000000
55418  -44.910  -18.984  50.002 0.0000000000
56344  -44.983  -18.641  50.791 0.0000000000
123369  -45.575  -18.331  50.872 0.0000000000
56395  -45.554  -18.659  46.346 0.0000000000
116559  -45.941  -18.918  47.042 0.0000000000
56376  -46.089  -19.024  47.807 0.0000000000
114083  -47.309  -17.921  48.613 0.0000000000
56357  -46.694  -18.334  49.295 0.0000000000
56346  -46.227  -18.247  50.364 0.0000000000
56336  -46.030  -17.987  51.252 0.0000000000
57274  -46.513  -17.678  52.580 0.0000000000
119297  -47.050  -17.464  53.112 0.0000000000
57265  -47.399  -17.192  53.677 0.0000000000
58260  -48.014  -17.013  53.700 0.0000000000
58261  -48.585  -16.970  53.333 0.0000000000
58251  -48.592  -16.859  54.264 0.0000000000
60134  -47.808  -14.066  46.024 0.0000000000
60108  -48.948  -14.833  46.901 0.0000000000
59251  -49.232  -15.116  47.656 0.0000000000
61011  -49.819  -13.879  47.950 0.0000000000
60096  -49.631  -14.578  48.170 0.0000000000
59235  -49.365  -15.331  48.518 0.0000000000
59224  -49.467  -15.427  49.296 0.0000000000
59212  -49.656  -15.645  50.870 0.0000000000
59193  -50.262  -15.369  51.639 0.0000000000
59175  -50.028  -15.928  52.181 0.0000000000
134647  -51.528  -5.664  42.114 0.0000000000
113831  -52.049  -5.307  42.334 0.0000000000
68419  -51.881  -5.962  40.795 0.0000000000
68411  -52.703  -5.269  41.615 0.0000000000
69440  -53.755  -4.579  40.679 0.0000000000
68445  -51.483  -5.495  38.154 0.0000000000
68446  -51.937  -5.101  37.562 0.0000000000
68440  -52.161  -5.160  38.402 0.0000000000
68432  -52.450  -5.312  39.238 0.0000000000
69451  -53.113  -4.929  39.491 0.0000000000
69441  -54.293  -3.890  40.306 0.0000000000
70386  -55.003  -2.961  39.985 0.0000000000
71341  -55.535  -2.085  39.332 0.0000000000
124351  -53.428  -5.179  34.837 0.0000000000
70425  -54.309  -2.429  35.394 0.0000000000
73268  -57.812  0.231  33.709 0.0000000000
73278  -59.078  0.151  32.682 0.0000000000
32926  -11.560  -43.914  73.662 0.0000000000
33849  -12.644  -43.758  73.158 0.0000000000
44548  -23.286  -30.901  65.046 0.0000000000
45601  -38.325  -29.116  64.533 0.0000000000
47793  -39.888  -28.152  59.259 0.0000000000
53610  -42.350  -21.338  47.652 0.0000000000
54460  -40.213  -20.617  52.296 0.0000000000
54485  -44.374  -19.946  48.478 0.0000000000
54491  -43.307  -20.662  48.238 0.0000000000
54523  -42.375  -20.327  45.737 0.0000000000
55399  -42.520  -19.049  51.919 0.0000000000
56377  -46.578  -18.511  47.404 0.0000000000
57138  -43.030  -17.589  63.382 0.0000000000
57396  -44.619  -17.946  45.350 0.0000000000
57411  -41.400  -17.616  43.580 0.0000000000
58217  -47.701  -16.331  56.313 0.0000000000
58364  -47.448  -16.203  46.359 0.0000000000
58384  -44.656  -16.390  44.684 0.0000000000
59094  -44.287  -15.799  58.777 0.0000000000
60125  -48.462  -14.341  46.343 0.0000000000
61036  -49.433  -13.688  46.655 0.0000000000
61923  -46.149  -12.648  44.889 0.0000000000
63677  -51.244  -10.588  46.967 0.0000000000
63702  -48.146  -10.258  44.603 0.0000000000
63703  -49.588  -10.035  44.540 0.0000000000
64591  -50.985  -9.883  45.153 0.0000000000
65482  -48.174  -8.260  43.706 0.0000000000
67427  -52.012  -6.491  44.666 0.0000000000
68462  -53.106  -4.878  35.609 0.0000000000
68502  -55.137  -4.923  32.514 0.0000000000
69538  -57.516  -3.563  31.249 0.0000000000
116954  -54.348  -4.103  34.973 0.0000000000
117620  -43.737  -18.503  52.289 0.0000000000
117758  -45.140  -10.990  43.968 0.0000000000
118926  -34.236  -32.474  61.841 0.0000000000
119184  -52.058  -5.705  41.500 0.0000000000
119518  -18.077  -38.244  70.666 0.0000000000
120090  -49.550  -7.966  43.964 0.0000000000
121517  -41.759  -17.013  43.439 0.0000000000
125051  -46.871  -13.724  45.426 0.0000000000
133757  -35.383  -31.568  60.343 0.0000000000
133830  -44.152  -19.342  45.957 0.0000000000
134194  -45.145  -14.496  44.527 0.0000000000
135818  -55.246  -2.415  34.115 0.0000000000
135960  -48.185  -12.373  45.444 0.0000000000
136544  -11.001  -43.810  73.612 0.0000000000
136803  -43.178  -19.282  50.893 0.0000000000
