#!ascii label  , from subject sub-v1s4x0050693_ses-1 vox2ras=TkReg
934
45706  -35.892  -28.849  55.029 0.0000000000
44644  -20.583  -30.802  57.624 0.0000000000
42636  -28.111  -32.741  56.747 0.0000000000
69450  -42.046  -4.431  39.282 0.0000000000
70445  -48.347  -3.351  33.429 0.0000000000
125692  -15.347  -32.683  61.754 0.0000000000
123052  -38.896  -5.965  42.971 0.0000000000
48885  -37.354  -26.215  53.369 0.0000000000
43672  -32.745  -31.597  56.223 0.0000000000
43649  -17.748  -31.971  59.003 0.0000000000
129528  -18.573  -36.709  61.673 0.0000000000
45738  -31.250  -29.079  51.755 0.0000000000
48907  -32.866  -26.618  50.400 0.0000000000
130751  -24.452  -29.673  57.675 0.0000000000
45713  -28.576  -29.771  53.913 0.0000000000
123420  -37.337  -17.002  43.298 0.0000000000
113683  -39.728  -12.141  42.519 0.0000000000
64635  -41.777  -9.249  41.048 0.0000000000
36455  -12.268  -39.556  65.396 0.0000000000
135519  -10.287  -40.249  68.502 0.0000000000
134218  -32.149  -22.872  49.706 0.0000000000
53606  -33.126  -21.502  47.664 0.0000000000
54539  -35.170  -20.946  44.351 0.0000000000
37260  -15.097  -38.655  63.111 0.0000000000
42595  -20.825  -32.902  59.572 0.0000000000
44621  -22.256  -30.937  60.070 0.0000000000
44669  -34.400  -30.462  55.876 0.0000000000
47799  -19.864  -28.044  58.470 0.0000000000
43651  -19.516  -31.354  57.840 0.0000000000
41605  -19.602  -33.920  58.926 0.0000000000
47860  -31.747  -27.937  54.249 0.0000000000
45724  -29.913  -29.465  52.685 0.0000000000
61065  -35.468  -13.214  43.607 0.0000000000
60162  -38.344  -14.163  42.944 0.0000000000
63718  -36.794  -10.696  43.338 0.0000000000
65514  -40.189  -8.521  41.488 0.0000000000
66504  -41.392  -7.306  39.316 0.0000000000
65524  -43.816  -8.897  39.999 0.0000000000
131818  -42.694  -7.015  37.532 0.0000000000
66537  -44.813  -7.136  36.454 0.0000000000
50847  -30.551  -24.285  51.603 0.0000000000
121763  -32.649  -24.912  49.724 0.0000000000
51769  -29.714  -23.077  50.910 0.0000000000
54495  -30.249  -20.293  47.718 0.0000000000
55454  -31.432  -19.547  46.129 0.0000000000
115220  -34.266  -21.965  45.451 0.0000000000
55473  -33.594  -19.378  44.683 0.0000000000
124817  -34.564  -18.051  44.038 0.0000000000
43662  -25.693  -31.672  57.579 0.0000000000
38937  -13.409  -36.257  63.560 0.0000000000
38963  -14.743  -36.462  61.837 0.0000000000
33889  -9.575  -42.249  69.341 0.0000000000
33864  -7.356  -42.340  71.912 0.0000000000
66459  -37.479  -7.746  44.940 0.0000000000
51761  -36.127  -23.588  52.739 0.0000000000
115750  -29.729  -32.498  55.991 0.0000000000
42573  -16.401  -32.671  60.423 0.0000000000
39850  -16.301  -35.585  60.326 0.0000000000
40724  -18.224  -34.935  59.219 0.0000000000
70456  -49.783  -3.203  32.284 0.0000000000
45715  -33.683  -29.702  53.038 0.0000000000
46835  -35.052  -28.174  52.181 0.0000000000
46832  -32.620  -28.252  51.234 0.0000000000
117098  -21.110  -28.521  57.218 0.0000000000
45660  -22.610  -29.457  58.190 0.0000000000
46762  -23.269  -27.728  56.840 0.0000000000
45681  -25.041  -29.177  56.200 0.0000000000
130863  -26.165  -31.119  55.681 0.0000000000
45694  -27.349  -29.637  55.170 0.0000000000
131725  -27.803  -31.754  54.748 0.0000000000
43700  -30.099  -31.641  54.020 0.0000000000
43713  -31.781  -30.936  53.606 0.0000000000
55497  -39.189  -19.836  44.230 0.0000000000
64614  -38.692  -9.346  42.454 0.0000000000
63722  -41.321  -10.921  42.020 0.0000000000
67518  -46.574  -6.337  35.254 0.0000000000
36445  -10.977  -39.601  66.775 0.0000000000
33913  -11.250  -41.975  67.980 0.0000000000
48900  -35.659  -26.468  51.154 0.0000000000
117512  -35.335  -24.933  50.728 0.0000000000
51771  -34.432  -22.246  51.493 0.0000000000
53574  -29.529  -21.527  49.371 0.0000000000
53576  -31.761  -21.510  48.991 0.0000000000
53579  -34.568  -20.921  49.910 0.0000000000
52698  -35.815  -22.278  47.911 0.0000000000
52717  -37.095  -22.881  46.619 0.0000000000
53632  -38.752  -21.689  45.241 0.0000000000
55515  -36.822  -19.156  43.622 0.0000000000
58392  -35.207  -16.167  43.633 0.0000000000
44624  -24.041  -30.418  59.748 0.0000000000
38926  -12.449  -36.696  65.091 0.0000000000
36479  -13.848  -38.931  63.949 0.0000000000
37283  -16.774  -37.822  61.783 0.0000000000
34764  -5.682  -41.626  72.215 0.0000000000
42612  -21.046  -31.721  58.353 0.0000000000
119319  -21.732  -31.627  59.913 0.0000000000
44633  -21.634  -31.066  58.450 0.0000000000
45695  -35.052  -29.645  55.158 0.0000000000
45668  -19.819  -29.835  57.668 0.0000000000
121175  -19.460  -29.312  58.187 0.0000000000
43659  -20.087  -31.386  57.705 0.0000000000
42623  -20.275  -31.995  57.980 0.0000000000
61921  -35.336  -11.804  44.398 0.0000000000
61930  -35.988  -12.453  43.394 0.0000000000
63708  -36.122  -10.894  43.782 0.0000000000
69448  -41.007  -4.851  40.305 0.0000000000
67468  -40.578  -6.417  40.171 0.0000000000
68430  -41.323  -5.768  38.950 0.0000000000
66515  -41.824  -7.196  38.632 0.0000000000
68437  -41.814  -5.915  38.164 0.0000000000
68444  -42.943  -5.298  37.135 0.0000000000
51770  -30.077  -23.688  51.240 0.0000000000
57362  -31.288  -18.036  46.995 0.0000000000
55472  -32.773  -19.472  45.216 0.0000000000
57376  -33.115  -18.387  45.770 0.0000000000
57377  -33.794  -18.240  45.332 0.0000000000
42624  -26.724  -32.444  57.086 0.0000000000
42613  -26.857  -32.610  58.078 0.0000000000
42614  -27.801  -32.892  58.245 0.0000000000
122515  -14.187  -34.878  62.499 0.0000000000
122043  -14.614  -34.074  62.124 0.0000000000
68482  -48.389  -5.104  33.988 0.0000000000
33878  -8.621  -42.506  70.630 0.0000000000
48875  -37.763  -26.457  54.220 0.0000000000
49905  -36.886  -25.110  52.561 0.0000000000
42638  -31.428  -32.232  56.345 0.0000000000
42639  -32.135  -32.072  56.695 0.0000000000
44620  -18.290  -30.526  58.971 0.0000000000
44604  -17.248  -30.596  60.173 0.0000000000
44603  -16.751  -30.626  60.879 0.0000000000
43640  -17.246  -31.948  59.630 0.0000000000
121498  -17.112  -34.042  59.447 0.0000000000
41609  -17.962  -33.449  58.821 0.0000000000
40714  -20.153  -34.418  60.241 0.0000000000
40713  -19.802  -35.060  60.837 0.0000000000
45728  -33.222  -29.450  52.059 0.0000000000
45741  -33.717  -28.887  51.719 0.0000000000
46831  -31.816  -28.647  51.555 0.0000000000
48839  -21.728  -26.589  57.598 0.0000000000
46761  -22.417  -27.708  57.001 0.0000000000
47829  -22.695  -26.654  56.926 0.0000000000
47830  -24.605  -27.087  56.210 0.0000000000
46782  -25.402  -28.674  55.869 0.0000000000
45692  -25.601  -29.568  55.782 0.0000000000
113777  -25.908  -29.071  55.642 0.0000000000
46786  -29.059  -29.139  55.359 0.0000000000
45703  -28.063  -29.764  54.585 0.0000000000
44676  -27.485  -30.247  54.695 0.0000000000
43698  -28.303  -30.966  54.109 0.0000000000
42659  -28.832  -32.023  54.562 0.0000000000
43709  -28.833  -30.475  53.653 0.0000000000
45725  -30.657  -29.568  52.160 0.0000000000
44684  -30.907  -30.309  52.385 0.0000000000
44694  -31.849  -30.182  52.315 0.0000000000
44686  -33.135  -30.268  53.482 0.0000000000
56440  -38.203  -18.433  43.479 0.0000000000
131653  -39.864  -18.870  43.842 0.0000000000
122447  -39.092  -16.965  43.184 0.0000000000
114445  -39.068  -13.810  42.818 0.0000000000
60154  -40.078  -14.873  43.043 0.0000000000
67433  -38.293  -6.438  44.078 0.0000000000
65490  -37.699  -8.136  43.356 0.0000000000
66476  -38.453  -7.232  42.670 0.0000000000
65515  -40.995  -8.978  41.251 0.0000000000
64627  -40.614  -9.456  41.596 0.0000000000
64628  -41.394  -9.789  41.430 0.0000000000
63723  -42.392  -11.166  42.237 0.0000000000
67517  -45.807  -6.384  35.532 0.0000000000
68458  -45.371  -5.353  35.403 0.0000000000
68470  -46.588  -5.576  34.833 0.0000000000
126509  -11.990  -38.043  65.382 0.0000000000
133531  -11.378  -37.978  66.613 0.0000000000
36454  -11.504  -39.584  66.019 0.0000000000
34792  -11.598  -41.548  67.391 0.0000000000
33891  -11.259  -42.776  69.270 0.0000000000
47907  -33.700  -27.242  50.473 0.0000000000
115187  -35.034  -27.637  51.420 0.0000000000
135120  -33.883  -26.532  50.046 0.0000000000
50860  -31.968  -24.399  49.761 0.0000000000
50854  -34.044  -25.013  49.880 0.0000000000
127401  -34.059  -24.209  50.239 0.0000000000
51780  -34.122  -23.183  50.874 0.0000000000
51778  -32.641  -22.506  49.915 0.0000000000
54489  -29.081  -19.998  49.269 0.0000000000
114420  -31.584  -20.979  46.867 0.0000000000
53603  -30.752  -20.880  47.982 0.0000000000
131108  -32.697  -21.296  48.343 0.0000000000
53578  -33.495  -21.197  49.487 0.0000000000
53595  -34.152  -21.085  49.089 0.0000000000
53596  -34.895  -21.118  49.194 0.0000000000
52705  -34.464  -22.060  47.407 0.0000000000
53646  -34.769  -21.515  44.780 0.0000000000
52728  -35.761  -22.543  45.859 0.0000000000
53629  -36.123  -22.135  45.211 0.0000000000
52730  -37.534  -22.593  45.835 0.0000000000
53649  -37.396  -21.347  44.702 0.0000000000
54542  -37.788  -20.591  44.353 0.0000000000
54556  -36.267  -19.825  43.840 0.0000000000
58381  -34.492  -16.833  44.483 0.0000000000
127201  -34.895  -16.864  43.784 0.0000000000
59288  -34.598  -15.167  44.292 0.0000000000
45672  -23.363  -28.976  57.902 0.0000000000
44623  -23.408  -29.964  59.440 0.0000000000
45662  -23.994  -29.896  58.949 0.0000000000
38086  -14.027  -37.723  63.022 0.0000000000
37259  -13.559  -38.208  63.665 0.0000000000
36480  -14.668  -39.104  63.730 0.0000000000
38982  -17.635  -36.704  60.662 0.0000000000
38965  -16.185  -36.901  61.074 0.0000000000
38114  -17.506  -37.474  61.611 0.0000000000
42574  -20.868  -32.946  60.435 0.0000000000
42561  -21.343  -32.079  61.164 0.0000000000
136971  -22.322  -31.064  60.758 0.0000000000
44605  -22.694  -30.822  60.726 0.0000000000
43689  -33.277  -31.115  55.712 0.0000000000
43665  -33.652  -31.554  57.312 0.0000000000
46714  -19.270  -28.416  59.167 0.0000000000
45659  -18.972  -29.975  58.427 0.0000000000
119389  -18.358  -31.475  58.583 0.0000000000
41610  -18.654  -33.379  58.560 0.0000000000
41611  -19.327  -33.342  58.524 0.0000000000
41606  -20.282  -33.466  59.138 0.0000000000
47885  -30.962  -28.223  52.582 0.0000000000
47886  -31.661  -27.728  52.152 0.0000000000
130619  -29.416  -28.838  54.443 0.0000000000
45714  -29.181  -29.715  53.329 0.0000000000
46809  -30.207  -28.590  53.004 0.0000000000
59300  -37.082  -15.345  43.247 0.0000000000
121527  -37.781  -15.617  43.191 0.0000000000
60152  -36.707  -13.613  43.124 0.0000000000
61075  -37.502  -13.008  42.811 0.0000000000
62827  -38.165  -11.585  42.570 0.0000000000
67454  -38.868  -6.562  42.466 0.0000000000
67462  -40.087  -6.363  41.076 0.0000000000
66493  -40.469  -7.269  40.603 0.0000000000
65522  -42.107  -8.767  40.370 0.0000000000
65523  -42.944  -8.915  40.117 0.0000000000
65531  -42.443  -8.404  39.509 0.0000000000
65545  -43.619  -8.279  38.513 0.0000000000
65556  -43.968  -7.986  37.798 0.0000000000
66536  -44.027  -7.075  36.708 0.0000000000
68450  -43.928  -5.561  36.302 0.0000000000
35647  -13.539  -40.412  65.543 0.0000000000
35646  -12.708  -40.279  65.661 0.0000000000
34803  -13.604  -41.254  66.545 0.0000000000
49926  -31.807  -25.379  50.592 0.0000000000
48917  -32.906  -25.866  49.906 0.0000000000
50859  -31.307  -24.646  50.224 0.0000000000
50858  -30.902  -23.932  49.964 0.0000000000
51784  -30.540  -22.929  49.788 0.0000000000
56365  -29.749  -18.924  48.371 0.0000000000
131679  -30.100  -18.924  47.694 0.0000000000
55453  -30.860  -19.542  46.705 0.0000000000
53613  -31.759  -20.802  46.210 0.0000000000
52726  -33.539  -21.924  45.971 0.0000000000
54520  -32.869  -20.905  45.223 0.0000000000
54538  -33.565  -20.831  44.794 0.0000000000
119571  -34.320  -19.665  44.214 0.0000000000
55495  -34.905  -19.063  43.823 0.0000000000
56423  -34.301  -18.757  44.230 0.0000000000
44648  -25.147  -30.987  57.783 0.0000000000
44636  -24.957  -30.960  58.637 0.0000000000
133044  -25.414  -31.508  58.260 0.0000000000
38950  -14.237  -36.430  62.350 0.0000000000
38099  -15.222  -37.598  62.102 0.0000000000
35626  -9.716  -41.108  69.015 0.0000000000
35621  -9.979  -40.201  69.124 0.0000000000
34777  -8.860  -41.318  70.171 0.0000000000
35614  -8.370  -40.934  71.071 0.0000000000
35606  -7.058  -40.840  71.851 0.0000000000
52666  -35.835  -22.551  53.038 0.0000000000
42637  -28.866  -32.623  56.132 0.0000000000
113561  -29.013  -32.968  57.779 0.0000000000
44591  -16.191  -30.703  61.682 0.0000000000
42572  -15.800  -33.096  60.978 0.0000000000
40711  -15.799  -34.008  60.713 0.0000000000
40712  -16.500  -34.246  59.955 0.0000000000
39864  -16.936  -35.596  59.890 0.0000000000
38998  -18.047  -36.154  60.016 0.0000000000
120131  -19.006  -34.526  58.976 0.0000000000
38984  -19.215  -35.711  60.500 0.0000000000
38952  -19.113  -36.083  62.024 0.0000000000
70446  -49.096  -3.212  32.830 0.0000000000
45717  -35.020  -29.084  53.872 0.0000000000
136379  -35.494  -28.518  53.602 0.0000000000
46820  -34.450  -28.777  52.280 0.0000000000
46833  -33.468  -28.391  51.191 0.0000000000
47906  -33.037  -27.327  50.653 0.0000000000
47887  -32.298  -27.138  51.648 0.0000000000
49916  -32.269  -26.166  51.286 0.0000000000
50837  -31.255  -24.813  52.229 0.0000000000
45670  -21.281  -29.265  57.347 0.0000000000
44646  -21.840  -29.615  57.674 0.0000000000
117726  -21.892  -28.381  57.245 0.0000000000
46748  -22.862  -28.331  57.334 0.0000000000
45679  -23.687  -28.434  57.151 0.0000000000
122829  -23.684  -27.009  56.488 0.0000000000
116947  -24.208  -27.834  56.460 0.0000000000
44655  -24.721  -29.509  56.893 0.0000000000
44656  -25.311  -30.206  56.324 0.0000000000
43670  -25.807  -31.130  56.156 0.0000000000
42647  -27.035  -32.183  55.696 0.0000000000
46764  -26.721  -28.579  55.997 0.0000000000
45702  -26.798  -30.018  55.111 0.0000000000
43685  -27.271  -31.650  55.016 0.0000000000
118192  -27.871  -32.517  55.887 0.0000000000
42650  -29.289  -32.381  55.315 0.0000000000
42651  -30.178  -32.283  55.456 0.0000000000
43687  -31.561  -31.675  55.065 0.0000000000
44683  -30.156  -30.654  52.865 0.0000000000
43701  -31.076  -31.435  54.048 0.0000000000
43702  -32.110  -31.211  54.509 0.0000000000
44679  -33.452  -30.438  54.339 0.0000000000
44680  -34.150  -30.070  54.506 0.0000000000
46731  -20.313  -28.104  57.775 0.0000000000
58396  -39.281  -16.211  43.103 0.0000000000
64606  -36.974  -9.367  43.693 0.0000000000
64613  -37.897  -9.695  42.843 0.0000000000
130458  -39.009  -10.679  42.366 0.0000000000
65513  -39.402  -8.324  41.869 0.0000000000
64615  -39.404  -9.597  42.145 0.0000000000
62829  -40.327  -11.488  42.385 0.0000000000
62831  -42.286  -11.775  42.682 0.0000000000
67529  -47.664  -5.919  34.695 0.0000000000
69490  -47.667  -4.716  34.121 0.0000000000
70431  -47.215  -3.829  34.289 0.0000000000
37222  -11.257  -37.940  67.478 0.0000000000
36438  -10.728  -39.593  67.588 0.0000000000
35637  -11.486  -40.427  66.470 0.0000000000
35632  -11.195  -41.066  67.095 0.0000000000
35631  -10.674  -41.072  67.640 0.0000000000
33900  -10.141  -42.189  68.750 0.0000000000
46822  -35.698  -28.002  52.973 0.0000000000
47888  -36.171  -27.380  52.654 0.0000000000
48901  -36.256  -25.886  51.574 0.0000000000
48919  -34.344  -25.859  49.928 0.0000000000
49917  -35.635  -25.689  50.883 0.0000000000
49904  -36.562  -25.337  52.022 0.0000000000
50838  -35.798  -23.971  52.007 0.0000000000
131111  -35.257  -23.420  51.860 0.0000000000
52673  -34.998  -21.740  51.926 0.0000000000
53561  -29.182  -21.839  50.124 0.0000000000
52685  -30.338  -22.020  49.327 0.0000000000
54490  -29.693  -20.409  48.441 0.0000000000
53575  -30.923  -21.562  48.930 0.0000000000
52687  -32.133  -22.020  49.547 0.0000000000
52688  -32.984  -21.662  49.775 0.0000000000
53563  -34.212  -21.169  50.530 0.0000000000
52714  -34.650  -22.344  46.692 0.0000000000
114252  -36.620  -22.753  47.478 0.0000000000
53651  -38.906  -21.041  44.908 0.0000000000
55516  -37.729  -19.145  43.689 0.0000000000
57407  -36.795  -17.732  43.365 0.0000000000
56437  -35.389  -18.407  43.610 0.0000000000
57406  -35.866  -17.711  43.427 0.0000000000
58393  -36.007  -16.284  43.392 0.0000000000
136389  -35.416  -14.350  43.559 0.0000000000
61056  -34.910  -13.294  44.111 0.0000000000
44634  -22.039  -30.291  58.288 0.0000000000
45639  -22.969  -30.036  59.771 0.0000000000
44609  -24.675  -31.084  60.256 0.0000000000
38071  -12.430  -37.854  64.711 0.0000000000
38927  -12.981  -36.502  64.269 0.0000000000
37258  -12.956  -37.947  63.997 0.0000000000
37251  -13.027  -38.660  64.334 0.0000000000
35655  -13.940  -39.977  64.991 0.0000000000
39849  -15.588  -35.615  60.817 0.0000000000
38113  -15.664  -37.228  61.572 0.0000000000
37272  -16.347  -38.319  62.371 0.0000000000
32943  -7.030  -43.460  72.847 0.0000000000
34765  -6.772  -41.648  72.087 0.0000000000
35598  -6.532  -40.922  71.966 0.0000000000
43660  -20.629  -31.402  57.857 0.0000000000
43661  -21.205  -30.970  57.878 0.0000000000
45696  -35.525  -29.362  55.449 0.0000000000
45669  -20.549  -30.022  57.458 0.0000000000
44643  -19.962  -30.710  57.606 0.0000000000
63691  -35.613  -11.031  44.870 0.0000000000
63699  -35.725  -11.121  44.214 0.0000000000
130496  -36.070  -10.259  44.421 0.0000000000
122909  -41.749  -4.398  40.089 0.0000000000
69449  -41.394  -4.967  39.462 0.0000000000
69455  -41.764  -5.088  38.668 0.0000000000
68438  -42.136  -5.199  38.059 0.0000000000
57363  -32.637  -18.168  46.283 0.0000000000
42635  -27.273  -32.532  56.504 0.0000000000
42625  -27.485  -32.734  57.365 0.0000000000
41581  -14.797  -33.077  62.256 0.0000000000
41588  -15.250  -33.604  61.496 0.0000000000
69503  -48.386  -4.406  33.665 0.0000000000
49884  -37.789  -25.375  54.015 0.0000000000
49893  -37.282  -25.295  53.145 0.0000000000
42652  -31.919  -31.865  55.908 0.0000000000
44619  -17.632  -31.127  59.435 0.0000000000
45650  -17.756  -30.169  59.778 0.0000000000
42594  -17.463  -32.769  59.199 0.0000000000
45727  -32.295  -29.570  51.824 0.0000000000
45739  -31.967  -29.045  51.511 0.0000000000
47817  -22.122  -27.059  57.021 0.0000000000
48855  -26.016  -27.048  56.329 0.0000000000
47831  -25.435  -27.183  56.111 0.0000000000
47846  -25.844  -28.165  55.836 0.0000000000
46796  -28.676  -29.286  54.544 0.0000000000
44677  -28.156  -30.390  54.220 0.0000000000
126671  -28.795  -31.294  53.982 0.0000000000
45726  -31.432  -29.643  51.884 0.0000000000
44695  -32.760  -30.009  52.567 0.0000000000
57408  -37.745  -17.722  43.339 0.0000000000
126151  -38.685  -17.709  43.299 0.0000000000
123896  -38.239  -17.050  43.248 0.0000000000
61077  -39.391  -13.089  42.682 0.0000000000
60163  -39.882  -13.870  42.921 0.0000000000
61078  -40.209  -12.881  42.787 0.0000000000
67443  -38.875  -5.900  43.705 0.0000000000
66467  -37.943  -7.227  43.475 0.0000000000
67442  -38.475  -6.496  43.185 0.0000000000
64629  -42.284  -10.015  41.338 0.0000000000
63732  -42.816  -10.630  41.863 0.0000000000
69482  -45.527  -4.665  35.340 0.0000000000
37241  -11.652  -38.627  65.762 0.0000000000
48908  -33.341  -26.598  50.184 0.0000000000
122552  -31.555  -23.353  49.714 0.0000000000
51785  -32.457  -23.691  49.764 0.0000000000
51779  -33.302  -23.101  50.274 0.0000000000
53605  -32.259  -21.310  47.416 0.0000000000
53604  -31.456  -21.057  47.740 0.0000000000
53594  -33.367  -21.229  48.686 0.0000000000
53607  -33.929  -21.580  48.011 0.0000000000
53647  -35.620  -21.548  44.698 0.0000000000
53648  -36.498  -21.473  44.658 0.0000000000
54540  -35.932  -20.786  44.229 0.0000000000
54541  -36.869  -20.679  44.238 0.0000000000
45673  -24.016  -29.463  58.241 0.0000000000
37270  -14.740  -38.006  62.684 0.0000000000
120084  -14.295  -38.445  63.340 0.0000000000
36481  -15.552  -39.238  63.591 0.0000000000
38128  -18.007  -36.996  61.227 0.0000000000
38127  -17.550  -37.107  61.149 0.0000000000
38115  -18.085  -37.301  61.834 0.0000000000
36434  -10.501  -39.560  68.684 0.0000000000
47863  -37.489  -27.301  54.525 0.0000000000
131827  -21.102  -32.489  60.789 0.0000000000
42575  -21.344  -32.272  60.275 0.0000000000
119291  -21.855  -31.435  60.783 0.0000000000
43690  -33.878  -30.852  55.961 0.0000000000
131864  -19.514  -28.751  58.453 0.0000000000
44632  -19.316  -30.678  57.932 0.0000000000
44631  -18.750  -30.787  58.363 0.0000000000
122243  -18.969  -31.280  58.085 0.0000000000
42609  -18.963  -32.794  58.292 0.0000000000
43650  -19.015  -32.017  58.066 0.0000000000
42611  -20.506  -32.654  58.640 0.0000000000
41595  -20.524  -33.630  59.924 0.0000000000
47873  -31.605  -27.634  53.137 0.0000000000
46808  -29.498  -28.951  53.442 0.0000000000
47859  -30.863  -28.157  53.571 0.0000000000
46818  -30.621  -28.894  52.193 0.0000000000
60151  -35.863  -13.955  43.372 0.0000000000
116211  -36.693  -14.573  43.218 0.0000000000
61066  -36.095  -13.233  43.282 0.0000000000
62819  -36.426  -11.525  43.343 0.0000000000
61938  -36.893  -12.205  43.001 0.0000000000
61939  -37.621  -12.090  42.710 0.0000000000
61940  -38.269  -12.374  42.576 0.0000000000
62826  -37.341  -11.321  42.906 0.0000000000
68409  -39.829  -5.693  41.824 0.0000000000
126803  -40.239  -5.464  41.318 0.0000000000
66503  -40.844  -7.078  39.883 0.0000000000
66494  -41.016  -7.786  40.194 0.0000000000
65530  -41.684  -8.130  39.793 0.0000000000
67489  -42.003  -6.768  38.100 0.0000000000
66516  -42.383  -7.476  38.276 0.0000000000
66517  -43.131  -7.792  37.959 0.0000000000
66525  -43.537  -7.453  37.309 0.0000000000
114805  -44.307  -7.650  37.178 0.0000000000
129048  -43.283  -6.821  36.989 0.0000000000
69464  -43.327  -4.527  37.385 0.0000000000
68449  -43.319  -5.650  36.726 0.0000000000
50848  -31.111  -24.870  51.033 0.0000000000
50853  -30.657  -24.195  50.663 0.0000000000
51777  -30.259  -23.501  50.432 0.0000000000
51776  -29.903  -22.933  50.256 0.0000000000
56393  -31.256  -18.821  46.476 0.0000000000
56392  -30.634  -18.818  47.057 0.0000000000
54505  -31.222  -20.308  46.514 0.0000000000
54518  -31.770  -20.256  45.836 0.0000000000
53626  -32.243  -20.889  45.725 0.0000000000
54537  -33.097  -20.165  44.878 0.0000000000
126498  -33.745  -20.130  44.521 0.0000000000
56422  -33.809  -18.662  44.763 0.0000000000
120210  -27.335  -32.769  59.044 0.0000000000
118254  -26.595  -32.477  58.975 0.0000000000
39834  -14.362  -35.697  62.086 0.0000000000
38098  -14.542  -37.195  62.341 0.0000000000
34781  -9.362  -41.585  69.437 0.0000000000
136522  -7.969  -42.201  71.254 0.0000000000
34776  -8.375  -41.802  70.718 0.0000000000
34770  -7.598  -41.463  71.569 0.0000000000
51748  -36.977  -23.686  53.946 0.0000000000
51747  -36.397  -23.112  53.467 0.0000000000
113559  -29.729  -32.666  56.714 0.0000000000
136371  -30.435  -32.655  57.121 0.0000000000
43639  -16.721  -31.986  60.293 0.0000000000
43617  -16.370  -31.443  61.004 0.0000000000
134070  -16.345  -32.058  60.763 0.0000000000
42559  -15.917  -32.181  61.267 0.0000000000
41594  -16.270  -33.477  60.327 0.0000000000
40730  -17.712  -34.167  59.115 0.0000000000
40723  -17.203  -34.847  59.492 0.0000000000
39865  -17.682  -35.599  59.666 0.0000000000
39866  -18.342  -35.596  59.653 0.0000000000
40732  -19.032  -33.920  58.656 0.0000000000
132924  -19.626  -35.078  60.071 0.0000000000
39836  -19.474  -35.591  61.448 0.0000000000
38966  -19.025  -36.161  61.215 0.0000000000
45716  -34.339  -29.630  53.826 0.0000000000
45730  -34.456  -29.215  53.065 0.0000000000
134489  -33.028  -28.388  51.124 0.0000000000
46848  -33.241  -27.931  50.870 0.0000000000
47897  -32.562  -27.480  51.054 0.0000000000
47874  -32.179  -27.028  52.703 0.0000000000
47896  -32.004  -27.975  51.502 0.0000000000
49892  -32.290  -25.849  53.131 0.0000000000
49903  -32.208  -25.885  52.192 0.0000000000
49915  -31.757  -25.466  51.590 0.0000000000
46763  -24.843  -28.401  56.166 0.0000000000
45680  -24.430  -28.667  56.720 0.0000000000
44666  -25.857  -30.446  55.713 0.0000000000
116314  -26.360  -31.722  55.985 0.0000000000
46785  -28.086  -29.397  55.421 0.0000000000
46765  -27.572  -29.020  56.297 0.0000000000
46784  -27.217  -29.187  55.719 0.0000000000
46783  -26.529  -29.244  55.571 0.0000000000
43697  -27.687  -31.067  54.500 0.0000000000
43696  -26.996  -30.836  54.918 0.0000000000
42648  -27.734  -32.166  55.198 0.0000000000
42649  -28.440  -32.358  55.277 0.0000000000
42658  -28.187  -32.045  54.797 0.0000000000
43699  -29.372  -31.644  54.099 0.0000000000
42660  -29.729  -32.055  54.673 0.0000000000
43686  -30.630  -31.922  54.806 0.0000000000
44682  -29.571  -30.225  52.976 0.0000000000
125639  -31.545  -30.622  52.855 0.0000000000
43712  -30.944  -30.947  53.114 0.0000000000
43703  -32.984  -30.910  54.883 0.0000000000
44678  -32.646  -30.718  54.006 0.0000000000
44687  -33.780  -30.031  53.855 0.0000000000
45704  -34.750  -29.617  54.555 0.0000000000
47816  -20.896  -27.792  57.422 0.0000000000
47800  -20.480  -27.436  58.142 0.0000000000
46745  -20.552  -29.180  57.381 0.0000000000
54521  -40.117  -20.685  45.034 0.0000000000
118746  -40.145  -18.335  43.609 0.0000000000
56424  -41.217  -18.875  44.244 0.0000000000
59301  -38.482  -15.073  43.073 0.0000000000
119169  -38.558  -15.876  43.129 0.0000000000
59302  -39.283  -15.397  43.063 0.0000000000
65480  -37.097  -8.351  44.511 0.0000000000
65488  -36.803  -9.009  44.204 0.0000000000
65501  -38.223  -8.663  42.723 0.0000000000
65500  -37.523  -8.963  43.278 0.0000000000
114494  -38.185  -10.709  42.632 0.0000000000
114570  -38.793  -10.045  42.428 0.0000000000
66485  -39.594  -7.726  41.622 0.0000000000
66477  -39.023  -7.428  42.053 0.0000000000
64617  -40.977  -10.254  41.762 0.0000000000
64616  -40.186  -9.933  41.883 0.0000000000
63721  -40.474  -10.774  42.110 0.0000000000
62830  -41.033  -11.423  42.349 0.0000000000
125425  -41.735  -11.397  42.321 0.0000000000
123257  -42.941  -11.552  42.677 0.0000000000
126152  -45.598  -7.284  36.404 0.0000000000
66546  -46.961  -6.936  35.783 0.0000000000
67519  -47.566  -6.423  35.191 0.0000000000
69489  -46.730  -4.700  34.569 0.0000000000
37231  -11.162  -38.734  66.597 0.0000000000
36439  -10.921  -38.751  67.513 0.0000000000
34802  -12.747  -41.218  66.635 0.0000000000
35638  -12.306  -40.702  66.200 0.0000000000
34801  -11.891  -41.145  66.753 0.0000000000
130718  -10.994  -41.489  67.616 0.0000000000
34787  -10.518  -41.727  68.206 0.0000000000
33901  -10.813  -42.376  68.581 0.0000000000
32976  -10.606  -43.107  69.862 0.0000000000
46821  -35.039  -28.641  53.006 0.0000000000
47908  -35.085  -27.000  50.856 0.0000000000
120032  -35.636  -27.535  52.096 0.0000000000
133943  -35.540  -27.102  51.466 0.0000000000
47898  -36.187  -26.748  51.996 0.0000000000
49933  -32.033  -25.126  49.922 0.0000000000
48918  -33.599  -26.088  49.852 0.0000000000
49934  -33.500  -25.407  49.774 0.0000000000
120710  -34.661  -24.986  50.210 0.0000000000
49918  -36.029  -24.944  51.445 0.0000000000
50849  -35.350  -24.165  51.343 0.0000000000
51781  -34.773  -23.297  51.424 0.0000000000
51772  -34.977  -22.511  52.020 0.0000000000
53573  -28.962  -21.069  49.825 0.0000000000
53560  -28.931  -21.216  50.677 0.0000000000
52684  -29.751  -22.375  49.823 0.0000000000
55438  -29.750  -19.694  48.083 0.0000000000
54494  -29.365  -20.073  48.699 0.0000000000
53592  -31.278  -21.264  48.452 0.0000000000
132889  -30.638  -21.186  48.500 0.0000000000
118776  -33.972  -20.977  49.881 0.0000000000
53562  -33.577  -21.442  50.211 0.0000000000
52672  -34.597  -21.475  51.235 0.0000000000
133073  -35.010  -20.892  50.751 0.0000000000
53597  -35.637  -21.624  48.840 0.0000000000
132694  -34.201  -22.218  46.141 0.0000000000
52716  -36.242  -22.749  46.566 0.0000000000
53631  -37.923  -21.941  45.217 0.0000000000
52731  -38.558  -22.471  45.895 0.0000000000
52732  -39.265  -22.035  45.667 0.0000000000
53633  -39.547  -21.340  45.251 0.0000000000
54557  -37.279  -19.871  43.924 0.0000000000
56439  -37.247  -18.447  43.462 0.0000000000
56436  -34.805  -18.377  43.826 0.0000000000
125936  -35.537  -16.948  43.510 0.0000000000
123421  -36.403  -16.976  43.352 0.0000000000
129260  -35.738  -15.865  43.462 0.0000000000
59298  -35.433  -15.432  43.555 0.0000000000
60129  -34.612  -13.710  44.739 0.0000000000
44607  -23.279  -30.337  60.269 0.0000000000
43652  -25.396  -31.595  59.005 0.0000000000
44625  -24.803  -31.029  59.430 0.0000000000
43642  -25.362  -31.632  59.832 0.0000000000
42615  -28.626  -33.017  58.316 0.0000000000
38059  -12.031  -37.244  65.574 0.0000000000
39814  -13.491  -35.314  63.787 0.0000000000
121650  -13.197  -35.725  64.263 0.0000000000
36467  -13.482  -39.386  64.578 0.0000000000
36468  -14.286  -39.543  64.359 0.0000000000
130204  -15.953  -34.889  60.439 0.0000000000
38980  -16.128  -36.233  60.683 0.0000000000
122252  -16.284  -37.417  61.468 0.0000000000
37282  -15.928  -37.827  61.891 0.0000000000
33853  -5.881  -42.268  72.454 0.0000000000
32942  -6.373  -42.927  72.550 0.0000000000
33854  -6.207  -41.815  72.378 0.0000000000
35597  -5.981  -40.919  72.123 0.0000000000
42596  -21.292  -32.179  59.259 0.0000000000
43641  -21.746  -31.409  59.124 0.0000000000
125530  -22.121  -30.795  59.059 0.0000000000
115235  -34.561  -30.058  55.199 0.0000000000
117013  -19.978  -28.828  57.749 0.0000000000
126940  -19.700  -31.891  57.868 0.0000000000
61929  -35.313  -12.487  43.878 0.0000000000
62818  -35.725  -11.698  43.781 0.0000000000
68418  -40.491  -5.570  40.611 0.0000000000
68429  -40.882  -5.649  39.750 0.0000000000
67480  -41.050  -6.473  39.401 0.0000000000
67481  -41.523  -6.578  38.707 0.0000000000
67496  -42.286  -6.302  37.643 0.0000000000
67497  -42.834  -6.151  37.083 0.0000000000
68443  -42.389  -5.626  37.593 0.0000000000
69463  -42.660  -4.872  37.728 0.0000000000
51759  -30.031  -23.722  52.155 0.0000000000
51758  -29.597  -23.081  51.763 0.0000000000
52671  -29.308  -22.460  51.290 0.0000000000
56408  -31.774  -18.942  46.013 0.0000000000
55471  -32.052  -19.500  45.648 0.0000000000
56409  -32.456  -18.786  45.748 0.0000000000
56410  -33.232  -18.820  45.211 0.0000000000
43671  -26.078  -31.858  56.766 0.0000000000
43663  -26.251  -32.200  57.555 0.0000000000
40704  -14.610  -34.996  61.831 0.0000000000
68483  -49.183  -5.060  33.711 0.0000000000
33879  -9.158  -42.524  69.962 0.0000000000
33888  -8.900  -42.027  69.935 0.0000000000
33865  -8.096  -42.874  71.493 0.0000000000
131125  -37.393  -24.574  53.681 0.0000000000
50827  -36.824  -24.264  53.104 0.0000000000
113558  -30.573  -32.452  56.342 0.0000000000
42629  -32.287  -32.280  57.527 0.0000000000
45651  -18.404  -29.648  59.342 0.0000000000
45637  -17.218  -29.839  60.705 0.0000000000
43627  -16.969  -31.274  60.198 0.0000000000
42593  -16.928  -32.544  59.813 0.0000000000
41603  -16.847  -33.335  59.718 0.0000000000
41604  -17.409  -33.560  59.226 0.0000000000
40726  -20.073  -34.059  59.496 0.0000000000
40725  -19.623  -34.607  59.469 0.0000000000
40706  -19.829  -34.873  61.766 0.0000000000
45729  -33.948  -29.257  52.393 0.0000000000
45740  -32.851  -28.889  51.402 0.0000000000
131673  -21.478  -27.267  57.340 0.0000000000
46747  -21.636  -27.804  57.162 0.0000000000
133261  -22.854  -27.132  56.766 0.0000000000
48853  -24.903  -26.479  56.499 0.0000000000
46781  -25.079  -27.819  55.993 0.0000000000
45693  -26.165  -29.826  55.467 0.0000000000
128366  -28.242  -31.553  54.414 0.0000000000
43710  -29.507  -31.038  53.462 0.0000000000
44693  -30.155  -30.060  52.498 0.0000000000
44685  -32.298  -30.503  53.103 0.0000000000
55517  -38.665  -19.158  43.778 0.0000000000
55518  -39.952  -19.398  44.170 0.0000000000
56441  -39.236  -18.476  43.537 0.0000000000
57409  -39.640  -17.631  43.306 0.0000000000
59311  -39.198  -14.545  42.984 0.0000000000
66460  -37.818  -7.103  44.472 0.0000000000
66466  -37.424  -7.790  44.042 0.0000000000
123158  -38.168  -7.835  42.875 0.0000000000
65520  -40.663  -8.151  40.956 0.0000000000
136893  -41.824  -11.039  42.048 0.0000000000
63731  -41.850  -10.584  41.761 0.0000000000
63724  -43.306  -11.077  42.505 0.0000000000
67506  -44.447  -6.355  36.123 0.0000000000
67507  -45.315  -6.706  35.966 0.0000000000
67516  -45.201  -6.041  35.586 0.0000000000
68459  -45.892  -5.819  35.187 0.0000000000
68469  -45.997  -5.122  34.952 0.0000000000
69483  -46.077  -4.413  34.956 0.0000000000
38058  -11.667  -37.520  66.174 0.0000000000
46834  -34.300  -28.235  51.436 0.0000000000
46850  -34.404  -27.498  50.839 0.0000000000
48909  -34.444  -26.758  50.349 0.0000000000
50861  -33.346  -24.447  49.848 0.0000000000
50855  -34.748  -24.179  50.757 0.0000000000
52679  -33.186  -22.052  50.297 0.0000000000
54481  -28.938  -20.427  49.659 0.0000000000
54496  -30.938  -20.624  47.263 0.0000000000
53593  -32.036  -21.298  48.409 0.0000000000
53577  -32.702  -21.305  49.091 0.0000000000
52697  -34.862  -21.699  48.230 0.0000000000
52727  -34.912  -22.416  45.955 0.0000000000
53628  -35.231  -22.114  45.285 0.0000000000
52729  -36.623  -22.605  45.833 0.0000000000
53630  -37.017  -22.082  45.183 0.0000000000
53650  -38.240  -21.183  44.803 0.0000000000
134622  -36.235  -19.154  43.622 0.0000000000
57392  -34.579  -17.330  44.147 0.0000000000
57405  -35.022  -17.659  43.686 0.0000000000
58391  -34.677  -16.257  44.048 0.0000000000
59297  -34.870  -15.532  43.829 0.0000000000
45661  -23.435  -29.598  58.643 0.0000000000
38097  -13.837  -36.835  62.867 0.0000000000
38072  -13.346  -37.329  63.585 0.0000000000
134510  -16.688  -36.056  60.288 0.0000000000
38981  -16.804  -36.583  60.609 0.0000000000
38126  -16.963  -37.214  61.127 0.0000000000
136517  -17.289  -37.872  62.000 0.0000000000
119754  -20.652  -33.055  61.870 0.0000000000
42560  -20.921  -32.707  61.219 0.0000000000
43688  -32.458  -31.410  55.396 0.0000000000
117479  -18.575  -28.751  59.817 0.0000000000
46730  -19.033  -29.143  58.893 0.0000000000
42608  -18.292  -32.565  58.590 0.0000000000
42610  -19.663  -32.595  58.191 0.0000000000
41612  -19.894  -33.239  58.647 0.0000000000
41589  -20.579  -33.595  60.942 0.0000000000
46819  -31.308  -28.444  51.842 0.0000000000
46807  -28.958  -29.231  53.822 0.0000000000
58394  -36.968  -16.165  43.296 0.0000000000
58395  -37.918  -16.379  43.231 0.0000000000
60153  -37.661  -14.800  43.114 0.0000000000
60161  -37.491  -13.972  43.023 0.0000000000
61074  -36.611  -12.913  43.098 0.0000000000
135320  -37.957  -13.622  42.825 0.0000000000
61076  -38.495  -13.239  42.682 0.0000000000
113988  -38.957  -12.544  42.542 0.0000000000
113539  -38.911  -11.837  42.474 0.0000000000
68403  -39.342  -5.858  42.448 0.0000000000
67461  -39.463  -6.695  41.765 0.0000000000
66486  -40.041  -7.495  41.249 0.0000000000
65521  -41.345  -8.525  40.653 0.0000000000
64636  -42.649  -9.383  40.877 0.0000000000
65532  -43.259  -8.582  39.292 0.0000000000
66505  -42.052  -7.806  38.986 0.0000000000
65544  -42.775  -8.110  38.702 0.0000000000
135999  -44.541  -7.418  36.809 0.0000000000
67505  -43.566  -6.280  36.578 0.0000000000
36456  -13.115  -39.840  65.146 0.0000000000
35639  -13.136  -40.816  66.078 0.0000000000
49927  -32.454  -25.999  50.406 0.0000000000
129903  -31.508  -24.368  49.877 0.0000000000
55439  -30.348  -19.571  47.356 0.0000000000
54504  -30.674  -20.080  47.052 0.0000000000
53614  -32.221  -21.247  46.381 0.0000000000
53615  -32.937  -21.620  46.625 0.0000000000
113204  -32.829  -21.442  45.800 0.0000000000
53627  -33.485  -21.488  45.326 0.0000000000
54519  -32.407  -20.222  45.343 0.0000000000
53645  -34.045  -21.389  44.901 0.0000000000
132757  -34.384  -20.671  44.441 0.0000000000
55496  -35.200  -20.017  43.994 0.0000000000
57391  -34.251  -18.144  44.557 0.0000000000
58374  -34.439  -16.969  45.255 0.0000000000
119655  -24.527  -30.236  58.243 0.0000000000
43653  -26.027  -32.065  58.396 0.0000000000
43643  -26.046  -32.078  59.398 0.0000000000
38949  -13.825  -35.740  62.856 0.0000000000
40697  -14.021  -33.981  62.999 0.0000000000
136750  -18.756  -36.499  62.499 0.0000000000
35627  -10.154  -40.995  68.352 0.0000000000
35620  -9.398  -40.727  69.719 0.0000000000
35615  -9.022  -40.361  70.621 0.0000000000
35607  -7.765  -40.374  71.633 0.0000000000
66451  -37.767  -7.872  45.796 0.0000000000
67424  -38.423  -6.590  45.060 0.0000000000
67434  -39.010  -5.928  44.721 0.0000000000
68387  -39.562  -5.477  44.156 0.0000000000
42626  -28.318  -32.892  57.586 0.0000000000
113684  -28.965  -32.825  57.088 0.0000000000
113560  -29.771  -32.842  57.609 0.0000000000
43664  -32.961  -31.822  57.036 0.0000000000
43616  -15.771  -31.415  61.869 0.0000000000
116212  -15.444  -31.997  62.011 0.0000000000
135025  -16.550  -35.066  59.945 0.0000000000
38997  -17.303  -36.151  60.125 0.0000000000
38983  -18.488  -36.389  60.691 0.0000000000
40731  -18.426  -34.083  58.820 0.0000000000
39867  -19.022  -35.284  59.582 0.0000000000
39851  -18.640  -35.860  60.052 0.0000000000
45705  -35.320  -29.218  54.723 0.0000000000
46810  -35.665  -28.682  54.286 0.0000000000
46849  -33.800  -27.894  50.879 0.0000000000
48890  -32.284  -26.415  52.369 0.0000000000
132274  -32.780  -27.080  50.714 0.0000000000
48899  -32.557  -26.777  50.877 0.0000000000
50824  -31.039  -24.326  53.237 0.0000000000
44645  -21.215  -30.197  57.543 0.0000000000
45671  -22.333  -28.939  57.593 0.0000000000
121613  -24.141  -29.022  57.534 0.0000000000
48841  -23.088  -26.104  57.105 0.0000000000
137028  -23.175  -26.640  56.761 0.0000000000
44647  -24.920  -30.304  57.262 0.0000000000
117419  -25.438  -31.080  56.912 0.0000000000
42634  -26.659  -32.213  56.383 0.0000000000
47832  -26.308  -27.717  56.172 0.0000000000
44667  -26.413  -30.617  55.335 0.0000000000
43684  -26.653  -31.421  55.390 0.0000000000
115091  -31.074  -32.130  55.649 0.0000000000
43711  -30.324  -31.197  53.432 0.0000000000
44668  -33.838  -30.563  55.221 0.0000000000
46746  -20.547  -28.485  57.436 0.0000000000
55499  -40.705  -19.539  44.491 0.0000000000
134612  -38.629  -16.507  43.177 0.0000000000
58397  -40.060  -16.708  43.152 0.0000000000
59303  -40.033  -15.773  43.082 0.0000000000
64597  -36.494  -9.430  44.629 0.0000000000
64605  -36.532  -9.624  44.093 0.0000000000
65489  -37.194  -8.571  43.825 0.0000000000
133679  -37.373  -9.486  43.287 0.0000000000
63719  -37.461  -10.474  42.994 0.0000000000
62828  -38.763  -11.201  42.448 0.0000000000
116932  -39.580  -11.186  42.354 0.0000000000
65502  -38.693  -8.037  42.356 0.0000000000
123528  -39.071  -8.848  42.204 0.0000000000
64626  -39.857  -9.136  41.853 0.0000000000
63720  -39.613  -10.347  42.179 0.0000000000
61942  -41.488  -12.081  42.732 0.0000000000
67530  -48.276  -6.086  34.758 0.0000000000
67528  -47.131  -5.988  34.823 0.0000000000
68471  -47.293  -5.415  34.527 0.0000000000
68472  -48.013  -5.503  34.371 0.0000000000
69502  -47.820  -3.877  33.840 0.0000000000
70432  -47.613  -3.057  34.000 0.0000000000
71377  -47.576  -2.145  34.572 0.0000000000
37215  -11.167  -38.065  68.496 0.0000000000
37214  -10.798  -39.002  68.273 0.0000000000
132740  -10.625  -39.581  68.127 0.0000000000
35645  -12.013  -40.182  65.853 0.0000000000
35636  -10.857  -40.392  67.143 0.0000000000
124582  -10.511  -40.235  67.946 0.0000000000
34786  -9.877  -41.735  68.782 0.0000000000
33890  -10.324  -42.664  69.205 0.0000000000
32975  -9.766  -42.903  69.799 0.0000000000
48884  -36.733  -26.847  52.915 0.0000000000
48891  -36.840  -25.967  52.460 0.0000000000
48910  -35.115  -26.259  50.450 0.0000000000
49928  -35.074  -25.562  50.340 0.0000000000
50839  -36.447  -24.542  52.266 0.0000000000
51760  -35.484  -22.995  52.445 0.0000000000
52665  -35.366  -22.054  52.559 0.0000000000
125031  -29.145  -21.962  50.815 0.0000000000
52678  -29.453  -22.490  50.516 0.0000000000
52686  -31.217  -22.167  49.389 0.0000000000
54482  -29.256  -20.657  49.128 0.0000000000
53591  -30.133  -20.838  48.346 0.0000000000
53590  -29.702  -20.967  48.818 0.0000000000
113733  -30.150  -21.373  48.853 0.0000000000
52680  -33.801  -21.987  50.834 0.0000000000
113086  -35.637  -21.468  52.287 0.0000000000
53580  -35.342  -21.010  49.803 0.0000000000
52704  -33.795  -21.988  46.870 0.0000000000
52706  -35.170  -22.361  47.330 0.0000000000
52715  -35.442  -22.581  46.582 0.0000000000
52707  -35.862  -22.642  47.179 0.0000000000
54543  -39.396  -20.584  44.724 0.0000000000
54558  -38.225  -19.871  44.058 0.0000000000
55514  -35.670  -19.152  43.674 0.0000000000
56438  -36.264  -18.534  43.489 0.0000000000
59299  -36.247  -15.504  43.349 0.0000000000
120793  -35.755  -14.761  43.429 0.0000000000
60143  -34.704  -14.205  44.164 0.0000000000
60150  -35.105  -13.947  43.734 0.0000000000
61920  -35.047  -12.560  44.341 0.0000000000
62800  -35.390  -11.776  45.195 0.0000000000
44622  -22.641  -30.408  59.547 0.0000000000
45652  -22.834  -29.862  59.017 0.0000000000
136143  -22.719  -30.666  60.173 0.0000000000
44606  -22.970  -30.422  60.233 0.0000000000
44635  -24.415  -30.506  59.016 0.0000000000
43628  -25.367  -31.637  60.662 0.0000000000
44608  -23.940  -30.652  60.696 0.0000000000
44595  -24.062  -30.770  61.530 0.0000000000
37242  -12.328  -38.715  65.015 0.0000000000
123563  -12.805  -37.306  64.275 0.0000000000
36466  -12.830  -39.268  64.857 0.0000000000
35656  -14.788  -40.102  64.818 0.0000000000
40705  -15.185  -34.692  61.211 0.0000000000
39835  -14.916  -35.658  61.450 0.0000000000
38964  -15.439  -36.477  61.276 0.0000000000
38112  -15.093  -37.021  61.788 0.0000000000
37271  -15.524  -38.232  62.485 0.0000000000
38100  -17.714  -37.783  62.358 0.0000000000
37262  -16.812  -38.723  62.959 0.0000000000
37261  -15.961  -38.806  62.957 0.0000000000
113079  -49.045  -4.121  33.181 0.0000000000
32953  -7.513  -43.177  72.297 0.0000000000
33855  -6.729  -42.575  72.413 0.0000000000
34769  -5.269  -41.588  71.652 0.0000000000
35596  -5.495  -41.079  71.838 0.0000000000
37273  -17.095  -38.215  62.376 0.0000000000
56442  -40.483  -18.890  44.035 0.0000000000
63709  -37.150  -9.961  43.315 0.0000000000
65472  -36.815  -8.834  44.837 0.0000000000
114246  -36.543  -10.112  43.759 0.0000000000
115619  -38.632  -20.528  44.496 0.0000000000
116565  -35.007  -14.755  43.742 0.0000000000
134998  -25.874  -27.439  56.027 0.0000000000
136474  -39.399  -19.163  43.899 0.0000000000
